,ctx-lh-bankssts,ctx-lh-caudalanteriorcingulate,ctx-lh-caudalmiddlefrontal,ctx-lh-cuneus,ctx-lh-entorhinal,ctx-lh-frontalpole,ctx-lh-fusiform,ctx-lh-inferiorparietal,ctx-lh-inferiortemporal,ctx-lh-insula,ctx-lh-isthmuscingulate,ctx-lh-lateraloccipital,ctx-lh-lateralorbitofrontal,ctx-lh-lingual,ctx-lh-medialorbitofrontal,ctx-lh-middletemporal,ctx-lh-paracentral,ctx-lh-parahippocampal,ctx-lh-parsopercularis,ctx-lh-parsorbitalis,ctx-lh-parstriangularis,ctx-lh-pericalcarine,ctx-lh-postcentral,ctx-lh-posteriorcingulate,ctx-lh-precentral,ctx-lh-precuneus,ctx-lh-rostralanteriorcingulate,ctx-lh-rostralmiddlefrontal,ctx-lh-superiorfrontal,ctx-lh-superiorparietal,ctx-lh-superiortemporal,ctx-lh-supramarginal,ctx-lh-temporalpole,ctx-lh-transversetemporal,ctx-rh-bankssts,ctx-rh-caudalanteriorcingulate,ctx-rh-caudalmiddlefrontal,ctx-rh-cuneus,ctx-rh-entorhinal,ctx-rh-frontalpole,ctx-rh-fusiform,ctx-rh-inferiorparietal,ctx-rh-inferiortemporal,ctx-rh-insula,ctx-rh-isthmuscingulate,ctx-rh-lateraloccipital,ctx-rh-lateralorbitofrontal,ctx-rh-lingual,ctx-rh-medialorbitofrontal,ctx-rh-middletemporal,ctx-rh-paracentral,ctx-rh-parahippocampal,ctx-rh-parsopercularis,ctx-rh-parsorbitalis,ctx-rh-parstriangularis,ctx-rh-pericalcarine,ctx-rh-postcentral,ctx-rh-posteriorcingulate,ctx-rh-precentral,ctx-rh-precuneus,ctx-rh-rostralanteriorcingulate,ctx-rh-rostralmiddlefrontal,ctx-rh-superiorfrontal,ctx-rh-superiorparietal,ctx-rh-superiortemporal,ctx-rh-supramarginal,ctx-rh-temporalpole,ctx-rh-transversetemporal
ctx-lh-bankssts,622.0,0.0,1.0,0.0,2.0,0.0,29.0,429.0,418.0,47.0,8.0,31.0,0.0,6.0,0.0,1002.0,1.0,4.0,1.0,0.0,0.0,0.0,25.0,0.0,16.0,14.0,0.0,0.0,2.0,36.0,864.0,289.0,4.0,40.0,0.0,0.0,0.0,1.0,0.0,0.0,0.0,0.0,0.0,0.0,5.0,0.0,0.0,1.0,0.0,0.0,0.0,0.0,0.0,0.0,0.0,0.0,0.0,0.0,0.0,3.0,0.0,0.0,0.0,3.0,1.0,1.0,0.0,0.0
ctx-lh-caudalanteriorcingulate,0.0,651.0,74.0,0.0,0.0,2.0,0.0,0.0,0.0,30.0,4.0,0.0,15.0,0.0,22.0,0.0,14.0,0.0,20.0,1.0,24.0,0.0,3.0,292.0,26.0,3.0,351.0,146.0,793.0,5.0,0.0,1.0,0.0,0.0,0.0,160.0,12.0,0.0,0.0,0.0,0.0,0.0,0.0,4.0,0.0,0.0,5.0,0.0,8.0,1.0,1.0,0.0,6.0,1.0,3.0,0.0,0.0,37.0,11.0,0.0,21.0,29.0,151.0,0.0,0.0,3.0,0.0,0.0
ctx-lh-caudalmiddlefrontal,1.0,74.0,3603.0,0.0,0.0,0.0,0.0,2.0,1.0,73.0,4.0,0.0,2.0,0.0,0.0,0.0,35.0,0.0,220.0,1.0,21.0,0.0,75.0,62.0,1486.0,5.0,1.0,1049.0,1485.0,33.0,9.0,27.0,0.0,0.0,0.0,15.0,4.0,0.0,0.0,0.0,0.0,0.0,0.0,2.0,3.0,0.0,0.0,0.0,0.0,0.0,0.0,0.0,3.0,0.0,0.0,0.0,1.0,11.0,5.0,0.0,1.0,2.0,31.0,0.0,0.0,0.0,0.0,0.0
ctx-lh-cuneus,0.0,0.0,0.0,1576.0,0.0,0.0,9.0,73.0,3.0,4.0,45.0,418.0,0.0,74.0,0.0,2.0,0.0,1.0,0.0,0.0,0.0,1920.0,1.0,2.0,0.0,326.0,0.0,0.0,1.0,1523.0,5.0,0.0,0.0,0.0,1.0,0.0,0.0,24.0,0.0,0.0,3.0,3.0,0.0,2.0,7.0,4.0,0.0,2.0,0.0,2.0,0.0,1.0,0.0,0.0,0.0,4.0,0.0,0.0,0.0,17.0,0.0,0.0,0.0,7.0,1.0,2.0,0.0,0.0
ctx-lh-entorhinal,2.0,0.0,0.0,0.0,110.0,0.0,64.0,1.0,28.0,6.0,0.0,0.0,0.0,2.0,0.0,9.0,0.0,92.0,0.0,0.0,0.0,0.0,0.0,0.0,0.0,0.0,0.0,0.0,0.0,0.0,18.0,0.0,107.0,1.0,0.0,0.0,0.0,0.0,0.0,0.0,0.0,0.0,0.0,0.0,0.0,0.0,0.0,0.0,0.0,0.0,0.0,0.0,0.0,0.0,0.0,0.0,0.0,0.0,0.0,0.0,0.0,0.0,0.0,0.0,0.0,0.0,0.0,0.0
ctx-lh-frontalpole,0.0,2.0,0.0,0.0,0.0,89.0,0.0,0.0,0.0,0.0,0.0,0.0,98.0,0.0,242.0,0.0,0.0,0.0,1.0,0.0,2.0,0.0,0.0,0.0,0.0,0.0,24.0,198.0,148.0,0.0,0.0,0.0,0.0,0.0,0.0,1.0,0.0,0.0,0.0,0.0,0.0,0.0,0.0,0.0,0.0,0.0,0.0,0.0,0.0,0.0,0.0,0.0,0.0,0.0,0.0,0.0,0.0,0.0,0.0,0.0,0.0,1.0,1.0,0.0,0.0,0.0,0.0,0.0
ctx-lh-fusiform,29.0,0.0,0.0,9.0,64.0,0.0,2680.0,176.0,1515.0,42.0,24.0,1382.0,6.0,708.0,0.0,346.0,0.0,196.0,0.0,0.0,0.0,64.0,1.0,0.0,0.0,22.0,0.0,0.0,0.0,34.0,124.0,5.0,173.0,6.0,1.0,0.0,0.0,0.0,0.0,0.0,0.0,1.0,0.0,0.0,3.0,3.0,0.0,5.0,0.0,0.0,0.0,0.0,0.0,0.0,0.0,2.0,0.0,0.0,0.0,11.0,0.0,0.0,0.0,2.0,2.0,0.0,0.0,0.0
ctx-lh-inferiorparietal,429.0,0.0,2.0,73.0,1.0,0.0,176.0,5505.0,283.0,134.0,75.0,1075.0,0.0,140.0,0.0,528.0,4.0,22.0,10.0,0.0,0.0,92.0,64.0,21.0,87.0,304.0,0.0,2.0,3.0,1345.0,248.0,816.0,7.0,60.0,1.0,0.0,0.0,4.0,0.0,0.0,7.0,10.0,1.0,1.0,18.0,8.0,0.0,8.0,0.0,2.0,1.0,0.0,0.0,0.0,0.0,5.0,0.0,6.0,1.0,29.0,0.0,0.0,1.0,9.0,3.0,3.0,0.0,0.0
ctx-lh-inferiortemporal,418.0,0.0,1.0,3.0,28.0,0.0,1515.0,283.0,2746.0,66.0,12.0,364.0,1.0,64.0,0.0,2177.0,0.0,28.0,0.0,0.0,0.0,4.0,3.0,1.0,7.0,18.0,0.0,0.0,0.0,26.0,268.0,16.0,101.0,18.0,0.0,0.0,0.0,1.0,0.0,0.0,0.0,1.0,0.0,1.0,12.0,1.0,0.0,2.0,0.0,0.0,0.0,0.0,0.0,0.0,0.0,0.0,1.0,0.0,0.0,7.0,0.0,0.0,0.0,1.0,0.0,1.0,0.0,0.0
ctx-lh-insula,47.0,30.0,73.0,4.0,6.0,0.0,42.0,134.0,66.0,1489.0,25.0,28.0,445.0,8.0,15.0,95.0,15.0,4.0,272.0,22.0,111.0,5.0,241.0,35.0,308.0,51.0,12.0,204.0,119.0,148.0,371.0,283.0,54.0,135.0,0.0,5.0,1.0,2.0,0.0,0.0,0.0,1.0,0.0,1.0,4.0,2.0,0.0,3.0,1.0,0.0,1.0,0.0,0.0,0.0,0.0,2.0,0.0,3.0,1.0,7.0,3.0,2.0,8.0,2.0,0.0,1.0,0.0,1.0
ctx-lh-isthmuscingulate,8.0,4.0,4.0,45.0,0.0,0.0,24.0,75.0,12.0,25.0,805.0,37.0,1.0,80.0,0.0,7.0,8.0,57.0,0.0,0.0,0.0,28.0,8.0,352.0,7.0,1123.0,0.0,0.0,5.0,193.0,16.0,7.0,0.0,10.0,6.0,1.0,0.0,6.0,0.0,0.0,6.0,20.0,3.0,7.0,97.0,14.0,0.0,31.0,0.0,4.0,5.0,2.0,0.0,0.0,0.0,11.0,1.0,15.0,4.0,99.0,0.0,0.0,1.0,22.0,11.0,5.0,0.0,3.0
ctx-lh-lateraloccipital,31.0,0.0,0.0,418.0,0.0,0.0,1382.0,1075.0,364.0,28.0,37.0,6990.0,0.0,1093.0,0.0,99.0,0.0,23.0,0.0,0.0,0.0,1490.0,1.0,0.0,1.0,113.0,0.0,0.0,0.0,519.0,43.0,3.0,2.0,7.0,1.0,0.0,0.0,0.0,0.0,0.0,2.0,4.0,0.0,2.0,16.0,2.0,0.0,7.0,0.0,1.0,0.0,0.0,0.0,0.0,0.0,3.0,0.0,0.0,0.0,23.0,0.0,0.0,0.0,6.0,2.0,1.0,0.0,1.0
ctx-lh-lateralorbitofrontal,0.0,15.0,2.0,0.0,0.0,98.0,6.0,0.0,1.0,445.0,1.0,0.0,3764.0,0.0,998.0,2.0,0.0,0.0,18.0,548.0,359.0,0.0,0.0,1.0,1.0,0.0,136.0,953.0,161.0,0.0,2.0,0.0,0.0,0.0,0.0,13.0,0.0,0.0,0.0,0.0,0.0,0.0,0.0,0.0,0.0,0.0,2.0,0.0,6.0,0.0,0.0,0.0,1.0,0.0,0.0,0.0,0.0,0.0,0.0,0.0,8.0,3.0,7.0,1.0,0.0,0.0,0.0,0.0
ctx-lh-lingual,6.0,0.0,0.0,74.0,2.0,0.0,708.0,140.0,64.0,8.0,80.0,1093.0,0.0,5265.0,0.0,18.0,0.0,221.0,0.0,0.0,0.0,1227.0,0.0,1.0,1.0,74.0,0.0,0.0,0.0,89.0,8.0,0.0,2.0,6.0,0.0,0.0,0.0,6.0,0.0,0.0,6.0,6.0,1.0,1.0,13.0,4.0,0.0,7.0,0.0,0.0,0.0,0.0,0.0,0.0,0.0,14.0,0.0,2.0,2.0,13.0,0.0,0.0,0.0,7.0,2.0,2.0,0.0,1.0
ctx-lh-medialorbitofrontal,0.0,22.0,0.0,0.0,0.0,242.0,0.0,0.0,0.0,15.0,0.0,0.0,998.0,0.0,1864.0,0.0,0.0,0.0,0.0,18.0,13.0,0.0,0.0,2.0,0.0,0.0,467.0,375.0,317.0,0.0,0.0,0.0,0.0,0.0,0.0,10.0,0.0,0.0,0.0,1.0,0.0,0.0,0.0,0.0,0.0,0.0,2.0,0.0,17.0,0.0,0.0,0.0,0.0,1.0,0.0,0.0,0.0,0.0,0.0,0.0,24.0,5.0,14.0,0.0,0.0,0.0,0.0,0.0
ctx-lh-middletemporal,1002.0,0.0,0.0,2.0,9.0,0.0,346.0,528.0,2177.0,95.0,7.0,99.0,2.0,18.0,0.0,3296.0,0.0,9.0,2.0,0.0,0.0,6.0,9.0,1.0,4.0,12.0,0.0,0.0,0.0,35.0,777.0,47.0,76.0,24.0,0.0,0.0,0.0,0.0,0.0,0.0,0.0,2.0,0.0,0.0,8.0,0.0,0.0,3.0,0.0,0.0,0.0,0.0,0.0,0.0,0.0,0.0,0.0,0.0,0.0,5.0,0.0,0.0,0.0,2.0,0.0,0.0,0.0,0.0
ctx-lh-paracentral,1.0,14.0,35.0,0.0,0.0,0.0,0.0,4.0,0.0,15.0,8.0,0.0,0.0,0.0,0.0,0.0,1453.0,0.0,8.0,0.0,0.0,0.0,355.0,339.0,1101.0,224.0,0.0,2.0,581.0,323.0,2.0,5.0,0.0,0.0,0.0,4.0,2.0,0.0,0.0,0.0,0.0,2.0,0.0,2.0,3.0,0.0,0.0,0.0,0.0,0.0,9.0,0.0,3.0,0.0,0.0,0.0,0.0,53.0,9.0,11.0,0.0,0.0,16.0,3.0,2.0,1.0,0.0,0.0
ctx-lh-parahippocampal,4.0,0.0,0.0,1.0,92.0,0.0,196.0,22.0,28.0,4.0,57.0,23.0,0.0,221.0,0.0,9.0,0.0,385.0,0.0,0.0,0.0,5.0,0.0,0.0,0.0,5.0,0.0,0.0,0.0,5.0,6.0,1.0,1.0,2.0,0.0,0.0,0.0,0.0,0.0,0.0,0.0,0.0,0.0,0.0,1.0,1.0,0.0,0.0,0.0,0.0,1.0,0.0,0.0,0.0,0.0,0.0,0.0,0.0,0.0,0.0,0.0,0.0,0.0,1.0,0.0,0.0,0.0,0.0
ctx-lh-parsopercularis,1.0,20.0,220.0,0.0,0.0,1.0,0.0,10.0,0.0,272.0,0.0,0.0,18.0,0.0,0.0,2.0,8.0,0.0,1444.0,6.0,566.0,0.0,55.0,15.0,583.0,2.0,4.0,618.0,165.0,5.0,3.0,21.0,0.0,1.0,0.0,6.0,2.0,0.0,0.0,0.0,0.0,0.0,0.0,0.0,0.0,0.0,0.0,0.0,0.0,0.0,1.0,0.0,2.0,0.0,0.0,0.0,0.0,2.0,0.0,0.0,0.0,1.0,12.0,1.0,0.0,1.0,0.0,0.0
ctx-lh-parsorbitalis,0.0,1.0,1.0,0.0,0.0,0.0,0.0,0.0,0.0,22.0,0.0,0.0,548.0,0.0,18.0,0.0,0.0,0.0,6.0,518.0,326.0,0.0,0.0,0.0,0.0,0.0,8.0,478.0,24.0,0.0,1.0,0.0,0.0,0.0,0.0,2.0,0.0,0.0,0.0,0.0,0.0,0.0,0.0,0.0,0.0,0.0,0.0,0.0,0.0,0.0,0.0,0.0,0.0,0.0,0.0,0.0,0.0,0.0,0.0,0.0,1.0,0.0,0.0,0.0,0.0,0.0,0.0,0.0
ctx-lh-parstriangularis,0.0,24.0,21.0,0.0,0.0,2.0,0.0,0.0,0.0,111.0,0.0,0.0,359.0,0.0,13.0,0.0,0.0,0.0,566.0,326.0,1343.0,0.0,4.0,4.0,11.0,0.0,19.0,1166.0,116.0,1.0,0.0,0.0,0.0,0.0,0.0,7.0,0.0,0.0,0.0,0.0,0.0,0.0,0.0,0.0,0.0,0.0,0.0,0.0,1.0,0.0,0.0,0.0,0.0,0.0,0.0,0.0,0.0,0.0,0.0,0.0,3.0,2.0,6.0,0.0,0.0,0.0,0.0,0.0
ctx-lh-pericalcarine,0.0,0.0,0.0,1920.0,0.0,0.0,64.0,92.0,4.0,5.0,28.0,1490.0,0.0,1227.0,0.0,6.0,0.0,5.0,0.0,0.0,0.0,1515.0,0.0,0.0,0.0,178.0,0.0,0.0,0.0,463.0,2.0,0.0,0.0,0.0,1.0,0.0,0.0,4.0,0.0,0.0,1.0,2.0,0.0,1.0,5.0,2.0,0.0,6.0,0.0,2.0,0.0,0.0,0.0,0.0,0.0,2.0,0.0,0.0,0.0,15.0,0.0,0.0,0.0,1.0,1.0,0.0,0.0,1.0
ctx-lh-postcentral,25.0,3.0,75.0,1.0,0.0,0.0,1.0,64.0,3.0,241.0,8.0,1.0,0.0,0.0,0.0,9.0,355.0,0.0,55.0,0.0,4.0,0.0,4941.0,40.0,1806.0,114.0,0.0,18.0,47.0,694.0,38.0,1295.0,0.0,7.0,1.0,0.0,0.0,0.0,0.0,0.0,0.0,1.0,0.0,1.0,2.0,0.0,0.0,0.0,0.0,0.0,3.0,0.0,0.0,0.0,0.0,0.0,0.0,7.0,2.0,4.0,0.0,0.0,3.0,0.0,1.0,0.0,0.0,0.0
ctx-lh-posteriorcingulate,0.0,292.0,62.0,2.0,0.0,0.0,0.0,21.0,1.0,35.0,352.0,0.0,1.0,1.0,2.0,1.0,339.0,0.0,15.0,0.0,4.0,0.0,40.0,1018.0,134.0,601.0,11.0,21.0,480.0,295.0,3.0,6.0,0.0,0.0,4.0,26.0,11.0,2.0,0.0,0.0,2.0,6.0,0.0,4.0,44.0,0.0,0.0,2.0,0.0,0.0,34.0,0.0,1.0,0.0,0.0,1.0,14.0,144.0,33.0,50.0,0.0,7.0,76.0,19.0,2.0,1.0,0.0,3.0
ctx-lh-precentral,16.0,26.0,1486.0,0.0,0.0,0.0,0.0,87.0,7.0,308.0,7.0,1.0,1.0,1.0,0.0,4.0,1101.0,0.0,583.0,0.0,11.0,0.0,1806.0,134.0,6806.0,69.0,1.0,143.0,933.0,414.0,50.0,409.0,0.0,10.0,0.0,5.0,6.0,0.0,0.0,0.0,0.0,0.0,0.0,3.0,2.0,0.0,0.0,1.0,0.0,0.0,9.0,0.0,0.0,0.0,0.0,0.0,0.0,44.0,10.0,1.0,0.0,4.0,26.0,2.0,1.0,1.0,0.0,0.0
ctx-lh-precuneus,14.0,3.0,5.0,326.0,0.0,0.0,22.0,304.0,18.0,51.0,1123.0,113.0,0.0,74.0,0.0,12.0,224.0,5.0,2.0,0.0,0.0,178.0,114.0,601.0,69.0,3665.0,0.0,3.0,21.0,2872.0,32.0,25.0,2.0,16.0,1.0,1.0,2.0,4.0,0.0,0.0,13.0,25.0,4.0,9.0,73.0,12.0,0.0,16.0,0.0,6.0,4.0,0.0,0.0,0.0,0.0,13.0,3.0,18.0,2.0,101.0,0.0,0.0,5.0,25.0,11.0,7.0,0.0,4.0
ctx-lh-rostralanteriorcingulate,0.0,351.0,1.0,0.0,0.0,24.0,0.0,0.0,0.0,12.0,0.0,0.0,136.0,0.0,467.0,0.0,0.0,0.0,4.0,8.0,19.0,0.0,0.0,11.0,1.0,0.0,1053.0,163.0,478.0,0.0,0.0,0.0,0.0,0.0,0.0,74.0,1.0,0.0,0.0,1.0,0.0,0.0,0.0,1.0,0.0,0.0,8.0,0.0,47.0,0.0,0.0,0.0,0.0,2.0,5.0,0.0,0.0,2.0,0.0,0.0,100.0,19.0,54.0,0.0,0.0,0.0,0.0,0.0
ctx-lh-rostralmiddlefrontal,0.0,146.0,1049.0,0.0,0.0,198.0,0.0,2.0,0.0,204.0,0.0,0.0,953.0,0.0,375.0,0.0,2.0,0.0,618.0,478.0,1166.0,0.0,18.0,21.0,143.0,3.0,163.0,8508.0,2132.0,3.0,2.0,10.0,0.0,0.0,0.0,42.0,2.0,0.0,0.0,0.0,0.0,0.0,0.0,1.0,0.0,0.0,0.0,0.0,9.0,0.0,1.0,0.0,1.0,1.0,0.0,0.0,0.0,5.0,0.0,0.0,24.0,5.0,36.0,0.0,0.0,0.0,0.0,0.0
ctx-lh-superiorfrontal,2.0,793.0,1485.0,1.0,0.0,148.0,0.0,3.0,0.0,119.0,5.0,0.0,161.0,0.0,317.0,0.0,581.0,0.0,165.0,24.0,116.0,0.0,47.0,480.0,933.0,21.0,478.0,2132.0,11853.0,58.0,4.0,9.0,0.0,0.0,0.0,181.0,20.0,0.0,0.0,0.0,0.0,0.0,0.0,10.0,4.0,0.0,3.0,0.0,12.0,1.0,6.0,0.0,5.0,1.0,3.0,0.0,4.0,97.0,20.0,3.0,30.0,46.0,186.0,4.0,2.0,2.0,0.0,0.0
ctx-lh-superiorparietal,36.0,5.0,33.0,1523.0,0.0,0.0,34.0,1345.0,26.0,148.0,193.0,519.0,0.0,89.0,0.0,35.0,323.0,5.0,5.0,0.0,1.0,463.0,694.0,295.0,414.0,2872.0,0.0,3.0,58.0,6000.0,73.0,601.0,2.0,32.0,5.0,2.0,0.0,5.0,0.0,0.0,7.0,17.0,2.0,7.0,67.0,9.0,0.0,15.0,0.0,1.0,5.0,1.0,0.0,0.0,0.0,5.0,2.0,27.0,4.0,67.0,0.0,0.0,2.0,22.0,7.0,2.0,1.0,0.0
ctx-lh-superiortemporal,864.0,0.0,9.0,5.0,18.0,0.0,124.0,248.0,268.0,371.0,16.0,43.0,2.0,8.0,0.0,777.0,2.0,6.0,3.0,1.0,0.0,2.0,38.0,3.0,50.0,32.0,0.0,2.0,4.0,73.0,5011.0,704.0,221.0,1044.0,0.0,0.0,0.0,0.0,0.0,0.0,2.0,1.0,0.0,1.0,1.0,0.0,0.0,2.0,0.0,1.0,0.0,0.0,0.0,0.0,0.0,0.0,0.0,0.0,1.0,8.0,0.0,0.0,0.0,3.0,0.0,0.0,0.0,0.0
ctx-lh-supramarginal,289.0,1.0,27.0,0.0,0.0,0.0,5.0,816.0,16.0,283.0,7.0,3.0,0.0,0.0,0.0,47.0,5.0,1.0,21.0,0.0,0.0,0.0,1295.0,6.0,409.0,25.0,0.0,10.0,9.0,601.0,704.0,4647.0,2.0,36.0,1.0,0.0,0.0,1.0,0.0,0.0,1.0,0.0,0.0,0.0,4.0,1.0,0.0,1.0,0.0,0.0,0.0,0.0,0.0,0.0,0.0,1.0,0.0,0.0,2.0,0.0,0.0,0.0,0.0,0.0,1.0,0.0,0.0,1.0
ctx-lh-temporalpole,4.0,0.0,0.0,0.0,107.0,0.0,173.0,7.0,101.0,54.0,0.0,2.0,0.0,2.0,0.0,76.0,0.0,1.0,0.0,0.0,0.0,0.0,0.0,0.0,0.0,2.0,0.0,0.0,0.0,2.0,221.0,2.0,267.0,1.0,0.0,0.0,0.0,0.0,0.0,0.0,0.0,0.0,0.0,0.0,0.0,0.0,0.0,0.0,0.0,0.0,0.0,0.0,0.0,0.0,0.0,0.0,0.0,0.0,0.0,0.0,0.0,0.0,0.0,0.0,0.0,0.0,0.0,0.0
ctx-lh-transversetemporal,40.0,0.0,0.0,0.0,1.0,0.0,6.0,60.0,18.0,135.0,10.0,7.0,0.0,6.0,0.0,24.0,0.0,2.0,1.0,0.0,0.0,0.0,7.0,0.0,10.0,16.0,0.0,0.0,0.0,32.0,1044.0,36.0,1.0,401.0,0.0,0.0,0.0,0.0,0.0,0.0,0.0,0.0,0.0,0.0,1.0,0.0,0.0,2.0,0.0,0.0,0.0,0.0,0.0,0.0,0.0,0.0,0.0,1.0,0.0,1.0,0.0,0.0,0.0,1.0,0.0,0.0,0.0,0.0
ctx-rh-bankssts,0.0,0.0,0.0,1.0,0.0,0.0,1.0,1.0,0.0,0.0,6.0,1.0,0.0,0.0,0.0,0.0,0.0,0.0,0.0,0.0,0.0,1.0,1.0,4.0,0.0,1.0,0.0,0.0,0.0,5.0,0.0,1.0,0.0,0.0,750.0,0.0,3.0,2.0,0.0,0.0,70.0,613.0,253.0,54.0,12.0,21.0,0.0,23.0,0.0,672.0,0.0,6.0,0.0,0.0,0.0,3.0,13.0,2.0,11.0,16.0,0.0,0.0,0.0,37.0,871.0,467.0,1.0,44.0
ctx-rh-caudalanteriorcingulate,0.0,160.0,15.0,0.0,0.0,1.0,0.0,0.0,0.0,5.0,1.0,0.0,13.0,0.0,10.0,0.0,4.0,0.0,6.0,2.0,7.0,0.0,0.0,26.0,5.0,1.0,74.0,42.0,181.0,2.0,0.0,0.0,0.0,0.0,0.0,675.0,71.0,0.0,0.0,1.0,0.0,0.0,0.0,20.0,8.0,0.0,20.0,0.0,23.0,0.0,16.0,0.0,24.0,5.0,19.0,0.0,5.0,282.0,20.0,2.0,202.0,169.0,1060.0,4.0,0.0,3.0,0.0,0.0
ctx-rh-caudalmiddlefrontal,0.0,12.0,4.0,0.0,0.0,0.0,0.0,0.0,0.0,1.0,0.0,0.0,0.0,0.0,0.0,0.0,2.0,0.0,2.0,0.0,0.0,0.0,0.0,11.0,6.0,2.0,1.0,2.0,20.0,0.0,0.0,0.0,0.0,0.0,3.0,71.0,3160.0,0.0,0.0,0.0,0.0,20.0,0.0,71.0,2.0,0.0,2.0,0.0,0.0,0.0,43.0,0.0,211.0,0.0,18.0,0.0,104.0,82.0,1239.0,4.0,0.0,1103.0,937.0,16.0,5.0,61.0,0.0,0.0
ctx-rh-cuneus,1.0,0.0,0.0,24.0,0.0,0.0,0.0,4.0,1.0,2.0,6.0,0.0,0.0,6.0,0.0,0.0,0.0,0.0,0.0,0.0,0.0,4.0,0.0,2.0,0.0,4.0,0.0,0.0,0.0,5.0,0.0,1.0,0.0,0.0,2.0,0.0,0.0,1975.0,0.0,0.0,12.0,11.0,0.0,1.0,41.0,415.0,0.0,241.0,0.0,0.0,0.0,1.0,0.0,0.0,0.0,2376.0,0.0,0.0,1.0,320.0,0.0,0.0,0.0,703.0,1.0,2.0,0.0,0.0
ctx-rh-entorhinal,0.0,0.0,0.0,0.0,0.0,0.0,0.0,0.0,0.0,0.0,0.0,0.0,0.0,0.0,0.0,0.0,0.0,0.0,0.0,0.0,0.0,0.0,0.0,0.0,0.0,0.0,0.0,0.0,0.0,0.0,0.0,0.0,0.0,0.0,0.0,0.0,0.0,0.0,130.0,0.0,179.0,3.0,149.0,8.0,0.0,0.0,0.0,4.0,0.0,30.0,0.0,108.0,0.0,0.0,0.0,0.0,0.0,0.0,0.0,1.0,0.0,0.0,0.0,0.0,14.0,0.0,175.0,0.0
ctx-rh-frontalpole,0.0,0.0,0.0,0.0,0.0,0.0,0.0,0.0,0.0,0.0,0.0,0.0,0.0,0.0,1.0,0.0,0.0,0.0,0.0,0.0,0.0,0.0,0.0,0.0,0.0,0.0,1.0,0.0,0.0,0.0,0.0,0.0,0.0,0.0,0.0,1.0,0.0,0.0,0.0,43.0,0.0,0.0,0.0,1.0,0.0,0.0,96.0,0.0,302.0,0.0,0.0,0.0,0.0,4.0,0.0,0.0,0.0,0.0,0.0,0.0,11.0,202.0,99.0,0.0,0.0,0.0,0.0,0.0
ctx-rh-fusiform,0.0,0.0,0.0,3.0,0.0,0.0,0.0,7.0,0.0,0.0,6.0,2.0,0.0,6.0,0.0,0.0,0.0,0.0,0.0,0.0,0.0,1.0,0.0,2.0,0.0,13.0,0.0,0.0,0.0,7.0,2.0,1.0,0.0,0.0,70.0,0.0,0.0,12.0,179.0,0.0,3166.0,116.0,1778.0,31.0,35.0,1503.0,0.0,453.0,0.0,418.0,0.0,212.0,0.0,0.0,0.0,49.0,3.0,0.0,0.0,54.0,0.0,0.0,0.0,58.0,143.0,11.0,155.0,6.0
ctx-rh-inferiorparietal,0.0,0.0,0.0,3.0,0.0,0.0,1.0,10.0,1.0,1.0,20.0,4.0,0.0,6.0,0.0,2.0,2.0,0.0,0.0,0.0,0.0,2.0,1.0,6.0,0.0,25.0,0.0,0.0,0.0,17.0,1.0,0.0,0.0,0.0,613.0,0.0,20.0,11.0,3.0,0.0,116.0,6089.0,273.0,104.0,66.0,1166.0,0.0,41.0,0.0,552.0,8.0,3.0,11.0,0.0,0.0,27.0,115.0,14.0,64.0,218.0,0.0,3.0,4.0,1440.0,164.0,1321.0,2.0,30.0
ctx-rh-inferiortemporal,0.0,0.0,0.0,0.0,0.0,0.0,0.0,1.0,0.0,0.0,3.0,0.0,0.0,1.0,0.0,0.0,0.0,0.0,0.0,0.0,0.0,0.0,0.0,0.0,0.0,4.0,0.0,0.0,0.0,2.0,0.0,0.0,0.0,0.0,253.0,0.0,0.0,0.0,149.0,0.0,1778.0,273.0,2797.0,47.0,12.0,183.0,0.0,58.0,0.0,1826.0,1.0,38.0,0.0,0.0,0.0,3.0,3.0,2.0,2.0,13.0,0.0,1.0,0.0,24.0,251.0,27.0,198.0,8.0
ctx-rh-insula,0.0,4.0,2.0,2.0,0.0,0.0,0.0,1.0,1.0,1.0,7.0,2.0,0.0,1.0,0.0,0.0,2.0,0.0,0.0,0.0,0.0,1.0,1.0,4.0,3.0,9.0,1.0,1.0,10.0,7.0,1.0,0.0,0.0,0.0,54.0,20.0,71.0,1.0,8.0,1.0,31.0,104.0,47.0,1375.0,34.0,5.0,378.0,9.0,8.0,93.0,24.0,3.0,220.0,34.0,163.0,3.0,195.0,37.0,276.0,39.0,8.0,198.0,114.0,98.0,388.0,337.0,70.0,77.0
ctx-rh-isthmuscingulate,5.0,0.0,3.0,7.0,0.0,0.0,3.0,18.0,12.0,4.0,97.0,16.0,0.0,13.0,0.0,8.0,3.0,1.0,0.0,0.0,0.0,5.0,2.0,44.0,2.0,73.0,0.0,0.0,4.0,67.0,1.0,4.0,0.0,1.0,12.0,8.0,2.0,41.0,0.0,0.0,35.0,66.0,12.0,34.0,746.0,38.0,0.0,191.0,0.0,11.0,24.0,119.0,0.0,0.0,0.0,55.0,22.0,268.0,26.0,1131.0,0.0,0.0,9.0,149.0,19.0,25.0,0.0,10.0
ctx-rh-lateraloccipital,0.0,0.0,0.0,4.0,0.0,0.0,3.0,8.0,1.0,2.0,14.0,2.0,0.0,4.0,0.0,0.0,0.0,1.0,0.0,0.0,0.0,2.0,0.0,0.0,0.0,12.0,0.0,0.0,0.0,9.0,0.0,1.0,0.0,0.0,21.0,0.0,0.0,415.0,0.0,0.0,1503.0,1166.0,183.0,5.0,38.0,7345.0,0.0,988.0,0.0,114.0,0.0,7.0,0.0,0.0,0.0,1293.0,2.0,3.0,1.0,167.0,0.0,0.0,0.0,484.0,37.0,6.0,3.0,1.0
ctx-rh-lateralorbitofrontal,0.0,5.0,0.0,0.0,0.0,0.0,0.0,0.0,0.0,0.0,0.0,0.0,2.0,0.0,2.0,0.0,0.0,0.0,0.0,0.0,0.0,0.0,0.0,0.0,0.0,0.0,8.0,0.0,3.0,0.0,0.0,0.0,0.0,0.0,0.0,20.0,2.0,0.0,0.0,96.0,0.0,0.0,0.0,378.0,0.0,0.0,3178.0,0.0,948.0,0.0,0.0,0.0,8.0,484.0,259.0,0.0,0.0,0.0,0.0,0.0,118.0,872.0,179.0,0.0,3.0,0.0,1.0,0.0
ctx-rh-lingual,1.0,0.0,0.0,2.0,0.0,0.0,5.0,8.0,2.0,3.0,31.0,7.0,0.0,7.0,0.0,3.0,0.0,0.0,0.0,0.0,0.0,6.0,0.0,2.0,1.0,16.0,0.0,0.0,0.0,15.0,2.0,1.0,0.0,2.0,23.0,0.0,0.0,241.0,4.0,0.0,453.0,41.0,58.0,9.0,191.0,988.0,0.0,5417.0,0.0,55.0,0.0,312.0,0.0,0.0,0.0,1960.0,0.0,2.0,1.0,312.0,0.0,0.0,0.0,84.0,27.0,2.0,3.0,1.0
ctx-rh-medialorbitofrontal,0.0,8.0,0.0,0.0,0.0,0.0,0.0,0.0,0.0,1.0,0.0,0.0,6.0,0.0,17.0,0.0,0.0,0.0,0.0,0.0,1.0,0.0,0.0,0.0,0.0,0.0,47.0,9.0,12.0,0.0,0.0,0.0,0.0,0.0,0.0,23.0,0.0,0.0,0.0,302.0,0.0,0.0,0.0,8.0,0.0,0.0,948.0,0.0,1869.0,0.0,0.0,0.0,1.0,13.0,5.0,0.0,0.0,0.0,1.0,0.0,652.0,485.0,398.0,0.0,0.0,0.0,0.0,0.0
ctx-rh-middletemporal,0.0,1.0,0.0,2.0,0.0,0.0,0.0,2.0,0.0,0.0,4.0,1.0,0.0,0.0,0.0,0.0,0.0,0.0,0.0,0.0,0.0,2.0,0.0,0.0,0.0,6.0,0.0,0.0,1.0,1.0,1.0,0.0,0.0,0.0,672.0,0.0,0.0,0.0,30.0,0.0,418.0,552.0,1826.0,93.0,11.0,114.0,0.0,55.0,0.0,4030.0,0.0,40.0,1.0,0.0,0.0,8.0,7.0,4.0,5.0,25.0,0.0,0.0,0.0,37.0,635.0,68.0,197.0,19.0
ctx-rh-paracentral,0.0,1.0,0.0,0.0,0.0,0.0,0.0,1.0,0.0,1.0,5.0,0.0,0.0,0.0,0.0,0.0,9.0,1.0,1.0,0.0,0.0,0.0,3.0,34.0,9.0,4.0,0.0,1.0,6.0,5.0,0.0,0.0,0.0,0.0,0.0,16.0,43.0,0.0,0.0,0.0,0.0,8.0,1.0,24.0,24.0,0.0,0.0,0.0,0.0,0.0,1849.0,0.0,3.0,0.0,0.0,0.0,525.0,399.0,1516.0,245.0,0.0,9.0,508.0,274.0,3.0,18.0,0.0,1.0
ctx-rh-parahippocampal,0.0,0.0,0.0,1.0,0.0,0.0,0.0,0.0,0.0,0.0,2.0,0.0,0.0,0.0,0.0,0.0,0.0,0.0,0.0,0.0,0.0,0.0,0.0,0.0,0.0,0.0,0.0,0.0,0.0,1.0,0.0,0.0,0.0,0.0,6.0,0.0,0.0,1.0,108.0,0.0,212.0,3.0,38.0,3.0,119.0,7.0,0.0,312.0,0.0,40.0,0.0,378.0,0.0,0.0,0.0,12.0,1.0,2.0,0.0,23.0,0.0,0.0,0.0,6.0,19.0,2.0,8.0,1.0
ctx-rh-parsopercularis,0.0,6.0,3.0,0.0,0.0,0.0,0.0,0.0,0.0,0.0,0.0,0.0,1.0,0.0,0.0,0.0,3.0,0.0,2.0,0.0,0.0,0.0,0.0,1.0,0.0,0.0,0.0,1.0,5.0,0.0,0.0,0.0,0.0,0.0,0.0,24.0,211.0,0.0,0.0,0.0,0.0,11.0,0.0,220.0,0.0,0.0,8.0,0.0,1.0,1.0,3.0,0.0,1401.0,1.0,440.0,0.0,65.0,7.0,621.0,0.0,0.0,507.0,97.0,3.0,1.0,39.0,0.0,0.0
ctx-rh-parsorbitalis,0.0,1.0,0.0,0.0,0.0,0.0,0.0,0.0,0.0,0.0,0.0,0.0,0.0,0.0,1.0,0.0,0.0,0.0,0.0,0.0,0.0,0.0,0.0,0.0,0.0,0.0,2.0,1.0,1.0,0.0,0.0,0.0,0.0,0.0,0.0,5.0,0.0,0.0,0.0,4.0,0.0,0.0,0.0,34.0,0.0,0.0,484.0,0.0,13.0,0.0,0.0,0.0,1.0,565.0,307.0,0.0,0.0,0.0,0.0,0.0,8.0,571.0,30.0,0.0,0.0,0.0,0.0,0.0
ctx-rh-parstriangularis,0.0,3.0,0.0,0.0,0.0,0.0,0.0,0.0,0.0,0.0,0.0,0.0,0.0,0.0,0.0,0.0,0.0,0.0,0.0,0.0,0.0,0.0,0.0,0.0,0.0,0.0,5.0,0.0,3.0,0.0,0.0,0.0,0.0,0.0,0.0,19.0,18.0,0.0,0.0,0.0,0.0,0.0,0.0,163.0,0.0,0.0,259.0,0.0,5.0,0.0,0.0,0.0,440.0,307.0,1718.0,0.0,1.0,2.0,10.0,0.0,7.0,1091.0,119.0,1.0,0.0,2.0,0.0,1.0
ctx-rh-pericalcarine,0.0,0.0,0.0,4.0,0.0,0.0,2.0,5.0,0.0,2.0,11.0,3.0,0.0,14.0,0.0,0.0,0.0,0.0,0.0,0.0,0.0,2.0,0.0,1.0,0.0,13.0,0.0,0.0,0.0,5.0,0.0,1.0,0.0,0.0,3.0,0.0,0.0,2376.0,0.0,0.0,49.0,27.0,3.0,3.0,55.0,1293.0,0.0,1960.0,0.0,8.0,0.0,12.0,0.0,0.0,0.0,1452.0,0.0,0.0,0.0,228.0,0.0,0.0,0.0,272.0,1.0,0.0,0.0,0.0
ctx-rh-postcentral,0.0,0.0,1.0,0.0,0.0,0.0,0.0,0.0,1.0,0.0,1.0,0.0,0.0,0.0,0.0,0.0,0.0,0.0,0.0,0.0,0.0,0.0,0.0,14.0,0.0,3.0,0.0,0.0,4.0,2.0,0.0,0.0,0.0,0.0,13.0,5.0,104.0,0.0,0.0,0.0,3.0,115.0,3.0,195.0,22.0,2.0,0.0,0.0,0.0,7.0,525.0,1.0,65.0,0.0,1.0,0.0,5824.0,57.0,1897.0,134.0,0.0,21.0,31.0,671.0,19.0,1528.0,0.0,12.0
ctx-rh-posteriorcingulate,0.0,37.0,11.0,0.0,0.0,0.0,0.0,6.0,0.0,3.0,15.0,0.0,0.0,2.0,0.0,0.0,53.0,0.0,2.0,0.0,0.0,0.0,7.0,144.0,44.0,18.0,2.0,5.0,97.0,27.0,0.0,0.0,0.0,1.0,2.0,282.0,82.0,0.0,0.0,0.0,0.0,14.0,2.0,37.0,268.0,3.0,0.0,2.0,0.0,4.0,399.0,2.0,7.0,0.0,2.0,0.0,57.0,1184.0,308.0,420.0,0.0,21.0,602.0,121.0,6.0,28.0,0.0,2.0
ctx-rh-precentral,0.0,11.0,5.0,0.0,0.0,0.0,0.0,1.0,0.0,1.0,4.0,0.0,0.0,2.0,0.0,0.0,9.0,0.0,0.0,0.0,0.0,0.0,2.0,33.0,10.0,2.0,0.0,0.0,20.0,4.0,1.0,2.0,0.0,0.0,11.0,20.0,1239.0,1.0,0.0,0.0,0.0,64.0,2.0,276.0,26.0,1.0,0.0,1.0,1.0,5.0,1516.0,0.0,621.0,0.0,10.0,0.0,1897.0,308.0,6799.0,97.0,1.0,134.0,724.0,238.0,15.0,464.0,1.0,6.0
ctx-rh-precuneus,3.0,0.0,0.0,17.0,0.0,0.0,11.0,29.0,7.0,7.0,99.0,23.0,0.0,13.0,0.0,5.0,11.0,0.0,0.0,0.0,0.0,15.0,4.0,50.0,1.0,101.0,0.0,0.0,3.0,67.0,8.0,0.0,0.0,1.0,16.0,2.0,4.0,320.0,1.0,0.0,54.0,218.0,13.0,39.0,1131.0,167.0,0.0,312.0,0.0,25.0,245.0,23.0,0.0,0.0,0.0,228.0,134.0,420.0,97.0,4558.0,0.0,1.0,13.0,2286.0,31.0,51.0,0.0,12.0
ctx-rh-rostralanteriorcingulate,0.0,21.0,1.0,0.0,0.0,0.0,0.0,0.0,0.0,3.0,0.0,0.0,8.0,0.0,24.0,0.0,0.0,0.0,0.0,1.0,3.0,0.0,0.0,0.0,0.0,0.0,100.0,24.0,30.0,0.0,0.0,0.0,0.0,0.0,0.0,202.0,0.0,0.0,0.0,11.0,0.0,0.0,0.0,8.0,0.0,0.0,118.0,0.0,652.0,0.0,0.0,0.0,0.0,8.0,7.0,0.0,0.0,0.0,1.0,0.0,568.0,112.0,354.0,0.0,0.0,0.0,0.0,0.0
ctx-rh-rostralmiddlefrontal,0.0,29.0,2.0,0.0,0.0,1.0,0.0,0.0,0.0,2.0,0.0,0.0,3.0,0.0,5.0,0.0,0.0,0.0,1.0,0.0,2.0,0.0,0.0,7.0,4.0,0.0,19.0,5.0,46.0,0.0,0.0,0.0,0.0,0.0,0.0,169.0,1103.0,0.0,0.0,202.0,0.0,3.0,1.0,198.0,0.0,0.0,872.0,0.0,485.0,0.0,9.0,0.0,507.0,571.0,1091.0,0.0,21.0,21.0,134.0,1.0,112.0,8816.0,2641.0,3.0,1.0,12.0,1.0,0.0
ctx-rh-superiorfrontal,0.0,151.0,31.0,0.0,0.0,1.0,0.0,1.0,0.0,8.0,1.0,0.0,7.0,0.0,14.0,0.0,16.0,0.0,12.0,0.0,6.0,0.0,3.0,76.0,26.0,5.0,54.0,36.0,186.0,2.0,0.0,0.0,0.0,0.0,0.0,1060.0,937.0,0.0,0.0,99.0,0.0,4.0,0.0,114.0,9.0,0.0,179.0,0.0,398.0,0.0,508.0,0.0,97.0,30.0,119.0,0.0,31.0,602.0,724.0,13.0,354.0,2641.0,11250.0,14.0,2.0,21.0,0.0,0.0
ctx-rh-superiorparietal,3.0,0.0,0.0,7.0,0.0,0.0,2.0,9.0,1.0,2.0,22.0,6.0,1.0,7.0,0.0,2.0,3.0,1.0,1.0,0.0,0.0,1.0,0.0,19.0,2.0,25.0,0.0,0.0,4.0,22.0,3.0,0.0,0.0,1.0,37.0,4.0,16.0,703.0,0.0,0.0,58.0,1440.0,24.0,98.0,149.0,484.0,0.0,84.0,0.0,37.0,274.0,6.0,3.0,0.0,1.0,272.0,671.0,121.0,238.0,2286.0,0.0,3.0,14.0,6166.0,52.0,427.0,3.0,20.0
ctx-rh-superiortemporal,1.0,0.0,0.0,1.0,0.0,0.0,2.0,3.0,0.0,0.0,11.0,2.0,0.0,2.0,0.0,0.0,2.0,0.0,0.0,0.0,0.0,1.0,1.0,2.0,1.0,11.0,0.0,0.0,2.0,7.0,0.0,1.0,0.0,0.0,871.0,0.0,5.0,1.0,14.0,0.0,143.0,164.0,251.0,388.0,19.0,37.0,3.0,27.0,0.0,635.0,3.0,19.0,1.0,0.0,0.0,1.0,19.0,6.0,15.0,31.0,0.0,1.0,2.0,52.0,5195.0,379.0,185.0,854.0
ctx-rh-supramarginal,1.0,3.0,0.0,2.0,0.0,0.0,0.0,3.0,1.0,1.0,5.0,1.0,0.0,2.0,0.0,0.0,1.0,0.0,1.0,0.0,0.0,0.0,0.0,1.0,1.0,7.0,0.0,0.0,2.0,2.0,0.0,0.0,0.0,0.0,467.0,3.0,61.0,2.0,0.0,0.0,11.0,1321.0,27.0,337.0,25.0,6.0,0.0,2.0,0.0,68.0,18.0,2.0,39.0,0.0,2.0,0.0,1528.0,28.0,464.0,51.0,0.0,12.0,21.0,427.0,379.0,4695.0,0.0,57.0
ctx-rh-temporalpole,0.0,0.0,0.0,0.0,0.0,0.0,0.0,0.0,0.0,0.0,0.0,0.0,0.0,0.0,0.0,0.0,0.0,0.0,0.0,0.0,0.0,0.0,0.0,0.0,0.0,0.0,0.0,0.0,0.0,1.0,0.0,0.0,0.0,0.0,1.0,0.0,0.0,0.0,175.0,0.0,155.0,2.0,198.0,70.0,0.0,3.0,1.0,3.0,0.0,197.0,0.0,8.0,0.0,0.0,0.0,0.0,0.0,0.0,1.0,0.0,0.0,1.0,0.0,3.0,185.0,0.0,306.0,2.0
ctx-rh-transversetemporal,0.0,0.0,0.0,0.0,0.0,0.0,0.0,0.0,0.0,1.0,3.0,1.0,0.0,1.0,0.0,0.0,0.0,0.0,0.0,0.0,0.0,1.0,0.0,3.0,0.0,4.0,0.0,0.0,0.0,0.0,0.0,1.0,0.0,0.0,44.0,0.0,0.0,0.0,0.0,0.0,6.0,30.0,8.0,77.0,10.0,1.0,0.0,1.0,0.0,19.0,1.0,1.0,0.0,0.0,1.0,0.0,12.0,2.0,6.0,12.0,0.0,0.0,0.0,20.0,854.0,57.0,2.0,271.0
