,ctx-lh-bankssts,ctx-lh-caudalanteriorcingulate,ctx-lh-caudalmiddlefrontal,ctx-lh-cuneus,ctx-lh-entorhinal,ctx-lh-frontalpole,ctx-lh-fusiform,ctx-lh-inferiorparietal,ctx-lh-inferiortemporal,ctx-lh-insula,ctx-lh-isthmuscingulate,ctx-lh-lateraloccipital,ctx-lh-lateralorbitofrontal,ctx-lh-lingual,ctx-lh-medialorbitofrontal,ctx-lh-middletemporal,ctx-lh-paracentral,ctx-lh-parahippocampal,ctx-lh-parsopercularis,ctx-lh-parsorbitalis,ctx-lh-parstriangularis,ctx-lh-pericalcarine,ctx-lh-postcentral,ctx-lh-posteriorcingulate,ctx-lh-precentral,ctx-lh-precuneus,ctx-lh-rostralanteriorcingulate,ctx-lh-rostralmiddlefrontal,ctx-lh-superiorfrontal,ctx-lh-superiorparietal,ctx-lh-superiortemporal,ctx-lh-supramarginal,ctx-lh-temporalpole,ctx-lh-transversetemporal,ctx-rh-bankssts,ctx-rh-caudalanteriorcingulate,ctx-rh-caudalmiddlefrontal,ctx-rh-cuneus,ctx-rh-entorhinal,ctx-rh-frontalpole,ctx-rh-fusiform,ctx-rh-inferiorparietal,ctx-rh-inferiortemporal,ctx-rh-insula,ctx-rh-isthmuscingulate,ctx-rh-lateraloccipital,ctx-rh-lateralorbitofrontal,ctx-rh-lingual,ctx-rh-medialorbitofrontal,ctx-rh-middletemporal,ctx-rh-paracentral,ctx-rh-parahippocampal,ctx-rh-parsopercularis,ctx-rh-parsorbitalis,ctx-rh-parstriangularis,ctx-rh-pericalcarine,ctx-rh-postcentral,ctx-rh-posteriorcingulate,ctx-rh-precentral,ctx-rh-precuneus,ctx-rh-rostralanteriorcingulate,ctx-rh-rostralmiddlefrontal,ctx-rh-superiorfrontal,ctx-rh-superiorparietal,ctx-rh-superiortemporal,ctx-rh-supramarginal,ctx-rh-temporalpole,ctx-rh-transversetemporal
ctx-lh-bankssts,643.0,1.0,1.0,2.0,0.0,0.0,24.0,322.0,205.0,37.0,13.0,29.0,0.0,16.0,0.0,620.0,0.0,3.0,1.0,0.0,0.0,4.0,22.0,4.0,6.0,20.0,0.0,0.0,0.0,33.0,816.0,254.0,1.0,24.0,0.0,0.0,0.0,0.0,0.0,0.0,0.0,0.0,0.0,0.0,2.0,1.0,0.0,0.0,0.0,1.0,2.0,0.0,0.0,0.0,0.0,0.0,1.0,0.0,0.0,7.0,0.0,0.0,1.0,1.0,0.0,0.0,0.0,0.0
ctx-lh-caudalanteriorcingulate,1.0,492.0,39.0,0.0,0.0,1.0,0.0,0.0,0.0,18.0,7.0,0.0,12.0,0.0,14.0,0.0,16.0,0.0,24.0,2.0,21.0,0.0,2.0,208.0,30.0,6.0,187.0,83.0,559.0,2.0,0.0,2.0,0.0,0.0,0.0,144.0,20.0,0.0,0.0,0.0,0.0,0.0,0.0,4.0,2.0,0.0,1.0,0.0,3.0,0.0,9.0,0.0,15.0,0.0,3.0,0.0,2.0,32.0,13.0,3.0,28.0,32.0,144.0,1.0,0.0,1.0,0.0,0.0
ctx-lh-caudalmiddlefrontal,1.0,39.0,2158.0,0.0,0.0,0.0,0.0,4.0,0.0,31.0,2.0,0.0,2.0,0.0,0.0,0.0,22.0,0.0,236.0,0.0,24.0,0.0,49.0,12.0,860.0,7.0,13.0,745.0,825.0,7.0,3.0,20.0,0.0,0.0,0.0,12.0,5.0,0.0,0.0,0.0,0.0,0.0,0.0,0.0,0.0,0.0,1.0,0.0,0.0,0.0,2.0,0.0,1.0,0.0,1.0,0.0,1.0,7.0,2.0,4.0,1.0,0.0,20.0,0.0,0.0,0.0,0.0,0.0
ctx-lh-cuneus,2.0,0.0,0.0,1626.0,0.0,0.0,6.0,44.0,3.0,2.0,21.0,287.0,0.0,79.0,0.0,4.0,0.0,0.0,0.0,0.0,0.0,1780.0,1.0,0.0,0.0,234.0,0.0,0.0,0.0,854.0,1.0,0.0,0.0,0.0,0.0,0.0,0.0,1.0,0.0,0.0,0.0,0.0,0.0,0.0,0.0,0.0,0.0,0.0,0.0,1.0,0.0,0.0,0.0,0.0,0.0,5.0,0.0,0.0,0.0,3.0,0.0,0.0,1.0,1.0,0.0,0.0,0.0,0.0
ctx-lh-entorhinal,0.0,0.0,0.0,0.0,192.0,0.0,155.0,0.0,108.0,3.0,0.0,0.0,2.0,0.0,0.0,15.0,0.0,112.0,0.0,0.0,0.0,1.0,0.0,0.0,0.0,1.0,0.0,0.0,0.0,0.0,13.0,0.0,192.0,1.0,0.0,0.0,0.0,0.0,0.0,0.0,0.0,0.0,0.0,0.0,0.0,0.0,0.0,0.0,0.0,0.0,0.0,0.0,0.0,0.0,0.0,0.0,0.0,0.0,0.0,0.0,0.0,0.0,0.0,0.0,0.0,0.0,0.0,0.0
ctx-lh-frontalpole,0.0,1.0,0.0,0.0,0.0,57.0,0.0,0.0,0.0,1.0,0.0,0.0,72.0,0.0,248.0,0.0,0.0,0.0,0.0,5.0,4.0,0.0,0.0,0.0,0.0,0.0,7.0,245.0,161.0,0.0,0.0,0.0,0.0,0.0,0.0,0.0,0.0,0.0,0.0,0.0,0.0,0.0,0.0,0.0,0.0,0.0,0.0,0.0,0.0,0.0,0.0,0.0,0.0,0.0,0.0,0.0,0.0,0.0,0.0,0.0,1.0,0.0,0.0,0.0,0.0,0.0,0.0,0.0
ctx-lh-fusiform,24.0,0.0,0.0,6.0,155.0,0.0,3011.0,77.0,1575.0,30.0,10.0,1289.0,1.0,716.0,0.0,135.0,0.0,192.0,0.0,0.0,0.0,63.0,0.0,0.0,0.0,32.0,0.0,0.0,0.0,14.0,47.0,3.0,101.0,2.0,0.0,0.0,0.0,0.0,0.0,0.0,0.0,1.0,1.0,0.0,1.0,0.0,0.0,0.0,0.0,0.0,0.0,0.0,0.0,0.0,0.0,0.0,0.0,0.0,0.0,2.0,0.0,0.0,0.0,0.0,0.0,0.0,0.0,0.0
ctx-lh-inferiorparietal,322.0,0.0,4.0,44.0,0.0,0.0,77.0,5121.0,123.0,48.0,69.0,724.0,2.0,73.0,0.0,415.0,7.0,3.0,2.0,0.0,0.0,84.0,49.0,14.0,27.0,249.0,0.0,0.0,1.0,823.0,152.0,940.0,2.0,32.0,0.0,1.0,0.0,2.0,0.0,0.0,0.0,5.0,0.0,1.0,12.0,1.0,0.0,2.0,0.0,0.0,2.0,0.0,0.0,0.0,0.0,2.0,0.0,1.0,2.0,19.0,0.0,0.0,0.0,1.0,1.0,1.0,0.0,0.0
ctx-lh-inferiortemporal,205.0,0.0,0.0,3.0,108.0,0.0,1575.0,123.0,2240.0,94.0,10.0,186.0,10.0,136.0,0.0,1957.0,1.0,102.0,0.0,0.0,0.0,13.0,3.0,5.0,1.0,41.0,0.0,0.0,0.0,22.0,289.0,18.0,168.0,5.0,1.0,0.0,0.0,1.0,0.0,0.0,0.0,1.0,0.0,0.0,2.0,0.0,0.0,0.0,0.0,1.0,0.0,0.0,0.0,0.0,0.0,0.0,1.0,3.0,0.0,0.0,0.0,0.0,0.0,2.0,0.0,0.0,0.0,0.0
ctx-lh-insula,37.0,18.0,31.0,2.0,3.0,1.0,30.0,48.0,94.0,1453.0,19.0,3.0,334.0,12.0,39.0,112.0,11.0,8.0,139.0,11.0,87.0,2.0,224.0,8.0,246.0,37.0,18.0,110.0,72.0,62.0,454.0,207.0,42.0,149.0,0.0,3.0,0.0,0.0,0.0,0.0,0.0,1.0,0.0,1.0,6.0,0.0,0.0,0.0,0.0,0.0,1.0,0.0,0.0,0.0,0.0,0.0,2.0,7.0,2.0,8.0,5.0,2.0,9.0,5.0,0.0,0.0,0.0,1.0
ctx-lh-isthmuscingulate,13.0,7.0,2.0,21.0,0.0,0.0,10.0,69.0,10.0,19.0,773.0,28.0,0.0,227.0,0.0,9.0,22.0,42.0,0.0,0.0,0.0,64.0,10.0,224.0,10.0,965.0,0.0,0.0,9.0,133.0,17.0,8.0,0.0,16.0,4.0,5.0,3.0,1.0,0.0,0.0,2.0,24.0,9.0,8.0,137.0,7.0,0.0,4.0,0.0,8.0,17.0,1.0,2.0,0.0,0.0,1.0,8.0,55.0,10.0,146.0,0.0,1.0,9.0,24.0,5.0,11.0,0.0,0.0
ctx-lh-lateraloccipital,29.0,0.0,0.0,287.0,0.0,0.0,1289.0,724.0,186.0,3.0,28.0,7095.0,0.0,1180.0,0.0,76.0,0.0,11.0,0.0,0.0,0.0,1140.0,3.0,2.0,0.0,97.0,0.0,0.0,0.0,475.0,16.0,4.0,0.0,3.0,1.0,0.0,0.0,0.0,0.0,0.0,0.0,0.0,0.0,0.0,3.0,1.0,0.0,0.0,0.0,0.0,0.0,0.0,0.0,0.0,0.0,0.0,0.0,1.0,0.0,11.0,0.0,0.0,0.0,1.0,0.0,0.0,0.0,0.0
ctx-lh-lateralorbitofrontal,0.0,12.0,2.0,0.0,2.0,72.0,1.0,2.0,10.0,334.0,0.0,0.0,2826.0,0.0,1340.0,3.0,0.0,0.0,19.0,425.0,319.0,0.0,0.0,0.0,2.0,1.0,146.0,598.0,77.0,0.0,18.0,0.0,5.0,0.0,0.0,7.0,1.0,0.0,0.0,0.0,0.0,0.0,0.0,1.0,0.0,0.0,1.0,0.0,5.0,0.0,0.0,0.0,0.0,0.0,0.0,0.0,0.0,0.0,0.0,0.0,12.0,4.0,3.0,0.0,0.0,0.0,0.0,0.0
ctx-lh-lingual,16.0,0.0,0.0,79.0,0.0,0.0,716.0,73.0,136.0,12.0,227.0,1180.0,0.0,6331.0,0.0,34.0,0.0,255.0,0.0,0.0,0.0,1660.0,1.0,0.0,0.0,171.0,0.0,0.0,0.0,70.0,13.0,3.0,0.0,3.0,0.0,0.0,0.0,8.0,0.0,0.0,0.0,2.0,0.0,0.0,4.0,2.0,0.0,17.0,0.0,0.0,0.0,0.0,0.0,0.0,0.0,17.0,0.0,0.0,0.0,6.0,0.0,0.0,0.0,0.0,0.0,1.0,0.0,0.0
ctx-lh-medialorbitofrontal,0.0,14.0,0.0,0.0,0.0,248.0,0.0,0.0,0.0,39.0,0.0,0.0,1340.0,0.0,1266.0,2.0,0.0,0.0,4.0,44.0,36.0,0.0,0.0,3.0,0.0,0.0,550.0,643.0,191.0,0.0,1.0,0.0,0.0,0.0,0.0,11.0,0.0,0.0,0.0,0.0,0.0,0.0,0.0,1.0,0.0,0.0,3.0,0.0,9.0,0.0,0.0,0.0,0.0,0.0,0.0,0.0,0.0,1.0,0.0,0.0,27.0,3.0,7.0,0.0,0.0,0.0,0.0,0.0
ctx-lh-middletemporal,620.0,0.0,0.0,4.0,15.0,0.0,135.0,415.0,1957.0,112.0,9.0,76.0,3.0,34.0,2.0,2739.0,0.0,17.0,0.0,0.0,0.0,10.0,0.0,2.0,2.0,23.0,0.0,0.0,0.0,24.0,683.0,27.0,88.0,21.0,0.0,0.0,0.0,0.0,0.0,0.0,0.0,1.0,0.0,1.0,1.0,2.0,0.0,0.0,0.0,1.0,0.0,0.0,0.0,0.0,0.0,0.0,0.0,0.0,0.0,2.0,0.0,0.0,0.0,1.0,1.0,0.0,0.0,0.0
ctx-lh-paracentral,0.0,16.0,22.0,0.0,0.0,0.0,0.0,7.0,1.0,11.0,22.0,0.0,0.0,0.0,0.0,0.0,1894.0,0.0,3.0,0.0,1.0,0.0,647.0,180.0,879.0,261.0,0.0,2.0,394.0,166.0,5.0,5.0,0.0,4.0,0.0,8.0,4.0,0.0,0.0,0.0,0.0,2.0,0.0,3.0,3.0,0.0,0.0,1.0,0.0,0.0,61.0,0.0,0.0,0.0,0.0,1.0,3.0,22.0,7.0,7.0,0.0,1.0,19.0,4.0,0.0,1.0,0.0,0.0
ctx-lh-parahippocampal,3.0,0.0,0.0,0.0,112.0,0.0,192.0,3.0,102.0,8.0,42.0,11.0,0.0,255.0,0.0,17.0,0.0,333.0,0.0,0.0,0.0,1.0,0.0,0.0,0.0,8.0,0.0,0.0,0.0,3.0,8.0,0.0,2.0,1.0,0.0,0.0,0.0,0.0,0.0,0.0,0.0,0.0,0.0,0.0,0.0,0.0,0.0,0.0,0.0,0.0,0.0,0.0,0.0,0.0,0.0,0.0,0.0,0.0,0.0,1.0,0.0,0.0,0.0,0.0,0.0,0.0,0.0,0.0
ctx-lh-parsopercularis,1.0,24.0,236.0,0.0,0.0,0.0,0.0,2.0,0.0,139.0,0.0,0.0,19.0,0.0,4.0,0.0,3.0,0.0,1662.0,6.0,438.0,0.0,50.0,4.0,469.0,2.0,12.0,395.0,141.0,6.0,2.0,16.0,0.0,2.0,0.0,8.0,2.0,0.0,0.0,0.0,0.0,0.0,0.0,0.0,1.0,0.0,0.0,0.0,1.0,0.0,1.0,0.0,1.0,0.0,0.0,0.0,0.0,1.0,2.0,0.0,1.0,2.0,3.0,0.0,0.0,0.0,0.0,0.0
ctx-lh-parsorbitalis,0.0,2.0,0.0,0.0,0.0,5.0,0.0,0.0,0.0,11.0,0.0,0.0,425.0,0.0,44.0,0.0,0.0,0.0,6.0,403.0,317.0,0.0,0.0,0.0,1.0,0.0,22.0,240.0,30.0,0.0,0.0,0.0,0.0,0.0,0.0,3.0,0.0,0.0,0.0,0.0,0.0,0.0,0.0,0.0,0.0,0.0,0.0,0.0,1.0,0.0,0.0,0.0,0.0,0.0,0.0,0.0,0.0,0.0,0.0,0.0,1.0,0.0,0.0,0.0,0.0,0.0,0.0,0.0
ctx-lh-parstriangularis,0.0,21.0,24.0,0.0,0.0,4.0,0.0,0.0,0.0,87.0,0.0,0.0,319.0,0.0,36.0,0.0,1.0,0.0,438.0,317.0,978.0,0.0,5.0,3.0,18.0,0.0,39.0,612.0,108.0,1.0,1.0,0.0,0.0,0.0,0.0,10.0,0.0,0.0,0.0,0.0,0.0,0.0,0.0,0.0,0.0,0.0,2.0,0.0,1.0,0.0,0.0,0.0,0.0,0.0,1.0,0.0,0.0,0.0,0.0,0.0,10.0,1.0,7.0,0.0,0.0,0.0,0.0,0.0
ctx-lh-pericalcarine,4.0,0.0,0.0,1780.0,1.0,0.0,63.0,84.0,13.0,2.0,64.0,1140.0,0.0,1660.0,0.0,10.0,0.0,1.0,0.0,0.0,0.0,1166.0,0.0,1.0,0.0,295.0,0.0,0.0,0.0,283.0,1.0,2.0,0.0,0.0,0.0,0.0,0.0,8.0,0.0,0.0,0.0,0.0,1.0,0.0,5.0,2.0,0.0,0.0,0.0,0.0,0.0,0.0,0.0,0.0,0.0,3.0,0.0,1.0,0.0,9.0,0.0,0.0,0.0,6.0,1.0,0.0,0.0,0.0
ctx-lh-postcentral,22.0,2.0,49.0,1.0,0.0,0.0,0.0,49.0,3.0,224.0,10.0,3.0,0.0,1.0,0.0,0.0,647.0,0.0,50.0,0.0,5.0,0.0,6432.0,40.0,1519.0,178.0,1.0,6.0,50.0,783.0,30.0,1176.0,0.0,7.0,0.0,1.0,1.0,2.0,0.0,0.0,0.0,1.0,0.0,0.0,2.0,0.0,0.0,0.0,0.0,0.0,3.0,0.0,0.0,0.0,0.0,0.0,1.0,8.0,2.0,6.0,0.0,0.0,6.0,1.0,0.0,0.0,0.0,0.0
ctx-lh-posteriorcingulate,4.0,208.0,12.0,0.0,0.0,0.0,0.0,14.0,5.0,8.0,224.0,2.0,0.0,0.0,3.0,2.0,180.0,0.0,4.0,0.0,3.0,1.0,40.0,556.0,55.0,315.0,9.0,2.0,196.0,60.0,9.0,6.0,0.0,5.0,2.0,31.0,18.0,0.0,0.0,0.0,0.0,5.0,0.0,13.0,24.0,0.0,0.0,1.0,0.0,1.0,41.0,0.0,5.0,0.0,2.0,0.0,7.0,135.0,39.0,41.0,2.0,5.0,76.0,13.0,6.0,4.0,0.0,1.0
ctx-lh-precentral,6.0,30.0,860.0,0.0,0.0,0.0,0.0,27.0,1.0,246.0,10.0,0.0,2.0,0.0,0.0,2.0,879.0,0.0,469.0,1.0,18.0,0.0,1519.0,55.0,7232.0,63.0,2.0,72.0,666.0,171.0,22.0,196.0,0.0,4.0,0.0,15.0,8.0,0.0,0.0,0.0,0.0,1.0,0.0,2.0,4.0,0.0,0.0,0.0,0.0,0.0,8.0,0.0,2.0,0.0,0.0,0.0,1.0,23.0,7.0,7.0,0.0,3.0,29.0,4.0,0.0,0.0,0.0,0.0
ctx-lh-precuneus,20.0,6.0,7.0,234.0,1.0,0.0,32.0,249.0,41.0,37.0,965.0,97.0,1.0,171.0,0.0,23.0,261.0,8.0,2.0,0.0,0.0,295.0,178.0,315.0,63.0,4425.0,0.0,0.0,20.0,2175.0,28.0,35.0,0.0,16.0,6.0,4.0,1.0,6.0,0.0,0.0,4.0,17.0,4.0,2.0,58.0,7.0,0.0,9.0,0.0,5.0,7.0,0.0,0.0,0.0,0.0,1.0,5.0,29.0,7.0,83.0,0.0,0.0,9.0,23.0,2.0,8.0,0.0,3.0
ctx-lh-rostralanteriorcingulate,0.0,187.0,13.0,0.0,0.0,7.0,0.0,0.0,0.0,18.0,0.0,0.0,146.0,0.0,550.0,0.0,0.0,0.0,12.0,22.0,39.0,0.0,1.0,9.0,2.0,0.0,856.0,277.0,604.0,1.0,0.0,0.0,0.0,0.0,0.0,74.0,0.0,0.0,0.0,0.0,0.0,0.0,0.0,4.0,0.0,0.0,12.0,0.0,28.0,0.0,0.0,0.0,0.0,4.0,11.0,0.0,0.0,1.0,0.0,0.0,162.0,32.0,39.0,0.0,0.0,0.0,0.0,0.0
ctx-lh-rostralmiddlefrontal,0.0,83.0,745.0,0.0,0.0,245.0,0.0,0.0,0.0,110.0,0.0,0.0,598.0,0.0,643.0,0.0,2.0,0.0,395.0,240.0,612.0,0.0,6.0,2.0,72.0,0.0,277.0,5245.0,2113.0,0.0,1.0,4.0,0.0,0.0,0.0,34.0,2.0,0.0,0.0,0.0,0.0,0.0,0.0,3.0,1.0,0.0,4.0,0.0,4.0,1.0,0.0,0.0,0.0,0.0,3.0,0.0,0.0,3.0,0.0,0.0,23.0,7.0,22.0,0.0,0.0,0.0,0.0,0.0
ctx-lh-superiorfrontal,0.0,559.0,825.0,0.0,0.0,161.0,0.0,1.0,0.0,72.0,9.0,0.0,77.0,0.0,191.0,0.0,394.0,0.0,141.0,30.0,108.0,0.0,50.0,196.0,666.0,20.0,604.0,2113.0,10003.0,17.0,0.0,6.0,0.0,0.0,0.0,110.0,23.0,0.0,0.0,0.0,0.0,0.0,0.0,7.0,3.0,0.0,4.0,0.0,4.0,0.0,14.0,0.0,5.0,1.0,13.0,0.0,2.0,42.0,20.0,3.0,27.0,22.0,131.0,2.0,1.0,3.0,0.0,0.0
ctx-lh-superiorparietal,33.0,2.0,7.0,854.0,0.0,0.0,14.0,823.0,22.0,62.0,133.0,475.0,0.0,70.0,0.0,24.0,166.0,3.0,6.0,0.0,1.0,283.0,783.0,60.0,171.0,2175.0,1.0,0.0,17.0,6346.0,39.0,305.0,0.0,23.0,2.0,1.0,0.0,2.0,0.0,0.0,0.0,8.0,2.0,0.0,28.0,1.0,0.0,4.0,0.0,3.0,5.0,0.0,0.0,0.0,0.0,3.0,1.0,15.0,1.0,37.0,0.0,0.0,3.0,11.0,5.0,3.0,0.0,1.0
ctx-lh-superiortemporal,816.0,0.0,3.0,1.0,13.0,0.0,47.0,152.0,289.0,454.0,17.0,16.0,18.0,13.0,1.0,683.0,5.0,8.0,2.0,0.0,1.0,1.0,30.0,9.0,22.0,28.0,0.0,1.0,0.0,39.0,4576.0,485.0,198.0,809.0,0.0,1.0,0.0,0.0,0.0,0.0,0.0,2.0,1.0,0.0,4.0,1.0,0.0,1.0,0.0,0.0,0.0,0.0,0.0,0.0,0.0,0.0,0.0,5.0,0.0,6.0,0.0,0.0,0.0,0.0,0.0,3.0,0.0,0.0
ctx-lh-supramarginal,254.0,2.0,20.0,0.0,0.0,0.0,3.0,940.0,18.0,207.0,8.0,4.0,0.0,3.0,0.0,27.0,5.0,0.0,16.0,0.0,0.0,2.0,1176.0,6.0,196.0,35.0,0.0,4.0,6.0,305.0,485.0,3611.0,1.0,28.0,0.0,1.0,0.0,1.0,0.0,0.0,0.0,0.0,0.0,1.0,5.0,0.0,0.0,0.0,0.0,0.0,0.0,0.0,0.0,0.0,0.0,0.0,0.0,0.0,0.0,9.0,0.0,0.0,3.0,2.0,1.0,0.0,0.0,0.0
ctx-lh-temporalpole,1.0,0.0,0.0,0.0,192.0,0.0,101.0,2.0,168.0,42.0,0.0,0.0,5.0,0.0,0.0,88.0,0.0,2.0,0.0,0.0,0.0,0.0,0.0,0.0,0.0,0.0,0.0,0.0,0.0,0.0,198.0,1.0,463.0,0.0,0.0,0.0,0.0,0.0,0.0,0.0,0.0,0.0,0.0,0.0,0.0,0.0,0.0,0.0,0.0,0.0,0.0,0.0,0.0,0.0,0.0,0.0,0.0,0.0,0.0,0.0,0.0,0.0,0.0,0.0,0.0,0.0,0.0,0.0
ctx-lh-transversetemporal,24.0,0.0,0.0,0.0,1.0,0.0,2.0,32.0,5.0,149.0,16.0,3.0,0.0,3.0,0.0,21.0,4.0,1.0,2.0,0.0,0.0,0.0,7.0,5.0,4.0,16.0,0.0,0.0,0.0,23.0,809.0,28.0,0.0,491.0,0.0,1.0,0.0,0.0,0.0,0.0,0.0,1.0,0.0,0.0,4.0,0.0,0.0,0.0,0.0,0.0,0.0,0.0,0.0,0.0,0.0,0.0,0.0,1.0,1.0,6.0,0.0,0.0,0.0,2.0,0.0,0.0,0.0,1.0
ctx-rh-bankssts,0.0,0.0,0.0,0.0,0.0,0.0,0.0,0.0,1.0,0.0,4.0,1.0,0.0,0.0,0.0,0.0,0.0,0.0,0.0,0.0,0.0,0.0,0.0,2.0,0.0,6.0,0.0,0.0,0.0,2.0,0.0,0.0,0.0,0.0,561.0,0.0,1.0,3.0,0.0,0.0,27.0,408.0,142.0,48.0,9.0,14.0,0.0,34.0,0.0,631.0,6.0,2.0,1.0,0.0,0.0,4.0,14.0,4.0,10.0,44.0,0.0,0.0,0.0,52.0,795.0,353.0,1.0,36.0
ctx-rh-caudalanteriorcingulate,0.0,144.0,12.0,0.0,0.0,0.0,0.0,1.0,0.0,3.0,5.0,0.0,7.0,0.0,11.0,0.0,8.0,0.0,8.0,3.0,10.0,0.0,1.0,31.0,15.0,4.0,74.0,34.0,110.0,1.0,1.0,1.0,0.0,1.0,0.0,579.0,37.0,0.0,0.0,1.0,0.0,1.0,0.0,38.0,6.0,0.0,13.0,0.0,16.0,0.0,16.0,1.0,24.0,7.0,41.0,0.0,1.0,195.0,19.0,8.0,192.0,146.0,628.0,4.0,0.0,1.0,0.0,0.0
ctx-rh-caudalmiddlefrontal,0.0,20.0,5.0,0.0,0.0,0.0,0.0,0.0,0.0,0.0,3.0,0.0,1.0,0.0,0.0,0.0,4.0,0.0,2.0,0.0,0.0,0.0,1.0,18.0,8.0,1.0,0.0,2.0,23.0,0.0,0.0,0.0,0.0,0.0,1.0,37.0,2061.0,0.0,0.0,0.0,0.0,4.0,0.0,45.0,1.0,0.0,3.0,0.0,1.0,0.0,18.0,0.0,203.0,2.0,32.0,0.0,44.0,20.0,881.0,5.0,0.0,742.0,798.0,13.0,0.0,14.0,0.0,0.0
ctx-rh-cuneus,0.0,0.0,0.0,1.0,0.0,0.0,0.0,2.0,1.0,0.0,1.0,0.0,0.0,8.0,0.0,0.0,0.0,0.0,0.0,0.0,0.0,8.0,2.0,0.0,0.0,6.0,0.0,0.0,0.0,2.0,0.0,1.0,0.0,0.0,3.0,0.0,0.0,1572.0,0.0,0.0,35.0,39.0,13.0,2.0,14.0,590.0,0.0,162.0,0.0,15.0,0.0,2.0,0.0,0.0,0.0,1719.0,0.0,2.0,1.0,485.0,0.0,0.0,0.0,485.0,4.0,1.0,0.0,0.0
ctx-rh-entorhinal,0.0,0.0,0.0,0.0,0.0,0.0,0.0,0.0,0.0,0.0,0.0,0.0,0.0,0.0,0.0,0.0,0.0,0.0,0.0,0.0,0.0,0.0,0.0,0.0,0.0,0.0,0.0,0.0,0.0,0.0,0.0,0.0,0.0,0.0,0.0,0.0,0.0,0.0,306.0,0.0,145.0,0.0,169.0,8.0,0.0,0.0,1.0,0.0,0.0,13.0,0.0,105.0,0.0,0.0,0.0,0.0,0.0,0.0,0.0,0.0,0.0,0.0,0.0,0.0,6.0,0.0,197.0,0.0
ctx-rh-frontalpole,0.0,0.0,0.0,0.0,0.0,0.0,0.0,0.0,0.0,0.0,0.0,0.0,0.0,0.0,0.0,0.0,0.0,0.0,0.0,0.0,0.0,0.0,0.0,0.0,0.0,0.0,0.0,0.0,0.0,0.0,0.0,0.0,0.0,0.0,0.0,1.0,0.0,0.0,0.0,55.0,0.0,0.0,0.0,0.0,0.0,0.0,112.0,0.0,346.0,0.0,0.0,0.0,0.0,5.0,2.0,0.0,0.0,0.0,0.0,0.0,5.0,160.0,97.0,0.0,0.0,0.0,0.0,0.0
ctx-rh-fusiform,0.0,0.0,0.0,0.0,0.0,0.0,0.0,0.0,0.0,0.0,2.0,0.0,0.0,0.0,0.0,0.0,0.0,0.0,0.0,0.0,0.0,0.0,0.0,0.0,0.0,4.0,0.0,0.0,0.0,0.0,0.0,0.0,0.0,0.0,27.0,0.0,0.0,35.0,145.0,0.0,3114.0,47.0,1715.0,55.0,25.0,1366.0,2.0,824.0,0.0,161.0,0.0,254.0,0.0,0.0,0.0,97.0,0.0,0.0,2.0,35.0,0.0,0.0,0.0,23.0,76.0,2.0,66.0,2.0
ctx-rh-inferiorparietal,0.0,0.0,0.0,0.0,0.0,0.0,1.0,5.0,1.0,1.0,24.0,0.0,0.0,2.0,0.0,1.0,2.0,0.0,0.0,0.0,0.0,0.0,1.0,5.0,1.0,17.0,0.0,0.0,0.0,8.0,2.0,0.0,0.0,1.0,408.0,1.0,4.0,39.0,0.0,0.0,47.0,6764.0,111.0,58.0,48.0,743.0,0.0,60.0,0.0,440.0,10.0,5.0,1.0,0.0,0.0,19.0,73.0,6.0,41.0,383.0,0.0,1.0,1.0,990.0,108.0,1154.0,0.0,15.0
ctx-rh-inferiortemporal,0.0,0.0,0.0,0.0,0.0,0.0,1.0,0.0,0.0,0.0,9.0,0.0,0.0,0.0,0.0,0.0,0.0,0.0,0.0,0.0,0.0,1.0,0.0,0.0,0.0,4.0,0.0,0.0,0.0,2.0,1.0,0.0,0.0,0.0,142.0,0.0,0.0,13.0,169.0,0.0,1715.0,111.0,2176.0,145.0,13.0,184.0,10.0,207.0,0.0,1650.0,5.0,106.0,0.0,1.0,0.0,17.0,0.0,1.0,2.0,44.0,0.0,0.0,0.0,23.0,297.0,6.0,255.0,7.0
ctx-rh-insula,0.0,4.0,0.0,0.0,0.0,0.0,0.0,1.0,0.0,1.0,8.0,0.0,1.0,0.0,1.0,1.0,3.0,0.0,0.0,0.0,0.0,0.0,0.0,13.0,2.0,2.0,4.0,3.0,7.0,0.0,0.0,1.0,0.0,0.0,48.0,38.0,45.0,2.0,8.0,0.0,55.0,58.0,145.0,1470.0,10.0,7.0,332.0,25.0,33.0,176.0,26.0,17.0,134.0,23.0,132.0,3.0,176.0,18.0,240.0,37.0,18.0,124.0,111.0,56.0,425.0,270.0,49.0,126.0
ctx-rh-isthmuscingulate,2.0,2.0,0.0,0.0,0.0,0.0,1.0,12.0,2.0,6.0,137.0,3.0,0.0,4.0,0.0,1.0,3.0,0.0,1.0,0.0,0.0,5.0,2.0,24.0,4.0,58.0,0.0,1.0,3.0,28.0,4.0,5.0,0.0,4.0,9.0,6.0,1.0,14.0,0.0,0.0,25.0,48.0,13.0,10.0,604.0,18.0,0.0,228.0,0.0,7.0,24.0,116.0,0.0,0.0,0.0,10.0,7.0,105.0,7.0,911.0,0.0,0.0,5.0,59.0,10.0,13.0,1.0,3.0
ctx-rh-lateraloccipital,1.0,0.0,0.0,0.0,0.0,0.0,0.0,1.0,0.0,0.0,7.0,1.0,0.0,2.0,0.0,2.0,0.0,0.0,0.0,0.0,0.0,2.0,0.0,0.0,0.0,7.0,0.0,0.0,0.0,1.0,1.0,0.0,0.0,0.0,14.0,0.0,0.0,590.0,0.0,0.0,1366.0,743.0,184.0,7.0,18.0,7570.0,0.0,931.0,0.0,122.0,1.0,4.0,0.0,0.0,0.0,1004.0,2.0,2.0,1.0,217.0,0.0,0.0,0.0,625.0,12.0,7.0,0.0,2.0
ctx-rh-lateralorbitofrontal,0.0,1.0,1.0,0.0,0.0,0.0,0.0,0.0,0.0,0.0,0.0,0.0,1.0,0.0,3.0,0.0,0.0,0.0,0.0,0.0,2.0,0.0,0.0,0.0,0.0,0.0,12.0,4.0,4.0,0.0,0.0,0.0,0.0,0.0,0.0,13.0,3.0,0.0,1.0,112.0,2.0,0.0,10.0,332.0,0.0,0.0,2675.0,1.0,1025.0,4.0,0.0,0.0,2.0,489.0,174.0,0.0,0.0,0.0,0.0,0.0,149.0,666.0,84.0,0.0,6.0,0.0,5.0,0.0
ctx-rh-lingual,0.0,0.0,0.0,0.0,0.0,0.0,0.0,2.0,0.0,0.0,4.0,0.0,0.0,17.0,0.0,0.0,1.0,0.0,0.0,0.0,0.0,0.0,0.0,1.0,0.0,9.0,0.0,0.0,0.0,4.0,1.0,0.0,0.0,0.0,34.0,0.0,0.0,162.0,0.0,0.0,824.0,60.0,207.0,25.0,228.0,931.0,1.0,5823.0,0.0,92.0,2.0,253.0,0.0,0.0,0.0,1469.0,1.0,4.0,0.0,273.0,0.0,0.0,0.0,47.0,24.0,7.0,0.0,4.0
ctx-rh-medialorbitofrontal,0.0,3.0,0.0,0.0,0.0,0.0,0.0,0.0,0.0,0.0,0.0,0.0,5.0,0.0,9.0,0.0,0.0,0.0,1.0,1.0,1.0,0.0,0.0,0.0,0.0,0.0,28.0,4.0,4.0,0.0,0.0,0.0,0.0,0.0,0.0,16.0,1.0,0.0,0.0,346.0,0.0,0.0,0.0,33.0,0.0,0.0,1025.0,0.0,1632.0,1.0,0.0,0.0,1.0,56.0,19.0,0.0,0.0,0.0,0.0,0.0,523.0,686.0,266.0,0.0,1.0,0.0,0.0,0.0
ctx-rh-middletemporal,1.0,0.0,0.0,1.0,0.0,0.0,0.0,0.0,1.0,0.0,8.0,0.0,0.0,0.0,0.0,1.0,0.0,0.0,0.0,0.0,0.0,0.0,0.0,1.0,0.0,5.0,0.0,1.0,0.0,3.0,0.0,0.0,0.0,0.0,631.0,0.0,0.0,15.0,13.0,0.0,161.0,440.0,1650.0,176.0,7.0,122.0,4.0,92.0,1.0,3320.0,3.0,24.0,0.0,0.0,2.0,17.0,5.0,1.0,4.0,64.0,0.0,0.0,0.0,38.0,866.0,22.0,163.0,10.0
ctx-rh-paracentral,2.0,9.0,2.0,0.0,0.0,0.0,0.0,2.0,0.0,1.0,17.0,0.0,0.0,0.0,0.0,0.0,61.0,0.0,1.0,0.0,0.0,0.0,3.0,41.0,8.0,7.0,0.0,0.0,14.0,5.0,0.0,0.0,0.0,0.0,6.0,16.0,18.0,0.0,0.0,0.0,0.0,10.0,5.0,26.0,24.0,1.0,0.0,2.0,0.0,3.0,1967.0,0.0,6.0,0.0,0.0,0.0,416.0,205.0,812.0,282.0,3.0,4.0,542.0,280.0,3.0,19.0,0.0,0.0
ctx-rh-parahippocampal,0.0,0.0,0.0,0.0,0.0,0.0,0.0,0.0,0.0,0.0,1.0,0.0,0.0,0.0,0.0,0.0,0.0,0.0,0.0,0.0,0.0,0.0,0.0,0.0,0.0,0.0,0.0,0.0,0.0,0.0,0.0,0.0,0.0,0.0,2.0,1.0,0.0,2.0,105.0,0.0,254.0,5.0,106.0,17.0,116.0,4.0,0.0,253.0,0.0,24.0,0.0,340.0,0.0,0.0,0.0,2.0,0.0,0.0,0.0,19.0,0.0,0.0,0.0,1.0,24.0,0.0,5.0,1.0
ctx-rh-parsopercularis,0.0,15.0,1.0,0.0,0.0,0.0,0.0,0.0,0.0,0.0,2.0,0.0,0.0,0.0,0.0,0.0,0.0,0.0,1.0,0.0,0.0,0.0,0.0,5.0,2.0,0.0,0.0,0.0,5.0,0.0,0.0,0.0,0.0,0.0,1.0,24.0,203.0,0.0,0.0,0.0,0.0,1.0,0.0,134.0,0.0,0.0,2.0,0.0,1.0,0.0,6.0,0.0,1115.0,6.0,303.0,0.0,49.0,2.0,540.0,0.0,3.0,484.0,129.0,2.0,1.0,15.0,0.0,0.0
ctx-rh-parsorbitalis,0.0,0.0,0.0,0.0,0.0,0.0,0.0,0.0,0.0,0.0,0.0,0.0,0.0,0.0,0.0,0.0,0.0,0.0,0.0,0.0,0.0,0.0,0.0,0.0,0.0,0.0,4.0,0.0,1.0,0.0,0.0,0.0,0.0,0.0,0.0,7.0,2.0,0.0,0.0,5.0,0.0,0.0,1.0,23.0,0.0,0.0,489.0,0.0,56.0,0.0,0.0,0.0,6.0,598.0,292.0,0.0,0.0,1.0,0.0,0.0,33.0,553.0,57.0,0.0,1.0,0.0,0.0,0.0
ctx-rh-parstriangularis,0.0,3.0,1.0,0.0,0.0,0.0,0.0,0.0,0.0,0.0,0.0,0.0,0.0,0.0,0.0,0.0,0.0,0.0,0.0,0.0,1.0,0.0,0.0,2.0,0.0,0.0,11.0,3.0,13.0,0.0,0.0,0.0,0.0,0.0,0.0,41.0,32.0,0.0,0.0,2.0,0.0,0.0,0.0,132.0,0.0,0.0,174.0,0.0,19.0,2.0,0.0,0.0,303.0,292.0,966.0,0.0,2.0,0.0,14.0,1.0,27.0,764.0,142.0,0.0,0.0,2.0,0.0,0.0
ctx-rh-pericalcarine,0.0,0.0,0.0,5.0,0.0,0.0,0.0,2.0,0.0,0.0,1.0,0.0,0.0,17.0,0.0,0.0,1.0,0.0,0.0,0.0,0.0,3.0,0.0,0.0,0.0,1.0,0.0,0.0,0.0,3.0,0.0,0.0,0.0,0.0,4.0,0.0,0.0,1719.0,0.0,0.0,97.0,19.0,17.0,3.0,10.0,1004.0,0.0,1469.0,0.0,17.0,0.0,2.0,0.0,0.0,0.0,1208.0,0.0,2.0,0.0,208.0,0.0,0.0,0.0,75.0,6.0,1.0,0.0,2.0
ctx-rh-postcentral,1.0,2.0,1.0,0.0,0.0,0.0,0.0,0.0,1.0,2.0,8.0,0.0,0.0,0.0,0.0,0.0,3.0,0.0,0.0,0.0,0.0,0.0,1.0,7.0,1.0,5.0,0.0,0.0,2.0,1.0,0.0,0.0,0.0,0.0,14.0,1.0,44.0,0.0,0.0,0.0,0.0,73.0,0.0,176.0,7.0,2.0,0.0,1.0,0.0,5.0,416.0,0.0,49.0,0.0,2.0,0.0,5072.0,16.0,1539.0,119.0,0.0,11.0,41.0,728.0,14.0,1280.0,0.0,2.0
ctx-rh-posteriorcingulate,0.0,32.0,7.0,0.0,0.0,0.0,0.0,1.0,3.0,7.0,55.0,1.0,0.0,0.0,1.0,0.0,22.0,0.0,1.0,0.0,0.0,1.0,8.0,135.0,23.0,29.0,1.0,3.0,42.0,15.0,5.0,0.0,0.0,1.0,4.0,195.0,20.0,2.0,0.0,0.0,0.0,6.0,1.0,18.0,105.0,2.0,0.0,4.0,0.0,1.0,205.0,0.0,2.0,1.0,0.0,2.0,16.0,461.0,69.0,281.0,5.0,10.0,179.0,33.0,4.0,13.0,0.0,1.0
ctx-rh-precentral,0.0,13.0,2.0,0.0,0.0,0.0,0.0,2.0,0.0,2.0,10.0,0.0,0.0,0.0,0.0,0.0,7.0,0.0,2.0,0.0,0.0,0.0,2.0,39.0,7.0,7.0,0.0,0.0,20.0,1.0,0.0,0.0,0.0,1.0,10.0,19.0,881.0,1.0,0.0,0.0,2.0,41.0,2.0,240.0,7.0,1.0,0.0,0.0,0.0,4.0,812.0,0.0,540.0,0.0,14.0,0.0,1539.0,69.0,6598.0,62.0,1.0,53.0,670.0,210.0,16.0,292.0,0.0,3.0
ctx-rh-precuneus,7.0,3.0,4.0,3.0,0.0,0.0,2.0,19.0,0.0,8.0,146.0,11.0,0.0,6.0,0.0,2.0,7.0,1.0,0.0,0.0,0.0,9.0,6.0,41.0,7.0,83.0,0.0,0.0,3.0,37.0,6.0,9.0,0.0,6.0,44.0,8.0,5.0,485.0,0.0,0.0,35.0,383.0,44.0,37.0,911.0,217.0,0.0,273.0,0.0,64.0,282.0,19.0,0.0,0.0,1.0,208.0,119.0,281.0,62.0,4452.0,0.0,1.0,10.0,2140.0,42.0,66.0,0.0,10.0
ctx-rh-rostralanteriorcingulate,0.0,28.0,1.0,0.0,0.0,1.0,0.0,0.0,0.0,5.0,0.0,0.0,12.0,0.0,27.0,0.0,0.0,0.0,1.0,1.0,10.0,0.0,0.0,2.0,0.0,0.0,162.0,23.0,27.0,0.0,0.0,0.0,0.0,0.0,0.0,192.0,0.0,0.0,0.0,5.0,0.0,0.0,0.0,18.0,0.0,0.0,149.0,0.0,523.0,0.0,3.0,0.0,3.0,33.0,27.0,0.0,0.0,5.0,1.0,0.0,680.0,114.0,324.0,0.0,0.0,0.0,0.0,0.0
ctx-rh-rostralmiddlefrontal,0.0,32.0,0.0,0.0,0.0,0.0,0.0,0.0,0.0,2.0,1.0,0.0,4.0,0.0,3.0,0.0,1.0,0.0,2.0,0.0,1.0,0.0,0.0,5.0,3.0,0.0,32.0,7.0,22.0,0.0,0.0,0.0,0.0,0.0,0.0,146.0,742.0,0.0,0.0,160.0,0.0,1.0,0.0,124.0,0.0,0.0,666.0,0.0,686.0,0.0,4.0,0.0,484.0,553.0,764.0,0.0,11.0,10.0,53.0,1.0,114.0,5355.0,2096.0,0.0,1.0,1.0,0.0,0.0
ctx-rh-superiorfrontal,1.0,144.0,20.0,1.0,0.0,0.0,0.0,0.0,0.0,9.0,9.0,0.0,3.0,0.0,7.0,0.0,19.0,0.0,3.0,0.0,7.0,0.0,6.0,76.0,29.0,9.0,39.0,22.0,131.0,3.0,0.0,3.0,0.0,0.0,0.0,628.0,798.0,0.0,0.0,97.0,0.0,1.0,0.0,111.0,5.0,0.0,84.0,0.0,266.0,0.0,542.0,0.0,129.0,57.0,142.0,0.0,41.0,179.0,670.0,10.0,324.0,2096.0,7181.0,12.0,0.0,14.0,0.0,1.0
ctx-rh-superiorparietal,1.0,1.0,0.0,1.0,0.0,0.0,0.0,1.0,2.0,5.0,24.0,1.0,0.0,0.0,0.0,1.0,4.0,0.0,0.0,0.0,0.0,6.0,1.0,13.0,4.0,23.0,0.0,0.0,2.0,11.0,0.0,2.0,0.0,2.0,52.0,4.0,13.0,485.0,0.0,0.0,23.0,990.0,23.0,56.0,59.0,625.0,0.0,47.0,0.0,38.0,280.0,1.0,2.0,0.0,0.0,75.0,728.0,33.0,210.0,2140.0,0.0,0.0,12.0,5728.0,39.0,329.0,0.0,16.0
ctx-rh-superiortemporal,0.0,0.0,0.0,0.0,0.0,0.0,0.0,1.0,0.0,0.0,5.0,0.0,0.0,0.0,0.0,1.0,0.0,0.0,0.0,0.0,0.0,1.0,0.0,6.0,0.0,2.0,0.0,0.0,1.0,5.0,0.0,1.0,0.0,0.0,795.0,0.0,0.0,4.0,6.0,0.0,76.0,108.0,297.0,425.0,10.0,12.0,6.0,24.0,1.0,866.0,3.0,24.0,1.0,1.0,0.0,6.0,14.0,4.0,16.0,42.0,0.0,1.0,0.0,39.0,4356.0,488.0,127.0,676.0
ctx-rh-supramarginal,0.0,1.0,0.0,0.0,0.0,0.0,0.0,1.0,0.0,0.0,11.0,0.0,0.0,1.0,0.0,0.0,1.0,0.0,0.0,0.0,0.0,0.0,0.0,4.0,0.0,8.0,0.0,0.0,3.0,3.0,3.0,0.0,0.0,0.0,353.0,1.0,14.0,1.0,0.0,0.0,2.0,1154.0,6.0,270.0,13.0,7.0,0.0,7.0,0.0,22.0,19.0,0.0,15.0,0.0,2.0,1.0,1280.0,13.0,292.0,66.0,0.0,1.0,14.0,329.0,488.0,4711.0,0.0,58.0
ctx-rh-temporalpole,0.0,0.0,0.0,0.0,0.0,0.0,0.0,0.0,0.0,0.0,0.0,0.0,0.0,0.0,0.0,0.0,0.0,0.0,0.0,0.0,0.0,0.0,0.0,0.0,0.0,0.0,0.0,0.0,0.0,0.0,0.0,0.0,0.0,0.0,1.0,0.0,0.0,0.0,197.0,0.0,66.0,0.0,255.0,49.0,1.0,0.0,5.0,0.0,0.0,163.0,0.0,5.0,0.0,0.0,0.0,0.0,0.0,0.0,0.0,0.0,0.0,0.0,0.0,0.0,127.0,0.0,348.0,0.0
ctx-rh-transversetemporal,0.0,0.0,0.0,0.0,0.0,0.0,0.0,0.0,0.0,1.0,0.0,0.0,0.0,0.0,0.0,0.0,0.0,0.0,0.0,0.0,0.0,0.0,0.0,1.0,0.0,3.0,0.0,0.0,0.0,1.0,0.0,0.0,0.0,1.0,36.0,0.0,0.0,0.0,0.0,0.0,2.0,15.0,7.0,126.0,3.0,2.0,0.0,4.0,0.0,10.0,0.0,1.0,0.0,0.0,0.0,2.0,2.0,1.0,3.0,10.0,0.0,0.0,1.0,16.0,676.0,58.0,0.0,316.0
