,ctx-lh-bankssts,ctx-lh-caudalanteriorcingulate,ctx-lh-caudalmiddlefrontal,ctx-lh-cuneus,ctx-lh-entorhinal,ctx-lh-frontalpole,ctx-lh-fusiform,ctx-lh-inferiorparietal,ctx-lh-inferiortemporal,ctx-lh-insula,ctx-lh-isthmuscingulate,ctx-lh-lateraloccipital,ctx-lh-lateralorbitofrontal,ctx-lh-lingual,ctx-lh-medialorbitofrontal,ctx-lh-middletemporal,ctx-lh-paracentral,ctx-lh-parahippocampal,ctx-lh-parsopercularis,ctx-lh-parsorbitalis,ctx-lh-parstriangularis,ctx-lh-pericalcarine,ctx-lh-postcentral,ctx-lh-posteriorcingulate,ctx-lh-precentral,ctx-lh-precuneus,ctx-lh-rostralanteriorcingulate,ctx-lh-rostralmiddlefrontal,ctx-lh-superiorfrontal,ctx-lh-superiorparietal,ctx-lh-superiortemporal,ctx-lh-supramarginal,ctx-lh-temporalpole,ctx-lh-transversetemporal,ctx-rh-bankssts,ctx-rh-caudalanteriorcingulate,ctx-rh-caudalmiddlefrontal,ctx-rh-cuneus,ctx-rh-entorhinal,ctx-rh-frontalpole,ctx-rh-fusiform,ctx-rh-inferiorparietal,ctx-rh-inferiortemporal,ctx-rh-insula,ctx-rh-isthmuscingulate,ctx-rh-lateraloccipital,ctx-rh-lateralorbitofrontal,ctx-rh-lingual,ctx-rh-medialorbitofrontal,ctx-rh-middletemporal,ctx-rh-paracentral,ctx-rh-parahippocampal,ctx-rh-parsopercularis,ctx-rh-parsorbitalis,ctx-rh-parstriangularis,ctx-rh-pericalcarine,ctx-rh-postcentral,ctx-rh-posteriorcingulate,ctx-rh-precentral,ctx-rh-precuneus,ctx-rh-rostralanteriorcingulate,ctx-rh-rostralmiddlefrontal,ctx-rh-superiorfrontal,ctx-rh-superiorparietal,ctx-rh-superiortemporal,ctx-rh-supramarginal,ctx-rh-temporalpole,ctx-rh-transversetemporal
ctx-lh-bankssts,798.0,0.0,1.0,0.0,1.0,0.0,25.0,387.0,237.0,33.0,4.0,7.0,1.0,7.0,0.0,867.0,0.0,2.0,0.0,0.0,0.0,1.0,12.0,0.0,10.0,10.0,0.0,0.0,0.0,21.0,973.0,322.0,1.0,38.0,0.0,0.0,0.0,0.0,0.0,0.0,0.0,2.0,0.0,0.0,2.0,1.0,0.0,1.0,0.0,0.0,0.0,0.0,0.0,0.0,0.0,0.0,0.0,1.0,0.0,6.0,0.0,0.0,0.0,1.0,0.0,0.0,0.0,0.0
ctx-lh-caudalanteriorcingulate,0.0,574.0,52.0,0.0,0.0,1.0,0.0,0.0,0.0,9.0,10.0,0.0,10.0,0.0,17.0,0.0,20.0,0.0,22.0,1.0,5.0,0.0,1.0,303.0,31.0,22.0,269.0,78.0,740.0,8.0,0.0,2.0,0.0,0.0,0.0,105.0,35.0,1.0,0.0,0.0,0.0,0.0,0.0,6.0,3.0,0.0,5.0,0.0,5.0,1.0,10.0,0.0,15.0,2.0,10.0,0.0,1.0,39.0,28.0,2.0,27.0,57.0,158.0,1.0,1.0,0.0,0.0,0.0
ctx-lh-caudalmiddlefrontal,1.0,52.0,3497.0,0.0,0.0,0.0,1.0,4.0,0.0,47.0,1.0,0.0,2.0,0.0,0.0,0.0,25.0,0.0,453.0,1.0,21.0,0.0,47.0,16.0,1278.0,1.0,4.0,762.0,1260.0,11.0,1.0,13.0,0.0,0.0,0.0,32.0,24.0,0.0,0.0,0.0,0.0,1.0,0.0,6.0,0.0,0.0,1.0,0.0,0.0,0.0,11.0,0.0,10.0,2.0,2.0,0.0,2.0,20.0,21.0,1.0,0.0,16.0,83.0,2.0,0.0,2.0,0.0,0.0
ctx-lh-cuneus,0.0,0.0,0.0,1715.0,0.0,0.0,44.0,40.0,16.0,1.0,34.0,515.0,0.0,250.0,0.0,2.0,0.0,3.0,0.0,0.0,0.0,1520.0,0.0,0.0,0.0,281.0,0.0,0.0,0.0,861.0,5.0,3.0,0.0,0.0,0.0,0.0,0.0,143.0,0.0,0.0,0.0,3.0,4.0,0.0,1.0,49.0,0.0,62.0,0.0,2.0,0.0,0.0,0.0,0.0,0.0,74.0,0.0,0.0,0.0,27.0,0.0,0.0,0.0,22.0,1.0,0.0,0.0,0.0
ctx-lh-entorhinal,1.0,0.0,0.0,0.0,305.0,0.0,346.0,2.0,164.0,11.0,0.0,1.0,2.0,2.0,0.0,47.0,0.0,182.0,0.0,1.0,1.0,0.0,0.0,0.0,0.0,2.0,0.0,0.0,0.0,2.0,41.0,0.0,277.0,0.0,0.0,0.0,0.0,0.0,0.0,0.0,0.0,0.0,0.0,0.0,0.0,0.0,0.0,0.0,0.0,0.0,0.0,0.0,0.0,0.0,0.0,0.0,0.0,0.0,0.0,0.0,0.0,0.0,0.0,0.0,0.0,0.0,0.0,0.0
ctx-lh-frontalpole,0.0,1.0,0.0,0.0,0.0,82.0,0.0,0.0,0.0,2.0,0.0,0.0,70.0,0.0,276.0,0.0,0.0,0.0,0.0,1.0,7.0,0.0,0.0,0.0,0.0,0.0,16.0,254.0,141.0,0.0,0.0,0.0,0.0,0.0,0.0,0.0,0.0,0.0,0.0,0.0,0.0,0.0,0.0,0.0,0.0,0.0,1.0,0.0,3.0,0.0,0.0,0.0,0.0,0.0,0.0,0.0,0.0,0.0,0.0,0.0,5.0,8.0,3.0,0.0,0.0,0.0,0.0,0.0
ctx-lh-fusiform,25.0,0.0,1.0,44.0,346.0,0.0,3361.0,140.0,1981.0,25.0,15.0,1341.0,1.0,764.0,0.0,345.0,0.0,166.0,0.0,0.0,0.0,80.0,0.0,2.0,2.0,39.0,0.0,1.0,0.0,45.0,166.0,16.0,167.0,2.0,0.0,0.0,0.0,0.0,0.0,0.0,1.0,2.0,1.0,0.0,3.0,1.0,0.0,0.0,0.0,1.0,1.0,1.0,0.0,0.0,0.0,3.0,0.0,0.0,0.0,8.0,0.0,0.0,0.0,8.0,1.0,0.0,0.0,1.0
ctx-lh-inferiorparietal,387.0,0.0,4.0,40.0,2.0,0.0,140.0,6962.0,502.0,43.0,46.0,878.0,2.0,43.0,0.0,779.0,1.0,10.0,6.0,0.0,0.0,18.0,72.0,8.0,26.0,320.0,1.0,0.0,3.0,1490.0,155.0,1090.0,5.0,36.0,3.0,1.0,1.0,1.0,0.0,0.0,2.0,18.0,6.0,2.0,23.0,11.0,0.0,2.0,1.0,2.0,1.0,1.0,0.0,0.0,0.0,0.0,4.0,7.0,0.0,77.0,0.0,0.0,0.0,23.0,7.0,3.0,0.0,1.0
ctx-lh-inferiortemporal,237.0,0.0,0.0,16.0,164.0,0.0,1981.0,502.0,4444.0,39.0,16.0,381.0,6.0,185.0,0.0,2278.0,0.0,105.0,0.0,1.0,2.0,16.0,8.0,2.0,6.0,39.0,0.0,0.0,1.0,38.0,324.0,73.0,253.0,13.0,2.0,0.0,0.0,0.0,0.0,0.0,1.0,5.0,0.0,2.0,8.0,4.0,0.0,2.0,0.0,2.0,3.0,0.0,0.0,0.0,0.0,1.0,0.0,1.0,1.0,19.0,0.0,0.0,0.0,11.0,3.0,0.0,0.0,0.0
ctx-lh-insula,33.0,9.0,47.0,1.0,11.0,2.0,25.0,43.0,39.0,1779.0,5.0,12.0,490.0,5.0,8.0,69.0,8.0,1.0,227.0,39.0,127.0,0.0,397.0,11.0,419.0,19.0,7.0,112.0,75.0,78.0,241.0,313.0,8.0,85.0,0.0,6.0,4.0,1.0,0.0,0.0,0.0,4.0,0.0,1.0,4.0,1.0,1.0,0.0,0.0,1.0,4.0,0.0,0.0,0.0,2.0,0.0,2.0,9.0,4.0,9.0,6.0,5.0,13.0,3.0,3.0,2.0,0.0,1.0
ctx-lh-isthmuscingulate,4.0,10.0,1.0,34.0,0.0,0.0,15.0,46.0,16.0,5.0,889.0,28.0,0.0,91.0,0.0,10.0,8.0,42.0,1.0,0.0,0.0,11.0,12.0,357.0,10.0,1099.0,1.0,1.0,7.0,118.0,10.0,19.0,0.0,7.0,5.0,1.0,1.0,2.0,0.0,0.0,1.0,26.0,4.0,3.0,114.0,7.0,0.0,2.0,0.0,6.0,10.0,2.0,0.0,0.0,0.0,2.0,1.0,51.0,1.0,137.0,0.0,0.0,3.0,41.0,12.0,6.0,0.0,3.0
ctx-lh-lateraloccipital,7.0,0.0,0.0,515.0,1.0,0.0,1341.0,878.0,381.0,12.0,28.0,7206.0,0.0,752.0,0.0,121.0,0.0,14.0,1.0,0.0,0.0,876.0,0.0,1.0,0.0,130.0,0.0,0.0,0.0,525.0,26.0,11.0,2.0,1.0,2.0,0.0,0.0,3.0,0.0,0.0,1.0,9.0,5.0,0.0,8.0,9.0,0.0,6.0,0.0,1.0,1.0,0.0,0.0,0.0,0.0,4.0,0.0,4.0,0.0,28.0,0.0,0.0,1.0,17.0,1.0,0.0,0.0,0.0
ctx-lh-lateralorbitofrontal,1.0,10.0,2.0,0.0,2.0,70.0,1.0,2.0,6.0,490.0,0.0,0.0,3556.0,1.0,1223.0,6.0,0.0,1.0,46.0,547.0,469.0,0.0,0.0,1.0,0.0,0.0,112.0,786.0,103.0,0.0,7.0,0.0,0.0,0.0,0.0,7.0,0.0,0.0,0.0,1.0,0.0,0.0,0.0,1.0,0.0,0.0,6.0,0.0,14.0,0.0,0.0,0.0,0.0,1.0,0.0,0.0,0.0,0.0,0.0,0.0,23.0,13.0,22.0,0.0,0.0,0.0,0.0,0.0
ctx-lh-lingual,7.0,0.0,0.0,250.0,2.0,0.0,764.0,43.0,185.0,5.0,91.0,752.0,1.0,3625.0,0.0,19.0,0.0,188.0,0.0,0.0,0.0,1319.0,0.0,2.0,1.0,142.0,0.0,0.0,1.0,58.0,16.0,2.0,1.0,1.0,1.0,0.0,0.0,46.0,0.0,0.0,5.0,6.0,4.0,0.0,4.0,14.0,0.0,123.0,0.0,1.0,1.0,2.0,0.0,0.0,0.0,148.0,0.0,1.0,0.0,21.0,0.0,0.0,1.0,7.0,1.0,0.0,0.0,1.0
ctx-lh-medialorbitofrontal,0.0,17.0,0.0,0.0,0.0,276.0,0.0,0.0,0.0,8.0,0.0,0.0,1223.0,0.0,1450.0,0.0,0.0,0.0,2.0,16.0,15.0,0.0,0.0,1.0,0.0,0.0,433.0,535.0,277.0,0.0,0.0,0.0,0.0,0.0,0.0,2.0,0.0,0.0,0.0,0.0,0.0,0.0,0.0,1.0,0.0,0.0,4.0,0.0,22.0,0.0,0.0,0.0,0.0,0.0,0.0,0.0,0.0,0.0,0.0,0.0,45.0,12.0,11.0,0.0,0.0,0.0,0.0,0.0
ctx-lh-middletemporal,867.0,0.0,0.0,2.0,47.0,0.0,345.0,779.0,2278.0,69.0,10.0,121.0,6.0,19.0,0.0,3766.0,0.0,14.0,1.0,0.0,0.0,5.0,9.0,1.0,8.0,22.0,0.0,0.0,0.0,29.0,876.0,86.0,154.0,12.0,3.0,0.0,0.0,1.0,0.0,0.0,0.0,4.0,0.0,0.0,4.0,2.0,0.0,2.0,0.0,2.0,0.0,0.0,1.0,0.0,0.0,1.0,0.0,0.0,0.0,8.0,0.0,0.0,0.0,5.0,0.0,2.0,0.0,0.0
ctx-lh-paracentral,0.0,20.0,25.0,0.0,0.0,0.0,0.0,1.0,0.0,8.0,8.0,0.0,0.0,0.0,0.0,0.0,1807.0,0.0,5.0,0.0,1.0,0.0,329.0,244.0,1032.0,264.0,0.0,0.0,548.0,151.0,0.0,10.0,0.0,2.0,0.0,3.0,7.0,0.0,0.0,0.0,0.0,2.0,0.0,7.0,2.0,0.0,0.0,1.0,0.0,1.0,74.0,0.0,0.0,0.0,1.0,0.0,13.0,59.0,13.0,9.0,0.0,0.0,27.0,11.0,1.0,3.0,0.0,0.0
ctx-lh-parahippocampal,2.0,0.0,0.0,3.0,182.0,0.0,166.0,10.0,105.0,1.0,42.0,14.0,1.0,188.0,0.0,14.0,0.0,259.0,0.0,0.0,0.0,4.0,0.0,0.0,0.0,18.0,0.0,0.0,0.0,6.0,5.0,0.0,4.0,1.0,1.0,0.0,0.0,0.0,0.0,0.0,1.0,0.0,0.0,0.0,1.0,2.0,0.0,0.0,0.0,0.0,0.0,0.0,0.0,0.0,0.0,0.0,0.0,0.0,0.0,6.0,0.0,0.0,0.0,2.0,0.0,0.0,0.0,0.0
ctx-lh-parsopercularis,0.0,22.0,453.0,0.0,0.0,0.0,0.0,6.0,0.0,227.0,1.0,1.0,46.0,0.0,2.0,1.0,5.0,0.0,1834.0,19.0,435.0,0.0,53.0,2.0,747.0,4.0,7.0,598.0,192.0,9.0,7.0,18.0,0.0,1.0,0.0,11.0,7.0,0.0,0.0,0.0,0.0,0.0,0.0,1.0,0.0,0.0,1.0,0.0,2.0,0.0,3.0,0.0,5.0,1.0,2.0,0.0,0.0,8.0,5.0,1.0,4.0,15.0,31.0,1.0,1.0,0.0,0.0,0.0
ctx-lh-parsorbitalis,0.0,1.0,1.0,0.0,1.0,1.0,0.0,0.0,1.0,39.0,0.0,0.0,547.0,0.0,16.0,0.0,0.0,0.0,19.0,694.0,497.0,0.0,0.0,0.0,1.0,0.0,15.0,543.0,32.0,0.0,1.0,0.0,0.0,0.0,0.0,1.0,0.0,0.0,0.0,1.0,0.0,0.0,0.0,0.0,0.0,0.0,1.0,0.0,2.0,0.0,0.0,0.0,0.0,0.0,0.0,0.0,0.0,0.0,0.0,0.0,6.0,2.0,6.0,0.0,0.0,0.0,0.0,0.0
ctx-lh-parstriangularis,0.0,5.0,21.0,0.0,1.0,7.0,0.0,0.0,2.0,127.0,0.0,0.0,469.0,0.0,15.0,0.0,1.0,0.0,435.0,497.0,1251.0,0.0,2.0,0.0,13.0,0.0,12.0,805.0,62.0,0.0,0.0,0.0,0.0,0.0,0.0,3.0,1.0,0.0,0.0,1.0,0.0,0.0,0.0,0.0,0.0,0.0,2.0,0.0,1.0,0.0,0.0,0.0,1.0,0.0,2.0,0.0,0.0,1.0,1.0,0.0,4.0,8.0,15.0,0.0,0.0,1.0,0.0,0.0
ctx-lh-pericalcarine,1.0,0.0,0.0,1520.0,0.0,0.0,80.0,18.0,16.0,0.0,11.0,876.0,0.0,1319.0,0.0,5.0,0.0,4.0,0.0,0.0,0.0,916.0,1.0,1.0,1.0,102.0,0.0,0.0,0.0,178.0,5.0,1.0,0.0,3.0,0.0,0.0,0.0,39.0,0.0,0.0,1.0,2.0,1.0,1.0,2.0,2.0,0.0,5.0,0.0,3.0,0.0,0.0,0.0,0.0,0.0,33.0,0.0,0.0,1.0,3.0,0.0,0.0,0.0,4.0,1.0,0.0,0.0,0.0
ctx-lh-postcentral,12.0,1.0,47.0,0.0,0.0,0.0,0.0,72.0,8.0,397.0,12.0,0.0,0.0,0.0,0.0,9.0,329.0,0.0,53.0,0.0,2.0,1.0,6087.0,39.0,2382.0,145.0,0.0,3.0,58.0,1045.0,37.0,1424.0,0.0,18.0,0.0,1.0,3.0,0.0,0.0,0.0,0.0,5.0,0.0,1.0,10.0,1.0,0.0,0.0,0.0,2.0,13.0,0.0,0.0,0.0,0.0,0.0,4.0,25.0,8.0,22.0,0.0,0.0,9.0,5.0,0.0,7.0,0.0,1.0
ctx-lh-posteriorcingulate,0.0,303.0,16.0,0.0,0.0,0.0,2.0,8.0,2.0,11.0,357.0,1.0,1.0,2.0,1.0,1.0,244.0,0.0,2.0,0.0,0.0,1.0,39.0,1088.0,73.0,477.0,15.0,8.0,289.0,96.0,1.0,12.0,0.0,1.0,2.0,16.0,5.0,1.0,0.0,1.0,0.0,10.0,1.0,8.0,26.0,0.0,1.0,1.0,1.0,0.0,53.0,0.0,3.0,1.0,1.0,0.0,10.0,254.0,22.0,42.0,0.0,3.0,46.0,35.0,2.0,7.0,0.0,1.0
ctx-lh-precentral,10.0,31.0,1278.0,0.0,0.0,0.0,2.0,26.0,6.0,419.0,10.0,0.0,0.0,1.0,0.0,8.0,1032.0,0.0,747.0,1.0,13.0,1.0,2382.0,73.0,8135.0,74.0,0.0,37.0,801.0,247.0,27.0,291.0,0.0,4.0,3.0,18.0,17.0,0.0,0.0,0.0,0.0,2.0,0.0,3.0,0.0,0.0,1.0,0.0,0.0,0.0,49.0,0.0,7.0,0.0,0.0,0.0,10.0,82.0,49.0,8.0,0.0,3.0,72.0,14.0,1.0,1.0,0.0,1.0
ctx-lh-precuneus,10.0,22.0,1.0,281.0,2.0,0.0,39.0,320.0,39.0,19.0,1099.0,130.0,0.0,142.0,0.0,22.0,264.0,18.0,4.0,0.0,0.0,102.0,145.0,477.0,74.0,4802.0,1.0,2.0,25.0,2281.0,16.0,60.0,1.0,11.0,6.0,1.0,1.0,8.0,0.0,0.0,4.0,49.0,6.0,5.0,84.0,25.0,0.0,19.0,0.0,10.0,20.0,2.0,0.0,0.0,0.0,6.0,6.0,65.0,12.0,196.0,0.0,1.0,14.0,73.0,11.0,11.0,0.0,10.0
ctx-lh-rostralanteriorcingulate,0.0,269.0,4.0,0.0,0.0,16.0,0.0,1.0,0.0,7.0,1.0,0.0,112.0,0.0,433.0,0.0,0.0,0.0,7.0,15.0,12.0,0.0,0.0,15.0,0.0,1.0,986.0,120.0,523.0,0.0,0.0,1.0,0.0,0.0,0.0,44.0,3.0,0.0,0.0,4.0,0.0,0.0,0.0,1.0,0.0,0.0,14.0,0.0,27.0,0.0,1.0,0.0,4.0,6.0,8.0,0.0,1.0,3.0,2.0,0.0,112.0,44.0,60.0,0.0,0.0,1.0,0.0,0.0
ctx-lh-rostralmiddlefrontal,0.0,78.0,762.0,0.0,0.0,254.0,1.0,0.0,0.0,112.0,1.0,0.0,786.0,0.0,535.0,0.0,0.0,0.0,598.0,543.0,805.0,0.0,3.0,8.0,37.0,2.0,120.0,7671.0,2241.0,1.0,2.0,4.0,0.0,0.0,0.0,67.0,12.0,0.0,0.0,0.0,0.0,0.0,0.0,11.0,0.0,0.0,13.0,0.0,15.0,0.0,3.0,0.0,8.0,3.0,13.0,0.0,1.0,7.0,2.0,0.0,61.0,81.0,146.0,0.0,0.0,0.0,0.0,0.0
ctx-lh-superiorfrontal,0.0,740.0,1260.0,0.0,0.0,141.0,0.0,3.0,1.0,75.0,7.0,0.0,103.0,1.0,277.0,0.0,548.0,0.0,192.0,32.0,62.0,0.0,58.0,289.0,801.0,25.0,523.0,2241.0,12158.0,24.0,1.0,12.0,0.0,0.0,0.0,202.0,66.0,0.0,0.0,6.0,0.0,2.0,0.0,19.0,1.0,0.0,14.0,0.0,14.0,0.0,59.0,0.0,37.0,3.0,34.0,0.0,7.0,126.0,85.0,9.0,81.0,134.0,361.0,14.0,0.0,0.0,0.0,0.0
ctx-lh-superiorparietal,21.0,8.0,11.0,861.0,2.0,0.0,45.0,1490.0,38.0,78.0,118.0,525.0,0.0,58.0,0.0,29.0,151.0,6.0,9.0,0.0,0.0,178.0,1045.0,96.0,247.0,2281.0,0.0,1.0,24.0,6871.0,48.0,571.0,0.0,13.0,4.0,0.0,0.0,23.0,0.0,0.0,1.0,29.0,3.0,8.0,48.0,11.0,1.0,7.0,0.0,2.0,12.0,0.0,0.0,0.0,0.0,2.0,2.0,32.0,5.0,94.0,0.0,0.0,6.0,43.0,5.0,9.0,0.0,4.0
ctx-lh-superiortemporal,973.0,0.0,1.0,5.0,41.0,0.0,166.0,155.0,324.0,241.0,10.0,26.0,7.0,16.0,0.0,876.0,0.0,5.0,7.0,1.0,0.0,5.0,37.0,1.0,27.0,16.0,0.0,2.0,1.0,48.0,5143.0,474.0,226.0,699.0,1.0,0.0,0.0,1.0,0.0,0.0,0.0,7.0,1.0,2.0,4.0,1.0,0.0,0.0,0.0,2.0,1.0,1.0,0.0,0.0,0.0,0.0,0.0,2.0,2.0,13.0,0.0,0.0,1.0,10.0,2.0,1.0,0.0,0.0
ctx-lh-supramarginal,322.0,2.0,13.0,3.0,0.0,0.0,16.0,1090.0,73.0,313.0,19.0,11.0,0.0,2.0,0.0,86.0,10.0,0.0,18.0,0.0,0.0,1.0,1424.0,12.0,291.0,60.0,1.0,4.0,12.0,571.0,474.0,4717.0,0.0,51.0,1.0,0.0,2.0,0.0,0.0,0.0,2.0,6.0,1.0,3.0,10.0,2.0,0.0,3.0,0.0,0.0,4.0,0.0,1.0,0.0,0.0,0.0,2.0,10.0,1.0,27.0,0.0,0.0,1.0,9.0,4.0,2.0,0.0,2.0
ctx-lh-temporalpole,1.0,0.0,0.0,0.0,277.0,0.0,167.0,5.0,253.0,8.0,0.0,2.0,0.0,1.0,0.0,154.0,0.0,4.0,0.0,0.0,0.0,0.0,0.0,0.0,0.0,1.0,0.0,0.0,0.0,0.0,226.0,0.0,765.0,0.0,0.0,0.0,0.0,0.0,0.0,0.0,0.0,0.0,0.0,0.0,0.0,0.0,0.0,0.0,0.0,0.0,0.0,0.0,0.0,0.0,0.0,0.0,0.0,0.0,0.0,0.0,1.0,0.0,0.0,0.0,0.0,0.0,0.0,0.0
ctx-lh-transversetemporal,38.0,0.0,0.0,0.0,0.0,0.0,2.0,36.0,13.0,85.0,7.0,1.0,0.0,1.0,0.0,12.0,2.0,1.0,1.0,0.0,0.0,3.0,18.0,1.0,4.0,11.0,0.0,0.0,0.0,13.0,699.0,51.0,0.0,341.0,0.0,0.0,1.0,1.0,0.0,0.0,0.0,1.0,1.0,0.0,1.0,0.0,0.0,0.0,0.0,0.0,0.0,0.0,0.0,0.0,0.0,0.0,0.0,4.0,0.0,6.0,0.0,0.0,0.0,3.0,1.0,1.0,0.0,0.0
ctx-rh-bankssts,0.0,0.0,0.0,0.0,0.0,0.0,0.0,3.0,2.0,0.0,5.0,2.0,0.0,1.0,0.0,3.0,0.0,1.0,0.0,0.0,0.0,0.0,0.0,2.0,3.0,6.0,0.0,0.0,0.0,4.0,1.0,1.0,0.0,0.0,626.0,0.0,0.0,0.0,0.0,0.0,15.0,645.0,155.0,40.0,6.0,28.0,0.0,13.0,0.0,749.0,3.0,1.0,0.0,0.0,0.0,1.0,13.0,7.0,17.0,26.0,0.0,0.0,0.0,41.0,860.0,339.0,0.0,37.0
ctx-rh-caudalanteriorcingulate,0.0,105.0,32.0,0.0,0.0,0.0,0.0,1.0,0.0,6.0,1.0,0.0,7.0,0.0,2.0,0.0,3.0,0.0,11.0,1.0,3.0,0.0,1.0,16.0,18.0,1.0,44.0,67.0,202.0,0.0,0.0,0.0,0.0,0.0,0.0,748.0,50.0,0.0,0.0,0.0,0.0,1.0,0.0,19.0,8.0,0.0,9.0,0.0,19.0,0.0,43.0,0.0,40.0,6.0,35.0,0.0,4.0,404.0,29.0,3.0,203.0,185.0,1255.0,5.0,0.0,1.0,0.0,0.0
ctx-rh-caudalmiddlefrontal,0.0,35.0,24.0,0.0,0.0,0.0,0.0,1.0,0.0,4.0,1.0,0.0,0.0,0.0,0.0,0.0,7.0,0.0,7.0,0.0,1.0,0.0,3.0,5.0,17.0,1.0,3.0,12.0,66.0,0.0,0.0,2.0,0.0,1.0,0.0,50.0,2655.0,0.0,0.0,0.0,1.0,11.0,0.0,43.0,1.0,0.0,3.0,0.0,1.0,1.0,37.0,0.0,217.0,1.0,42.0,0.0,69.0,19.0,1366.0,4.0,2.0,1060.0,979.0,22.0,1.0,16.0,0.0,0.0
ctx-rh-cuneus,0.0,1.0,0.0,143.0,0.0,0.0,0.0,1.0,0.0,1.0,2.0,3.0,0.0,46.0,0.0,1.0,0.0,0.0,0.0,0.0,0.0,39.0,0.0,1.0,0.0,8.0,0.0,0.0,0.0,23.0,1.0,0.0,0.0,1.0,0.0,0.0,0.0,1694.0,0.0,0.0,33.0,15.0,25.0,4.0,21.0,621.0,0.0,381.0,0.0,10.0,0.0,5.0,0.0,0.0,0.0,1588.0,0.0,1.0,0.0,406.0,0.0,0.0,0.0,512.0,5.0,0.0,0.0,0.0
ctx-rh-entorhinal,0.0,0.0,0.0,0.0,0.0,0.0,0.0,0.0,0.0,0.0,0.0,0.0,0.0,0.0,0.0,0.0,0.0,0.0,0.0,0.0,0.0,0.0,0.0,0.0,0.0,0.0,0.0,0.0,0.0,0.0,0.0,0.0,0.0,0.0,0.0,0.0,0.0,0.0,134.0,0.0,283.0,0.0,166.0,13.0,0.0,1.0,0.0,0.0,0.0,33.0,0.0,122.0,0.0,0.0,0.0,0.0,0.0,0.0,0.0,2.0,0.0,0.0,0.0,0.0,33.0,0.0,224.0,0.0
ctx-rh-frontalpole,0.0,0.0,0.0,0.0,0.0,0.0,0.0,0.0,0.0,0.0,0.0,0.0,1.0,0.0,0.0,0.0,0.0,0.0,0.0,1.0,1.0,0.0,0.0,1.0,0.0,0.0,4.0,0.0,6.0,0.0,0.0,0.0,0.0,0.0,0.0,0.0,0.0,0.0,0.0,85.0,0.0,0.0,0.0,0.0,0.0,0.0,129.0,0.0,285.0,0.0,0.0,0.0,0.0,3.0,1.0,0.0,0.0,0.0,0.0,0.0,7.0,151.0,128.0,0.0,0.0,0.0,0.0,0.0
ctx-rh-fusiform,0.0,0.0,0.0,0.0,0.0,0.0,1.0,2.0,1.0,0.0,1.0,1.0,0.0,5.0,0.0,0.0,0.0,1.0,0.0,0.0,0.0,1.0,0.0,0.0,0.0,4.0,0.0,0.0,0.0,1.0,0.0,2.0,0.0,0.0,15.0,0.0,1.0,33.0,283.0,0.0,3125.0,51.0,1461.0,33.0,18.0,1156.0,0.0,591.0,0.0,224.0,0.0,138.0,0.0,0.0,0.0,67.0,1.0,1.0,0.0,37.0,0.0,0.0,0.0,32.0,58.0,1.0,106.0,0.0
ctx-rh-inferiorparietal,2.0,0.0,1.0,3.0,0.0,0.0,2.0,18.0,5.0,4.0,26.0,9.0,0.0,6.0,0.0,4.0,2.0,0.0,0.0,0.0,0.0,2.0,5.0,10.0,2.0,49.0,0.0,0.0,2.0,29.0,7.0,6.0,0.0,1.0,645.0,1.0,11.0,15.0,0.0,0.0,51.0,8339.0,267.0,77.0,40.0,845.0,0.0,35.0,0.0,695.0,13.0,1.0,8.0,0.0,0.0,11.0,136.0,24.0,71.0,220.0,0.0,2.0,13.0,1548.0,239.0,1294.0,0.0,33.0
ctx-rh-inferiortemporal,0.0,0.0,0.0,4.0,0.0,0.0,1.0,6.0,0.0,0.0,4.0,5.0,0.0,4.0,0.0,0.0,0.0,0.0,0.0,0.0,0.0,1.0,0.0,1.0,0.0,6.0,0.0,0.0,0.0,3.0,1.0,1.0,0.0,1.0,155.0,0.0,0.0,25.0,166.0,0.0,1461.0,267.0,3782.0,110.0,13.0,600.0,4.0,169.0,0.0,2140.0,0.0,58.0,0.0,1.0,0.0,27.0,2.0,4.0,1.0,53.0,0.0,0.0,0.0,82.0,269.0,11.0,257.0,10.0
ctx-rh-insula,0.0,6.0,6.0,0.0,0.0,0.0,0.0,2.0,2.0,1.0,3.0,0.0,1.0,0.0,1.0,0.0,7.0,0.0,1.0,0.0,0.0,1.0,1.0,8.0,3.0,5.0,1.0,11.0,19.0,8.0,2.0,3.0,0.0,0.0,40.0,19.0,43.0,4.0,13.0,0.0,33.0,77.0,110.0,1454.0,7.0,9.0,390.0,12.0,7.0,157.0,24.0,4.0,224.0,29.0,112.0,1.0,301.0,19.0,286.0,29.0,7.0,122.0,83.0,66.0,333.0,274.0,24.0,70.0
ctx-rh-isthmuscingulate,2.0,3.0,0.0,1.0,0.0,0.0,3.0,23.0,8.0,4.0,114.0,8.0,0.0,4.0,0.0,4.0,2.0,1.0,0.0,0.0,0.0,2.0,10.0,26.0,0.0,84.0,0.0,0.0,1.0,48.0,4.0,10.0,0.0,1.0,6.0,8.0,1.0,21.0,0.0,0.0,18.0,40.0,13.0,7.0,754.0,14.0,0.0,114.0,0.0,4.0,18.0,80.0,0.0,0.0,0.0,13.0,4.0,296.0,2.0,1056.0,0.0,0.0,2.0,71.0,15.0,8.0,0.0,1.0
ctx-rh-lateraloccipital,1.0,0.0,0.0,49.0,0.0,0.0,1.0,11.0,4.0,1.0,7.0,9.0,0.0,14.0,0.0,2.0,0.0,2.0,0.0,0.0,0.0,2.0,1.0,0.0,0.0,25.0,0.0,0.0,0.0,11.0,1.0,2.0,0.0,0.0,28.0,0.0,0.0,621.0,1.0,0.0,1156.0,845.0,600.0,9.0,14.0,7418.0,1.0,960.0,0.0,340.0,0.0,12.0,0.0,0.0,0.0,1022.0,0.0,2.0,0.0,216.0,0.0,0.0,0.0,756.0,29.0,3.0,0.0,6.0
ctx-rh-lateralorbitofrontal,0.0,5.0,1.0,0.0,0.0,1.0,0.0,0.0,0.0,1.0,0.0,0.0,6.0,0.0,4.0,0.0,0.0,0.0,1.0,1.0,2.0,0.0,0.0,1.0,1.0,0.0,14.0,13.0,14.0,1.0,0.0,0.0,0.0,0.0,0.0,9.0,3.0,0.0,0.0,129.0,0.0,0.0,4.0,390.0,0.0,1.0,3065.0,1.0,860.0,3.0,0.0,0.0,9.0,521.0,211.0,0.0,0.0,0.0,1.0,1.0,98.0,800.0,139.0,0.0,3.0,1.0,1.0,0.0
ctx-rh-lingual,1.0,0.0,0.0,62.0,0.0,0.0,0.0,2.0,2.0,0.0,2.0,6.0,0.0,123.0,0.0,2.0,1.0,0.0,0.0,0.0,0.0,5.0,0.0,1.0,0.0,19.0,0.0,0.0,0.0,7.0,0.0,3.0,0.0,0.0,13.0,0.0,0.0,381.0,0.0,0.0,591.0,35.0,169.0,12.0,114.0,960.0,1.0,4217.0,0.0,54.0,0.0,295.0,0.0,0.0,0.0,1645.0,0.0,0.0,0.0,224.0,0.0,0.0,0.0,45.0,10.0,0.0,2.0,0.0
ctx-rh-medialorbitofrontal,0.0,5.0,0.0,0.0,0.0,3.0,0.0,1.0,0.0,0.0,0.0,0.0,14.0,0.0,22.0,0.0,0.0,0.0,2.0,2.0,1.0,0.0,0.0,1.0,0.0,0.0,27.0,15.0,14.0,0.0,0.0,0.0,0.0,0.0,0.0,19.0,1.0,0.0,0.0,285.0,0.0,0.0,0.0,7.0,0.0,0.0,860.0,0.0,2167.0,0.0,1.0,0.0,0.0,17.0,9.0,0.0,0.0,0.0,0.0,0.0,541.0,337.0,524.0,0.0,0.0,0.0,0.0,0.0
ctx-rh-middletemporal,0.0,1.0,0.0,2.0,0.0,0.0,1.0,2.0,2.0,1.0,6.0,1.0,0.0,1.0,0.0,2.0,1.0,0.0,0.0,0.0,0.0,3.0,2.0,0.0,0.0,10.0,0.0,0.0,0.0,2.0,2.0,0.0,0.0,0.0,749.0,0.0,1.0,10.0,33.0,0.0,224.0,695.0,2140.0,157.0,4.0,340.0,3.0,54.0,0.0,4620.0,1.0,17.0,0.0,0.0,1.0,8.0,7.0,4.0,3.0,47.0,0.0,0.0,1.0,63.0,809.0,29.0,207.0,6.0
ctx-rh-paracentral,0.0,10.0,11.0,0.0,0.0,0.0,1.0,1.0,3.0,4.0,10.0,1.0,0.0,1.0,0.0,0.0,74.0,0.0,3.0,0.0,0.0,0.0,13.0,53.0,49.0,20.0,1.0,3.0,59.0,12.0,1.0,4.0,0.0,0.0,3.0,43.0,37.0,0.0,0.0,0.0,0.0,13.0,0.0,24.0,18.0,0.0,0.0,0.0,1.0,1.0,1997.0,0.0,4.0,0.0,0.0,0.0,516.0,492.0,858.0,410.0,0.0,4.0,499.0,375.0,4.0,21.0,0.0,0.0
ctx-rh-parahippocampal,0.0,0.0,0.0,0.0,0.0,0.0,1.0,1.0,0.0,0.0,2.0,0.0,0.0,2.0,0.0,0.0,0.0,0.0,0.0,0.0,0.0,0.0,0.0,0.0,0.0,2.0,0.0,0.0,0.0,0.0,1.0,0.0,0.0,0.0,1.0,0.0,0.0,5.0,122.0,0.0,138.0,1.0,58.0,4.0,80.0,12.0,0.0,295.0,0.0,17.0,0.0,368.0,0.0,0.0,0.0,9.0,0.0,1.0,0.0,24.0,0.0,0.0,0.0,3.0,4.0,1.0,0.0,0.0
ctx-rh-parsopercularis,0.0,15.0,10.0,0.0,0.0,0.0,0.0,0.0,0.0,0.0,0.0,0.0,0.0,0.0,0.0,1.0,0.0,0.0,5.0,0.0,1.0,0.0,0.0,3.0,7.0,0.0,4.0,8.0,37.0,0.0,0.0,1.0,0.0,0.0,0.0,40.0,217.0,0.0,0.0,0.0,0.0,8.0,0.0,224.0,0.0,0.0,9.0,0.0,0.0,0.0,4.0,0.0,1393.0,11.0,468.0,0.0,73.0,7.0,701.0,1.0,1.0,535.0,153.0,6.0,0.0,25.0,0.0,0.0
ctx-rh-parsorbitalis,0.0,2.0,2.0,0.0,0.0,0.0,0.0,0.0,0.0,0.0,0.0,0.0,1.0,0.0,0.0,0.0,0.0,0.0,1.0,0.0,0.0,0.0,0.0,1.0,0.0,0.0,6.0,3.0,3.0,0.0,0.0,0.0,0.0,0.0,0.0,6.0,1.0,0.0,0.0,3.0,0.0,0.0,1.0,29.0,0.0,0.0,521.0,0.0,17.0,0.0,0.0,0.0,11.0,657.0,532.0,0.0,1.0,0.0,0.0,0.0,10.0,672.0,44.0,0.0,0.0,0.0,0.0,0.0
ctx-rh-parstriangularis,0.0,10.0,2.0,0.0,0.0,0.0,0.0,0.0,0.0,2.0,0.0,0.0,0.0,0.0,0.0,0.0,1.0,0.0,2.0,0.0,2.0,0.0,0.0,1.0,0.0,0.0,8.0,13.0,34.0,0.0,0.0,0.0,0.0,0.0,0.0,35.0,42.0,0.0,0.0,1.0,0.0,0.0,0.0,112.0,0.0,0.0,211.0,0.0,9.0,1.0,0.0,0.0,468.0,532.0,1476.0,0.0,5.0,3.0,25.0,1.0,8.0,1107.0,119.0,1.0,0.0,2.0,0.0,0.0
ctx-rh-pericalcarine,0.0,0.0,0.0,74.0,0.0,0.0,3.0,0.0,1.0,0.0,2.0,4.0,0.0,148.0,0.0,1.0,0.0,0.0,0.0,0.0,0.0,33.0,0.0,0.0,0.0,6.0,0.0,0.0,0.0,2.0,0.0,0.0,0.0,0.0,1.0,0.0,0.0,1588.0,0.0,0.0,67.0,11.0,27.0,1.0,13.0,1022.0,0.0,1645.0,0.0,8.0,0.0,9.0,0.0,0.0,0.0,824.0,0.0,0.0,0.0,136.0,0.0,0.0,0.0,84.0,5.0,0.0,0.0,1.0
ctx-rh-postcentral,0.0,1.0,2.0,0.0,0.0,0.0,0.0,4.0,0.0,2.0,1.0,0.0,0.0,0.0,0.0,0.0,13.0,0.0,0.0,0.0,0.0,0.0,4.0,10.0,10.0,6.0,1.0,1.0,7.0,2.0,0.0,2.0,0.0,0.0,13.0,4.0,69.0,0.0,0.0,0.0,1.0,136.0,2.0,301.0,4.0,0.0,0.0,0.0,0.0,7.0,516.0,0.0,73.0,1.0,5.0,0.0,6040.0,44.0,1931.0,84.0,0.0,11.0,74.0,916.0,20.0,1622.0,0.0,6.0
ctx-rh-posteriorcingulate,1.0,39.0,20.0,0.0,0.0,0.0,0.0,7.0,1.0,9.0,51.0,4.0,0.0,1.0,0.0,0.0,59.0,0.0,8.0,0.0,1.0,0.0,25.0,254.0,82.0,65.0,3.0,7.0,126.0,32.0,2.0,10.0,0.0,4.0,7.0,404.0,19.0,1.0,0.0,0.0,1.0,24.0,4.0,19.0,296.0,2.0,0.0,0.0,0.0,4.0,492.0,1.0,7.0,0.0,3.0,0.0,44.0,1376.0,65.0,360.0,4.0,8.0,414.0,122.0,12.0,26.0,0.0,4.0
ctx-rh-precentral,0.0,28.0,21.0,0.0,0.0,0.0,0.0,0.0,1.0,4.0,1.0,0.0,0.0,0.0,0.0,0.0,13.0,0.0,5.0,0.0,1.0,1.0,8.0,22.0,49.0,12.0,2.0,2.0,85.0,5.0,2.0,1.0,0.0,0.0,17.0,29.0,1366.0,0.0,0.0,0.0,0.0,71.0,1.0,286.0,2.0,0.0,1.0,0.0,0.0,3.0,858.0,0.0,701.0,0.0,25.0,0.0,1931.0,65.0,7029.0,26.0,3.0,132.0,877.0,204.0,11.0,280.0,0.0,4.0
ctx-rh-precuneus,6.0,2.0,1.0,27.0,0.0,0.0,8.0,77.0,19.0,9.0,137.0,28.0,0.0,21.0,0.0,8.0,9.0,6.0,1.0,0.0,0.0,3.0,22.0,42.0,8.0,196.0,0.0,0.0,9.0,94.0,13.0,27.0,0.0,6.0,26.0,3.0,4.0,406.0,2.0,0.0,37.0,220.0,53.0,29.0,1056.0,216.0,1.0,224.0,0.0,47.0,410.0,24.0,1.0,0.0,1.0,136.0,84.0,360.0,26.0,4591.0,0.0,0.0,9.0,2052.0,41.0,37.0,0.0,13.0
ctx-rh-rostralanteriorcingulate,0.0,27.0,0.0,0.0,0.0,5.0,0.0,0.0,0.0,6.0,0.0,0.0,23.0,0.0,45.0,0.0,0.0,0.0,4.0,6.0,4.0,0.0,0.0,0.0,0.0,0.0,112.0,61.0,81.0,0.0,0.0,0.0,1.0,0.0,0.0,203.0,2.0,0.0,0.0,7.0,0.0,0.0,0.0,7.0,0.0,0.0,98.0,0.0,541.0,0.0,0.0,0.0,1.0,10.0,8.0,0.0,0.0,4.0,3.0,0.0,693.0,118.0,349.0,0.0,0.0,0.0,0.0,0.0
ctx-rh-rostralmiddlefrontal,0.0,57.0,16.0,0.0,0.0,8.0,0.0,0.0,0.0,5.0,0.0,0.0,13.0,0.0,12.0,0.0,0.0,0.0,15.0,2.0,8.0,0.0,0.0,3.0,3.0,1.0,44.0,81.0,134.0,0.0,0.0,0.0,0.0,0.0,0.0,185.0,1060.0,0.0,0.0,151.0,0.0,2.0,0.0,122.0,0.0,0.0,800.0,0.0,337.0,0.0,4.0,0.0,535.0,672.0,1107.0,0.0,11.0,8.0,132.0,0.0,118.0,8538.0,2325.0,3.0,1.0,4.0,0.0,0.0
ctx-rh-superiorfrontal,0.0,158.0,83.0,0.0,0.0,3.0,0.0,0.0,0.0,13.0,3.0,1.0,22.0,1.0,11.0,0.0,27.0,0.0,31.0,6.0,15.0,0.0,9.0,46.0,72.0,14.0,60.0,146.0,361.0,6.0,1.0,1.0,0.0,0.0,0.0,1255.0,979.0,0.0,0.0,128.0,0.0,13.0,0.0,83.0,2.0,0.0,139.0,0.0,524.0,1.0,499.0,0.0,153.0,44.0,119.0,0.0,74.0,414.0,877.0,9.0,349.0,2325.0,9962.0,26.0,2.0,9.0,0.0,1.0
ctx-rh-superiorparietal,1.0,1.0,2.0,22.0,0.0,0.0,8.0,23.0,11.0,3.0,41.0,17.0,0.0,7.0,0.0,5.0,11.0,2.0,1.0,0.0,0.0,4.0,5.0,35.0,14.0,73.0,0.0,0.0,14.0,43.0,10.0,9.0,0.0,3.0,41.0,5.0,22.0,512.0,0.0,0.0,32.0,1548.0,82.0,66.0,71.0,756.0,0.0,45.0,0.0,63.0,375.0,3.0,6.0,0.0,1.0,84.0,916.0,122.0,204.0,2052.0,0.0,3.0,26.0,6662.0,60.0,481.0,1.0,22.0
ctx-rh-superiortemporal,0.0,1.0,0.0,1.0,0.0,0.0,1.0,7.0,3.0,3.0,12.0,1.0,0.0,1.0,0.0,0.0,1.0,0.0,1.0,0.0,0.0,1.0,0.0,2.0,1.0,11.0,0.0,0.0,0.0,5.0,2.0,4.0,0.0,1.0,860.0,0.0,1.0,5.0,33.0,0.0,58.0,239.0,269.0,333.0,15.0,29.0,3.0,10.0,0.0,809.0,4.0,4.0,0.0,0.0,0.0,5.0,20.0,12.0,11.0,41.0,0.0,1.0,2.0,60.0,5945.0,413.0,249.0,701.0
ctx-rh-supramarginal,0.0,0.0,2.0,0.0,0.0,0.0,0.0,3.0,0.0,2.0,6.0,0.0,0.0,0.0,0.0,2.0,3.0,0.0,0.0,0.0,1.0,0.0,7.0,7.0,1.0,11.0,1.0,0.0,0.0,9.0,1.0,2.0,0.0,1.0,339.0,1.0,16.0,0.0,0.0,0.0,1.0,1294.0,11.0,274.0,8.0,3.0,1.0,0.0,0.0,29.0,21.0,1.0,25.0,0.0,2.0,0.0,1622.0,26.0,280.0,37.0,0.0,4.0,9.0,481.0,413.0,4899.0,0.0,40.0
ctx-rh-temporalpole,0.0,0.0,0.0,0.0,0.0,0.0,0.0,0.0,0.0,0.0,0.0,0.0,0.0,0.0,0.0,0.0,0.0,0.0,0.0,0.0,0.0,0.0,0.0,0.0,0.0,0.0,0.0,0.0,0.0,0.0,0.0,0.0,0.0,0.0,0.0,0.0,0.0,0.0,224.0,0.0,106.0,0.0,257.0,24.0,0.0,0.0,1.0,2.0,0.0,207.0,0.0,0.0,0.0,0.0,0.0,0.0,0.0,0.0,0.0,0.0,0.0,0.0,0.0,1.0,249.0,0.0,460.0,0.0
ctx-rh-transversetemporal,0.0,0.0,0.0,0.0,0.0,0.0,1.0,1.0,0.0,1.0,3.0,0.0,0.0,1.0,0.0,0.0,0.0,0.0,0.0,0.0,0.0,0.0,1.0,1.0,1.0,10.0,0.0,0.0,0.0,4.0,0.0,2.0,0.0,0.0,37.0,0.0,0.0,0.0,0.0,0.0,0.0,33.0,10.0,70.0,1.0,6.0,0.0,0.0,0.0,6.0,0.0,0.0,0.0,0.0,0.0,1.0,6.0,4.0,4.0,13.0,0.0,0.0,1.0,22.0,701.0,40.0,0.0,285.0
