,ctx-lh-bankssts,ctx-lh-caudalanteriorcingulate,ctx-lh-caudalmiddlefrontal,ctx-lh-cuneus,ctx-lh-entorhinal,ctx-lh-frontalpole,ctx-lh-fusiform,ctx-lh-inferiorparietal,ctx-lh-inferiortemporal,ctx-lh-insula,ctx-lh-isthmuscingulate,ctx-lh-lateraloccipital,ctx-lh-lateralorbitofrontal,ctx-lh-lingual,ctx-lh-medialorbitofrontal,ctx-lh-middletemporal,ctx-lh-paracentral,ctx-lh-parahippocampal,ctx-lh-parsopercularis,ctx-lh-parsorbitalis,ctx-lh-parstriangularis,ctx-lh-pericalcarine,ctx-lh-postcentral,ctx-lh-posteriorcingulate,ctx-lh-precentral,ctx-lh-precuneus,ctx-lh-rostralanteriorcingulate,ctx-lh-rostralmiddlefrontal,ctx-lh-superiorfrontal,ctx-lh-superiorparietal,ctx-lh-superiortemporal,ctx-lh-supramarginal,ctx-lh-temporalpole,ctx-lh-transversetemporal,ctx-rh-bankssts,ctx-rh-caudalanteriorcingulate,ctx-rh-caudalmiddlefrontal,ctx-rh-cuneus,ctx-rh-entorhinal,ctx-rh-frontalpole,ctx-rh-fusiform,ctx-rh-inferiorparietal,ctx-rh-inferiortemporal,ctx-rh-insula,ctx-rh-isthmuscingulate,ctx-rh-lateraloccipital,ctx-rh-lateralorbitofrontal,ctx-rh-lingual,ctx-rh-medialorbitofrontal,ctx-rh-middletemporal,ctx-rh-paracentral,ctx-rh-parahippocampal,ctx-rh-parsopercularis,ctx-rh-parsorbitalis,ctx-rh-parstriangularis,ctx-rh-pericalcarine,ctx-rh-postcentral,ctx-rh-posteriorcingulate,ctx-rh-precentral,ctx-rh-precuneus,ctx-rh-rostralanteriorcingulate,ctx-rh-rostralmiddlefrontal,ctx-rh-superiorfrontal,ctx-rh-superiorparietal,ctx-rh-superiortemporal,ctx-rh-supramarginal,ctx-rh-temporalpole,ctx-rh-transversetemporal
ctx-lh-bankssts,783.0,0.0,2.0,4.0,1.0,0.0,32.0,288.0,186.0,10.0,21.0,41.0,0.0,10.0,0.0,759.0,0.0,5.0,2.0,0.0,0.0,3.0,4.0,1.0,12.0,29.0,0.0,0.0,1.0,31.0,778.0,288.0,1.0,9.0,1.0,0.0,0.0,1.0,0.0,0.0,0.0,2.0,0.0,0.0,10.0,1.0,0.0,1.0,0.0,0.0,0.0,0.0,0.0,0.0,0.0,0.0,0.0,0.0,0.0,12.0,0.0,0.0,0.0,1.0,0.0,1.0,0.0,0.0
ctx-lh-caudalanteriorcingulate,0.0,485.0,67.0,0.0,0.0,1.0,0.0,0.0,0.0,34.0,20.0,0.0,14.0,0.0,18.0,0.0,19.0,0.0,54.0,8.0,24.0,0.0,3.0,338.0,28.0,30.0,246.0,116.0,653.0,2.0,1.0,1.0,0.0,0.0,0.0,133.0,15.0,0.0,0.0,0.0,0.0,0.0,0.0,9.0,1.0,0.0,5.0,0.0,4.0,0.0,9.0,0.0,11.0,2.0,9.0,0.0,3.0,26.0,11.0,3.0,28.0,8.0,100.0,2.0,0.0,3.0,0.0,0.0
ctx-lh-caudalmiddlefrontal,2.0,67.0,3947.0,0.0,0.0,0.0,0.0,6.0,0.0,62.0,1.0,0.0,1.0,0.0,2.0,0.0,13.0,0.0,470.0,2.0,26.0,0.0,96.0,16.0,1189.0,7.0,18.0,755.0,1308.0,41.0,4.0,23.0,0.0,0.0,0.0,30.0,2.0,0.0,0.0,0.0,0.0,0.0,0.0,0.0,1.0,0.0,1.0,0.0,0.0,0.0,2.0,0.0,2.0,0.0,2.0,0.0,1.0,5.0,4.0,1.0,3.0,2.0,16.0,1.0,0.0,0.0,0.0,0.0
ctx-lh-cuneus,4.0,0.0,0.0,1141.0,0.0,0.0,25.0,60.0,11.0,2.0,10.0,435.0,0.0,186.0,0.0,13.0,0.0,4.0,0.0,0.0,0.0,1323.0,0.0,0.0,1.0,229.0,0.0,0.0,0.0,832.0,3.0,7.0,0.0,0.0,0.0,0.0,0.0,27.0,0.0,0.0,1.0,0.0,0.0,0.0,8.0,2.0,0.0,3.0,0.0,2.0,0.0,0.0,0.0,0.0,0.0,24.0,0.0,1.0,0.0,3.0,0.0,0.0,0.0,5.0,0.0,0.0,0.0,0.0
ctx-lh-entorhinal,1.0,0.0,0.0,0.0,361.0,0.0,126.0,0.0,128.0,11.0,0.0,1.0,0.0,0.0,0.0,50.0,0.0,141.0,0.0,0.0,0.0,0.0,0.0,0.0,0.0,1.0,0.0,0.0,0.0,0.0,25.0,0.0,291.0,0.0,0.0,0.0,0.0,0.0,0.0,0.0,0.0,0.0,0.0,0.0,0.0,0.0,0.0,0.0,0.0,0.0,0.0,0.0,0.0,0.0,0.0,0.0,0.0,0.0,0.0,0.0,0.0,0.0,0.0,0.0,0.0,0.0,0.0,0.0
ctx-lh-frontalpole,0.0,1.0,0.0,0.0,0.0,54.0,0.0,0.0,0.0,3.0,0.0,0.0,36.0,0.0,221.0,0.0,0.0,0.0,0.0,10.0,3.0,0.0,0.0,0.0,0.0,0.0,9.0,176.0,62.0,0.0,0.0,0.0,0.0,0.0,0.0,0.0,0.0,0.0,0.0,0.0,0.0,0.0,0.0,0.0,0.0,0.0,0.0,0.0,0.0,0.0,0.0,0.0,0.0,0.0,0.0,0.0,0.0,0.0,0.0,0.0,0.0,0.0,0.0,0.0,0.0,0.0,0.0,0.0
ctx-lh-fusiform,32.0,0.0,0.0,25.0,126.0,0.0,2708.0,52.0,1755.0,18.0,18.0,1140.0,2.0,844.0,0.0,340.0,0.0,266.0,0.0,0.0,1.0,64.0,1.0,0.0,0.0,34.0,0.0,0.0,0.0,15.0,91.0,10.0,161.0,3.0,0.0,0.0,0.0,0.0,0.0,0.0,0.0,1.0,1.0,0.0,6.0,1.0,0.0,3.0,0.0,1.0,1.0,4.0,1.0,0.0,0.0,1.0,0.0,0.0,0.0,8.0,0.0,0.0,0.0,2.0,2.0,0.0,0.0,0.0
ctx-lh-inferiorparietal,288.0,0.0,6.0,60.0,0.0,0.0,52.0,6856.0,116.0,36.0,38.0,756.0,0.0,35.0,1.0,367.0,3.0,3.0,3.0,0.0,0.0,21.0,59.0,2.0,39.0,452.0,0.0,0.0,0.0,1185.0,140.0,1266.0,1.0,13.0,0.0,0.0,0.0,0.0,0.0,0.0,0.0,4.0,1.0,2.0,12.0,9.0,0.0,3.0,0.0,2.0,1.0,0.0,0.0,0.0,0.0,1.0,0.0,1.0,0.0,21.0,0.0,0.0,0.0,2.0,2.0,0.0,0.0,0.0
ctx-lh-inferiortemporal,186.0,0.0,0.0,11.0,128.0,0.0,1755.0,116.0,3034.0,40.0,16.0,227.0,6.0,129.0,1.0,2204.0,0.0,72.0,0.0,0.0,0.0,15.0,5.0,1.0,3.0,38.0,0.0,0.0,0.0,22.0,178.0,38.0,284.0,10.0,1.0,0.0,0.0,1.0,0.0,0.0,2.0,1.0,1.0,1.0,12.0,1.0,0.0,1.0,0.0,3.0,1.0,0.0,0.0,0.0,0.0,0.0,0.0,1.0,0.0,10.0,0.0,0.0,0.0,1.0,2.0,0.0,0.0,0.0
ctx-lh-insula,10.0,34.0,62.0,2.0,11.0,3.0,18.0,36.0,40.0,1434.0,17.0,9.0,448.0,6.0,50.0,103.0,10.0,0.0,207.0,13.0,96.0,0.0,244.0,21.0,295.0,54.0,50.0,78.0,129.0,83.0,297.0,297.0,26.0,70.0,0.0,8.0,3.0,1.0,0.0,0.0,1.0,0.0,0.0,1.0,10.0,1.0,1.0,0.0,0.0,2.0,3.0,0.0,1.0,0.0,0.0,0.0,1.0,11.0,3.0,7.0,4.0,0.0,9.0,2.0,3.0,2.0,0.0,0.0
ctx-lh-isthmuscingulate,21.0,20.0,1.0,10.0,0.0,0.0,18.0,38.0,16.0,17.0,726.0,28.0,0.0,139.0,0.0,31.0,5.0,92.0,2.0,0.0,0.0,21.0,10.0,392.0,11.0,943.0,3.0,0.0,7.0,71.0,59.0,29.0,0.0,14.0,3.0,2.0,0.0,1.0,0.0,0.0,6.0,10.0,12.0,11.0,105.0,11.0,0.0,4.0,0.0,6.0,6.0,3.0,0.0,0.0,0.0,7.0,0.0,30.0,4.0,84.0,0.0,0.0,4.0,14.0,16.0,14.0,0.0,5.0
ctx-lh-lateraloccipital,41.0,0.0,0.0,435.0,1.0,0.0,1140.0,756.0,227.0,9.0,28.0,6667.0,0.0,712.0,0.0,162.0,1.0,11.0,2.0,0.0,0.0,723.0,0.0,1.0,2.0,137.0,0.0,0.0,0.0,494.0,27.0,13.0,5.0,3.0,2.0,0.0,0.0,4.0,0.0,0.0,0.0,4.0,2.0,0.0,21.0,10.0,0.0,4.0,0.0,3.0,0.0,3.0,0.0,0.0,0.0,5.0,0.0,1.0,0.0,25.0,0.0,0.0,0.0,4.0,0.0,1.0,0.0,0.0
ctx-lh-lateralorbitofrontal,0.0,14.0,1.0,0.0,0.0,36.0,2.0,0.0,6.0,448.0,0.0,0.0,3895.0,0.0,1630.0,8.0,0.0,0.0,21.0,606.0,338.0,0.0,0.0,2.0,2.0,0.0,250.0,458.0,60.0,0.0,21.0,0.0,4.0,0.0,0.0,4.0,0.0,0.0,0.0,1.0,0.0,0.0,0.0,2.0,0.0,0.0,1.0,0.0,2.0,0.0,0.0,0.0,0.0,1.0,1.0,0.0,0.0,0.0,0.0,0.0,2.0,0.0,5.0,0.0,0.0,0.0,0.0,0.0
ctx-lh-lingual,10.0,0.0,0.0,186.0,0.0,0.0,844.0,35.0,129.0,6.0,139.0,712.0,0.0,4483.0,0.0,58.0,0.0,262.0,0.0,0.0,0.0,1283.0,1.0,0.0,1.0,230.0,0.0,0.0,0.0,51.0,24.0,3.0,2.0,4.0,1.0,0.0,0.0,13.0,0.0,0.0,5.0,3.0,1.0,0.0,5.0,10.0,0.0,140.0,0.0,1.0,0.0,4.0,0.0,0.0,0.0,54.0,0.0,0.0,0.0,19.0,0.0,0.0,0.0,5.0,1.0,1.0,0.0,0.0
ctx-lh-medialorbitofrontal,0.0,18.0,2.0,0.0,0.0,221.0,0.0,1.0,1.0,50.0,0.0,0.0,1630.0,0.0,2225.0,0.0,1.0,0.0,9.0,129.0,103.0,0.0,0.0,3.0,0.0,0.0,612.0,1125.0,284.0,0.0,1.0,0.0,1.0,0.0,0.0,2.0,0.0,0.0,0.0,0.0,0.0,0.0,0.0,1.0,0.0,0.0,5.0,0.0,5.0,0.0,0.0,0.0,1.0,1.0,2.0,0.0,0.0,0.0,0.0,0.0,20.0,5.0,1.0,0.0,0.0,0.0,0.0,0.0
ctx-lh-middletemporal,759.0,0.0,0.0,13.0,50.0,0.0,340.0,367.0,2204.0,103.0,31.0,162.0,8.0,58.0,0.0,3806.0,2.0,28.0,1.0,0.0,0.0,6.0,14.0,3.0,4.0,67.0,0.0,0.0,0.0,35.0,1102.0,104.0,249.0,13.0,0.0,0.0,0.0,3.0,0.0,0.0,0.0,3.0,0.0,0.0,7.0,5.0,0.0,1.0,0.0,2.0,1.0,1.0,0.0,0.0,0.0,2.0,0.0,0.0,0.0,10.0,0.0,0.0,0.0,2.0,1.0,1.0,0.0,1.0
ctx-lh-paracentral,0.0,19.0,13.0,0.0,0.0,0.0,0.0,3.0,0.0,10.0,5.0,1.0,0.0,0.0,1.0,2.0,2007.0,0.0,3.0,0.0,0.0,0.0,281.0,192.0,730.0,191.0,5.0,0.0,660.0,113.0,1.0,2.0,0.0,1.0,0.0,7.0,2.0,0.0,0.0,0.0,0.0,1.0,0.0,0.0,3.0,0.0,0.0,1.0,0.0,0.0,18.0,0.0,0.0,0.0,0.0,0.0,3.0,27.0,7.0,6.0,1.0,0.0,16.0,5.0,0.0,2.0,0.0,0.0
ctx-lh-parahippocampal,5.0,0.0,0.0,4.0,141.0,0.0,266.0,3.0,72.0,0.0,92.0,11.0,0.0,262.0,0.0,28.0,0.0,631.0,0.0,0.0,0.0,9.0,1.0,0.0,0.0,30.0,0.0,0.0,0.0,2.0,17.0,0.0,6.0,1.0,0.0,0.0,0.0,1.0,0.0,0.0,0.0,0.0,1.0,0.0,0.0,0.0,0.0,2.0,0.0,0.0,0.0,0.0,0.0,0.0,0.0,0.0,0.0,0.0,0.0,5.0,0.0,0.0,0.0,0.0,1.0,2.0,0.0,0.0
ctx-lh-parsopercularis,2.0,54.0,470.0,0.0,0.0,0.0,0.0,3.0,0.0,207.0,2.0,2.0,21.0,0.0,9.0,1.0,3.0,0.0,2090.0,9.0,578.0,0.0,78.0,5.0,723.0,4.0,41.0,559.0,279.0,23.0,7.0,31.0,0.0,2.0,0.0,20.0,1.0,0.0,0.0,0.0,0.0,0.0,0.0,3.0,1.0,0.0,0.0,0.0,0.0,0.0,2.0,0.0,1.0,0.0,1.0,0.0,1.0,2.0,6.0,1.0,6.0,2.0,13.0,0.0,0.0,1.0,0.0,0.0
ctx-lh-parsorbitalis,0.0,8.0,2.0,0.0,0.0,10.0,0.0,0.0,0.0,13.0,0.0,0.0,606.0,0.0,129.0,0.0,0.0,0.0,9.0,503.0,437.0,0.0,0.0,1.0,0.0,0.0,33.0,445.0,23.0,0.0,0.0,0.0,0.0,0.0,0.0,0.0,0.0,0.0,0.0,0.0,0.0,0.0,0.0,0.0,0.0,0.0,1.0,0.0,0.0,0.0,0.0,0.0,0.0,1.0,1.0,0.0,0.0,0.0,0.0,0.0,2.0,0.0,0.0,0.0,0.0,0.0,0.0,0.0
ctx-lh-parstriangularis,0.0,24.0,26.0,0.0,0.0,3.0,1.0,0.0,0.0,96.0,0.0,0.0,338.0,0.0,103.0,0.0,0.0,0.0,578.0,437.0,1374.0,0.0,2.0,2.0,32.0,0.0,123.0,843.0,142.0,1.0,1.0,1.0,0.0,0.0,0.0,10.0,0.0,0.0,0.0,0.0,0.0,0.0,0.0,1.0,0.0,0.0,1.0,0.0,3.0,0.0,0.0,0.0,1.0,0.0,0.0,0.0,0.0,2.0,0.0,0.0,4.0,3.0,7.0,0.0,0.0,0.0,0.0,0.0
ctx-lh-pericalcarine,3.0,0.0,0.0,1323.0,0.0,0.0,64.0,21.0,15.0,0.0,21.0,723.0,0.0,1283.0,0.0,6.0,0.0,9.0,0.0,0.0,0.0,686.0,0.0,0.0,0.0,184.0,0.0,0.0,0.0,122.0,2.0,0.0,0.0,0.0,1.0,0.0,0.0,66.0,0.0,0.0,1.0,1.0,0.0,0.0,7.0,2.0,0.0,6.0,0.0,2.0,0.0,1.0,0.0,0.0,0.0,64.0,0.0,0.0,0.0,15.0,0.0,0.0,0.0,10.0,2.0,0.0,0.0,0.0
ctx-lh-postcentral,4.0,3.0,96.0,0.0,0.0,0.0,1.0,59.0,5.0,244.0,10.0,0.0,0.0,1.0,0.0,14.0,281.0,1.0,78.0,0.0,2.0,0.0,5338.0,15.0,1795.0,123.0,1.0,6.0,54.0,919.0,32.0,1267.0,0.0,9.0,0.0,0.0,1.0,0.0,0.0,0.0,0.0,0.0,0.0,1.0,2.0,1.0,0.0,0.0,0.0,2.0,2.0,0.0,0.0,0.0,0.0,0.0,3.0,7.0,5.0,10.0,0.0,0.0,0.0,0.0,0.0,2.0,0.0,1.0
ctx-lh-posteriorcingulate,1.0,338.0,16.0,0.0,0.0,0.0,0.0,2.0,1.0,21.0,392.0,1.0,2.0,0.0,3.0,3.0,192.0,0.0,5.0,1.0,2.0,0.0,15.0,1193.0,64.0,700.0,25.0,13.0,295.0,40.0,12.0,10.0,0.0,2.0,2.0,32.0,5.0,1.0,0.0,0.0,0.0,2.0,1.0,6.0,35.0,0.0,0.0,3.0,0.0,3.0,74.0,0.0,1.0,0.0,1.0,0.0,8.0,173.0,33.0,44.0,1.0,1.0,62.0,12.0,4.0,10.0,0.0,2.0
ctx-lh-precentral,12.0,28.0,1189.0,1.0,0.0,0.0,0.0,39.0,3.0,295.0,11.0,2.0,2.0,1.0,0.0,4.0,730.0,0.0,723.0,0.0,32.0,0.0,1795.0,64.0,7911.0,95.0,4.0,52.0,744.0,321.0,20.0,265.0,0.0,5.0,0.0,11.0,2.0,0.0,0.0,0.0,0.0,0.0,0.0,2.0,4.0,0.0,0.0,0.0,0.0,1.0,11.0,0.0,1.0,0.0,1.0,0.0,2.0,28.0,19.0,3.0,1.0,2.0,16.0,0.0,0.0,0.0,0.0,0.0
ctx-lh-precuneus,29.0,30.0,7.0,229.0,1.0,0.0,34.0,452.0,38.0,54.0,943.0,137.0,0.0,230.0,0.0,67.0,191.0,30.0,4.0,0.0,0.0,184.0,123.0,700.0,95.0,4857.0,4.0,4.0,35.0,2704.0,99.0,102.0,0.0,34.0,11.0,3.0,2.0,13.0,0.0,0.0,6.0,16.0,11.0,12.0,118.0,29.0,0.0,17.0,0.0,18.0,16.0,7.0,0.0,0.0,0.0,8.0,0.0,50.0,5.0,128.0,0.0,0.0,9.0,36.0,19.0,11.0,0.0,5.0
ctx-lh-rostralanteriorcingulate,0.0,246.0,18.0,0.0,0.0,9.0,0.0,0.0,0.0,50.0,3.0,0.0,250.0,0.0,612.0,0.0,5.0,0.0,41.0,33.0,123.0,0.0,1.0,25.0,4.0,4.0,1053.0,285.0,437.0,1.0,0.0,0.0,0.0,0.0,0.0,57.0,3.0,0.0,0.0,0.0,0.0,0.0,0.0,13.0,2.0,0.0,13.0,0.0,27.0,0.0,0.0,0.0,8.0,4.0,11.0,0.0,0.0,1.0,1.0,0.0,124.0,8.0,44.0,0.0,0.0,0.0,0.0,0.0
ctx-lh-rostralmiddlefrontal,0.0,116.0,755.0,0.0,0.0,176.0,0.0,0.0,0.0,78.0,0.0,0.0,458.0,0.0,1125.0,0.0,0.0,0.0,559.0,445.0,843.0,0.0,6.0,13.0,52.0,4.0,285.0,7060.0,3178.0,0.0,1.0,0.0,0.0,0.0,0.0,37.0,0.0,0.0,0.0,0.0,0.0,0.0,0.0,1.0,0.0,0.0,2.0,0.0,4.0,0.0,0.0,0.0,1.0,0.0,4.0,0.0,0.0,4.0,1.0,0.0,11.0,8.0,24.0,0.0,0.0,0.0,0.0,0.0
ctx-lh-superiorfrontal,1.0,653.0,1308.0,0.0,0.0,62.0,0.0,0.0,0.0,129.0,7.0,0.0,60.0,0.0,284.0,0.0,660.0,0.0,279.0,23.0,142.0,0.0,54.0,295.0,744.0,35.0,437.0,3178.0,10403.0,25.0,0.0,10.0,0.0,0.0,0.0,137.0,15.0,0.0,0.0,0.0,0.0,0.0,0.0,7.0,1.0,0.0,1.0,0.0,6.0,0.0,42.0,0.0,5.0,3.0,7.0,0.0,6.0,68.0,34.0,5.0,32.0,15.0,173.0,7.0,0.0,1.0,0.0,0.0
ctx-lh-superiorparietal,31.0,2.0,41.0,832.0,0.0,0.0,15.0,1185.0,22.0,83.0,71.0,494.0,0.0,51.0,0.0,35.0,113.0,2.0,23.0,0.0,1.0,122.0,919.0,40.0,321.0,2704.0,1.0,0.0,25.0,7215.0,58.0,856.0,0.0,11.0,2.0,2.0,1.0,1.0,0.0,0.0,0.0,2.0,1.0,2.0,22.0,4.0,0.0,4.0,0.0,5.0,4.0,0.0,0.0,0.0,0.0,1.0,0.0,14.0,2.0,21.0,0.0,0.0,2.0,3.0,3.0,4.0,0.0,0.0
ctx-lh-superiortemporal,778.0,1.0,4.0,3.0,25.0,0.0,91.0,140.0,178.0,297.0,59.0,27.0,21.0,24.0,1.0,1102.0,1.0,17.0,7.0,0.0,1.0,2.0,32.0,12.0,20.0,99.0,0.0,1.0,0.0,58.0,5076.0,559.0,190.0,589.0,0.0,1.0,0.0,2.0,0.0,0.0,0.0,3.0,1.0,0.0,22.0,5.0,0.0,1.0,0.0,2.0,2.0,3.0,0.0,0.0,0.0,1.0,1.0,0.0,1.0,18.0,0.0,0.0,0.0,1.0,3.0,2.0,0.0,0.0
ctx-lh-supramarginal,288.0,1.0,23.0,7.0,0.0,0.0,10.0,1266.0,38.0,297.0,29.0,13.0,0.0,3.0,0.0,104.0,2.0,0.0,31.0,0.0,1.0,0.0,1267.0,10.0,265.0,102.0,0.0,0.0,10.0,856.0,559.0,6404.0,1.0,28.0,0.0,1.0,0.0,1.0,0.0,0.0,1.0,1.0,1.0,0.0,8.0,1.0,0.0,1.0,0.0,2.0,2.0,0.0,0.0,0.0,0.0,1.0,0.0,4.0,0.0,12.0,0.0,0.0,0.0,5.0,3.0,2.0,0.0,2.0
ctx-lh-temporalpole,1.0,0.0,0.0,0.0,291.0,0.0,161.0,1.0,284.0,26.0,0.0,5.0,4.0,2.0,1.0,249.0,0.0,6.0,0.0,0.0,0.0,0.0,0.0,0.0,0.0,0.0,0.0,0.0,0.0,0.0,190.0,1.0,403.0,2.0,0.0,0.0,0.0,0.0,0.0,0.0,0.0,0.0,0.0,0.0,0.0,0.0,0.0,0.0,0.0,0.0,0.0,0.0,0.0,0.0,0.0,0.0,0.0,0.0,0.0,0.0,0.0,0.0,0.0,0.0,0.0,0.0,0.0,0.0
ctx-lh-transversetemporal,9.0,0.0,0.0,0.0,0.0,0.0,3.0,13.0,10.0,70.0,14.0,3.0,0.0,4.0,0.0,13.0,1.0,1.0,2.0,0.0,0.0,0.0,9.0,2.0,5.0,34.0,0.0,0.0,0.0,11.0,589.0,28.0,2.0,450.0,0.0,0.0,0.0,1.0,0.0,0.0,0.0,0.0,0.0,0.0,9.0,1.0,0.0,0.0,0.0,2.0,1.0,0.0,0.0,0.0,0.0,0.0,0.0,2.0,0.0,16.0,0.0,0.0,0.0,0.0,3.0,1.0,0.0,1.0
ctx-rh-bankssts,1.0,0.0,0.0,0.0,0.0,0.0,0.0,0.0,1.0,0.0,3.0,2.0,0.0,1.0,0.0,0.0,0.0,0.0,0.0,0.0,0.0,1.0,0.0,2.0,0.0,11.0,0.0,0.0,0.0,2.0,0.0,0.0,0.0,0.0,617.0,2.0,0.0,0.0,0.0,0.0,24.0,367.0,79.0,13.0,18.0,31.0,0.0,11.0,0.0,613.0,1.0,3.0,1.0,0.0,0.0,1.0,17.0,1.0,5.0,54.0,0.0,0.0,3.0,19.0,611.0,339.0,0.0,9.0
ctx-rh-caudalanteriorcingulate,0.0,133.0,30.0,0.0,0.0,0.0,0.0,0.0,0.0,8.0,2.0,0.0,4.0,0.0,2.0,0.0,7.0,0.0,20.0,0.0,10.0,0.0,0.0,32.0,11.0,3.0,57.0,37.0,137.0,2.0,1.0,1.0,0.0,0.0,2.0,571.0,66.0,0.0,0.0,0.0,0.0,0.0,0.0,40.0,15.0,0.0,13.0,0.0,7.0,0.0,28.0,0.0,53.0,7.0,33.0,0.0,11.0,411.0,68.0,24.0,160.0,117.0,667.0,5.0,0.0,0.0,0.0,0.0
ctx-rh-caudalmiddlefrontal,0.0,15.0,2.0,0.0,0.0,0.0,0.0,0.0,0.0,3.0,0.0,0.0,0.0,0.0,0.0,0.0,2.0,0.0,1.0,0.0,0.0,0.0,1.0,5.0,2.0,2.0,3.0,0.0,15.0,1.0,0.0,0.0,0.0,0.0,0.0,66.0,2219.0,0.0,0.0,0.0,0.0,6.0,0.0,30.0,1.0,0.0,1.0,0.0,2.0,1.0,8.0,0.0,260.0,2.0,39.0,0.0,54.0,10.0,1011.0,4.0,5.0,824.0,818.0,21.0,1.0,17.0,0.0,0.0
ctx-rh-cuneus,1.0,0.0,0.0,27.0,0.0,0.0,0.0,0.0,1.0,1.0,1.0,4.0,0.0,13.0,0.0,3.0,0.0,1.0,0.0,0.0,0.0,66.0,0.0,1.0,0.0,13.0,0.0,0.0,0.0,1.0,2.0,1.0,0.0,1.0,0.0,0.0,0.0,1271.0,0.0,0.0,36.0,55.0,14.0,0.0,17.0,527.0,0.0,154.0,0.0,10.0,0.0,0.0,0.0,0.0,0.0,1339.0,0.0,1.0,0.0,282.0,0.0,0.0,0.0,900.0,2.0,1.0,0.0,0.0
ctx-rh-entorhinal,0.0,0.0,0.0,0.0,0.0,0.0,0.0,0.0,0.0,0.0,0.0,0.0,0.0,0.0,0.0,0.0,0.0,0.0,0.0,0.0,0.0,0.0,0.0,0.0,0.0,0.0,0.0,0.0,0.0,0.0,0.0,0.0,0.0,0.0,0.0,0.0,0.0,0.0,294.0,0.0,184.0,0.0,247.0,2.0,2.0,2.0,3.0,0.0,0.0,29.0,0.0,193.0,0.0,0.0,0.0,0.0,0.0,0.0,0.0,0.0,0.0,0.0,0.0,0.0,25.0,0.0,406.0,0.0
ctx-rh-frontalpole,0.0,0.0,0.0,0.0,0.0,0.0,0.0,0.0,0.0,0.0,0.0,0.0,1.0,0.0,0.0,0.0,0.0,0.0,0.0,0.0,0.0,0.0,0.0,0.0,0.0,0.0,0.0,0.0,0.0,0.0,0.0,0.0,0.0,0.0,0.0,0.0,0.0,0.0,0.0,71.0,0.0,0.0,0.0,3.0,0.0,0.0,100.0,0.0,338.0,0.0,0.0,0.0,1.0,11.0,0.0,0.0,0.0,1.0,0.0,0.0,11.0,236.0,51.0,0.0,0.0,0.0,0.0,0.0
ctx-rh-fusiform,0.0,0.0,0.0,1.0,0.0,0.0,0.0,0.0,2.0,1.0,6.0,0.0,0.0,5.0,0.0,0.0,0.0,0.0,0.0,0.0,0.0,1.0,0.0,0.0,0.0,6.0,0.0,0.0,0.0,0.0,0.0,1.0,0.0,0.0,24.0,0.0,0.0,36.0,184.0,0.0,3939.0,56.0,1706.0,16.0,23.0,1062.0,6.0,670.0,0.0,258.0,0.0,281.0,0.0,0.0,0.0,96.0,0.0,0.0,0.0,68.0,0.0,0.0,0.0,32.0,123.0,8.0,147.0,3.0
ctx-rh-inferiorparietal,2.0,0.0,0.0,0.0,0.0,0.0,1.0,4.0,1.0,0.0,10.0,4.0,0.0,3.0,0.0,3.0,1.0,0.0,0.0,0.0,0.0,1.0,0.0,2.0,0.0,16.0,0.0,0.0,0.0,2.0,3.0,1.0,0.0,0.0,367.0,0.0,6.0,55.0,0.0,0.0,56.0,9387.0,108.0,49.0,54.0,1030.0,1.0,13.0,0.0,585.0,3.0,2.0,12.0,0.0,0.0,19.0,129.0,9.0,75.0,500.0,1.0,4.0,9.0,1852.0,116.0,1488.0,1.0,6.0
ctx-rh-inferiortemporal,0.0,0.0,0.0,0.0,0.0,0.0,1.0,1.0,1.0,0.0,12.0,2.0,0.0,1.0,0.0,0.0,0.0,1.0,0.0,0.0,0.0,0.0,0.0,1.0,0.0,11.0,0.0,0.0,0.0,1.0,1.0,1.0,0.0,0.0,79.0,0.0,0.0,14.0,247.0,0.0,1706.0,108.0,3593.0,39.0,20.0,268.0,10.0,90.0,1.0,2178.0,1.0,76.0,0.0,0.0,0.0,23.0,1.0,0.0,3.0,59.0,0.0,1.0,0.0,30.0,247.0,20.0,234.0,5.0
ctx-rh-insula,0.0,9.0,0.0,0.0,0.0,0.0,0.0,2.0,1.0,1.0,11.0,0.0,2.0,0.0,1.0,0.0,0.0,0.0,3.0,0.0,1.0,0.0,1.0,6.0,2.0,12.0,13.0,1.0,7.0,2.0,0.0,0.0,0.0,0.0,13.0,40.0,30.0,0.0,2.0,3.0,16.0,49.0,39.0,1559.0,20.0,9.0,449.0,3.0,63.0,72.0,9.0,2.0,133.0,40.0,125.0,2.0,161.0,18.0,175.0,74.0,87.0,86.0,124.0,72.0,250.0,229.0,13.0,90.0
ctx-rh-isthmuscingulate,10.0,1.0,1.0,8.0,0.0,0.0,6.0,12.0,12.0,10.0,105.0,21.0,0.0,5.0,0.0,7.0,3.0,0.0,1.0,0.0,0.0,7.0,2.0,35.0,4.0,118.0,2.0,0.0,1.0,22.0,22.0,8.0,0.0,9.0,18.0,15.0,1.0,17.0,2.0,0.0,23.0,54.0,20.0,20.0,852.0,40.0,0.0,146.0,0.0,36.0,19.0,99.0,1.0,0.0,0.0,26.0,6.0,393.0,4.0,979.0,2.0,0.0,7.0,57.0,47.0,44.0,1.0,19.0
ctx-rh-lateraloccipital,1.0,0.0,0.0,2.0,0.0,0.0,1.0,9.0,1.0,1.0,11.0,10.0,0.0,10.0,0.0,5.0,0.0,0.0,0.0,0.0,0.0,2.0,1.0,0.0,0.0,29.0,0.0,0.0,0.0,4.0,5.0,1.0,0.0,1.0,31.0,0.0,0.0,527.0,2.0,0.0,1062.0,1030.0,268.0,9.0,40.0,7458.0,0.0,788.0,0.0,140.0,0.0,12.0,0.0,0.0,0.0,703.0,4.0,0.0,2.0,181.0,0.0,0.0,1.0,656.0,30.0,8.0,1.0,3.0
ctx-rh-lateralorbitofrontal,0.0,5.0,1.0,0.0,0.0,0.0,0.0,0.0,0.0,1.0,0.0,0.0,1.0,0.0,5.0,0.0,0.0,0.0,0.0,1.0,1.0,0.0,0.0,0.0,0.0,0.0,13.0,2.0,1.0,0.0,0.0,0.0,0.0,0.0,0.0,13.0,1.0,0.0,3.0,100.0,6.0,1.0,10.0,449.0,0.0,0.0,3119.0,0.0,1181.0,14.0,0.0,1.0,10.0,770.0,194.0,0.0,3.0,0.0,0.0,1.0,199.0,421.0,63.0,0.0,23.0,0.0,2.0,0.0
ctx-rh-lingual,1.0,0.0,0.0,3.0,0.0,0.0,3.0,3.0,1.0,0.0,4.0,4.0,0.0,140.0,0.0,1.0,1.0,2.0,0.0,0.0,0.0,6.0,0.0,3.0,0.0,17.0,0.0,0.0,0.0,4.0,1.0,1.0,0.0,0.0,11.0,0.0,0.0,154.0,0.0,0.0,670.0,13.0,90.0,3.0,146.0,788.0,0.0,4059.0,0.0,34.0,0.0,223.0,0.0,0.0,0.0,1231.0,0.0,1.0,0.0,219.0,0.0,0.0,0.0,50.0,12.0,5.0,1.0,1.0
ctx-rh-medialorbitofrontal,0.0,4.0,0.0,0.0,0.0,0.0,0.0,0.0,0.0,0.0,0.0,0.0,2.0,0.0,5.0,0.0,0.0,0.0,0.0,0.0,3.0,0.0,0.0,0.0,0.0,0.0,27.0,4.0,6.0,0.0,0.0,0.0,0.0,0.0,0.0,7.0,2.0,0.0,0.0,338.0,0.0,0.0,1.0,63.0,0.0,0.0,1181.0,0.0,1773.0,1.0,1.0,0.0,5.0,134.0,60.0,0.0,0.0,0.0,1.0,0.0,520.0,710.0,381.0,0.0,2.0,0.0,0.0,0.0
ctx-rh-middletemporal,0.0,0.0,0.0,2.0,0.0,0.0,1.0,2.0,3.0,2.0,6.0,3.0,0.0,1.0,0.0,2.0,0.0,0.0,0.0,0.0,0.0,2.0,2.0,3.0,1.0,18.0,0.0,0.0,0.0,5.0,2.0,2.0,0.0,2.0,613.0,0.0,1.0,10.0,29.0,0.0,258.0,585.0,2178.0,72.0,36.0,140.0,14.0,34.0,1.0,4683.0,0.0,23.0,0.0,0.0,0.0,8.0,7.0,6.0,2.0,78.0,0.0,0.0,1.0,50.0,732.0,71.0,118.0,7.0
ctx-rh-paracentral,0.0,9.0,2.0,0.0,0.0,0.0,1.0,1.0,1.0,3.0,6.0,0.0,0.0,0.0,0.0,1.0,18.0,0.0,2.0,0.0,0.0,0.0,2.0,74.0,11.0,16.0,0.0,0.0,42.0,4.0,2.0,2.0,0.0,1.0,1.0,28.0,8.0,0.0,0.0,0.0,0.0,3.0,1.0,9.0,19.0,0.0,0.0,0.0,1.0,0.0,1897.0,0.0,5.0,0.0,0.0,0.0,396.0,270.0,731.0,289.0,1.0,3.0,489.0,137.0,3.0,6.0,0.0,0.0
ctx-rh-parahippocampal,0.0,0.0,0.0,0.0,0.0,0.0,4.0,0.0,0.0,0.0,3.0,3.0,0.0,4.0,0.0,1.0,0.0,0.0,0.0,0.0,0.0,1.0,0.0,0.0,0.0,7.0,0.0,0.0,0.0,0.0,3.0,0.0,0.0,0.0,3.0,0.0,0.0,0.0,193.0,0.0,281.0,2.0,76.0,2.0,99.0,12.0,1.0,223.0,0.0,23.0,0.0,695.0,0.0,0.0,0.0,4.0,0.0,0.0,0.0,38.0,0.0,0.0,0.0,2.0,6.0,0.0,6.0,0.0
ctx-rh-parsopercularis,0.0,11.0,2.0,0.0,0.0,0.0,1.0,0.0,0.0,1.0,0.0,0.0,0.0,0.0,1.0,0.0,0.0,0.0,1.0,0.0,1.0,0.0,0.0,1.0,1.0,0.0,8.0,1.0,5.0,0.0,0.0,0.0,0.0,0.0,1.0,53.0,260.0,0.0,0.0,1.0,0.0,12.0,0.0,133.0,1.0,0.0,10.0,0.0,5.0,0.0,5.0,0.0,1292.0,12.0,499.0,0.0,68.0,9.0,612.0,3.0,29.0,265.0,185.0,24.0,2.0,27.0,0.0,0.0
ctx-rh-parsorbitalis,0.0,2.0,0.0,0.0,0.0,0.0,0.0,0.0,0.0,0.0,0.0,0.0,1.0,0.0,1.0,0.0,0.0,0.0,0.0,1.0,0.0,0.0,0.0,0.0,0.0,0.0,4.0,0.0,3.0,0.0,0.0,0.0,0.0,0.0,0.0,7.0,2.0,0.0,0.0,11.0,0.0,0.0,0.0,40.0,0.0,0.0,770.0,0.0,134.0,0.0,0.0,0.0,12.0,599.0,459.0,0.0,0.0,0.0,1.0,0.0,45.0,502.0,78.0,1.0,0.0,0.0,0.0,0.0
ctx-rh-parstriangularis,0.0,9.0,2.0,0.0,0.0,0.0,0.0,0.0,0.0,0.0,0.0,0.0,1.0,0.0,2.0,0.0,0.0,0.0,1.0,1.0,0.0,0.0,0.0,1.0,1.0,0.0,11.0,4.0,7.0,0.0,0.0,0.0,0.0,0.0,0.0,33.0,39.0,0.0,0.0,0.0,0.0,0.0,0.0,125.0,0.0,0.0,194.0,0.0,60.0,0.0,0.0,0.0,499.0,459.0,1214.0,0.0,4.0,3.0,21.0,0.0,91.0,787.0,246.0,4.0,1.0,3.0,0.0,0.0
ctx-rh-pericalcarine,0.0,0.0,0.0,24.0,0.0,0.0,1.0,1.0,0.0,0.0,7.0,5.0,0.0,54.0,0.0,2.0,0.0,0.0,0.0,0.0,0.0,64.0,0.0,0.0,0.0,8.0,0.0,0.0,0.0,1.0,1.0,1.0,0.0,0.0,1.0,0.0,0.0,1339.0,0.0,0.0,96.0,19.0,23.0,2.0,26.0,703.0,0.0,1231.0,0.0,8.0,0.0,4.0,0.0,0.0,0.0,722.0,0.0,0.0,0.0,196.0,0.0,0.0,0.0,160.0,3.0,0.0,0.0,1.0
ctx-rh-postcentral,0.0,3.0,1.0,0.0,0.0,0.0,0.0,0.0,0.0,1.0,0.0,0.0,0.0,0.0,0.0,0.0,3.0,0.0,1.0,0.0,0.0,0.0,3.0,8.0,2.0,0.0,0.0,0.0,6.0,0.0,1.0,0.0,0.0,0.0,17.0,11.0,54.0,0.0,0.0,0.0,0.0,129.0,1.0,161.0,6.0,4.0,3.0,0.0,0.0,7.0,396.0,0.0,68.0,0.0,4.0,0.0,4506.0,18.0,1858.0,142.0,2.0,11.0,61.0,488.0,12.0,1195.0,0.0,6.0
ctx-rh-posteriorcingulate,0.0,26.0,5.0,1.0,0.0,0.0,0.0,1.0,1.0,11.0,30.0,1.0,0.0,0.0,0.0,0.0,27.0,0.0,2.0,0.0,2.0,0.0,7.0,173.0,28.0,50.0,1.0,4.0,68.0,14.0,0.0,4.0,0.0,2.0,1.0,411.0,10.0,1.0,0.0,1.0,0.0,9.0,0.0,18.0,393.0,0.0,0.0,1.0,0.0,6.0,270.0,0.0,9.0,0.0,3.0,0.0,18.0,949.0,60.0,513.0,13.0,8.0,263.0,27.0,13.0,12.0,0.0,5.0
ctx-rh-precentral,0.0,11.0,4.0,0.0,0.0,0.0,0.0,0.0,0.0,3.0,4.0,0.0,0.0,0.0,0.0,0.0,7.0,0.0,6.0,0.0,0.0,0.0,5.0,33.0,19.0,5.0,1.0,1.0,34.0,2.0,1.0,0.0,0.0,0.0,5.0,68.0,1011.0,0.0,0.0,0.0,0.0,75.0,3.0,175.0,4.0,2.0,0.0,0.0,1.0,2.0,731.0,0.0,612.0,1.0,21.0,0.0,1858.0,60.0,8215.0,76.0,13.0,91.0,1064.0,289.0,5.0,264.0,0.0,4.0
ctx-rh-precuneus,12.0,3.0,1.0,3.0,0.0,0.0,8.0,21.0,10.0,7.0,84.0,25.0,0.0,19.0,0.0,10.0,6.0,5.0,1.0,0.0,0.0,15.0,10.0,44.0,3.0,128.0,0.0,0.0,5.0,21.0,18.0,12.0,0.0,16.0,54.0,24.0,4.0,282.0,0.0,0.0,68.0,500.0,59.0,74.0,979.0,181.0,1.0,219.0,0.0,78.0,289.0,38.0,3.0,0.0,0.0,196.0,142.0,513.0,76.0,5101.0,1.0,0.0,25.0,2545.0,104.0,144.0,1.0,34.0
ctx-rh-rostralanteriorcingulate,0.0,28.0,3.0,0.0,0.0,0.0,0.0,0.0,0.0,4.0,0.0,0.0,2.0,0.0,20.0,0.0,1.0,0.0,6.0,2.0,4.0,0.0,0.0,1.0,1.0,0.0,124.0,11.0,32.0,0.0,0.0,0.0,0.0,0.0,0.0,160.0,5.0,0.0,0.0,11.0,0.0,1.0,0.0,87.0,2.0,0.0,199.0,0.0,520.0,0.0,1.0,0.0,29.0,45.0,91.0,0.0,2.0,13.0,13.0,1.0,638.0,137.0,312.0,2.0,2.0,0.0,0.0,0.0
ctx-rh-rostralmiddlefrontal,0.0,8.0,2.0,0.0,0.0,0.0,0.0,0.0,0.0,0.0,0.0,0.0,0.0,0.0,5.0,0.0,0.0,0.0,2.0,0.0,3.0,0.0,0.0,1.0,2.0,0.0,8.0,8.0,15.0,0.0,0.0,0.0,0.0,0.0,0.0,117.0,824.0,0.0,0.0,236.0,0.0,4.0,1.0,86.0,0.0,0.0,421.0,0.0,710.0,0.0,3.0,0.0,265.0,502.0,787.0,0.0,11.0,8.0,91.0,0.0,137.0,5775.0,3103.0,5.0,1.0,6.0,0.0,0.0
ctx-rh-superiorfrontal,0.0,100.0,16.0,0.0,0.0,0.0,0.0,0.0,0.0,9.0,4.0,0.0,5.0,0.0,1.0,0.0,16.0,0.0,13.0,0.0,7.0,0.0,0.0,62.0,16.0,9.0,44.0,24.0,173.0,2.0,0.0,0.0,0.0,0.0,3.0,667.0,818.0,0.0,0.0,51.0,0.0,9.0,0.0,124.0,7.0,1.0,63.0,0.0,381.0,1.0,489.0,0.0,185.0,78.0,246.0,0.0,61.0,263.0,1064.0,25.0,312.0,3103.0,9781.0,29.0,1.0,16.0,0.0,1.0
ctx-rh-superiorparietal,1.0,2.0,1.0,5.0,0.0,0.0,2.0,2.0,1.0,2.0,14.0,4.0,0.0,5.0,0.0,2.0,5.0,0.0,0.0,0.0,0.0,10.0,0.0,12.0,0.0,36.0,0.0,0.0,7.0,3.0,1.0,5.0,0.0,0.0,19.0,5.0,21.0,900.0,0.0,0.0,32.0,1852.0,30.0,72.0,57.0,656.0,0.0,50.0,0.0,50.0,137.0,2.0,24.0,1.0,4.0,160.0,488.0,27.0,289.0,2545.0,2.0,5.0,29.0,8539.0,54.0,557.0,0.0,10.0
ctx-rh-superiortemporal,0.0,0.0,0.0,0.0,0.0,0.0,2.0,2.0,2.0,3.0,16.0,0.0,0.0,1.0,0.0,1.0,0.0,1.0,0.0,0.0,0.0,2.0,0.0,4.0,0.0,19.0,0.0,0.0,0.0,3.0,3.0,3.0,0.0,3.0,611.0,0.0,1.0,2.0,25.0,0.0,123.0,116.0,247.0,250.0,47.0,30.0,23.0,12.0,2.0,732.0,3.0,6.0,2.0,0.0,1.0,3.0,12.0,13.0,5.0,104.0,2.0,1.0,1.0,54.0,4988.0,388.0,214.0,474.0
ctx-rh-supramarginal,1.0,3.0,0.0,0.0,0.0,0.0,0.0,0.0,0.0,2.0,14.0,1.0,0.0,1.0,0.0,1.0,2.0,2.0,1.0,0.0,0.0,0.0,2.0,10.0,0.0,11.0,0.0,0.0,1.0,4.0,2.0,2.0,0.0,1.0,339.0,0.0,17.0,1.0,0.0,0.0,8.0,1488.0,20.0,229.0,44.0,8.0,0.0,5.0,0.0,71.0,6.0,0.0,27.0,0.0,3.0,0.0,1195.0,12.0,264.0,144.0,0.0,6.0,16.0,557.0,388.0,5405.0,0.0,53.0
ctx-rh-temporalpole,0.0,0.0,0.0,0.0,0.0,0.0,0.0,0.0,0.0,0.0,0.0,0.0,0.0,0.0,0.0,0.0,0.0,0.0,0.0,0.0,0.0,0.0,0.0,0.0,0.0,0.0,0.0,0.0,0.0,0.0,0.0,0.0,0.0,0.0,0.0,0.0,0.0,0.0,406.0,0.0,147.0,1.0,234.0,13.0,1.0,1.0,2.0,1.0,0.0,118.0,0.0,6.0,0.0,0.0,0.0,0.0,0.0,0.0,0.0,1.0,0.0,0.0,0.0,0.0,214.0,0.0,383.0,0.0
ctx-rh-transversetemporal,0.0,0.0,0.0,0.0,0.0,0.0,0.0,0.0,0.0,0.0,5.0,0.0,0.0,0.0,0.0,1.0,0.0,0.0,0.0,0.0,0.0,0.0,1.0,2.0,0.0,5.0,0.0,0.0,0.0,0.0,0.0,2.0,0.0,1.0,9.0,0.0,0.0,0.0,0.0,0.0,3.0,6.0,5.0,90.0,19.0,3.0,0.0,1.0,0.0,7.0,0.0,0.0,0.0,0.0,0.0,1.0,6.0,5.0,4.0,34.0,0.0,0.0,1.0,10.0,474.0,53.0,0.0,226.0
