,ctx-lh-bankssts,ctx-lh-caudalanteriorcingulate,ctx-lh-caudalmiddlefrontal,ctx-lh-cuneus,ctx-lh-entorhinal,ctx-lh-frontalpole,ctx-lh-fusiform,ctx-lh-inferiorparietal,ctx-lh-inferiortemporal,ctx-lh-insula,ctx-lh-isthmuscingulate,ctx-lh-lateraloccipital,ctx-lh-lateralorbitofrontal,ctx-lh-lingual,ctx-lh-medialorbitofrontal,ctx-lh-middletemporal,ctx-lh-paracentral,ctx-lh-parahippocampal,ctx-lh-parsopercularis,ctx-lh-parsorbitalis,ctx-lh-parstriangularis,ctx-lh-pericalcarine,ctx-lh-postcentral,ctx-lh-posteriorcingulate,ctx-lh-precentral,ctx-lh-precuneus,ctx-lh-rostralanteriorcingulate,ctx-lh-rostralmiddlefrontal,ctx-lh-superiorfrontal,ctx-lh-superiorparietal,ctx-lh-superiortemporal,ctx-lh-supramarginal,ctx-lh-temporalpole,ctx-lh-transversetemporal,ctx-rh-bankssts,ctx-rh-caudalanteriorcingulate,ctx-rh-caudalmiddlefrontal,ctx-rh-cuneus,ctx-rh-entorhinal,ctx-rh-frontalpole,ctx-rh-fusiform,ctx-rh-inferiorparietal,ctx-rh-inferiortemporal,ctx-rh-insula,ctx-rh-isthmuscingulate,ctx-rh-lateraloccipital,ctx-rh-lateralorbitofrontal,ctx-rh-lingual,ctx-rh-medialorbitofrontal,ctx-rh-middletemporal,ctx-rh-paracentral,ctx-rh-parahippocampal,ctx-rh-parsopercularis,ctx-rh-parsorbitalis,ctx-rh-parstriangularis,ctx-rh-pericalcarine,ctx-rh-postcentral,ctx-rh-posteriorcingulate,ctx-rh-precentral,ctx-rh-precuneus,ctx-rh-rostralanteriorcingulate,ctx-rh-rostralmiddlefrontal,ctx-rh-superiorfrontal,ctx-rh-superiorparietal,ctx-rh-superiortemporal,ctx-rh-supramarginal,ctx-rh-temporalpole,ctx-rh-transversetemporal
ctx-lh-bankssts,730.0,0.0,2.0,7.0,0.0,0.0,30.0,361.0,352.0,21.0,1.0,49.0,0.0,14.0,0.0,786.0,0.0,4.0,3.0,0.0,0.0,3.0,12.0,1.0,12.0,20.0,1.0,0.0,1.0,30.0,891.0,218.0,0.0,27.0,1.0,0.0,0.0,0.0,0.0,0.0,1.0,1.0,0.0,0.0,3.0,1.0,0.0,0.0,0.0,1.0,0.0,0.0,0.0,0.0,0.0,1.0,0.0,0.0,1.0,9.0,0.0,0.0,0.0,1.0,1.0,0.0,0.0,0.0
ctx-lh-caudalanteriorcingulate,0.0,425.0,24.0,0.0,0.0,0.0,0.0,0.0,0.0,22.0,20.0,0.0,15.0,0.0,10.0,0.0,18.0,0.0,24.0,6.0,16.0,0.0,2.0,352.0,17.0,19.0,199.0,116.0,771.0,1.0,0.0,2.0,0.0,0.0,1.0,75.0,10.0,0.0,0.0,0.0,0.0,1.0,0.0,5.0,1.0,0.0,3.0,0.0,3.0,0.0,6.0,0.0,9.0,1.0,6.0,0.0,3.0,20.0,13.0,3.0,18.0,25.0,183.0,2.0,0.0,1.0,0.0,0.0
ctx-lh-caudalmiddlefrontal,2.0,24.0,2412.0,0.0,0.0,0.0,0.0,3.0,0.0,36.0,0.0,0.0,0.0,0.0,0.0,1.0,13.0,0.0,203.0,1.0,13.0,0.0,83.0,3.0,1167.0,1.0,0.0,824.0,929.0,21.0,0.0,23.0,0.0,0.0,0.0,9.0,6.0,0.0,0.0,0.0,0.0,0.0,0.0,0.0,0.0,0.0,0.0,0.0,0.0,0.0,1.0,0.0,3.0,0.0,3.0,0.0,0.0,5.0,6.0,3.0,1.0,8.0,27.0,0.0,0.0,0.0,0.0,0.0
ctx-lh-cuneus,7.0,0.0,0.0,1848.0,0.0,0.0,35.0,61.0,13.0,0.0,52.0,351.0,0.0,195.0,0.0,9.0,0.0,11.0,0.0,0.0,0.0,1744.0,1.0,1.0,0.0,422.0,0.0,0.0,1.0,1025.0,17.0,4.0,0.0,1.0,1.0,0.0,0.0,93.0,0.0,0.0,5.0,7.0,0.0,0.0,14.0,14.0,0.0,15.0,0.0,1.0,1.0,0.0,0.0,0.0,0.0,33.0,0.0,0.0,0.0,48.0,0.0,0.0,0.0,25.0,5.0,0.0,0.0,0.0
ctx-lh-entorhinal,0.0,0.0,0.0,0.0,107.0,0.0,80.0,0.0,60.0,2.0,0.0,0.0,0.0,0.0,0.0,4.0,0.0,76.0,0.0,0.0,0.0,0.0,0.0,0.0,0.0,0.0,0.0,0.0,0.0,0.0,18.0,0.0,122.0,0.0,0.0,0.0,0.0,0.0,0.0,0.0,0.0,0.0,0.0,0.0,0.0,0.0,0.0,0.0,0.0,0.0,0.0,0.0,0.0,0.0,0.0,0.0,0.0,0.0,0.0,0.0,0.0,0.0,0.0,0.0,0.0,0.0,0.0,0.0
ctx-lh-frontalpole,0.0,0.0,0.0,0.0,0.0,69.0,0.0,0.0,0.0,2.0,0.0,0.0,65.0,0.0,190.0,0.0,0.0,0.0,0.0,5.0,7.0,0.0,0.0,0.0,0.0,0.0,7.0,189.0,171.0,0.0,0.0,0.0,0.0,0.0,0.0,3.0,0.0,0.0,0.0,1.0,0.0,0.0,0.0,0.0,0.0,0.0,1.0,0.0,1.0,0.0,0.0,0.0,0.0,0.0,0.0,0.0,0.0,0.0,0.0,0.0,0.0,1.0,2.0,0.0,0.0,0.0,0.0,0.0
ctx-lh-fusiform,30.0,0.0,0.0,35.0,80.0,0.0,3334.0,69.0,1420.0,51.0,16.0,1101.0,5.0,1117.0,0.0,169.0,1.0,179.0,0.0,0.0,0.0,106.0,0.0,0.0,0.0,23.0,0.0,1.0,0.0,46.0,125.0,3.0,151.0,11.0,2.0,0.0,0.0,1.0,0.0,0.0,2.0,2.0,0.0,0.0,7.0,2.0,0.0,3.0,0.0,3.0,0.0,1.0,0.0,0.0,0.0,1.0,1.0,0.0,0.0,17.0,0.0,0.0,0.0,2.0,0.0,1.0,0.0,1.0
ctx-lh-inferiorparietal,361.0,0.0,3.0,61.0,0.0,0.0,69.0,4538.0,228.0,41.0,19.0,746.0,0.0,28.0,0.0,468.0,2.0,5.0,10.0,0.0,0.0,16.0,76.0,2.0,39.0,157.0,0.0,1.0,3.0,1324.0,276.0,869.0,2.0,34.0,2.0,1.0,1.0,8.0,0.0,0.0,2.0,13.0,1.0,2.0,21.0,4.0,0.0,6.0,0.0,1.0,0.0,0.0,0.0,0.0,0.0,5.0,2.0,3.0,2.0,43.0,0.0,0.0,1.0,16.0,5.0,4.0,0.0,0.0
ctx-lh-inferiortemporal,352.0,0.0,0.0,13.0,60.0,0.0,1420.0,228.0,4558.0,54.0,9.0,283.0,8.0,125.0,1.0,1733.0,0.0,62.0,1.0,0.0,0.0,14.0,3.0,2.0,1.0,25.0,0.0,0.0,0.0,47.0,441.0,20.0,187.0,13.0,0.0,0.0,0.0,2.0,0.0,0.0,1.0,2.0,0.0,1.0,5.0,2.0,0.0,3.0,0.0,0.0,0.0,0.0,0.0,0.0,0.0,1.0,0.0,0.0,0.0,11.0,0.0,0.0,1.0,6.0,2.0,0.0,0.0,0.0
ctx-lh-insula,21.0,22.0,36.0,0.0,2.0,2.0,51.0,41.0,54.0,1497.0,4.0,14.0,564.0,10.0,44.0,83.0,5.0,7.0,296.0,26.0,124.0,1.0,243.0,5.0,258.0,23.0,14.0,144.0,108.0,71.0,352.0,270.0,37.0,128.0,0.0,12.0,0.0,0.0,0.0,0.0,0.0,1.0,0.0,0.0,1.0,0.0,0.0,0.0,2.0,2.0,2.0,0.0,1.0,1.0,1.0,1.0,2.0,1.0,3.0,15.0,0.0,4.0,22.0,4.0,1.0,0.0,0.0,1.0
ctx-lh-isthmuscingulate,1.0,20.0,0.0,52.0,0.0,0.0,16.0,19.0,9.0,4.0,582.0,13.0,0.0,166.0,0.0,3.0,3.0,53.0,0.0,0.0,0.0,24.0,2.0,388.0,3.0,878.0,1.0,2.0,12.0,54.0,3.0,5.0,0.0,4.0,2.0,1.0,0.0,8.0,0.0,0.0,7.0,11.0,2.0,5.0,100.0,13.0,0.0,13.0,0.0,5.0,4.0,3.0,0.0,0.0,0.0,1.0,1.0,26.0,1.0,126.0,0.0,1.0,4.0,28.0,6.0,4.0,0.0,1.0
ctx-lh-lateraloccipital,49.0,0.0,0.0,351.0,0.0,0.0,1101.0,746.0,283.0,14.0,13.0,7321.0,0.0,883.0,1.0,112.0,0.0,17.0,0.0,0.0,0.0,832.0,1.0,0.0,1.0,56.0,0.0,0.0,0.0,649.0,48.0,14.0,1.0,5.0,1.0,0.0,0.0,6.0,0.0,0.0,3.0,1.0,1.0,1.0,5.0,5.0,0.0,6.0,0.0,1.0,0.0,1.0,0.0,0.0,0.0,1.0,0.0,0.0,0.0,24.0,0.0,0.0,0.0,10.0,0.0,1.0,0.0,0.0
ctx-lh-lateralorbitofrontal,0.0,15.0,0.0,0.0,0.0,65.0,5.0,0.0,8.0,564.0,0.0,0.0,4308.0,1.0,1756.0,3.0,0.0,0.0,28.0,705.0,326.0,0.0,0.0,0.0,1.0,1.0,135.0,664.0,110.0,0.0,17.0,0.0,6.0,0.0,0.0,5.0,0.0,0.0,0.0,0.0,0.0,0.0,0.0,1.0,0.0,0.0,1.0,0.0,7.0,0.0,0.0,0.0,1.0,0.0,1.0,0.0,0.0,1.0,0.0,0.0,4.0,10.0,13.0,0.0,0.0,0.0,0.0,0.0
ctx-lh-lingual,14.0,0.0,0.0,195.0,0.0,0.0,1117.0,28.0,125.0,10.0,166.0,883.0,1.0,5187.0,0.0,20.0,2.0,190.0,0.0,0.0,0.0,1255.0,1.0,1.0,0.0,218.0,0.0,0.0,0.0,61.0,30.0,1.0,1.0,1.0,0.0,0.0,0.0,60.0,0.0,0.0,4.0,9.0,2.0,0.0,10.0,27.0,0.0,266.0,0.0,2.0,0.0,0.0,0.0,0.0,0.0,101.0,0.0,0.0,0.0,41.0,0.0,0.0,0.0,11.0,4.0,1.0,0.0,1.0
ctx-lh-medialorbitofrontal,0.0,10.0,0.0,0.0,0.0,190.0,0.0,0.0,1.0,44.0,0.0,1.0,1756.0,0.0,1513.0,0.0,0.0,0.0,3.0,84.0,18.0,0.0,1.0,0.0,0.0,0.0,608.0,679.0,239.0,0.0,2.0,0.0,2.0,0.0,0.0,10.0,0.0,0.0,0.0,0.0,0.0,0.0,0.0,0.0,0.0,0.0,3.0,0.0,9.0,0.0,0.0,0.0,1.0,3.0,2.0,0.0,0.0,0.0,0.0,0.0,8.0,6.0,11.0,0.0,1.0,0.0,0.0,0.0
ctx-lh-middletemporal,786.0,0.0,1.0,9.0,4.0,0.0,169.0,468.0,1733.0,83.0,3.0,112.0,3.0,20.0,0.0,3309.0,1.0,17.0,1.0,0.0,1.0,10.0,3.0,0.0,4.0,15.0,0.0,0.0,0.0,36.0,1035.0,37.0,132.0,23.0,0.0,0.0,0.0,2.0,0.0,0.0,1.0,1.0,0.0,0.0,6.0,1.0,0.0,2.0,0.0,1.0,0.0,0.0,0.0,0.0,0.0,0.0,1.0,1.0,0.0,10.0,0.0,0.0,0.0,3.0,0.0,0.0,0.0,0.0
ctx-lh-paracentral,0.0,18.0,13.0,0.0,0.0,0.0,1.0,2.0,0.0,5.0,3.0,0.0,0.0,2.0,0.0,1.0,1871.0,0.0,4.0,0.0,1.0,0.0,447.0,215.0,566.0,197.0,0.0,2.0,592.0,117.0,3.0,4.0,0.0,1.0,1.0,5.0,5.0,0.0,0.0,0.0,0.0,2.0,1.0,0.0,5.0,0.0,0.0,0.0,0.0,0.0,22.0,0.0,0.0,0.0,0.0,0.0,10.0,73.0,22.0,25.0,0.0,1.0,46.0,26.0,3.0,1.0,0.0,0.0
ctx-lh-parahippocampal,4.0,0.0,0.0,11.0,76.0,0.0,179.0,5.0,62.0,7.0,53.0,17.0,0.0,190.0,0.0,17.0,0.0,379.0,0.0,0.0,0.0,7.0,1.0,0.0,1.0,15.0,0.0,1.0,0.0,5.0,31.0,1.0,0.0,1.0,0.0,0.0,0.0,1.0,0.0,0.0,0.0,1.0,0.0,0.0,2.0,0.0,0.0,2.0,0.0,0.0,0.0,0.0,0.0,0.0,0.0,0.0,0.0,0.0,0.0,6.0,0.0,0.0,0.0,2.0,0.0,0.0,0.0,0.0
ctx-lh-parsopercularis,3.0,24.0,203.0,0.0,0.0,0.0,0.0,10.0,1.0,296.0,0.0,0.0,28.0,0.0,3.0,1.0,4.0,0.0,1367.0,10.0,537.0,0.0,81.0,9.0,807.0,3.0,11.0,568.0,205.0,14.0,11.0,46.0,0.0,1.0,0.0,9.0,1.0,0.0,0.0,0.0,0.0,0.0,0.0,1.0,0.0,0.0,0.0,0.0,1.0,0.0,0.0,0.0,1.0,0.0,2.0,0.0,2.0,5.0,7.0,2.0,7.0,8.0,25.0,0.0,0.0,0.0,0.0,0.0
ctx-lh-parsorbitalis,0.0,6.0,1.0,0.0,0.0,5.0,0.0,0.0,0.0,26.0,0.0,0.0,705.0,0.0,84.0,0.0,0.0,0.0,10.0,738.0,477.0,0.0,0.0,0.0,1.0,0.0,31.0,446.0,44.0,0.0,0.0,0.0,1.0,0.0,0.0,2.0,1.0,0.0,0.0,0.0,0.0,0.0,0.0,0.0,0.0,0.0,0.0,0.0,2.0,0.0,0.0,0.0,0.0,0.0,0.0,0.0,0.0,0.0,0.0,0.0,1.0,0.0,6.0,0.0,0.0,0.0,0.0,0.0
ctx-lh-parstriangularis,0.0,16.0,13.0,0.0,0.0,7.0,0.0,0.0,0.0,124.0,0.0,0.0,326.0,0.0,18.0,1.0,1.0,0.0,537.0,477.0,1274.0,0.0,3.0,2.0,17.0,3.0,18.0,754.0,125.0,3.0,3.0,1.0,0.0,0.0,0.0,6.0,0.0,0.0,0.0,0.0,0.0,0.0,0.0,0.0,0.0,0.0,2.0,0.0,0.0,0.0,0.0,0.0,1.0,0.0,2.0,0.0,0.0,1.0,0.0,1.0,3.0,6.0,14.0,0.0,0.0,0.0,0.0,0.0
ctx-lh-pericalcarine,3.0,0.0,0.0,1744.0,0.0,0.0,106.0,16.0,14.0,1.0,24.0,832.0,0.0,1255.0,0.0,10.0,0.0,7.0,0.0,0.0,0.0,1663.0,0.0,0.0,0.0,129.0,0.0,0.0,0.0,261.0,7.0,1.0,0.0,5.0,1.0,0.0,0.0,82.0,0.0,0.0,5.0,4.0,0.0,0.0,5.0,17.0,0.0,31.0,0.0,1.0,0.0,1.0,0.0,0.0,0.0,85.0,0.0,1.0,0.0,20.0,0.0,0.0,0.0,12.0,0.0,0.0,0.0,0.0
ctx-lh-postcentral,12.0,2.0,83.0,1.0,0.0,0.0,0.0,76.0,3.0,243.0,2.0,1.0,0.0,1.0,1.0,3.0,447.0,1.0,81.0,0.0,3.0,0.0,7474.0,15.0,2613.0,125.0,0.0,20.0,85.0,954.0,81.0,1279.0,0.0,19.0,1.0,4.0,4.0,0.0,0.0,0.0,0.0,3.0,1.0,2.0,2.0,0.0,0.0,1.0,0.0,1.0,8.0,0.0,0.0,0.0,0.0,0.0,3.0,10.0,6.0,15.0,0.0,0.0,12.0,9.0,2.0,0.0,0.0,1.0
ctx-lh-posteriorcingulate,1.0,352.0,3.0,1.0,0.0,0.0,0.0,2.0,2.0,5.0,388.0,0.0,0.0,1.0,0.0,0.0,215.0,0.0,9.0,0.0,2.0,0.0,15.0,1164.0,38.0,445.0,19.0,9.0,327.0,43.0,4.0,5.0,0.0,1.0,3.0,16.0,6.0,1.0,0.0,0.0,3.0,5.0,0.0,4.0,26.0,0.0,0.0,1.0,1.0,1.0,56.0,0.0,3.0,0.0,0.0,0.0,27.0,157.0,36.0,89.0,1.0,5.0,87.0,43.0,4.0,4.0,0.0,4.0
ctx-lh-precentral,12.0,17.0,1167.0,0.0,0.0,0.0,0.0,39.0,1.0,258.0,3.0,1.0,1.0,0.0,0.0,4.0,566.0,1.0,807.0,1.0,17.0,0.0,2613.0,38.0,7998.0,54.0,0.0,165.0,1216.0,283.0,46.0,467.0,0.0,8.0,0.0,18.0,6.0,1.0,0.0,0.0,0.0,3.0,0.0,5.0,3.0,0.0,1.0,0.0,0.0,1.0,12.0,0.0,3.0,0.0,0.0,0.0,4.0,26.0,19.0,14.0,2.0,1.0,74.0,14.0,0.0,2.0,0.0,1.0
ctx-lh-precuneus,20.0,19.0,1.0,422.0,0.0,0.0,23.0,157.0,25.0,23.0,878.0,56.0,1.0,218.0,0.0,15.0,197.0,15.0,3.0,0.0,3.0,129.0,125.0,445.0,54.0,4614.0,0.0,2.0,32.0,2022.0,53.0,51.0,0.0,19.0,14.0,4.0,1.0,32.0,0.0,0.0,15.0,60.0,10.0,12.0,161.0,33.0,0.0,48.0,0.0,15.0,27.0,1.0,2.0,0.0,0.0,10.0,18.0,92.0,12.0,416.0,0.0,0.0,12.0,145.0,33.0,14.0,0.0,9.0
ctx-lh-rostralanteriorcingulate,1.0,199.0,0.0,0.0,0.0,7.0,0.0,0.0,0.0,14.0,1.0,0.0,135.0,0.0,608.0,0.0,0.0,0.0,11.0,31.0,18.0,0.0,0.0,19.0,0.0,0.0,945.0,134.0,462.0,0.0,1.0,0.0,0.0,0.0,0.0,58.0,2.0,0.0,0.0,1.0,0.0,0.0,0.0,0.0,0.0,0.0,15.0,0.0,20.0,0.0,0.0,0.0,3.0,3.0,6.0,0.0,0.0,2.0,1.0,0.0,29.0,32.0,55.0,0.0,0.0,0.0,0.0,0.0
ctx-lh-rostralmiddlefrontal,0.0,116.0,824.0,0.0,0.0,189.0,1.0,1.0,0.0,144.0,2.0,0.0,664.0,0.0,679.0,0.0,2.0,1.0,568.0,446.0,754.0,0.0,20.0,9.0,165.0,2.0,134.0,8661.0,2428.0,6.0,5.0,11.0,0.0,0.0,0.0,47.0,5.0,0.0,0.0,0.0,0.0,1.0,0.0,4.0,0.0,0.0,4.0,0.0,8.0,0.0,0.0,0.0,7.0,2.0,12.0,0.0,0.0,4.0,4.0,1.0,20.0,33.0,98.0,1.0,0.0,2.0,0.0,0.0
ctx-lh-superiorfrontal,1.0,771.0,929.0,1.0,0.0,171.0,0.0,3.0,0.0,108.0,12.0,0.0,110.0,0.0,239.0,0.0,592.0,0.0,205.0,44.0,125.0,0.0,85.0,327.0,1216.0,32.0,462.0,2428.0,11538.0,42.0,4.0,14.0,1.0,2.0,0.0,178.0,34.0,0.0,0.0,1.0,0.0,3.0,1.0,15.0,0.0,0.0,10.0,1.0,12.0,1.0,25.0,0.0,26.0,9.0,22.0,0.0,13.0,89.0,56.0,10.0,35.0,103.0,453.0,16.0,0.0,1.0,0.0,0.0
ctx-lh-superiorparietal,30.0,1.0,21.0,1025.0,0.0,0.0,46.0,1324.0,47.0,71.0,54.0,649.0,0.0,61.0,0.0,36.0,117.0,5.0,14.0,0.0,3.0,261.0,954.0,43.0,283.0,2022.0,0.0,6.0,42.0,6677.0,109.0,471.0,1.0,27.0,7.0,1.0,1.0,10.0,0.0,0.0,9.0,24.0,5.0,3.0,51.0,14.0,0.0,16.0,0.0,6.0,10.0,3.0,0.0,0.0,0.0,4.0,10.0,36.0,9.0,158.0,0.0,0.0,10.0,60.0,13.0,9.0,0.0,3.0
ctx-lh-superiortemporal,891.0,0.0,0.0,17.0,18.0,0.0,125.0,276.0,441.0,352.0,3.0,48.0,17.0,30.0,2.0,1035.0,3.0,31.0,11.0,0.0,3.0,7.0,81.0,4.0,46.0,53.0,1.0,5.0,4.0,109.0,4477.0,810.0,284.0,528.0,0.0,1.0,1.0,1.0,0.0,0.0,0.0,8.0,1.0,0.0,6.0,3.0,0.0,3.0,0.0,1.0,2.0,0.0,0.0,0.0,0.0,2.0,0.0,2.0,0.0,27.0,0.0,0.0,0.0,18.0,1.0,2.0,0.0,2.0
ctx-lh-supramarginal,218.0,2.0,23.0,4.0,0.0,0.0,3.0,869.0,20.0,270.0,5.0,14.0,0.0,1.0,0.0,37.0,4.0,1.0,46.0,0.0,1.0,1.0,1279.0,5.0,467.0,51.0,0.0,11.0,14.0,471.0,810.0,6514.0,0.0,68.0,0.0,0.0,0.0,1.0,0.0,0.0,1.0,1.0,1.0,0.0,6.0,3.0,0.0,2.0,0.0,1.0,2.0,0.0,0.0,0.0,0.0,0.0,1.0,7.0,4.0,24.0,0.0,0.0,2.0,14.0,2.0,2.0,0.0,1.0
ctx-lh-temporalpole,0.0,0.0,0.0,0.0,122.0,0.0,151.0,2.0,187.0,37.0,0.0,1.0,6.0,1.0,2.0,132.0,0.0,0.0,0.0,1.0,0.0,0.0,0.0,0.0,0.0,0.0,0.0,0.0,1.0,1.0,284.0,0.0,333.0,1.0,0.0,0.0,0.0,0.0,0.0,0.0,0.0,0.0,0.0,0.0,0.0,0.0,0.0,0.0,0.0,0.0,0.0,0.0,0.0,0.0,0.0,0.0,0.0,0.0,0.0,0.0,0.0,0.0,0.0,0.0,0.0,0.0,0.0,0.0
ctx-lh-transversetemporal,27.0,0.0,0.0,1.0,0.0,0.0,11.0,34.0,13.0,128.0,4.0,5.0,0.0,1.0,0.0,23.0,1.0,1.0,1.0,0.0,0.0,5.0,19.0,1.0,8.0,19.0,0.0,0.0,2.0,27.0,528.0,68.0,1.0,506.0,0.0,0.0,0.0,0.0,0.0,0.0,0.0,0.0,0.0,0.0,3.0,1.0,0.0,2.0,0.0,2.0,0.0,0.0,0.0,0.0,0.0,0.0,1.0,1.0,1.0,12.0,0.0,0.0,0.0,6.0,0.0,0.0,0.0,0.0
ctx-rh-bankssts,1.0,1.0,0.0,1.0,0.0,0.0,2.0,2.0,0.0,0.0,2.0,1.0,0.0,0.0,0.0,0.0,1.0,0.0,0.0,0.0,0.0,1.0,1.0,3.0,0.0,14.0,0.0,0.0,0.0,7.0,0.0,0.0,0.0,0.0,830.0,0.0,1.0,3.0,0.0,0.0,25.0,415.0,158.0,25.0,5.0,16.0,0.0,12.0,0.0,828.0,0.0,6.0,5.0,0.0,0.0,2.0,31.0,2.0,28.0,12.0,0.0,1.0,1.0,41.0,620.0,473.0,1.0,16.0
ctx-rh-caudalanteriorcingulate,0.0,75.0,9.0,0.0,0.0,3.0,0.0,1.0,0.0,12.0,1.0,0.0,5.0,0.0,10.0,0.0,5.0,0.0,9.0,2.0,6.0,0.0,4.0,16.0,18.0,4.0,58.0,47.0,178.0,1.0,1.0,0.0,0.0,0.0,0.0,558.0,31.0,0.0,0.0,2.0,0.0,0.0,1.0,13.0,11.0,0.0,18.0,0.0,29.0,0.0,24.0,0.0,24.0,12.0,29.0,0.0,5.0,315.0,23.0,11.0,221.0,127.0,947.0,7.0,0.0,0.0,0.0,0.0
ctx-rh-caudalmiddlefrontal,0.0,10.0,6.0,0.0,0.0,0.0,0.0,1.0,0.0,0.0,0.0,0.0,0.0,0.0,0.0,0.0,5.0,0.0,1.0,1.0,0.0,0.0,4.0,6.0,6.0,1.0,2.0,5.0,34.0,1.0,1.0,0.0,0.0,0.0,1.0,31.0,2128.0,0.0,0.0,0.0,0.0,7.0,1.0,20.0,0.0,0.0,2.0,0.0,0.0,1.0,12.0,0.0,211.0,3.0,20.0,0.0,75.0,6.0,1088.0,2.0,1.0,988.0,759.0,32.0,0.0,35.0,0.0,0.0
ctx-rh-cuneus,0.0,0.0,0.0,93.0,0.0,0.0,1.0,8.0,2.0,0.0,8.0,6.0,0.0,60.0,0.0,2.0,0.0,1.0,0.0,0.0,0.0,82.0,0.0,1.0,1.0,32.0,0.0,0.0,0.0,10.0,1.0,1.0,0.0,0.0,3.0,0.0,0.0,2091.0,0.0,0.0,28.0,42.0,8.0,0.0,55.0,728.0,0.0,233.0,0.0,14.0,0.0,1.0,0.0,0.0,0.0,1718.0,0.0,0.0,0.0,452.0,0.0,0.0,0.0,492.0,3.0,2.0,0.0,1.0
ctx-rh-entorhinal,0.0,0.0,0.0,0.0,0.0,0.0,0.0,0.0,0.0,0.0,0.0,0.0,0.0,0.0,0.0,0.0,0.0,0.0,0.0,0.0,0.0,0.0,0.0,0.0,0.0,0.0,0.0,0.0,0.0,0.0,0.0,0.0,0.0,0.0,0.0,0.0,0.0,0.0,258.0,0.0,93.0,0.0,89.0,1.0,0.0,0.0,0.0,1.0,0.0,6.0,0.0,79.0,0.0,0.0,0.0,0.0,0.0,0.0,0.0,0.0,0.0,0.0,0.0,0.0,4.0,0.0,107.0,0.0
ctx-rh-frontalpole,0.0,0.0,0.0,0.0,0.0,1.0,0.0,0.0,0.0,0.0,0.0,0.0,0.0,0.0,0.0,0.0,0.0,0.0,0.0,0.0,0.0,0.0,0.0,0.0,0.0,0.0,1.0,0.0,1.0,0.0,0.0,0.0,0.0,0.0,0.0,2.0,0.0,0.0,0.0,33.0,0.0,0.0,0.0,0.0,0.0,0.0,49.0,0.0,223.0,0.0,0.0,0.0,1.0,6.0,0.0,0.0,0.0,0.0,0.0,0.0,1.0,166.0,49.0,0.0,0.0,0.0,0.0,0.0
ctx-rh-fusiform,1.0,0.0,0.0,5.0,0.0,0.0,2.0,2.0,1.0,0.0,7.0,3.0,0.0,4.0,0.0,1.0,0.0,0.0,0.0,0.0,0.0,5.0,0.0,3.0,0.0,15.0,0.0,0.0,0.0,9.0,0.0,1.0,0.0,0.0,25.0,0.0,0.0,28.0,93.0,0.0,3535.0,87.0,1585.0,16.0,25.0,1141.0,4.0,797.0,1.0,246.0,0.0,194.0,0.0,0.0,0.0,92.0,3.0,1.0,1.0,29.0,0.0,1.0,0.0,33.0,76.0,12.0,89.0,3.0
ctx-rh-inferiorparietal,1.0,1.0,0.0,7.0,0.0,0.0,2.0,13.0,2.0,1.0,11.0,1.0,0.0,9.0,0.0,1.0,2.0,1.0,0.0,0.0,0.0,4.0,3.0,5.0,3.0,60.0,0.0,1.0,3.0,24.0,8.0,1.0,0.0,0.0,415.0,0.0,7.0,42.0,0.0,0.0,87.0,6113.0,310.0,41.0,32.0,588.0,1.0,36.0,0.0,697.0,2.0,4.0,20.0,0.0,1.0,12.0,136.0,4.0,112.0,202.0,0.0,8.0,4.0,1321.0,136.0,1132.0,0.0,41.0
ctx-rh-inferiortemporal,0.0,0.0,0.0,0.0,0.0,0.0,0.0,1.0,0.0,0.0,2.0,1.0,0.0,2.0,0.0,0.0,1.0,0.0,0.0,0.0,0.0,0.0,1.0,0.0,0.0,10.0,0.0,0.0,1.0,5.0,1.0,1.0,0.0,0.0,158.0,1.0,1.0,8.0,89.0,0.0,1585.0,310.0,3839.0,53.0,6.0,242.0,6.0,120.0,2.0,1902.0,0.0,75.0,0.0,0.0,0.0,17.0,8.0,2.0,3.0,26.0,1.0,2.0,0.0,43.0,348.0,32.0,270.0,6.0
ctx-rh-insula,0.0,5.0,0.0,0.0,0.0,0.0,0.0,2.0,1.0,0.0,5.0,1.0,1.0,0.0,0.0,0.0,0.0,0.0,1.0,0.0,0.0,0.0,2.0,4.0,5.0,12.0,0.0,4.0,15.0,3.0,0.0,0.0,0.0,0.0,25.0,13.0,20.0,0.0,1.0,0.0,16.0,41.0,53.0,1400.0,5.0,1.0,350.0,7.0,37.0,81.0,6.0,6.0,203.0,20.0,151.0,1.0,241.0,5.0,268.0,13.0,7.0,81.0,79.0,64.0,262.0,279.0,22.0,89.0
ctx-rh-isthmuscingulate,3.0,1.0,0.0,14.0,0.0,0.0,7.0,21.0,5.0,1.0,100.0,5.0,0.0,10.0,0.0,6.0,5.0,2.0,0.0,0.0,0.0,5.0,2.0,26.0,3.0,161.0,0.0,0.0,0.0,51.0,6.0,6.0,0.0,3.0,5.0,11.0,0.0,55.0,0.0,0.0,25.0,32.0,6.0,5.0,777.0,26.0,0.0,166.0,0.0,10.0,19.0,56.0,0.0,0.0,0.0,33.0,2.0,389.0,2.0,1161.0,0.0,0.0,18.0,67.0,9.0,3.0,0.0,3.0
ctx-rh-lateraloccipital,1.0,0.0,0.0,14.0,0.0,0.0,2.0,4.0,2.0,0.0,13.0,5.0,0.0,27.0,0.0,1.0,0.0,0.0,0.0,0.0,0.0,17.0,0.0,0.0,0.0,33.0,0.0,0.0,0.0,14.0,3.0,3.0,0.0,1.0,16.0,0.0,0.0,728.0,0.0,0.0,1141.0,588.0,242.0,1.0,26.0,7047.0,0.0,1030.0,1.0,139.0,1.0,8.0,2.0,0.0,0.0,1181.0,2.0,0.0,0.0,102.0,0.0,0.0,2.0,572.0,31.0,8.0,1.0,2.0
ctx-rh-lateralorbitofrontal,0.0,3.0,0.0,0.0,0.0,1.0,0.0,0.0,0.0,0.0,0.0,0.0,1.0,0.0,3.0,0.0,0.0,0.0,0.0,0.0,2.0,0.0,0.0,0.0,1.0,0.0,15.0,4.0,10.0,0.0,0.0,0.0,0.0,0.0,0.0,18.0,2.0,0.0,0.0,49.0,4.0,1.0,6.0,350.0,0.0,0.0,3360.0,0.0,2254.0,5.0,0.0,0.0,17.0,532.0,260.0,0.0,0.0,0.0,1.0,0.0,140.0,641.0,84.0,1.0,6.0,1.0,2.0,0.0
ctx-rh-lingual,0.0,0.0,0.0,15.0,0.0,0.0,3.0,6.0,3.0,0.0,13.0,6.0,0.0,266.0,0.0,2.0,0.0,2.0,0.0,0.0,0.0,31.0,1.0,1.0,0.0,48.0,0.0,0.0,1.0,16.0,3.0,2.0,0.0,2.0,12.0,0.0,0.0,233.0,1.0,0.0,797.0,36.0,120.0,7.0,166.0,1030.0,0.0,5098.0,0.0,63.0,0.0,158.0,0.0,0.0,1.0,1544.0,1.0,0.0,0.0,173.0,0.0,0.0,0.0,42.0,26.0,4.0,1.0,2.0
ctx-rh-medialorbitofrontal,0.0,3.0,0.0,0.0,0.0,1.0,0.0,0.0,0.0,2.0,0.0,0.0,7.0,0.0,9.0,0.0,0.0,0.0,1.0,2.0,0.0,0.0,0.0,1.0,0.0,0.0,20.0,8.0,12.0,0.0,0.0,0.0,0.0,0.0,0.0,29.0,0.0,0.0,0.0,223.0,1.0,0.0,2.0,37.0,0.0,1.0,2254.0,0.0,1688.0,0.0,0.0,0.0,9.0,154.0,68.0,0.0,0.0,0.0,0.0,0.0,471.0,810.0,347.0,0.0,1.0,1.0,0.0,1.0
ctx-rh-middletemporal,1.0,0.0,0.0,1.0,0.0,0.0,3.0,1.0,0.0,2.0,5.0,1.0,0.0,2.0,0.0,1.0,0.0,0.0,0.0,0.0,0.0,1.0,1.0,1.0,1.0,15.0,0.0,0.0,1.0,6.0,1.0,1.0,0.0,2.0,828.0,0.0,1.0,14.0,6.0,0.0,246.0,697.0,1902.0,81.0,10.0,139.0,5.0,63.0,0.0,4423.0,0.0,29.0,4.0,1.0,0.0,10.0,17.0,4.0,6.0,30.0,0.0,0.0,4.0,43.0,940.0,74.0,91.0,20.0
ctx-rh-paracentral,0.0,6.0,1.0,1.0,0.0,0.0,0.0,0.0,0.0,2.0,4.0,0.0,0.0,0.0,0.0,0.0,22.0,0.0,0.0,0.0,0.0,0.0,8.0,56.0,12.0,27.0,0.0,0.0,25.0,10.0,2.0,2.0,0.0,0.0,0.0,24.0,12.0,0.0,0.0,0.0,0.0,2.0,0.0,6.0,19.0,1.0,0.0,0.0,0.0,0.0,1773.0,0.0,1.0,1.0,2.0,0.0,317.0,388.0,456.0,443.0,0.0,1.0,571.0,208.0,0.0,3.0,0.0,1.0
ctx-rh-parahippocampal,0.0,0.0,0.0,0.0,0.0,0.0,1.0,0.0,0.0,0.0,3.0,1.0,0.0,0.0,0.0,0.0,0.0,0.0,0.0,0.0,0.0,1.0,0.0,0.0,0.0,1.0,0.0,0.0,0.0,3.0,0.0,0.0,0.0,0.0,6.0,0.0,0.0,1.0,79.0,0.0,194.0,4.0,75.0,6.0,56.0,8.0,0.0,158.0,0.0,29.0,0.0,356.0,0.0,0.0,0.0,2.0,0.0,0.0,0.0,10.0,0.0,0.0,0.0,5.0,11.0,1.0,4.0,0.0
ctx-rh-parsopercularis,0.0,9.0,3.0,0.0,0.0,0.0,0.0,0.0,0.0,1.0,0.0,0.0,1.0,0.0,1.0,0.0,0.0,0.0,1.0,0.0,1.0,0.0,0.0,3.0,3.0,2.0,3.0,7.0,26.0,0.0,0.0,0.0,0.0,0.0,5.0,24.0,211.0,0.0,0.0,1.0,0.0,20.0,0.0,203.0,0.0,2.0,17.0,0.0,9.0,4.0,1.0,0.0,1235.0,11.0,546.0,0.0,88.0,4.0,635.0,2.0,3.0,689.0,185.0,9.0,6.0,55.0,0.0,3.0
ctx-rh-parsorbitalis,0.0,1.0,0.0,0.0,0.0,0.0,0.0,0.0,0.0,1.0,0.0,0.0,0.0,0.0,3.0,0.0,0.0,0.0,0.0,0.0,0.0,0.0,0.0,0.0,0.0,0.0,3.0,2.0,9.0,0.0,0.0,0.0,0.0,0.0,0.0,12.0,3.0,0.0,0.0,6.0,0.0,0.0,0.0,20.0,0.0,0.0,532.0,0.0,154.0,1.0,1.0,0.0,11.0,627.0,491.0,0.0,0.0,0.0,2.0,0.0,28.0,485.0,48.0,0.0,0.0,0.0,0.0,1.0
ctx-rh-parstriangularis,0.0,6.0,3.0,0.0,0.0,0.0,0.0,0.0,0.0,1.0,0.0,0.0,1.0,0.0,2.0,0.0,0.0,0.0,2.0,0.0,2.0,0.0,0.0,0.0,0.0,0.0,6.0,12.0,22.0,0.0,0.0,0.0,0.0,0.0,0.0,29.0,20.0,0.0,0.0,0.0,0.0,1.0,0.0,151.0,0.0,0.0,260.0,1.0,68.0,0.0,2.0,0.0,546.0,491.0,1522.0,0.0,8.0,0.0,42.0,0.0,25.0,994.0,171.0,2.0,2.0,6.0,0.0,0.0
ctx-rh-pericalcarine,1.0,0.0,0.0,33.0,0.0,0.0,1.0,5.0,1.0,1.0,1.0,1.0,0.0,101.0,0.0,0.0,0.0,0.0,0.0,0.0,0.0,85.0,0.0,0.0,0.0,10.0,0.0,0.0,0.0,4.0,2.0,0.0,0.0,0.0,2.0,0.0,0.0,1718.0,0.0,0.0,92.0,12.0,17.0,1.0,33.0,1181.0,0.0,1544.0,0.0,10.0,0.0,2.0,0.0,0.0,0.0,1670.0,0.0,1.0,0.0,118.0,0.0,0.0,0.0,83.0,6.0,2.0,0.0,2.0
ctx-rh-postcentral,0.0,3.0,0.0,0.0,0.0,0.0,1.0,2.0,0.0,2.0,1.0,0.0,0.0,0.0,0.0,1.0,10.0,0.0,2.0,0.0,0.0,0.0,3.0,27.0,4.0,18.0,0.0,0.0,13.0,10.0,0.0,1.0,0.0,1.0,31.0,5.0,75.0,0.0,0.0,0.0,3.0,136.0,8.0,241.0,2.0,2.0,0.0,1.0,0.0,17.0,317.0,0.0,88.0,0.0,8.0,0.0,5994.0,17.0,2092.0,80.0,0.0,26.0,95.0,972.0,60.0,1369.0,0.0,11.0
ctx-rh-posteriorcingulate,0.0,20.0,5.0,0.0,0.0,0.0,0.0,3.0,0.0,1.0,26.0,0.0,1.0,0.0,0.0,1.0,73.0,0.0,5.0,0.0,1.0,1.0,10.0,157.0,26.0,92.0,2.0,4.0,89.0,36.0,2.0,7.0,0.0,1.0,2.0,315.0,6.0,0.0,0.0,0.0,1.0,4.0,2.0,5.0,389.0,0.0,0.0,0.0,0.0,4.0,388.0,0.0,4.0,0.0,0.0,1.0,17.0,1491.0,69.0,540.0,4.0,11.0,535.0,93.0,3.0,8.0,0.0,3.0
ctx-rh-precentral,1.0,13.0,6.0,0.0,0.0,0.0,0.0,2.0,0.0,3.0,1.0,0.0,0.0,0.0,0.0,0.0,22.0,0.0,7.0,0.0,0.0,0.0,6.0,36.0,19.0,12.0,1.0,4.0,56.0,9.0,0.0,4.0,0.0,1.0,28.0,23.0,1088.0,0.0,0.0,0.0,1.0,112.0,3.0,268.0,2.0,0.0,1.0,0.0,0.0,6.0,456.0,0.0,635.0,2.0,42.0,0.0,2092.0,69.0,7396.0,61.0,0.0,222.0,1173.0,346.0,30.0,439.0,0.0,8.0
ctx-rh-precuneus,9.0,3.0,3.0,48.0,0.0,0.0,17.0,43.0,11.0,15.0,126.0,24.0,0.0,41.0,0.0,10.0,25.0,6.0,2.0,0.0,1.0,20.0,15.0,89.0,14.0,416.0,0.0,1.0,10.0,158.0,27.0,24.0,0.0,12.0,12.0,11.0,2.0,452.0,0.0,0.0,29.0,202.0,26.0,13.0,1161.0,102.0,0.0,173.0,0.0,30.0,443.0,10.0,2.0,0.0,0.0,118.0,80.0,540.0,61.0,4381.0,0.0,1.0,66.0,1596.0,36.0,31.0,1.0,14.0
ctx-rh-rostralanteriorcingulate,0.0,18.0,1.0,0.0,0.0,0.0,0.0,0.0,0.0,0.0,0.0,0.0,4.0,0.0,8.0,0.0,0.0,0.0,7.0,1.0,3.0,0.0,0.0,1.0,2.0,0.0,29.0,20.0,35.0,0.0,0.0,0.0,0.0,0.0,0.0,221.0,1.0,0.0,0.0,1.0,0.0,0.0,1.0,7.0,0.0,0.0,140.0,0.0,471.0,0.0,0.0,0.0,3.0,28.0,25.0,0.0,0.0,4.0,0.0,0.0,646.0,86.0,271.0,0.0,0.0,0.0,0.0,0.0
ctx-rh-rostralmiddlefrontal,0.0,25.0,8.0,0.0,0.0,1.0,0.0,0.0,0.0,4.0,1.0,0.0,10.0,0.0,6.0,0.0,1.0,0.0,8.0,0.0,6.0,0.0,0.0,5.0,1.0,0.0,32.0,33.0,103.0,0.0,0.0,0.0,0.0,0.0,1.0,127.0,988.0,0.0,0.0,166.0,1.0,8.0,2.0,81.0,0.0,0.0,641.0,0.0,810.0,0.0,1.0,0.0,689.0,485.0,994.0,0.0,26.0,11.0,222.0,1.0,86.0,7373.0,2203.0,11.0,1.0,24.0,0.0,0.0
ctx-rh-superiorfrontal,0.0,183.0,27.0,0.0,0.0,2.0,0.0,1.0,1.0,22.0,4.0,0.0,13.0,0.0,11.0,0.0,46.0,0.0,25.0,6.0,14.0,0.0,12.0,87.0,74.0,12.0,55.0,98.0,453.0,10.0,0.0,2.0,0.0,0.0,1.0,947.0,759.0,0.0,0.0,49.0,0.0,4.0,0.0,79.0,18.0,2.0,84.0,0.0,347.0,4.0,571.0,0.0,185.0,48.0,171.0,0.0,95.0,535.0,1173.0,66.0,271.0,2203.0,10350.0,66.0,1.0,14.0,0.0,0.0
ctx-rh-superiorparietal,1.0,2.0,0.0,25.0,0.0,0.0,2.0,16.0,6.0,4.0,28.0,10.0,0.0,11.0,0.0,3.0,26.0,2.0,0.0,0.0,0.0,12.0,9.0,43.0,14.0,145.0,0.0,1.0,16.0,60.0,18.0,14.0,0.0,6.0,41.0,7.0,32.0,492.0,0.0,0.0,33.0,1321.0,43.0,64.0,67.0,572.0,1.0,42.0,0.0,43.0,208.0,5.0,9.0,0.0,2.0,83.0,972.0,93.0,346.0,1596.0,0.0,11.0,66.0,7178.0,66.0,505.0,1.0,23.0
ctx-rh-superiortemporal,1.0,0.0,0.0,5.0,0.0,0.0,0.0,5.0,2.0,1.0,6.0,0.0,0.0,4.0,1.0,0.0,3.0,0.0,0.0,0.0,0.0,0.0,2.0,4.0,0.0,33.0,0.0,0.0,0.0,13.0,1.0,2.0,0.0,0.0,620.0,0.0,0.0,3.0,4.0,0.0,76.0,136.0,348.0,262.0,9.0,31.0,6.0,26.0,1.0,940.0,0.0,11.0,6.0,0.0,2.0,6.0,60.0,3.0,30.0,36.0,0.0,1.0,1.0,66.0,4249.0,482.0,202.0,410.0
ctx-rh-supramarginal,0.0,1.0,0.0,0.0,0.0,0.0,1.0,4.0,0.0,0.0,4.0,1.0,0.0,1.0,0.0,0.0,1.0,0.0,0.0,0.0,0.0,0.0,0.0,4.0,2.0,14.0,0.0,2.0,1.0,9.0,2.0,2.0,0.0,0.0,473.0,0.0,35.0,2.0,0.0,0.0,12.0,1132.0,32.0,279.0,3.0,8.0,1.0,4.0,1.0,74.0,3.0,1.0,55.0,0.0,6.0,2.0,1369.0,8.0,439.0,31.0,0.0,24.0,14.0,505.0,482.0,5016.0,0.0,62.0
ctx-rh-temporalpole,0.0,0.0,0.0,0.0,0.0,0.0,0.0,0.0,0.0,0.0,0.0,0.0,0.0,0.0,0.0,0.0,0.0,0.0,0.0,0.0,0.0,0.0,0.0,0.0,0.0,0.0,0.0,0.0,0.0,0.0,0.0,0.0,0.0,0.0,1.0,0.0,0.0,0.0,107.0,0.0,89.0,0.0,270.0,22.0,0.0,1.0,2.0,1.0,0.0,91.0,0.0,4.0,0.0,0.0,0.0,0.0,0.0,0.0,0.0,1.0,0.0,0.0,0.0,1.0,202.0,0.0,379.0,0.0
ctx-rh-transversetemporal,0.0,0.0,0.0,0.0,0.0,0.0,1.0,0.0,0.0,1.0,1.0,0.0,0.0,1.0,0.0,0.0,0.0,0.0,0.0,0.0,0.0,0.0,1.0,4.0,1.0,9.0,0.0,0.0,0.0,3.0,2.0,1.0,0.0,0.0,16.0,0.0,0.0,1.0,0.0,0.0,3.0,41.0,6.0,89.0,3.0,2.0,0.0,2.0,1.0,20.0,1.0,0.0,3.0,1.0,0.0,2.0,11.0,3.0,8.0,14.0,0.0,0.0,0.0,23.0,410.0,62.0,0.0,213.0
