,ctx-lh-bankssts,ctx-lh-caudalanteriorcingulate,ctx-lh-caudalmiddlefrontal,ctx-lh-cuneus,ctx-lh-entorhinal,ctx-lh-frontalpole,ctx-lh-fusiform,ctx-lh-inferiorparietal,ctx-lh-inferiortemporal,ctx-lh-insula,ctx-lh-isthmuscingulate,ctx-lh-lateraloccipital,ctx-lh-lateralorbitofrontal,ctx-lh-lingual,ctx-lh-medialorbitofrontal,ctx-lh-middletemporal,ctx-lh-paracentral,ctx-lh-parahippocampal,ctx-lh-parsopercularis,ctx-lh-parsorbitalis,ctx-lh-parstriangularis,ctx-lh-pericalcarine,ctx-lh-postcentral,ctx-lh-posteriorcingulate,ctx-lh-precentral,ctx-lh-precuneus,ctx-lh-rostralanteriorcingulate,ctx-lh-rostralmiddlefrontal,ctx-lh-superiorfrontal,ctx-lh-superiorparietal,ctx-lh-superiortemporal,ctx-lh-supramarginal,ctx-lh-temporalpole,ctx-lh-transversetemporal,ctx-rh-bankssts,ctx-rh-caudalanteriorcingulate,ctx-rh-caudalmiddlefrontal,ctx-rh-cuneus,ctx-rh-entorhinal,ctx-rh-frontalpole,ctx-rh-fusiform,ctx-rh-inferiorparietal,ctx-rh-inferiortemporal,ctx-rh-insula,ctx-rh-isthmuscingulate,ctx-rh-lateraloccipital,ctx-rh-lateralorbitofrontal,ctx-rh-lingual,ctx-rh-medialorbitofrontal,ctx-rh-middletemporal,ctx-rh-paracentral,ctx-rh-parahippocampal,ctx-rh-parsopercularis,ctx-rh-parsorbitalis,ctx-rh-parstriangularis,ctx-rh-pericalcarine,ctx-rh-postcentral,ctx-rh-posteriorcingulate,ctx-rh-precentral,ctx-rh-precuneus,ctx-rh-rostralanteriorcingulate,ctx-rh-rostralmiddlefrontal,ctx-rh-superiorfrontal,ctx-rh-superiorparietal,ctx-rh-superiortemporal,ctx-rh-supramarginal,ctx-rh-temporalpole,ctx-rh-transversetemporal
ctx-lh-bankssts,763.0,0.0,2.0,3.0,0.0,0.0,45.0,524.0,408.0,41.0,9.0,36.0,0.0,22.0,0.0,946.0,0.0,1.0,0.0,0.0,0.0,2.0,31.0,3.0,12.0,19.0,0.0,1.0,1.0,39.0,1252.0,262.0,0.0,45.0,0.0,0.0,0.0,0.0,0.0,0.0,1.0,0.0,0.0,0.0,5.0,0.0,0.0,1.0,0.0,0.0,1.0,0.0,0.0,0.0,0.0,0.0,0.0,0.0,0.0,1.0,0.0,0.0,0.0,1.0,0.0,0.0,0.0,0.0
ctx-lh-caudalanteriorcingulate,0.0,384.0,91.0,0.0,0.0,0.0,0.0,1.0,0.0,33.0,2.0,0.0,21.0,0.0,14.0,1.0,50.0,0.0,44.0,4.0,18.0,0.0,13.0,215.0,52.0,14.0,192.0,149.0,720.0,5.0,2.0,1.0,0.0,0.0,0.0,108.0,22.0,0.0,0.0,0.0,0.0,0.0,0.0,11.0,1.0,0.0,4.0,0.0,3.0,0.0,7.0,0.0,8.0,1.0,9.0,0.0,2.0,39.0,17.0,4.0,13.0,77.0,100.0,2.0,0.0,3.0,0.0,0.0
ctx-lh-caudalmiddlefrontal,2.0,91.0,3013.0,0.0,0.0,0.0,0.0,9.0,1.0,103.0,2.0,0.0,4.0,0.0,1.0,0.0,65.0,0.0,215.0,2.0,20.0,0.0,87.0,47.0,1407.0,11.0,6.0,1124.0,1132.0,25.0,17.0,42.0,0.0,2.0,0.0,35.0,4.0,0.0,0.0,0.0,0.0,0.0,0.0,2.0,0.0,0.0,2.0,0.0,0.0,0.0,2.0,0.0,3.0,0.0,1.0,0.0,1.0,19.0,9.0,1.0,0.0,10.0,40.0,0.0,0.0,1.0,0.0,0.0
ctx-lh-cuneus,3.0,0.0,0.0,1411.0,1.0,0.0,39.0,56.0,10.0,4.0,21.0,307.0,0.0,504.0,0.0,4.0,0.0,0.0,0.0,0.0,0.0,1799.0,2.0,6.0,0.0,231.0,0.0,0.0,0.0,897.0,11.0,1.0,0.0,7.0,0.0,0.0,0.0,11.0,0.0,0.0,2.0,1.0,0.0,0.0,9.0,3.0,0.0,3.0,0.0,0.0,0.0,0.0,0.0,0.0,0.0,18.0,0.0,2.0,1.0,20.0,0.0,0.0,0.0,2.0,1.0,0.0,0.0,1.0
ctx-lh-entorhinal,0.0,0.0,0.0,1.0,152.0,0.0,164.0,0.0,191.0,2.0,2.0,0.0,0.0,0.0,0.0,24.0,0.0,235.0,0.0,0.0,0.0,0.0,0.0,0.0,0.0,0.0,0.0,0.0,0.0,0.0,24.0,0.0,155.0,0.0,0.0,0.0,0.0,0.0,0.0,0.0,0.0,0.0,0.0,0.0,0.0,0.0,0.0,0.0,0.0,0.0,0.0,0.0,0.0,0.0,0.0,0.0,0.0,0.0,0.0,0.0,0.0,0.0,0.0,0.0,0.0,0.0,0.0,0.0
ctx-lh-frontalpole,0.0,0.0,0.0,0.0,0.0,82.0,0.0,0.0,0.0,1.0,0.0,0.0,57.0,0.0,201.0,0.0,0.0,0.0,0.0,2.0,0.0,0.0,0.0,0.0,0.0,0.0,4.0,149.0,106.0,0.0,0.0,0.0,0.0,0.0,0.0,0.0,0.0,0.0,0.0,0.0,0.0,0.0,0.0,0.0,0.0,0.0,0.0,0.0,0.0,0.0,0.0,0.0,0.0,0.0,0.0,0.0,0.0,0.0,0.0,0.0,0.0,1.0,0.0,0.0,0.0,0.0,0.0,0.0
ctx-lh-fusiform,45.0,0.0,0.0,39.0,164.0,0.0,3101.0,214.0,1583.0,92.0,19.0,1323.0,5.0,616.0,0.0,220.0,0.0,240.0,0.0,0.0,0.0,60.0,2.0,7.0,2.0,61.0,0.0,0.0,0.0,107.0,196.0,10.0,180.0,21.0,1.0,1.0,0.0,2.0,0.0,0.0,1.0,0.0,0.0,1.0,3.0,1.0,0.0,4.0,0.0,1.0,1.0,0.0,0.0,0.0,0.0,1.0,0.0,0.0,0.0,20.0,0.0,0.0,0.0,3.0,1.0,0.0,0.0,0.0
ctx-lh-inferiorparietal,524.0,1.0,9.0,56.0,0.0,0.0,214.0,5991.0,518.0,59.0,32.0,1089.0,0.0,78.0,0.0,460.0,2.0,2.0,0.0,0.0,0.0,37.0,184.0,46.0,51.0,226.0,0.0,1.0,3.0,1723.0,413.0,988.0,0.0,46.0,0.0,1.0,0.0,1.0,0.0,0.0,2.0,1.0,0.0,2.0,12.0,1.0,0.0,2.0,0.0,1.0,1.0,0.0,0.0,0.0,0.0,0.0,1.0,5.0,0.0,14.0,0.0,0.0,0.0,5.0,0.0,1.0,0.0,0.0
ctx-lh-inferiortemporal,408.0,0.0,1.0,10.0,191.0,0.0,1583.0,518.0,3544.0,126.0,8.0,289.0,3.0,91.0,0.0,2645.0,1.0,58.0,0.0,0.0,0.0,9.0,14.0,8.0,7.0,24.0,0.0,0.0,0.0,69.0,481.0,34.0,241.0,32.0,0.0,0.0,0.0,0.0,0.0,0.0,0.0,0.0,0.0,0.0,4.0,1.0,0.0,1.0,0.0,0.0,0.0,1.0,0.0,0.0,0.0,0.0,0.0,1.0,0.0,3.0,0.0,0.0,0.0,0.0,1.0,0.0,0.0,0.0
ctx-lh-insula,41.0,33.0,103.0,4.0,2.0,1.0,92.0,59.0,126.0,1398.0,7.0,23.0,435.0,49.0,19.0,123.0,21.0,5.0,415.0,10.0,164.0,6.0,271.0,50.0,482.0,45.0,25.0,236.0,143.0,56.0,358.0,173.0,10.0,88.0,1.0,18.0,4.0,0.0,0.0,0.0,1.0,0.0,0.0,2.0,4.0,0.0,0.0,2.0,2.0,0.0,2.0,0.0,0.0,0.0,0.0,1.0,0.0,8.0,4.0,10.0,3.0,10.0,23.0,5.0,1.0,0.0,0.0,1.0
ctx-lh-isthmuscingulate,9.0,2.0,2.0,21.0,2.0,0.0,19.0,32.0,8.0,7.0,482.0,14.0,0.0,159.0,0.0,5.0,7.0,56.0,0.0,0.0,0.0,35.0,18.0,382.0,6.0,724.0,0.0,0.0,2.0,67.0,19.0,11.0,0.0,10.0,3.0,1.0,1.0,0.0,0.0,0.0,6.0,5.0,0.0,4.0,42.0,6.0,0.0,21.0,0.0,2.0,1.0,0.0,0.0,0.0,0.0,6.0,2.0,22.0,4.0,100.0,0.0,0.0,0.0,23.0,3.0,2.0,0.0,1.0
ctx-lh-lateraloccipital,36.0,0.0,0.0,307.0,0.0,0.0,1323.0,1089.0,289.0,23.0,14.0,5210.0,0.0,478.0,0.0,73.0,0.0,2.0,0.0,0.0,0.0,520.0,4.0,4.0,3.0,81.0,0.0,0.0,0.0,584.0,33.0,4.0,0.0,15.0,1.0,0.0,0.0,1.0,0.0,0.0,1.0,2.0,0.0,0.0,6.0,0.0,0.0,4.0,0.0,0.0,0.0,0.0,0.0,0.0,0.0,1.0,0.0,1.0,0.0,8.0,0.0,0.0,0.0,3.0,1.0,0.0,0.0,0.0
ctx-lh-lateralorbitofrontal,0.0,21.0,4.0,0.0,0.0,57.0,5.0,0.0,3.0,435.0,0.0,0.0,3188.0,0.0,1815.0,3.0,0.0,0.0,16.0,543.0,418.0,0.0,1.0,2.0,2.0,0.0,337.0,1399.0,310.0,0.0,4.0,0.0,0.0,0.0,0.0,9.0,0.0,0.0,0.0,0.0,0.0,0.0,0.0,0.0,0.0,0.0,4.0,0.0,4.0,0.0,0.0,0.0,0.0,0.0,1.0,0.0,0.0,1.0,0.0,0.0,19.0,16.0,13.0,0.0,0.0,0.0,0.0,0.0
ctx-lh-lingual,22.0,0.0,0.0,504.0,0.0,0.0,616.0,78.0,91.0,49.0,159.0,478.0,0.0,3899.0,0.0,43.0,1.0,197.0,0.0,0.0,0.0,1126.0,5.0,13.0,4.0,184.0,0.0,0.0,0.0,232.0,65.0,10.0,2.0,18.0,1.0,0.0,0.0,3.0,0.0,0.0,6.0,4.0,0.0,3.0,22.0,1.0,0.0,23.0,0.0,1.0,1.0,3.0,0.0,0.0,0.0,8.0,3.0,7.0,1.0,50.0,0.0,0.0,0.0,11.0,2.0,1.0,0.0,0.0
ctx-lh-medialorbitofrontal,0.0,14.0,1.0,0.0,0.0,201.0,0.0,0.0,0.0,19.0,0.0,0.0,1815.0,0.0,1426.0,0.0,0.0,0.0,1.0,27.0,17.0,0.0,0.0,0.0,0.0,0.0,531.0,500.0,369.0,0.0,0.0,0.0,0.0,0.0,0.0,5.0,0.0,0.0,0.0,0.0,0.0,0.0,0.0,0.0,0.0,0.0,4.0,0.0,7.0,0.0,0.0,0.0,0.0,0.0,2.0,0.0,0.0,0.0,0.0,0.0,19.0,15.0,17.0,0.0,0.0,0.0,0.0,0.0
ctx-lh-middletemporal,946.0,1.0,0.0,4.0,24.0,0.0,220.0,460.0,2645.0,123.0,5.0,73.0,3.0,43.0,0.0,3286.0,0.0,10.0,1.0,1.0,0.0,9.0,19.0,4.0,8.0,13.0,0.0,1.0,1.0,50.0,1294.0,42.0,159.0,43.0,0.0,1.0,0.0,0.0,0.0,0.0,0.0,0.0,0.0,0.0,1.0,0.0,0.0,0.0,0.0,1.0,0.0,0.0,0.0,0.0,0.0,0.0,0.0,2.0,0.0,4.0,0.0,0.0,0.0,2.0,0.0,0.0,0.0,0.0
ctx-lh-paracentral,0.0,50.0,65.0,0.0,0.0,0.0,0.0,2.0,1.0,21.0,7.0,0.0,0.0,1.0,0.0,0.0,1762.0,0.0,7.0,0.0,0.0,0.0,388.0,347.0,1104.0,408.0,0.0,7.0,656.0,132.0,4.0,5.0,0.0,2.0,0.0,9.0,6.0,0.0,0.0,0.0,0.0,0.0,0.0,3.0,0.0,0.0,0.0,1.0,0.0,0.0,8.0,0.0,0.0,0.0,0.0,0.0,2.0,39.0,13.0,6.0,0.0,5.0,18.0,4.0,2.0,2.0,0.0,1.0
ctx-lh-parahippocampal,1.0,0.0,0.0,0.0,235.0,0.0,240.0,2.0,58.0,5.0,56.0,2.0,0.0,197.0,0.0,10.0,0.0,411.0,0.0,0.0,0.0,3.0,0.0,0.0,0.0,15.0,0.0,0.0,0.0,1.0,14.0,0.0,1.0,0.0,0.0,1.0,0.0,0.0,0.0,0.0,0.0,1.0,1.0,0.0,2.0,1.0,0.0,2.0,0.0,0.0,0.0,0.0,0.0,0.0,0.0,0.0,0.0,0.0,1.0,7.0,0.0,0.0,0.0,1.0,0.0,0.0,0.0,0.0
ctx-lh-parsopercularis,0.0,44.0,215.0,0.0,0.0,0.0,0.0,0.0,0.0,415.0,0.0,0.0,16.0,0.0,1.0,1.0,7.0,0.0,1915.0,4.0,590.0,1.0,93.0,8.0,749.0,0.0,13.0,873.0,147.0,2.0,3.0,22.0,0.0,2.0,0.0,14.0,2.0,0.0,0.0,0.0,0.0,0.0,0.0,1.0,0.0,0.0,1.0,0.0,0.0,0.0,0.0,0.0,2.0,0.0,0.0,0.0,1.0,3.0,0.0,0.0,3.0,14.0,15.0,0.0,0.0,0.0,0.0,0.0
ctx-lh-parsorbitalis,0.0,4.0,2.0,0.0,0.0,2.0,0.0,0.0,0.0,10.0,0.0,0.0,543.0,0.0,27.0,1.0,0.0,0.0,4.0,432.0,385.0,0.0,0.0,0.0,1.0,0.0,16.0,444.0,42.0,0.0,1.0,0.0,0.0,0.0,0.0,1.0,0.0,0.0,0.0,0.0,0.0,0.0,0.0,0.0,0.0,0.0,1.0,0.0,1.0,0.0,0.0,0.0,0.0,0.0,0.0,0.0,0.0,0.0,0.0,0.0,3.0,0.0,5.0,0.0,0.0,0.0,0.0,0.0
ctx-lh-parstriangularis,0.0,18.0,20.0,0.0,0.0,0.0,0.0,0.0,0.0,164.0,0.0,0.0,418.0,0.0,17.0,0.0,0.0,0.0,590.0,385.0,1276.0,0.0,0.0,0.0,6.0,1.0,39.0,1024.0,169.0,1.0,2.0,1.0,0.0,0.0,0.0,11.0,0.0,0.0,0.0,0.0,0.0,0.0,0.0,0.0,0.0,0.0,2.0,0.0,0.0,0.0,0.0,0.0,1.0,0.0,0.0,0.0,0.0,1.0,0.0,0.0,7.0,11.0,12.0,0.0,0.0,0.0,0.0,0.0
ctx-lh-pericalcarine,2.0,0.0,0.0,1799.0,0.0,0.0,60.0,37.0,9.0,6.0,35.0,520.0,0.0,1126.0,0.0,9.0,0.0,3.0,1.0,0.0,0.0,583.0,1.0,1.0,2.0,134.0,0.0,0.0,0.0,297.0,8.0,0.0,0.0,3.0,1.0,0.0,0.0,3.0,0.0,0.0,1.0,0.0,0.0,0.0,16.0,1.0,0.0,8.0,0.0,0.0,0.0,0.0,0.0,0.0,0.0,17.0,0.0,3.0,1.0,20.0,0.0,0.0,1.0,4.0,1.0,0.0,0.0,0.0
ctx-lh-postcentral,31.0,13.0,87.0,2.0,0.0,0.0,2.0,184.0,14.0,271.0,18.0,4.0,1.0,5.0,0.0,19.0,388.0,0.0,93.0,0.0,0.0,1.0,7369.0,99.0,2717.0,187.0,0.0,11.0,64.0,893.0,169.0,1625.0,0.0,18.0,0.0,4.0,4.0,0.0,0.0,0.0,1.0,1.0,0.0,2.0,2.0,0.0,0.0,0.0,0.0,1.0,4.0,0.0,2.0,0.0,0.0,0.0,3.0,28.0,6.0,7.0,0.0,1.0,5.0,6.0,3.0,1.0,0.0,0.0
ctx-lh-posteriorcingulate,3.0,215.0,47.0,6.0,0.0,0.0,7.0,46.0,8.0,50.0,382.0,4.0,2.0,13.0,0.0,4.0,347.0,0.0,8.0,0.0,0.0,1.0,99.0,978.0,166.0,580.0,1.0,10.0,294.0,153.0,25.0,19.0,0.0,15.0,2.0,13.0,13.0,0.0,0.0,0.0,1.0,5.0,0.0,4.0,24.0,3.0,0.0,3.0,0.0,1.0,27.0,1.0,4.0,0.0,0.0,1.0,8.0,94.0,29.0,52.0,0.0,8.0,28.0,29.0,6.0,9.0,0.0,2.0
ctx-lh-precentral,12.0,52.0,1407.0,0.0,0.0,0.0,2.0,51.0,7.0,482.0,6.0,3.0,2.0,4.0,0.0,8.0,1104.0,0.0,749.0,1.0,6.0,2.0,2717.0,166.0,8103.0,133.0,2.0,92.0,982.0,254.0,95.0,450.0,1.0,20.0,0.0,16.0,10.0,0.0,0.0,0.0,1.0,0.0,0.0,4.0,7.0,0.0,0.0,0.0,0.0,0.0,12.0,0.0,4.0,0.0,1.0,0.0,0.0,45.0,12.0,10.0,0.0,7.0,28.0,1.0,1.0,3.0,0.0,3.0
ctx-lh-precuneus,19.0,14.0,11.0,231.0,0.0,0.0,61.0,226.0,24.0,45.0,724.0,81.0,0.0,184.0,0.0,13.0,408.0,15.0,0.0,0.0,1.0,134.0,187.0,580.0,133.0,3531.0,0.0,2.0,34.0,2062.0,61.0,36.0,0.0,20.0,6.0,4.0,3.0,4.0,0.0,0.0,6.0,6.0,3.0,5.0,90.0,11.0,0.0,26.0,0.0,3.0,6.0,2.0,0.0,0.0,0.0,7.0,5.0,38.0,4.0,144.0,0.0,0.0,4.0,33.0,8.0,5.0,0.0,2.0
ctx-lh-rostralanteriorcingulate,0.0,192.0,6.0,0.0,0.0,4.0,0.0,0.0,0.0,25.0,0.0,0.0,337.0,0.0,531.0,0.0,0.0,0.0,13.0,16.0,39.0,0.0,0.0,1.0,2.0,0.0,864.0,219.0,467.0,0.0,0.0,0.0,0.0,0.0,0.0,54.0,4.0,0.0,0.0,1.0,0.0,0.0,0.0,6.0,0.0,0.0,12.0,0.0,19.0,0.0,0.0,0.0,0.0,4.0,6.0,0.0,0.0,1.0,0.0,0.0,93.0,59.0,78.0,0.0,0.0,0.0,0.0,0.0
ctx-lh-rostralmiddlefrontal,1.0,149.0,1124.0,0.0,0.0,149.0,0.0,1.0,0.0,236.0,0.0,0.0,1399.0,0.0,500.0,1.0,7.0,0.0,873.0,444.0,1024.0,0.0,11.0,10.0,92.0,2.0,219.0,8392.0,3250.0,2.0,1.0,7.0,0.0,1.0,0.0,51.0,8.0,0.0,0.0,1.0,0.0,0.0,0.0,2.0,1.0,0.0,2.0,0.0,4.0,0.0,1.0,0.0,2.0,2.0,7.0,0.0,0.0,7.0,2.0,0.0,21.0,55.0,74.0,0.0,0.0,0.0,0.0,0.0
ctx-lh-superiorfrontal,1.0,720.0,1132.0,0.0,0.0,106.0,0.0,3.0,0.0,143.0,2.0,0.0,310.0,0.0,369.0,1.0,656.0,0.0,147.0,42.0,169.0,0.0,64.0,294.0,982.0,34.0,467.0,3250.0,11830.0,20.0,3.0,10.0,0.0,2.0,1.0,117.0,28.0,0.0,0.0,0.0,0.0,1.0,0.0,11.0,1.0,0.0,6.0,0.0,7.0,0.0,12.0,0.0,6.0,2.0,4.0,0.0,4.0,55.0,22.0,6.0,51.0,107.0,122.0,5.0,0.0,2.0,0.0,0.0
ctx-lh-superiorparietal,39.0,5.0,25.0,897.0,0.0,0.0,107.0,1723.0,69.0,56.0,67.0,584.0,0.0,232.0,0.0,50.0,132.0,1.0,2.0,0.0,1.0,297.0,893.0,153.0,254.0,2062.0,0.0,2.0,20.0,6212.0,113.0,449.0,0.0,31.0,1.0,1.0,1.0,2.0,0.0,0.0,2.0,8.0,0.0,3.0,15.0,3.0,0.0,5.0,0.0,0.0,2.0,1.0,0.0,0.0,0.0,7.0,2.0,28.0,4.0,46.0,0.0,2.0,1.0,8.0,5.0,4.0,0.0,2.0
ctx-lh-superiortemporal,1252.0,2.0,17.0,11.0,24.0,0.0,196.0,413.0,481.0,358.0,19.0,33.0,4.0,65.0,0.0,1294.0,4.0,14.0,3.0,1.0,2.0,8.0,169.0,25.0,95.0,61.0,0.0,1.0,3.0,113.0,5910.0,700.0,166.0,662.0,0.0,2.0,1.0,2.0,0.0,0.0,3.0,1.0,0.0,5.0,10.0,1.0,0.0,3.0,0.0,0.0,1.0,0.0,0.0,0.0,0.0,0.0,1.0,0.0,1.0,13.0,0.0,1.0,0.0,3.0,1.0,0.0,0.0,1.0
ctx-lh-supramarginal,262.0,1.0,42.0,1.0,0.0,0.0,10.0,988.0,34.0,173.0,11.0,4.0,0.0,10.0,0.0,42.0,5.0,0.0,22.0,0.0,1.0,0.0,1625.0,19.0,450.0,36.0,0.0,7.0,10.0,449.0,700.0,5534.0,0.0,38.0,0.0,2.0,1.0,0.0,0.0,0.0,0.0,0.0,0.0,2.0,4.0,0.0,0.0,0.0,0.0,1.0,1.0,0.0,0.0,0.0,0.0,0.0,0.0,8.0,1.0,5.0,0.0,0.0,1.0,1.0,1.0,0.0,0.0,0.0
ctx-lh-temporalpole,0.0,0.0,0.0,0.0,155.0,0.0,180.0,0.0,241.0,10.0,0.0,0.0,0.0,2.0,0.0,159.0,0.0,1.0,0.0,0.0,0.0,0.0,0.0,0.0,1.0,0.0,0.0,0.0,0.0,0.0,166.0,0.0,466.0,0.0,0.0,0.0,0.0,0.0,0.0,0.0,0.0,0.0,0.0,0.0,0.0,0.0,0.0,0.0,0.0,0.0,0.0,0.0,0.0,0.0,0.0,0.0,0.0,0.0,0.0,0.0,0.0,0.0,0.0,0.0,0.0,0.0,0.0,0.0
ctx-lh-transversetemporal,45.0,0.0,2.0,7.0,0.0,0.0,21.0,46.0,32.0,88.0,10.0,15.0,0.0,18.0,0.0,43.0,2.0,0.0,2.0,0.0,0.0,3.0,18.0,15.0,20.0,20.0,0.0,1.0,2.0,31.0,662.0,38.0,0.0,336.0,0.0,1.0,0.0,2.0,0.0,0.0,0.0,1.0,0.0,0.0,5.0,0.0,0.0,1.0,0.0,0.0,0.0,0.0,0.0,0.0,0.0,0.0,0.0,1.0,0.0,13.0,0.0,0.0,0.0,2.0,1.0,0.0,0.0,0.0
ctx-rh-bankssts,0.0,0.0,0.0,0.0,0.0,0.0,1.0,0.0,0.0,1.0,3.0,1.0,0.0,1.0,0.0,0.0,0.0,0.0,0.0,0.0,0.0,1.0,0.0,2.0,0.0,6.0,0.0,0.0,1.0,1.0,0.0,0.0,0.0,0.0,833.0,0.0,6.0,7.0,0.0,0.0,25.0,690.0,182.0,51.0,8.0,47.0,0.0,14.0,0.0,911.0,2.0,2.0,0.0,0.0,0.0,4.0,44.0,11.0,31.0,48.0,0.0,0.0,1.0,82.0,1033.0,311.0,0.0,35.0
ctx-rh-caudalanteriorcingulate,0.0,108.0,35.0,0.0,0.0,0.0,1.0,1.0,0.0,18.0,1.0,0.0,9.0,0.0,5.0,1.0,9.0,1.0,14.0,1.0,11.0,0.0,4.0,13.0,16.0,4.0,54.0,51.0,117.0,1.0,2.0,2.0,0.0,1.0,0.0,705.0,128.0,0.0,0.0,0.0,0.0,1.0,0.0,32.0,0.0,0.0,11.0,0.0,15.0,1.0,30.0,0.0,36.0,2.0,14.0,0.0,6.0,287.0,61.0,9.0,241.0,281.0,838.0,4.0,0.0,1.0,0.0,0.0
ctx-rh-caudalmiddlefrontal,0.0,22.0,4.0,0.0,0.0,0.0,0.0,0.0,0.0,4.0,1.0,0.0,0.0,0.0,0.0,0.0,6.0,0.0,2.0,0.0,0.0,0.0,4.0,13.0,10.0,3.0,4.0,8.0,28.0,1.0,1.0,1.0,0.0,0.0,6.0,128.0,2858.0,0.0,0.0,0.0,0.0,9.0,0.0,87.0,1.0,0.0,2.0,0.0,0.0,0.0,89.0,0.0,185.0,0.0,18.0,0.0,71.0,98.0,1709.0,15.0,0.0,1252.0,918.0,32.0,8.0,46.0,0.0,1.0
ctx-rh-cuneus,0.0,0.0,0.0,11.0,0.0,0.0,2.0,1.0,0.0,0.0,0.0,1.0,0.0,3.0,0.0,0.0,0.0,0.0,0.0,0.0,0.0,3.0,0.0,0.0,0.0,4.0,0.0,0.0,0.0,2.0,2.0,0.0,0.0,2.0,7.0,0.0,0.0,1473.0,0.0,0.0,40.0,46.0,2.0,5.0,11.0,479.0,0.0,268.0,0.0,10.0,0.0,1.0,0.0,0.0,0.0,1462.0,0.0,3.0,0.0,269.0,0.0,0.0,0.0,545.0,9.0,3.0,0.0,2.0
ctx-rh-entorhinal,0.0,0.0,0.0,0.0,0.0,0.0,0.0,0.0,0.0,0.0,0.0,0.0,0.0,0.0,0.0,0.0,0.0,0.0,0.0,0.0,0.0,0.0,0.0,0.0,0.0,0.0,0.0,0.0,0.0,0.0,0.0,0.0,0.0,0.0,0.0,0.0,0.0,0.0,257.0,0.0,78.0,0.0,224.0,3.0,1.0,0.0,0.0,1.0,0.0,40.0,0.0,184.0,0.0,0.0,0.0,0.0,0.0,0.0,0.0,0.0,0.0,0.0,0.0,0.0,14.0,0.0,173.0,0.0
ctx-rh-frontalpole,0.0,0.0,0.0,0.0,0.0,0.0,0.0,0.0,0.0,0.0,0.0,0.0,0.0,0.0,0.0,0.0,0.0,0.0,0.0,0.0,0.0,0.0,0.0,0.0,0.0,0.0,1.0,1.0,0.0,0.0,0.0,0.0,0.0,0.0,0.0,0.0,0.0,0.0,0.0,76.0,0.0,0.0,0.0,3.0,0.0,0.0,127.0,0.0,341.0,0.0,0.0,0.0,0.0,5.0,3.0,0.0,0.0,0.0,0.0,0.0,9.0,167.0,100.0,0.0,0.0,0.0,0.0,0.0
ctx-rh-fusiform,1.0,0.0,0.0,2.0,0.0,0.0,1.0,2.0,0.0,1.0,6.0,1.0,0.0,6.0,0.0,0.0,0.0,0.0,0.0,0.0,0.0,1.0,1.0,1.0,1.0,6.0,0.0,0.0,0.0,2.0,3.0,0.0,0.0,0.0,25.0,0.0,0.0,40.0,78.0,0.0,3364.0,144.0,1521.0,67.0,22.0,1226.0,0.0,883.0,0.0,273.0,0.0,213.0,0.0,0.0,0.0,84.0,2.0,4.0,0.0,55.0,0.0,0.0,0.0,59.0,138.0,4.0,49.0,17.0
ctx-rh-inferiorparietal,0.0,0.0,0.0,1.0,0.0,0.0,0.0,1.0,0.0,0.0,5.0,2.0,0.0,4.0,0.0,0.0,0.0,1.0,0.0,0.0,0.0,0.0,1.0,5.0,0.0,6.0,0.0,0.0,1.0,8.0,1.0,0.0,0.0,1.0,690.0,1.0,9.0,46.0,0.0,0.0,144.0,8298.0,297.0,76.0,24.0,1049.0,0.0,51.0,0.0,689.0,4.0,1.0,1.0,0.0,0.0,35.0,142.0,22.0,131.0,266.0,0.0,0.0,2.0,1551.0,319.0,1887.0,1.0,46.0
ctx-rh-inferiortemporal,0.0,0.0,0.0,0.0,0.0,0.0,0.0,0.0,0.0,0.0,0.0,0.0,0.0,0.0,0.0,0.0,0.0,1.0,0.0,0.0,0.0,0.0,0.0,0.0,0.0,3.0,0.0,0.0,0.0,0.0,0.0,0.0,0.0,0.0,182.0,0.0,0.0,2.0,224.0,0.0,1521.0,297.0,3183.0,121.0,6.0,368.0,2.0,38.0,0.0,2486.0,0.0,51.0,1.0,1.0,1.0,8.0,6.0,0.0,4.0,21.0,0.0,1.0,0.0,38.0,374.0,7.0,202.0,12.0
ctx-rh-insula,0.0,11.0,2.0,0.0,0.0,0.0,1.0,2.0,0.0,2.0,4.0,0.0,0.0,3.0,0.0,0.0,3.0,0.0,1.0,0.0,0.0,0.0,2.0,4.0,4.0,5.0,6.0,2.0,11.0,3.0,5.0,2.0,0.0,0.0,51.0,32.0,87.0,5.0,3.0,3.0,67.0,76.0,121.0,1585.0,36.0,43.0,353.0,27.0,35.0,190.0,19.0,7.0,493.0,43.0,201.0,4.0,192.0,36.0,373.0,78.0,10.0,327.0,81.0,77.0,346.0,206.0,7.0,112.0
ctx-rh-isthmuscingulate,5.0,1.0,0.0,9.0,0.0,0.0,3.0,12.0,4.0,4.0,42.0,6.0,0.0,22.0,0.0,1.0,0.0,2.0,0.0,0.0,0.0,16.0,2.0,24.0,7.0,90.0,0.0,1.0,1.0,15.0,10.0,4.0,0.0,5.0,8.0,0.0,1.0,11.0,1.0,0.0,22.0,24.0,6.0,36.0,687.0,25.0,0.0,147.0,0.0,3.0,13.0,75.0,1.0,0.0,0.0,16.0,10.0,376.0,6.0,974.0,0.0,0.0,3.0,96.0,22.0,8.0,0.0,6.0
ctx-rh-lateraloccipital,0.0,0.0,0.0,3.0,0.0,0.0,1.0,1.0,1.0,0.0,6.0,0.0,0.0,1.0,0.0,0.0,0.0,1.0,0.0,0.0,0.0,1.0,0.0,3.0,0.0,11.0,0.0,0.0,0.0,3.0,1.0,0.0,0.0,0.0,47.0,0.0,0.0,479.0,0.0,0.0,1226.0,1049.0,368.0,43.0,25.0,7213.0,0.0,840.0,0.0,233.0,0.0,10.0,0.0,0.0,0.0,805.0,3.0,6.0,2.0,131.0,0.0,0.0,0.0,454.0,78.0,2.0,0.0,14.0
ctx-rh-lateralorbitofrontal,0.0,4.0,2.0,0.0,0.0,0.0,0.0,0.0,0.0,0.0,0.0,0.0,4.0,0.0,4.0,0.0,0.0,0.0,1.0,1.0,2.0,0.0,0.0,0.0,0.0,0.0,12.0,2.0,6.0,0.0,0.0,0.0,0.0,0.0,0.0,11.0,2.0,0.0,0.0,127.0,0.0,0.0,2.0,353.0,0.0,0.0,2833.0,1.0,1289.0,4.0,0.0,0.0,7.0,494.0,249.0,0.0,0.0,0.0,1.0,0.0,115.0,1166.0,192.0,0.0,8.0,0.0,0.0,0.0
ctx-rh-lingual,1.0,0.0,0.0,3.0,0.0,0.0,4.0,2.0,1.0,2.0,21.0,4.0,0.0,23.0,0.0,0.0,1.0,2.0,0.0,0.0,0.0,8.0,0.0,3.0,0.0,26.0,0.0,0.0,0.0,5.0,3.0,0.0,0.0,1.0,14.0,0.0,0.0,268.0,1.0,0.0,883.0,51.0,38.0,27.0,147.0,840.0,1.0,4052.0,0.0,31.0,0.0,237.0,1.0,0.0,0.0,1262.0,1.0,5.0,3.0,241.0,0.0,0.0,0.0,159.0,29.0,4.0,0.0,5.0
ctx-rh-medialorbitofrontal,0.0,3.0,0.0,0.0,0.0,0.0,0.0,0.0,0.0,2.0,0.0,0.0,4.0,0.0,7.0,0.0,0.0,0.0,0.0,1.0,0.0,0.0,0.0,0.0,0.0,0.0,19.0,4.0,7.0,0.0,0.0,0.0,0.0,0.0,0.0,15.0,0.0,0.0,0.0,341.0,0.0,0.0,0.0,35.0,0.0,0.0,1289.0,0.0,1721.0,1.0,0.0,0.0,1.0,43.0,26.0,0.0,0.0,0.0,1.0,0.0,434.0,458.0,453.0,0.0,1.0,0.0,0.0,0.0
ctx-rh-middletemporal,0.0,0.0,0.0,0.0,0.0,0.0,1.0,1.0,0.0,0.0,2.0,0.0,0.0,1.0,0.0,1.0,0.0,0.0,0.0,0.0,0.0,0.0,1.0,1.0,0.0,3.0,0.0,0.0,0.0,0.0,0.0,1.0,0.0,0.0,911.0,1.0,0.0,10.0,40.0,0.0,273.0,689.0,2486.0,190.0,3.0,233.0,4.0,31.0,1.0,3921.0,3.0,28.0,0.0,1.0,0.0,6.0,12.0,8.0,11.0,54.0,0.0,0.0,2.0,81.0,1134.0,22.0,147.0,26.0
ctx-rh-paracentral,1.0,7.0,2.0,0.0,0.0,0.0,1.0,1.0,0.0,2.0,1.0,0.0,0.0,1.0,0.0,0.0,8.0,0.0,0.0,0.0,0.0,0.0,4.0,27.0,12.0,6.0,0.0,1.0,12.0,2.0,1.0,1.0,0.0,0.0,2.0,30.0,89.0,0.0,0.0,0.0,0.0,4.0,0.0,19.0,13.0,0.0,0.0,0.0,0.0,3.0,1771.0,0.0,17.0,0.0,0.0,1.0,384.0,301.0,1028.0,460.0,0.0,18.0,597.0,226.0,3.0,18.0,0.0,0.0
ctx-rh-parahippocampal,0.0,0.0,0.0,0.0,0.0,0.0,0.0,0.0,1.0,0.0,0.0,0.0,0.0,3.0,0.0,0.0,0.0,0.0,0.0,0.0,0.0,0.0,0.0,1.0,0.0,2.0,0.0,0.0,0.0,1.0,0.0,0.0,0.0,0.0,2.0,0.0,0.0,1.0,184.0,0.0,213.0,1.0,51.0,7.0,75.0,10.0,0.0,237.0,0.0,28.0,0.0,435.0,0.0,0.0,0.0,0.0,0.0,0.0,0.0,7.0,0.0,0.0,0.0,8.0,12.0,0.0,0.0,1.0
ctx-rh-parsopercularis,0.0,8.0,3.0,0.0,0.0,0.0,0.0,0.0,0.0,0.0,0.0,0.0,0.0,0.0,0.0,0.0,0.0,0.0,2.0,0.0,1.0,0.0,2.0,4.0,4.0,0.0,0.0,2.0,6.0,0.0,0.0,0.0,0.0,0.0,0.0,36.0,185.0,0.0,0.0,0.0,0.0,1.0,1.0,493.0,1.0,0.0,7.0,1.0,1.0,0.0,17.0,0.0,1574.0,4.0,458.0,0.0,121.0,22.0,620.0,4.0,2.0,468.0,74.0,2.0,8.0,28.0,1.0,0.0
ctx-rh-parsorbitalis,0.0,1.0,0.0,0.0,0.0,0.0,0.0,0.0,0.0,0.0,0.0,0.0,0.0,0.0,0.0,0.0,0.0,0.0,0.0,0.0,0.0,0.0,0.0,0.0,0.0,0.0,4.0,2.0,2.0,0.0,0.0,0.0,0.0,0.0,0.0,2.0,0.0,0.0,0.0,5.0,0.0,0.0,1.0,43.0,0.0,0.0,494.0,0.0,43.0,1.0,0.0,0.0,4.0,575.0,496.0,0.0,0.0,0.0,1.0,0.0,10.0,660.0,51.0,0.0,0.0,0.0,0.0,0.0
ctx-rh-parstriangularis,0.0,9.0,1.0,0.0,0.0,0.0,0.0,0.0,0.0,0.0,0.0,0.0,1.0,0.0,2.0,0.0,0.0,0.0,0.0,0.0,0.0,0.0,0.0,0.0,1.0,0.0,6.0,7.0,4.0,0.0,0.0,0.0,0.0,0.0,0.0,14.0,18.0,0.0,0.0,3.0,0.0,0.0,1.0,201.0,0.0,0.0,249.0,0.0,26.0,0.0,0.0,0.0,458.0,496.0,1412.0,0.0,0.0,3.0,15.0,1.0,14.0,903.0,63.0,1.0,0.0,0.0,0.0,0.0
ctx-rh-pericalcarine,0.0,0.0,0.0,18.0,0.0,0.0,1.0,0.0,0.0,1.0,6.0,1.0,0.0,8.0,0.0,0.0,0.0,0.0,0.0,0.0,0.0,17.0,0.0,1.0,0.0,7.0,0.0,0.0,0.0,7.0,0.0,0.0,0.0,0.0,4.0,0.0,0.0,1462.0,0.0,0.0,84.0,35.0,8.0,4.0,16.0,805.0,0.0,1262.0,0.0,6.0,1.0,0.0,0.0,0.0,0.0,560.0,1.0,1.0,0.0,199.0,0.0,0.0,0.0,161.0,7.0,1.0,0.0,2.0
ctx-rh-postcentral,0.0,2.0,1.0,0.0,0.0,0.0,0.0,1.0,0.0,0.0,2.0,0.0,0.0,3.0,0.0,0.0,2.0,0.0,1.0,0.0,0.0,0.0,3.0,8.0,0.0,5.0,0.0,0.0,4.0,2.0,1.0,0.0,0.0,0.0,44.0,6.0,71.0,0.0,0.0,0.0,2.0,142.0,6.0,192.0,10.0,3.0,0.0,1.0,0.0,12.0,384.0,0.0,121.0,0.0,0.0,1.0,5956.0,68.0,2267.0,159.0,0.0,19.0,29.0,899.0,78.0,1570.0,0.0,12.0
ctx-rh-posteriorcingulate,0.0,39.0,19.0,2.0,0.0,0.0,0.0,5.0,1.0,8.0,22.0,1.0,1.0,7.0,0.0,2.0,39.0,0.0,3.0,0.0,1.0,3.0,28.0,94.0,45.0,38.0,1.0,7.0,55.0,28.0,0.0,8.0,0.0,1.0,11.0,287.0,98.0,3.0,0.0,0.0,4.0,22.0,0.0,36.0,376.0,6.0,0.0,5.0,0.0,8.0,301.0,0.0,22.0,0.0,3.0,1.0,68.0,881.0,233.0,559.0,0.0,32.0,340.0,186.0,15.0,45.0,0.0,10.0
ctx-rh-precentral,0.0,17.0,9.0,1.0,0.0,0.0,0.0,0.0,0.0,4.0,4.0,0.0,0.0,1.0,0.0,0.0,13.0,1.0,0.0,0.0,0.0,1.0,6.0,29.0,12.0,4.0,0.0,2.0,22.0,4.0,1.0,1.0,0.0,0.0,31.0,61.0,1709.0,0.0,0.0,0.0,0.0,131.0,4.0,373.0,6.0,2.0,1.0,3.0,1.0,11.0,1028.0,0.0,620.0,1.0,15.0,0.0,2267.0,233.0,8307.0,119.0,0.0,153.0,532.0,426.0,54.0,661.0,0.0,10.0
ctx-rh-precuneus,1.0,4.0,1.0,20.0,0.0,0.0,20.0,14.0,3.0,10.0,100.0,8.0,0.0,50.0,0.0,4.0,6.0,7.0,0.0,0.0,0.0,20.0,7.0,52.0,10.0,144.0,0.0,0.0,6.0,46.0,13.0,5.0,0.0,13.0,48.0,9.0,15.0,269.0,0.0,0.0,55.0,266.0,21.0,78.0,974.0,131.0,0.0,241.0,0.0,54.0,460.0,7.0,4.0,0.0,1.0,199.0,159.0,559.0,119.0,4273.0,0.0,4.0,24.0,2770.0,77.0,67.0,0.0,32.0
ctx-rh-rostralanteriorcingulate,0.0,13.0,0.0,0.0,0.0,0.0,0.0,0.0,0.0,3.0,0.0,0.0,19.0,0.0,19.0,0.0,0.0,0.0,3.0,3.0,7.0,0.0,0.0,0.0,0.0,0.0,93.0,21.0,51.0,0.0,0.0,0.0,0.0,0.0,0.0,241.0,0.0,0.0,0.0,9.0,0.0,0.0,0.0,10.0,0.0,0.0,115.0,0.0,434.0,0.0,0.0,0.0,2.0,10.0,14.0,0.0,0.0,0.0,0.0,0.0,507.0,160.0,317.0,0.0,0.0,0.0,0.0,0.0
ctx-rh-rostralmiddlefrontal,0.0,77.0,10.0,0.0,0.0,1.0,0.0,0.0,0.0,10.0,0.0,0.0,16.0,0.0,15.0,0.0,5.0,0.0,14.0,0.0,11.0,0.0,1.0,8.0,7.0,0.0,59.0,55.0,107.0,2.0,1.0,0.0,0.0,0.0,0.0,281.0,1252.0,0.0,0.0,167.0,0.0,0.0,1.0,327.0,0.0,0.0,1166.0,0.0,458.0,0.0,18.0,0.0,468.0,660.0,903.0,0.0,19.0,32.0,153.0,4.0,160.0,8046.0,2522.0,7.0,1.0,11.0,1.0,0.0
ctx-rh-superiorfrontal,0.0,100.0,40.0,0.0,0.0,0.0,0.0,0.0,0.0,23.0,0.0,0.0,13.0,0.0,17.0,0.0,18.0,0.0,15.0,5.0,12.0,1.0,5.0,28.0,28.0,4.0,78.0,74.0,122.0,1.0,0.0,1.0,0.0,0.0,1.0,838.0,918.0,0.0,0.0,100.0,0.0,2.0,0.0,81.0,3.0,0.0,192.0,0.0,453.0,2.0,597.0,0.0,74.0,51.0,63.0,0.0,29.0,340.0,532.0,24.0,317.0,2522.0,11469.0,25.0,8.0,11.0,1.0,1.0
ctx-rh-superiorparietal,1.0,2.0,0.0,2.0,0.0,0.0,3.0,5.0,0.0,5.0,23.0,3.0,0.0,11.0,0.0,2.0,4.0,1.0,0.0,0.0,0.0,4.0,6.0,29.0,1.0,33.0,0.0,0.0,5.0,8.0,3.0,1.0,0.0,2.0,82.0,4.0,32.0,545.0,0.0,0.0,59.0,1551.0,38.0,77.0,96.0,454.0,0.0,159.0,0.0,81.0,226.0,8.0,2.0,0.0,1.0,161.0,899.0,186.0,426.0,2770.0,0.0,7.0,25.0,7029.0,93.0,403.0,0.0,22.0
ctx-rh-superiortemporal,0.0,0.0,0.0,1.0,0.0,0.0,1.0,0.0,1.0,1.0,3.0,1.0,0.0,2.0,0.0,0.0,2.0,0.0,0.0,0.0,0.0,1.0,3.0,6.0,1.0,8.0,0.0,0.0,0.0,5.0,1.0,1.0,0.0,1.0,1033.0,0.0,8.0,9.0,14.0,0.0,138.0,319.0,374.0,346.0,22.0,78.0,8.0,29.0,1.0,1134.0,3.0,12.0,8.0,0.0,0.0,7.0,78.0,15.0,54.0,77.0,0.0,1.0,8.0,93.0,5480.0,340.0,167.0,562.0
ctx-rh-supramarginal,0.0,3.0,1.0,0.0,0.0,0.0,0.0,1.0,0.0,0.0,2.0,0.0,0.0,1.0,0.0,0.0,2.0,0.0,0.0,0.0,0.0,0.0,1.0,9.0,3.0,5.0,0.0,0.0,2.0,4.0,0.0,0.0,0.0,0.0,311.0,1.0,46.0,3.0,0.0,0.0,4.0,1887.0,7.0,206.0,8.0,2.0,0.0,4.0,0.0,22.0,18.0,0.0,28.0,0.0,0.0,1.0,1570.0,45.0,661.0,67.0,0.0,11.0,11.0,403.0,340.0,4570.0,0.0,34.0
ctx-rh-temporalpole,0.0,0.0,0.0,0.0,0.0,0.0,0.0,0.0,0.0,0.0,0.0,0.0,0.0,0.0,0.0,0.0,0.0,0.0,0.0,0.0,0.0,0.0,0.0,0.0,0.0,0.0,0.0,0.0,0.0,0.0,0.0,0.0,0.0,0.0,0.0,0.0,0.0,0.0,173.0,0.0,49.0,1.0,202.0,7.0,0.0,0.0,0.0,0.0,0.0,147.0,0.0,0.0,1.0,0.0,0.0,0.0,0.0,0.0,0.0,0.0,0.0,1.0,1.0,0.0,167.0,0.0,230.0,0.0
ctx-rh-transversetemporal,0.0,0.0,0.0,1.0,0.0,0.0,0.0,0.0,0.0,1.0,1.0,0.0,0.0,0.0,0.0,0.0,1.0,0.0,0.0,0.0,0.0,0.0,0.0,2.0,3.0,2.0,0.0,0.0,0.0,2.0,1.0,0.0,0.0,0.0,35.0,0.0,1.0,2.0,0.0,0.0,17.0,46.0,12.0,112.0,6.0,14.0,0.0,5.0,0.0,26.0,0.0,1.0,0.0,0.0,0.0,2.0,12.0,10.0,10.0,32.0,0.0,0.0,1.0,22.0,562.0,34.0,0.0,204.0
