,ctx-lh-bankssts,ctx-lh-caudalanteriorcingulate,ctx-lh-caudalmiddlefrontal,ctx-lh-cuneus,ctx-lh-entorhinal,ctx-lh-frontalpole,ctx-lh-fusiform,ctx-lh-inferiorparietal,ctx-lh-inferiortemporal,ctx-lh-insula,ctx-lh-isthmuscingulate,ctx-lh-lateraloccipital,ctx-lh-lateralorbitofrontal,ctx-lh-lingual,ctx-lh-medialorbitofrontal,ctx-lh-middletemporal,ctx-lh-paracentral,ctx-lh-parahippocampal,ctx-lh-parsopercularis,ctx-lh-parsorbitalis,ctx-lh-parstriangularis,ctx-lh-pericalcarine,ctx-lh-postcentral,ctx-lh-posteriorcingulate,ctx-lh-precentral,ctx-lh-precuneus,ctx-lh-rostralanteriorcingulate,ctx-lh-rostralmiddlefrontal,ctx-lh-superiorfrontal,ctx-lh-superiorparietal,ctx-lh-superiortemporal,ctx-lh-supramarginal,ctx-lh-temporalpole,ctx-lh-transversetemporal,ctx-rh-bankssts,ctx-rh-caudalanteriorcingulate,ctx-rh-caudalmiddlefrontal,ctx-rh-cuneus,ctx-rh-entorhinal,ctx-rh-frontalpole,ctx-rh-fusiform,ctx-rh-inferiorparietal,ctx-rh-inferiortemporal,ctx-rh-insula,ctx-rh-isthmuscingulate,ctx-rh-lateraloccipital,ctx-rh-lateralorbitofrontal,ctx-rh-lingual,ctx-rh-medialorbitofrontal,ctx-rh-middletemporal,ctx-rh-paracentral,ctx-rh-parahippocampal,ctx-rh-parsopercularis,ctx-rh-parsorbitalis,ctx-rh-parstriangularis,ctx-rh-pericalcarine,ctx-rh-postcentral,ctx-rh-posteriorcingulate,ctx-rh-precentral,ctx-rh-precuneus,ctx-rh-rostralanteriorcingulate,ctx-rh-rostralmiddlefrontal,ctx-rh-superiorfrontal,ctx-rh-superiorparietal,ctx-rh-superiortemporal,ctx-rh-supramarginal,ctx-rh-temporalpole,ctx-rh-transversetemporal
ctx-lh-bankssts,704.0,0.0,0.0,0.0,1.0,0.0,52.0,339.0,353.0,31.0,5.0,8.0,0.0,6.0,0.0,973.0,0.0,0.0,0.0,0.0,0.0,1.0,10.0,5.0,14.0,6.0,0.0,0.0,0.0,25.0,1114.0,208.0,2.0,86.0,1.0,0.0,0.0,0.0,0.0,0.0,0.0,2.0,0.0,0.0,0.0,0.0,0.0,1.0,0.0,0.0,1.0,0.0,0.0,0.0,0.0,0.0,0.0,1.0,0.0,3.0,0.0,0.0,0.0,2.0,0.0,0.0,0.0,0.0
ctx-lh-caudalanteriorcingulate,0.0,767.0,86.0,0.0,0.0,0.0,0.0,2.0,0.0,46.0,1.0,0.0,39.0,0.0,15.0,0.0,9.0,0.0,31.0,3.0,23.0,0.0,3.0,243.0,41.0,1.0,340.0,172.0,874.0,0.0,0.0,2.0,0.0,1.0,0.0,218.0,17.0,0.0,0.0,0.0,0.0,0.0,0.0,4.0,0.0,0.0,3.0,0.0,4.0,0.0,2.0,0.0,6.0,0.0,7.0,0.0,1.0,23.0,14.0,0.0,24.0,32.0,128.0,0.0,0.0,0.0,0.0,0.0
ctx-lh-caudalmiddlefrontal,0.0,86.0,3752.0,0.0,0.0,0.0,0.0,1.0,0.0,105.0,0.0,0.0,1.0,0.0,0.0,0.0,28.0,0.0,400.0,0.0,24.0,0.0,65.0,84.0,1422.0,3.0,5.0,582.0,1405.0,2.0,2.0,21.0,0.0,0.0,0.0,35.0,6.0,0.0,0.0,0.0,0.0,0.0,0.0,4.0,0.0,0.0,0.0,0.0,0.0,0.0,2.0,0.0,1.0,0.0,0.0,0.0,1.0,24.0,17.0,0.0,1.0,0.0,31.0,0.0,0.0,0.0,0.0,0.0
ctx-lh-cuneus,0.0,0.0,0.0,1294.0,0.0,0.0,41.0,24.0,2.0,1.0,22.0,404.0,0.0,210.0,0.0,2.0,0.0,2.0,0.0,0.0,0.0,1458.0,0.0,0.0,0.0,255.0,0.0,0.0,0.0,987.0,4.0,0.0,0.0,0.0,0.0,0.0,0.0,21.0,0.0,0.0,1.0,0.0,1.0,0.0,2.0,1.0,0.0,2.0,0.0,0.0,0.0,1.0,0.0,0.0,0.0,15.0,0.0,0.0,0.0,5.0,0.0,0.0,0.0,3.0,0.0,1.0,0.0,0.0
ctx-lh-entorhinal,1.0,0.0,0.0,0.0,301.0,0.0,327.0,3.0,138.0,9.0,0.0,1.0,0.0,1.0,0.0,26.0,0.0,157.0,0.0,0.0,0.0,1.0,0.0,0.0,0.0,1.0,0.0,0.0,0.0,0.0,37.0,0.0,184.0,1.0,0.0,0.0,0.0,0.0,0.0,0.0,0.0,0.0,0.0,0.0,0.0,0.0,0.0,0.0,0.0,0.0,0.0,0.0,0.0,0.0,0.0,0.0,0.0,0.0,0.0,0.0,0.0,0.0,0.0,0.0,0.0,0.0,0.0,0.0
ctx-lh-frontalpole,0.0,0.0,0.0,0.0,0.0,91.0,0.0,0.0,0.0,1.0,0.0,0.0,77.0,0.0,248.0,0.0,0.0,0.0,1.0,1.0,1.0,0.0,0.0,0.0,0.0,0.0,6.0,176.0,89.0,0.0,0.0,0.0,0.0,0.0,0.0,1.0,0.0,0.0,0.0,0.0,0.0,0.0,0.0,0.0,0.0,0.0,0.0,0.0,0.0,0.0,0.0,0.0,0.0,0.0,0.0,0.0,0.0,0.0,0.0,0.0,0.0,0.0,0.0,0.0,0.0,0.0,0.0,0.0
ctx-lh-fusiform,52.0,0.0,0.0,41.0,327.0,0.0,2902.0,171.0,1109.0,21.0,24.0,1794.0,1.0,526.0,0.0,298.0,1.0,464.0,0.0,0.0,0.0,80.0,3.0,0.0,0.0,89.0,0.0,0.0,0.0,59.0,107.0,11.0,62.0,10.0,0.0,0.0,0.0,0.0,0.0,0.0,1.0,1.0,0.0,0.0,4.0,2.0,0.0,3.0,0.0,0.0,0.0,1.0,0.0,0.0,0.0,1.0,0.0,1.0,0.0,9.0,0.0,0.0,0.0,4.0,0.0,0.0,0.0,0.0
ctx-lh-inferiorparietal,339.0,2.0,1.0,24.0,3.0,0.0,171.0,8030.0,305.0,70.0,112.0,1182.0,0.0,67.0,0.0,566.0,10.0,14.0,0.0,0.0,0.0,17.0,62.0,27.0,36.0,362.0,0.0,0.0,2.0,1671.0,169.0,1079.0,6.0,26.0,3.0,0.0,1.0,1.0,0.0,0.0,1.0,15.0,4.0,2.0,47.0,6.0,0.0,15.0,0.0,0.0,4.0,4.0,0.0,0.0,0.0,6.0,3.0,18.0,1.0,31.0,0.0,0.0,0.0,20.0,6.0,4.0,0.0,0.0
ctx-lh-inferiortemporal,353.0,0.0,0.0,2.0,138.0,0.0,1109.0,305.0,3249.0,39.0,14.0,412.0,0.0,67.0,0.0,2316.0,0.0,32.0,0.0,0.0,0.0,3.0,5.0,1.0,2.0,13.0,0.0,0.0,0.0,24.0,220.0,26.0,185.0,6.0,0.0,0.0,0.0,0.0,0.0,0.0,0.0,2.0,0.0,0.0,3.0,4.0,0.0,4.0,0.0,0.0,1.0,0.0,0.0,0.0,0.0,0.0,0.0,0.0,0.0,4.0,0.0,0.0,0.0,3.0,0.0,1.0,0.0,0.0
ctx-lh-insula,31.0,46.0,105.0,1.0,9.0,1.0,21.0,70.0,39.0,1805.0,26.0,6.0,433.0,4.0,12.0,53.0,46.0,2.0,189.0,7.0,74.0,0.0,349.0,110.0,357.0,29.0,11.0,147.0,179.0,74.0,358.0,329.0,60.0,141.0,2.0,11.0,3.0,0.0,0.0,0.0,0.0,2.0,0.0,0.0,11.0,4.0,0.0,0.0,1.0,1.0,5.0,1.0,1.0,0.0,0.0,0.0,5.0,25.0,11.0,5.0,0.0,2.0,13.0,8.0,1.0,2.0,0.0,0.0
ctx-lh-isthmuscingulate,5.0,1.0,0.0,22.0,0.0,0.0,24.0,112.0,14.0,26.0,1136.0,46.0,0.0,120.0,0.0,7.0,18.0,50.0,0.0,0.0,0.0,18.0,9.0,367.0,11.0,1169.0,0.0,0.0,2.0,210.0,22.0,27.0,0.0,6.0,5.0,1.0,0.0,3.0,0.0,0.0,11.0,48.0,6.0,8.0,115.0,11.0,0.0,22.0,0.0,3.0,15.0,5.0,0.0,0.0,0.0,1.0,13.0,58.0,10.0,98.0,0.0,0.0,1.0,76.0,7.0,10.0,0.0,5.0
ctx-lh-lateraloccipital,8.0,0.0,0.0,404.0,1.0,0.0,1794.0,1182.0,412.0,6.0,46.0,7247.0,0.0,1107.0,0.0,93.0,0.0,20.0,0.0,0.0,0.0,776.0,0.0,0.0,2.0,183.0,0.0,0.0,0.0,687.0,18.0,12.0,0.0,2.0,0.0,0.0,0.0,2.0,0.0,0.0,1.0,7.0,0.0,0.0,11.0,7.0,0.0,5.0,0.0,0.0,0.0,2.0,0.0,0.0,0.0,1.0,0.0,4.0,2.0,14.0,0.0,0.0,0.0,10.0,2.0,0.0,1.0,0.0
ctx-lh-lateralorbitofrontal,0.0,39.0,1.0,0.0,0.0,77.0,1.0,0.0,0.0,433.0,0.0,0.0,3865.0,0.0,1337.0,0.0,0.0,0.0,24.0,546.0,465.0,0.0,0.0,1.0,0.0,0.0,311.0,1052.0,188.0,0.0,2.0,0.0,0.0,1.0,0.0,2.0,0.0,0.0,0.0,0.0,0.0,0.0,0.0,0.0,0.0,0.0,0.0,0.0,0.0,0.0,0.0,0.0,0.0,0.0,0.0,0.0,0.0,0.0,1.0,0.0,3.0,0.0,5.0,0.0,0.0,0.0,0.0,0.0
ctx-lh-lingual,6.0,0.0,0.0,210.0,1.0,0.0,526.0,67.0,67.0,4.0,120.0,1107.0,0.0,4123.0,0.0,13.0,0.0,234.0,0.0,0.0,0.0,1326.0,3.0,1.0,1.0,260.0,0.0,0.0,0.0,117.0,13.0,2.0,0.0,3.0,0.0,0.0,0.0,8.0,0.0,0.0,4.0,9.0,1.0,3.0,27.0,18.0,0.0,307.0,0.0,0.0,0.0,3.0,0.0,0.0,0.0,101.0,0.0,1.0,1.0,26.0,0.0,0.0,0.0,13.0,0.0,1.0,0.0,0.0
ctx-lh-medialorbitofrontal,0.0,15.0,0.0,0.0,0.0,248.0,0.0,0.0,0.0,12.0,0.0,0.0,1337.0,0.0,1899.0,0.0,0.0,0.0,1.0,12.0,20.0,0.0,0.0,0.0,0.0,0.0,641.0,363.0,395.0,0.0,0.0,0.0,0.0,0.0,0.0,3.0,0.0,0.0,0.0,0.0,0.0,0.0,0.0,0.0,0.0,0.0,1.0,0.0,0.0,0.0,0.0,0.0,0.0,0.0,1.0,0.0,0.0,0.0,0.0,0.0,3.0,2.0,2.0,0.0,0.0,0.0,0.0,0.0
ctx-lh-middletemporal,973.0,0.0,0.0,2.0,26.0,0.0,298.0,566.0,2316.0,53.0,7.0,93.0,0.0,13.0,0.0,3091.0,0.0,10.0,0.0,0.0,0.0,3.0,0.0,3.0,0.0,9.0,0.0,0.0,0.0,24.0,858.0,48.0,180.0,20.0,0.0,0.0,0.0,0.0,0.0,0.0,0.0,1.0,0.0,0.0,4.0,0.0,0.0,0.0,0.0,0.0,0.0,0.0,0.0,0.0,0.0,0.0,0.0,0.0,0.0,2.0,0.0,0.0,0.0,1.0,0.0,0.0,0.0,0.0
ctx-lh-paracentral,0.0,9.0,28.0,0.0,0.0,0.0,1.0,10.0,0.0,46.0,18.0,0.0,0.0,0.0,0.0,0.0,2102.0,0.0,2.0,0.0,0.0,0.0,546.0,337.0,1691.0,249.0,0.0,1.0,467.0,167.0,4.0,26.0,0.0,1.0,0.0,5.0,8.0,1.0,0.0,0.0,0.0,1.0,0.0,1.0,4.0,0.0,0.0,0.0,0.0,0.0,15.0,0.0,1.0,0.0,0.0,0.0,1.0,66.0,17.0,0.0,0.0,0.0,26.0,7.0,1.0,1.0,0.0,0.0
ctx-lh-parahippocampal,0.0,0.0,0.0,2.0,157.0,0.0,464.0,14.0,32.0,2.0,50.0,20.0,0.0,234.0,0.0,10.0,0.0,519.0,0.0,0.0,0.0,6.0,1.0,0.0,1.0,9.0,0.0,0.0,0.0,4.0,4.0,0.0,4.0,0.0,1.0,0.0,0.0,0.0,0.0,0.0,0.0,0.0,0.0,0.0,3.0,2.0,0.0,1.0,0.0,0.0,0.0,0.0,0.0,0.0,0.0,0.0,0.0,0.0,0.0,3.0,0.0,0.0,0.0,0.0,0.0,0.0,0.0,0.0
ctx-lh-parsopercularis,0.0,31.0,400.0,0.0,0.0,1.0,0.0,0.0,0.0,189.0,0.0,0.0,24.0,0.0,1.0,0.0,2.0,0.0,2529.0,4.0,657.0,0.0,27.0,9.0,782.0,0.0,11.0,580.0,195.0,1.0,0.0,3.0,0.0,0.0,0.0,14.0,1.0,0.0,0.0,0.0,0.0,0.0,0.0,0.0,0.0,0.0,0.0,0.0,0.0,0.0,0.0,0.0,0.0,0.0,0.0,0.0,0.0,0.0,1.0,0.0,1.0,0.0,1.0,0.0,0.0,0.0,0.0,0.0
ctx-lh-parsorbitalis,0.0,3.0,0.0,0.0,0.0,1.0,0.0,0.0,0.0,7.0,0.0,0.0,546.0,0.0,12.0,0.0,0.0,0.0,4.0,506.0,472.0,0.0,0.0,0.0,1.0,0.0,20.0,534.0,23.0,0.0,0.0,0.0,0.0,0.0,0.0,0.0,0.0,0.0,0.0,0.0,0.0,0.0,0.0,0.0,0.0,0.0,0.0,0.0,0.0,0.0,0.0,0.0,0.0,0.0,0.0,0.0,0.0,0.0,0.0,0.0,0.0,0.0,0.0,0.0,0.0,0.0,0.0,0.0
ctx-lh-parstriangularis,0.0,23.0,24.0,0.0,0.0,1.0,0.0,0.0,0.0,74.0,0.0,0.0,465.0,0.0,20.0,0.0,0.0,0.0,657.0,472.0,1433.0,0.0,0.0,1.0,10.0,0.0,24.0,745.0,99.0,0.0,0.0,0.0,0.0,0.0,0.0,7.0,0.0,0.0,0.0,0.0,0.0,0.0,0.0,0.0,0.0,0.0,0.0,0.0,0.0,0.0,0.0,0.0,0.0,0.0,0.0,0.0,0.0,1.0,0.0,0.0,2.0,1.0,1.0,0.0,0.0,0.0,0.0,0.0
ctx-lh-pericalcarine,1.0,0.0,0.0,1458.0,1.0,0.0,80.0,17.0,3.0,0.0,18.0,776.0,0.0,1326.0,0.0,3.0,0.0,6.0,0.0,0.0,0.0,715.0,1.0,1.0,0.0,167.0,0.0,0.0,0.0,226.0,1.0,2.0,0.0,1.0,1.0,0.0,0.0,9.0,0.0,0.0,2.0,0.0,0.0,0.0,3.0,1.0,0.0,26.0,0.0,0.0,0.0,1.0,0.0,0.0,0.0,8.0,0.0,0.0,0.0,4.0,0.0,0.0,0.0,4.0,0.0,1.0,0.0,0.0
ctx-lh-postcentral,10.0,3.0,65.0,0.0,0.0,0.0,3.0,62.0,5.0,349.0,9.0,0.0,0.0,3.0,0.0,0.0,546.0,1.0,27.0,0.0,0.0,1.0,6259.0,86.0,2152.0,176.0,0.0,3.0,31.0,665.0,38.0,1182.0,0.0,6.0,0.0,1.0,4.0,0.0,0.0,0.0,0.0,3.0,0.0,1.0,6.0,1.0,0.0,0.0,0.0,0.0,2.0,2.0,0.0,0.0,0.0,0.0,2.0,21.0,10.0,8.0,0.0,0.0,11.0,1.0,1.0,2.0,0.0,0.0
ctx-lh-posteriorcingulate,5.0,243.0,84.0,0.0,0.0,0.0,0.0,27.0,1.0,110.0,367.0,0.0,1.0,1.0,0.0,3.0,337.0,0.0,9.0,0.0,1.0,1.0,86.0,1346.0,351.0,551.0,5.0,7.0,431.0,107.0,15.0,50.0,0.0,2.0,1.0,49.0,28.0,0.0,0.0,0.0,1.0,11.0,1.0,5.0,22.0,3.0,0.0,0.0,0.0,1.0,56.0,0.0,4.0,0.0,3.0,2.0,13.0,270.0,105.0,23.0,0.0,7.0,97.0,37.0,1.0,7.0,0.0,1.0
ctx-lh-precentral,14.0,41.0,1422.0,0.0,0.0,0.0,0.0,36.0,2.0,357.0,11.0,2.0,0.0,1.0,0.0,0.0,1691.0,1.0,782.0,1.0,10.0,0.0,2152.0,351.0,8901.0,68.0,1.0,27.0,1041.0,185.0,23.0,374.0,0.0,5.0,0.0,32.0,24.0,0.0,0.0,0.0,0.0,0.0,0.0,2.0,5.0,1.0,0.0,0.0,0.0,0.0,13.0,0.0,2.0,0.0,2.0,0.0,1.0,82.0,33.0,2.0,0.0,1.0,52.0,1.0,0.0,2.0,0.0,0.0
ctx-lh-precuneus,6.0,1.0,3.0,255.0,1.0,0.0,89.0,362.0,13.0,29.0,1169.0,183.0,0.0,260.0,0.0,9.0,249.0,9.0,0.0,0.0,0.0,167.0,176.0,551.0,68.0,5989.0,0.0,0.0,5.0,2548.0,32.0,30.0,0.0,11.0,4.0,0.0,2.0,4.0,1.0,0.0,11.0,52.0,4.0,8.0,129.0,29.0,0.0,31.0,0.0,4.0,8.0,7.0,0.0,0.0,0.0,3.0,8.0,62.0,14.0,134.0,0.0,0.0,5.0,71.0,5.0,15.0,0.0,3.0
ctx-lh-rostralanteriorcingulate,0.0,340.0,5.0,0.0,0.0,6.0,0.0,0.0,0.0,11.0,0.0,0.0,311.0,0.0,641.0,0.0,0.0,0.0,11.0,20.0,24.0,0.0,0.0,5.0,1.0,0.0,1144.0,217.0,414.0,0.0,0.0,0.0,0.0,0.0,0.0,34.0,1.0,0.0,0.0,0.0,0.0,0.0,0.0,2.0,0.0,0.0,1.0,0.0,1.0,0.0,0.0,0.0,0.0,0.0,4.0,0.0,0.0,0.0,0.0,0.0,13.0,7.0,13.0,0.0,0.0,0.0,0.0,0.0
ctx-lh-rostralmiddlefrontal,0.0,172.0,582.0,0.0,0.0,176.0,0.0,0.0,0.0,147.0,0.0,0.0,1052.0,0.0,363.0,0.0,1.0,0.0,580.0,534.0,745.0,0.0,3.0,7.0,27.0,0.0,217.0,6383.0,2214.0,0.0,0.0,0.0,0.0,0.0,0.0,37.0,0.0,0.0,0.0,0.0,0.0,0.0,0.0,1.0,0.0,0.0,1.0,0.0,0.0,0.0,1.0,0.0,0.0,1.0,1.0,0.0,0.0,0.0,0.0,0.0,1.0,5.0,14.0,0.0,0.0,0.0,0.0,0.0
ctx-lh-superiorfrontal,0.0,874.0,1405.0,0.0,0.0,89.0,0.0,2.0,0.0,179.0,2.0,0.0,188.0,0.0,395.0,0.0,467.0,0.0,195.0,23.0,99.0,0.0,31.0,431.0,1041.0,5.0,414.0,2214.0,12187.0,9.0,1.0,10.0,0.0,0.0,0.0,178.0,37.0,0.0,0.0,0.0,0.0,1.0,0.0,9.0,0.0,0.0,0.0,0.0,4.0,0.0,4.0,0.0,6.0,2.0,3.0,0.0,5.0,71.0,38.0,1.0,13.0,22.0,126.0,2.0,0.0,1.0,0.0,0.0
ctx-lh-superiorparietal,25.0,0.0,2.0,987.0,0.0,0.0,59.0,1671.0,24.0,74.0,210.0,687.0,0.0,117.0,0.0,24.0,167.0,4.0,1.0,0.0,0.0,226.0,665.0,107.0,185.0,2548.0,0.0,0.0,9.0,8211.0,44.0,311.0,0.0,14.0,2.0,0.0,0.0,4.0,0.0,0.0,0.0,17.0,4.0,3.0,43.0,8.0,0.0,8.0,0.0,0.0,5.0,2.0,0.0,0.0,0.0,0.0,7.0,36.0,17.0,59.0,0.0,0.0,2.0,30.0,7.0,2.0,0.0,0.0
ctx-lh-superiortemporal,1114.0,0.0,2.0,4.0,37.0,0.0,107.0,169.0,220.0,358.0,22.0,18.0,2.0,13.0,0.0,858.0,4.0,4.0,0.0,0.0,0.0,1.0,38.0,15.0,23.0,32.0,0.0,0.0,1.0,44.0,4814.0,469.0,214.0,523.0,1.0,0.0,0.0,0.0,0.0,0.0,2.0,4.0,1.0,1.0,6.0,1.0,0.0,0.0,0.0,0.0,2.0,2.0,0.0,0.0,0.0,0.0,1.0,3.0,3.0,7.0,0.0,0.0,0.0,8.0,1.0,0.0,0.0,0.0
ctx-lh-supramarginal,208.0,2.0,21.0,0.0,0.0,0.0,11.0,1079.0,26.0,329.0,27.0,12.0,0.0,2.0,0.0,48.0,26.0,0.0,3.0,0.0,0.0,2.0,1182.0,50.0,374.0,30.0,0.0,0.0,10.0,311.0,469.0,5675.0,0.0,33.0,1.0,0.0,1.0,1.0,0.0,0.0,0.0,1.0,0.0,0.0,4.0,1.0,0.0,0.0,0.0,0.0,3.0,0.0,0.0,0.0,0.0,0.0,0.0,12.0,4.0,9.0,0.0,0.0,1.0,11.0,0.0,2.0,0.0,0.0
ctx-lh-temporalpole,2.0,0.0,0.0,0.0,184.0,0.0,62.0,6.0,185.0,60.0,0.0,0.0,0.0,0.0,0.0,180.0,0.0,4.0,0.0,0.0,0.0,0.0,0.0,0.0,0.0,0.0,0.0,0.0,0.0,0.0,214.0,0.0,349.0,1.0,0.0,0.0,0.0,0.0,0.0,0.0,0.0,0.0,0.0,0.0,0.0,0.0,0.0,0.0,0.0,0.0,0.0,0.0,0.0,0.0,0.0,0.0,0.0,0.0,0.0,0.0,0.0,0.0,0.0,0.0,0.0,0.0,0.0,0.0
ctx-lh-transversetemporal,86.0,1.0,0.0,0.0,1.0,0.0,10.0,26.0,6.0,141.0,6.0,2.0,1.0,3.0,0.0,20.0,1.0,0.0,0.0,0.0,0.0,1.0,6.0,2.0,5.0,11.0,0.0,0.0,0.0,14.0,523.0,33.0,1.0,268.0,0.0,0.0,0.0,0.0,0.0,0.0,0.0,0.0,0.0,0.0,2.0,1.0,0.0,0.0,0.0,0.0,1.0,0.0,0.0,0.0,0.0,1.0,0.0,1.0,0.0,1.0,0.0,0.0,0.0,3.0,2.0,0.0,0.0,0.0
ctx-rh-bankssts,1.0,0.0,0.0,0.0,0.0,0.0,0.0,3.0,0.0,2.0,5.0,0.0,0.0,0.0,0.0,0.0,0.0,1.0,0.0,0.0,0.0,1.0,0.0,1.0,0.0,4.0,0.0,0.0,0.0,2.0,1.0,1.0,0.0,0.0,631.0,0.0,0.0,0.0,0.0,0.0,30.0,317.0,251.0,49.0,7.0,22.0,1.0,13.0,0.0,516.0,4.0,4.0,1.0,0.0,0.0,2.0,19.0,5.0,7.0,22.0,0.0,0.0,0.0,24.0,1199.0,272.0,5.0,67.0
ctx-rh-caudalanteriorcingulate,0.0,218.0,35.0,0.0,0.0,1.0,0.0,0.0,0.0,11.0,1.0,0.0,2.0,0.0,3.0,0.0,5.0,0.0,14.0,0.0,7.0,0.0,1.0,49.0,32.0,0.0,34.0,37.0,178.0,0.0,0.0,0.0,0.0,0.0,0.0,1020.0,64.0,0.0,0.0,1.0,0.0,0.0,0.0,29.0,0.0,0.0,27.0,0.0,16.0,0.0,4.0,0.0,15.0,8.0,28.0,0.0,0.0,290.0,36.0,0.0,241.0,153.0,1016.0,0.0,0.0,0.0,0.0,0.0
ctx-rh-caudalmiddlefrontal,0.0,17.0,6.0,0.0,0.0,0.0,0.0,1.0,0.0,3.0,0.0,0.0,0.0,0.0,0.0,0.0,8.0,0.0,1.0,0.0,0.0,0.0,4.0,28.0,24.0,2.0,1.0,0.0,37.0,0.0,0.0,1.0,0.0,0.0,0.0,64.0,3380.0,0.0,0.0,0.0,0.0,1.0,0.0,81.0,0.0,0.0,2.0,0.0,0.0,0.0,57.0,0.0,214.0,3.0,49.0,0.0,45.0,127.0,1504.0,2.0,0.0,705.0,1088.0,6.0,2.0,20.0,0.0,0.0
ctx-rh-cuneus,0.0,0.0,0.0,21.0,0.0,0.0,0.0,1.0,0.0,0.0,3.0,2.0,0.0,8.0,0.0,0.0,1.0,0.0,0.0,0.0,0.0,9.0,0.0,0.0,0.0,4.0,0.0,0.0,0.0,4.0,0.0,1.0,0.0,0.0,0.0,0.0,0.0,1335.0,0.0,0.0,50.0,16.0,9.0,0.0,5.0,576.0,0.0,224.0,0.0,3.0,0.0,9.0,0.0,0.0,0.0,1519.0,0.0,0.0,0.0,370.0,0.0,0.0,0.0,397.0,2.0,1.0,0.0,0.0
ctx-rh-entorhinal,0.0,0.0,0.0,0.0,0.0,0.0,0.0,0.0,0.0,0.0,0.0,0.0,0.0,0.0,0.0,0.0,0.0,0.0,0.0,0.0,0.0,0.0,0.0,0.0,0.0,1.0,0.0,0.0,0.0,0.0,0.0,0.0,0.0,0.0,0.0,0.0,0.0,0.0,381.0,0.0,422.0,2.0,98.0,8.0,1.0,0.0,0.0,1.0,0.0,61.0,0.0,199.0,0.0,0.0,0.0,0.0,0.0,0.0,0.0,1.0,0.0,0.0,0.0,0.0,23.0,0.0,164.0,0.0
ctx-rh-frontalpole,0.0,0.0,0.0,0.0,0.0,0.0,0.0,0.0,0.0,0.0,0.0,0.0,0.0,0.0,0.0,0.0,0.0,0.0,0.0,0.0,0.0,0.0,0.0,0.0,0.0,0.0,0.0,0.0,0.0,0.0,0.0,0.0,0.0,0.0,0.0,1.0,0.0,0.0,0.0,121.0,0.0,0.0,0.0,3.0,0.0,0.0,145.0,0.0,220.0,0.0,0.0,0.0,0.0,7.0,6.0,0.0,0.0,0.0,0.0,0.0,4.0,213.0,148.0,0.0,0.0,0.0,0.0,0.0
ctx-rh-fusiform,0.0,0.0,0.0,1.0,0.0,0.0,1.0,1.0,0.0,0.0,11.0,1.0,0.0,4.0,0.0,0.0,0.0,0.0,0.0,0.0,0.0,2.0,0.0,1.0,0.0,11.0,0.0,0.0,0.0,0.0,2.0,0.0,0.0,0.0,30.0,0.0,0.0,50.0,422.0,0.0,4088.0,110.0,1361.0,20.0,18.0,1683.0,0.0,528.0,0.0,327.0,2.0,413.0,0.0,0.0,0.0,96.0,1.0,0.0,0.0,102.0,0.0,0.0,0.0,50.0,51.0,10.0,101.0,6.0
ctx-rh-inferiorparietal,2.0,0.0,0.0,0.0,0.0,0.0,1.0,15.0,2.0,2.0,48.0,7.0,0.0,9.0,0.0,1.0,1.0,0.0,0.0,0.0,0.0,0.0,3.0,11.0,0.0,52.0,0.0,0.0,1.0,17.0,4.0,1.0,0.0,0.0,317.0,0.0,1.0,16.0,2.0,0.0,110.0,8931.0,314.0,85.0,102.0,1028.0,0.0,49.0,0.0,353.0,33.0,10.0,1.0,0.0,0.0,10.0,115.0,38.0,60.0,379.0,0.0,1.0,0.0,1433.0,199.0,1220.0,3.0,27.0
ctx-rh-inferiortemporal,0.0,0.0,0.0,1.0,0.0,0.0,0.0,4.0,0.0,0.0,6.0,0.0,0.0,1.0,0.0,0.0,0.0,0.0,0.0,0.0,0.0,0.0,0.0,1.0,0.0,4.0,0.0,0.0,0.0,4.0,1.0,0.0,0.0,0.0,251.0,0.0,0.0,9.0,98.0,0.0,1361.0,314.0,2915.0,56.0,8.0,410.0,4.0,64.0,0.0,2071.0,0.0,41.0,0.0,0.0,0.0,16.0,4.0,2.0,4.0,46.0,0.0,1.0,0.0,43.0,242.0,20.0,151.0,9.0
ctx-rh-insula,0.0,4.0,4.0,0.0,0.0,0.0,0.0,2.0,0.0,0.0,8.0,0.0,0.0,3.0,0.0,0.0,1.0,0.0,0.0,0.0,0.0,0.0,1.0,5.0,2.0,8.0,2.0,1.0,9.0,3.0,1.0,0.0,0.0,0.0,49.0,29.0,81.0,0.0,8.0,3.0,20.0,85.0,56.0,1550.0,5.0,7.0,423.0,1.0,43.0,93.0,19.0,0.0,192.0,34.0,144.0,0.0,169.0,28.0,296.0,27.0,26.0,218.0,146.0,62.0,378.0,255.0,24.0,91.0
ctx-rh-isthmuscingulate,0.0,0.0,0.0,2.0,0.0,0.0,4.0,47.0,3.0,11.0,115.0,11.0,0.0,27.0,0.0,4.0,4.0,3.0,0.0,0.0,0.0,3.0,6.0,22.0,5.0,129.0,0.0,0.0,0.0,43.0,6.0,4.0,0.0,2.0,7.0,0.0,0.0,5.0,1.0,0.0,18.0,102.0,8.0,5.0,838.0,42.0,0.0,80.0,0.0,5.0,27.0,124.0,0.0,0.0,0.0,12.0,11.0,349.0,16.0,1005.0,0.0,0.0,1.0,188.0,9.0,29.0,0.0,6.0
ctx-rh-lateraloccipital,0.0,0.0,0.0,1.0,0.0,0.0,2.0,6.0,4.0,4.0,11.0,7.0,0.0,18.0,0.0,0.0,0.0,2.0,0.0,0.0,0.0,1.0,1.0,3.0,1.0,29.0,0.0,0.0,0.0,8.0,1.0,1.0,0.0,1.0,22.0,0.0,0.0,576.0,0.0,0.0,1683.0,1028.0,410.0,7.0,42.0,8559.0,1.0,887.0,0.0,181.0,2.0,16.0,0.0,0.0,0.0,938.0,2.0,6.0,2.0,559.0,0.0,0.0,0.0,862.0,26.0,16.0,1.0,2.0
ctx-rh-lateralorbitofrontal,0.0,3.0,0.0,0.0,0.0,0.0,0.0,0.0,0.0,0.0,0.0,0.0,0.0,0.0,1.0,0.0,0.0,0.0,0.0,0.0,0.0,0.0,0.0,0.0,0.0,0.0,1.0,1.0,0.0,0.0,0.0,0.0,0.0,0.0,1.0,27.0,2.0,0.0,0.0,145.0,0.0,0.0,4.0,423.0,0.0,1.0,3305.0,0.0,1183.0,0.0,0.0,0.0,13.0,559.0,256.0,0.0,0.0,0.0,2.0,0.0,201.0,652.0,236.0,0.0,8.0,1.0,1.0,0.0
ctx-rh-lingual,1.0,0.0,0.0,2.0,0.0,0.0,3.0,15.0,4.0,0.0,22.0,5.0,0.0,307.0,0.0,0.0,0.0,1.0,0.0,0.0,0.0,26.0,0.0,0.0,0.0,31.0,0.0,0.0,0.0,8.0,0.0,0.0,0.0,0.0,13.0,0.0,0.0,224.0,1.0,0.0,528.0,49.0,64.0,1.0,80.0,887.0,0.0,4543.0,0.0,16.0,1.0,266.0,0.0,0.0,0.0,1593.0,0.0,0.0,0.0,452.0,0.0,0.0,0.0,70.0,1.0,2.0,0.0,0.0
ctx-rh-medialorbitofrontal,0.0,4.0,0.0,0.0,0.0,0.0,0.0,0.0,0.0,1.0,0.0,0.0,0.0,0.0,0.0,0.0,0.0,0.0,0.0,0.0,0.0,0.0,0.0,0.0,0.0,0.0,1.0,0.0,4.0,0.0,0.0,0.0,0.0,0.0,0.0,16.0,0.0,0.0,0.0,220.0,0.0,0.0,0.0,43.0,0.0,0.0,1183.0,0.0,1819.0,1.0,0.0,0.0,0.0,21.0,8.0,0.0,0.0,1.0,0.0,0.0,492.0,208.0,396.0,0.0,0.0,0.0,0.0,0.0
ctx-rh-middletemporal,0.0,0.0,0.0,0.0,0.0,0.0,0.0,0.0,0.0,1.0,3.0,0.0,0.0,0.0,0.0,0.0,0.0,0.0,0.0,0.0,0.0,0.0,0.0,1.0,0.0,4.0,0.0,0.0,0.0,0.0,0.0,0.0,0.0,0.0,516.0,0.0,0.0,3.0,61.0,0.0,327.0,353.0,2071.0,93.0,5.0,181.0,0.0,16.0,1.0,3183.0,0.0,14.0,0.0,0.0,0.0,4.0,3.0,1.0,2.0,24.0,0.0,1.0,1.0,23.0,598.0,15.0,106.0,1.0
ctx-rh-paracentral,1.0,2.0,2.0,0.0,0.0,0.0,0.0,4.0,1.0,5.0,15.0,0.0,0.0,0.0,0.0,0.0,15.0,0.0,0.0,0.0,0.0,0.0,2.0,56.0,13.0,8.0,0.0,1.0,4.0,5.0,2.0,3.0,0.0,1.0,4.0,4.0,57.0,0.0,0.0,0.0,2.0,33.0,0.0,19.0,27.0,2.0,0.0,1.0,0.0,0.0,1931.0,1.0,2.0,0.0,0.0,0.0,557.0,440.0,2445.0,355.0,0.0,1.0,754.0,439.0,3.0,26.0,0.0,0.0
ctx-rh-parahippocampal,0.0,0.0,0.0,1.0,0.0,0.0,1.0,4.0,0.0,1.0,5.0,2.0,0.0,3.0,0.0,0.0,0.0,0.0,0.0,0.0,0.0,1.0,2.0,0.0,0.0,7.0,0.0,0.0,0.0,2.0,2.0,0.0,0.0,0.0,4.0,0.0,0.0,9.0,199.0,0.0,413.0,10.0,41.0,0.0,124.0,16.0,0.0,266.0,0.0,14.0,1.0,533.0,0.0,0.0,0.0,6.0,1.0,0.0,0.0,40.0,0.0,0.0,0.0,8.0,7.0,1.0,1.0,0.0
ctx-rh-parsopercularis,0.0,6.0,1.0,0.0,0.0,0.0,0.0,0.0,0.0,1.0,0.0,0.0,0.0,0.0,0.0,0.0,1.0,0.0,0.0,0.0,0.0,0.0,0.0,4.0,2.0,0.0,0.0,0.0,6.0,0.0,0.0,0.0,0.0,0.0,1.0,15.0,214.0,0.0,0.0,0.0,0.0,1.0,0.0,192.0,0.0,0.0,13.0,0.0,0.0,0.0,2.0,0.0,1108.0,10.0,454.0,0.0,34.0,12.0,537.0,0.0,2.0,627.0,106.0,2.0,1.0,6.0,0.0,0.0
ctx-rh-parsorbitalis,0.0,0.0,0.0,0.0,0.0,0.0,0.0,0.0,0.0,0.0,0.0,0.0,0.0,0.0,0.0,0.0,0.0,0.0,0.0,0.0,0.0,0.0,0.0,0.0,0.0,0.0,0.0,1.0,2.0,0.0,0.0,0.0,0.0,0.0,0.0,8.0,3.0,0.0,0.0,7.0,0.0,0.0,0.0,34.0,0.0,0.0,559.0,0.0,21.0,0.0,0.0,0.0,10.0,571.0,453.0,0.0,2.0,0.0,2.0,0.0,25.0,448.0,60.0,0.0,0.0,0.0,0.0,0.0
ctx-rh-parstriangularis,0.0,7.0,0.0,0.0,0.0,0.0,0.0,0.0,0.0,0.0,0.0,0.0,0.0,0.0,1.0,0.0,0.0,0.0,0.0,0.0,0.0,0.0,0.0,3.0,2.0,0.0,4.0,1.0,3.0,0.0,0.0,0.0,0.0,0.0,0.0,28.0,49.0,0.0,0.0,6.0,0.0,0.0,0.0,144.0,0.0,0.0,256.0,0.0,8.0,0.0,0.0,0.0,454.0,453.0,1476.0,0.0,1.0,0.0,25.0,0.0,21.0,883.0,142.0,1.0,0.0,0.0,0.0,0.0
ctx-rh-pericalcarine,0.0,0.0,0.0,15.0,0.0,0.0,1.0,6.0,0.0,0.0,1.0,1.0,0.0,101.0,0.0,0.0,0.0,0.0,0.0,0.0,0.0,8.0,0.0,2.0,0.0,3.0,0.0,0.0,0.0,0.0,0.0,0.0,0.0,1.0,2.0,0.0,0.0,1519.0,0.0,0.0,96.0,10.0,16.0,0.0,12.0,938.0,0.0,1593.0,0.0,4.0,0.0,6.0,0.0,0.0,0.0,973.0,1.0,2.0,1.0,439.0,0.0,0.0,0.0,132.0,3.0,1.0,0.0,0.0
ctx-rh-postcentral,0.0,1.0,1.0,0.0,0.0,0.0,0.0,3.0,0.0,5.0,13.0,0.0,0.0,0.0,0.0,0.0,1.0,0.0,0.0,0.0,0.0,0.0,2.0,13.0,1.0,8.0,0.0,0.0,5.0,7.0,1.0,0.0,0.0,0.0,19.0,0.0,45.0,0.0,0.0,0.0,1.0,115.0,4.0,169.0,11.0,2.0,0.0,0.0,0.0,3.0,557.0,1.0,34.0,2.0,1.0,1.0,5984.0,75.0,1792.0,104.0,0.0,6.0,28.0,709.0,21.0,1450.0,0.0,4.0
ctx-rh-posteriorcingulate,1.0,23.0,24.0,0.0,0.0,0.0,1.0,18.0,0.0,25.0,58.0,4.0,0.0,1.0,0.0,0.0,66.0,0.0,0.0,0.0,1.0,0.0,21.0,270.0,82.0,62.0,0.0,0.0,71.0,36.0,3.0,12.0,0.0,1.0,5.0,290.0,127.0,0.0,0.0,0.0,0.0,38.0,2.0,28.0,349.0,6.0,0.0,0.0,1.0,1.0,440.0,0.0,12.0,0.0,0.0,2.0,75.0,1453.0,503.0,284.0,1.0,10.0,497.0,176.0,5.0,40.0,0.0,4.0
ctx-rh-precentral,0.0,14.0,17.0,0.0,0.0,0.0,0.0,1.0,0.0,11.0,10.0,2.0,1.0,1.0,0.0,0.0,17.0,0.0,1.0,0.0,0.0,0.0,10.0,105.0,33.0,14.0,0.0,0.0,38.0,17.0,3.0,4.0,0.0,0.0,7.0,36.0,1504.0,0.0,0.0,0.0,0.0,60.0,4.0,296.0,16.0,2.0,2.0,0.0,0.0,2.0,2445.0,0.0,537.0,2.0,25.0,1.0,1792.0,503.0,8851.0,49.0,1.0,102.0,1168.0,243.0,14.0,252.0,0.0,3.0
ctx-rh-precuneus,3.0,0.0,0.0,5.0,0.0,0.0,9.0,31.0,4.0,5.0,98.0,14.0,0.0,26.0,0.0,2.0,0.0,3.0,0.0,0.0,0.0,4.0,8.0,23.0,2.0,134.0,0.0,0.0,1.0,59.0,7.0,9.0,0.0,1.0,22.0,0.0,2.0,370.0,1.0,0.0,102.0,379.0,46.0,27.0,1005.0,559.0,0.0,452.0,0.0,24.0,355.0,40.0,0.0,0.0,0.0,439.0,104.0,284.0,49.0,6549.0,0.0,0.0,2.0,3677.0,30.0,51.0,0.0,11.0
ctx-rh-rostralanteriorcingulate,0.0,24.0,1.0,0.0,0.0,0.0,0.0,0.0,0.0,0.0,0.0,0.0,3.0,0.0,3.0,0.0,0.0,0.0,1.0,0.0,2.0,0.0,0.0,0.0,0.0,0.0,13.0,1.0,13.0,0.0,0.0,0.0,0.0,0.0,0.0,241.0,0.0,0.0,0.0,4.0,0.0,0.0,0.0,26.0,0.0,0.0,201.0,0.0,492.0,0.0,0.0,0.0,2.0,25.0,21.0,0.0,0.0,1.0,1.0,0.0,634.0,127.0,492.0,0.0,0.0,0.0,0.0,0.0
ctx-rh-rostralmiddlefrontal,0.0,32.0,0.0,0.0,0.0,0.0,0.0,0.0,0.0,2.0,0.0,0.0,0.0,0.0,2.0,0.0,0.0,0.0,0.0,0.0,1.0,0.0,0.0,7.0,1.0,0.0,7.0,5.0,22.0,0.0,0.0,0.0,0.0,0.0,0.0,153.0,705.0,0.0,0.0,213.0,0.0,1.0,1.0,218.0,0.0,0.0,652.0,0.0,208.0,1.0,1.0,0.0,627.0,448.0,883.0,0.0,6.0,10.0,102.0,0.0,127.0,6155.0,1978.0,0.0,0.0,1.0,0.0,0.0
ctx-rh-superiorfrontal,0.0,128.0,31.0,0.0,0.0,0.0,0.0,0.0,0.0,13.0,1.0,0.0,5.0,0.0,2.0,0.0,26.0,0.0,1.0,0.0,1.0,0.0,11.0,97.0,52.0,5.0,13.0,14.0,126.0,2.0,0.0,1.0,0.0,0.0,0.0,1016.0,1088.0,0.0,0.0,148.0,0.0,0.0,0.0,146.0,1.0,0.0,236.0,0.0,396.0,1.0,754.0,0.0,106.0,60.0,142.0,0.0,28.0,497.0,1168.0,2.0,492.0,1978.0,10546.0,4.0,0.0,6.0,0.0,0.0
ctx-rh-superiorparietal,2.0,0.0,0.0,3.0,0.0,0.0,4.0,20.0,3.0,8.0,76.0,10.0,0.0,13.0,0.0,1.0,7.0,0.0,0.0,0.0,0.0,4.0,1.0,37.0,1.0,71.0,0.0,0.0,2.0,30.0,8.0,11.0,0.0,3.0,24.0,0.0,6.0,397.0,0.0,0.0,50.0,1433.0,43.0,62.0,188.0,862.0,0.0,70.0,0.0,23.0,439.0,8.0,2.0,0.0,1.0,132.0,709.0,176.0,243.0,3677.0,0.0,0.0,4.0,8330.0,51.0,371.0,0.0,28.0
ctx-rh-superiortemporal,0.0,0.0,0.0,0.0,0.0,0.0,0.0,6.0,0.0,1.0,7.0,2.0,0.0,0.0,0.0,0.0,1.0,0.0,0.0,0.0,0.0,0.0,1.0,1.0,0.0,5.0,0.0,0.0,0.0,7.0,1.0,0.0,0.0,2.0,1199.0,0.0,2.0,2.0,23.0,0.0,51.0,199.0,242.0,378.0,9.0,26.0,8.0,1.0,0.0,598.0,3.0,7.0,1.0,0.0,0.0,3.0,21.0,5.0,14.0,30.0,0.0,0.0,0.0,51.0,5514.0,382.0,185.0,649.0
ctx-rh-supramarginal,0.0,0.0,0.0,1.0,0.0,0.0,0.0,4.0,1.0,2.0,10.0,0.0,0.0,1.0,0.0,0.0,1.0,0.0,0.0,0.0,0.0,1.0,2.0,7.0,2.0,15.0,0.0,0.0,1.0,2.0,0.0,2.0,0.0,0.0,272.0,0.0,20.0,1.0,0.0,0.0,10.0,1220.0,20.0,255.0,29.0,16.0,1.0,2.0,0.0,15.0,26.0,1.0,6.0,0.0,0.0,1.0,1450.0,40.0,252.0,51.0,0.0,1.0,6.0,371.0,382.0,4825.0,0.0,41.0
ctx-rh-temporalpole,0.0,0.0,0.0,0.0,0.0,0.0,0.0,0.0,0.0,0.0,0.0,1.0,0.0,0.0,0.0,0.0,0.0,0.0,0.0,0.0,0.0,0.0,0.0,0.0,0.0,0.0,0.0,0.0,0.0,0.0,0.0,0.0,0.0,0.0,5.0,0.0,0.0,0.0,164.0,0.0,101.0,3.0,151.0,24.0,0.0,1.0,1.0,0.0,0.0,106.0,0.0,1.0,0.0,0.0,0.0,0.0,0.0,0.0,0.0,0.0,0.0,0.0,0.0,0.0,185.0,0.0,541.0,0.0
ctx-rh-transversetemporal,0.0,0.0,0.0,0.0,0.0,0.0,0.0,0.0,0.0,0.0,5.0,0.0,0.0,0.0,0.0,0.0,0.0,0.0,0.0,0.0,0.0,0.0,0.0,1.0,0.0,3.0,0.0,0.0,0.0,0.0,0.0,0.0,0.0,0.0,67.0,0.0,0.0,0.0,0.0,0.0,6.0,27.0,9.0,91.0,6.0,2.0,0.0,0.0,0.0,1.0,0.0,0.0,0.0,0.0,0.0,0.0,4.0,4.0,3.0,11.0,0.0,0.0,0.0,28.0,649.0,41.0,0.0,343.0
