,ctx-lh-bankssts,ctx-lh-caudalanteriorcingulate,ctx-lh-caudalmiddlefrontal,ctx-lh-cuneus,ctx-lh-entorhinal,ctx-lh-frontalpole,ctx-lh-fusiform,ctx-lh-inferiorparietal,ctx-lh-inferiortemporal,ctx-lh-insula,ctx-lh-isthmuscingulate,ctx-lh-lateraloccipital,ctx-lh-lateralorbitofrontal,ctx-lh-lingual,ctx-lh-medialorbitofrontal,ctx-lh-middletemporal,ctx-lh-paracentral,ctx-lh-parahippocampal,ctx-lh-parsopercularis,ctx-lh-parsorbitalis,ctx-lh-parstriangularis,ctx-lh-pericalcarine,ctx-lh-postcentral,ctx-lh-posteriorcingulate,ctx-lh-precentral,ctx-lh-precuneus,ctx-lh-rostralanteriorcingulate,ctx-lh-rostralmiddlefrontal,ctx-lh-superiorfrontal,ctx-lh-superiorparietal,ctx-lh-superiortemporal,ctx-lh-supramarginal,ctx-lh-temporalpole,ctx-lh-transversetemporal,ctx-rh-bankssts,ctx-rh-caudalanteriorcingulate,ctx-rh-caudalmiddlefrontal,ctx-rh-cuneus,ctx-rh-entorhinal,ctx-rh-frontalpole,ctx-rh-fusiform,ctx-rh-inferiorparietal,ctx-rh-inferiortemporal,ctx-rh-insula,ctx-rh-isthmuscingulate,ctx-rh-lateraloccipital,ctx-rh-lateralorbitofrontal,ctx-rh-lingual,ctx-rh-medialorbitofrontal,ctx-rh-middletemporal,ctx-rh-paracentral,ctx-rh-parahippocampal,ctx-rh-parsopercularis,ctx-rh-parsorbitalis,ctx-rh-parstriangularis,ctx-rh-pericalcarine,ctx-rh-postcentral,ctx-rh-posteriorcingulate,ctx-rh-precentral,ctx-rh-precuneus,ctx-rh-rostralanteriorcingulate,ctx-rh-rostralmiddlefrontal,ctx-rh-superiorfrontal,ctx-rh-superiorparietal,ctx-rh-superiortemporal,ctx-rh-supramarginal,ctx-rh-temporalpole,ctx-rh-transversetemporal
ctx-lh-bankssts,1005.0,0.0,1.0,2.0,1.0,0.0,23.0,601.0,256.0,20.0,5.0,44.0,0.0,6.0,0.0,562.0,1.0,3.0,0.0,0.0,0.0,4.0,23.0,0.0,8.0,22.0,0.0,1.0,1.0,29.0,625.0,135.0,1.0,8.0,0.0,0.0,0.0,1.0,0.0,0.0,0.0,0.0,1.0,0.0,5.0,1.0,0.0,1.0,0.0,1.0,0.0,0.0,0.0,0.0,0.0,0.0,0.0,0.0,0.0,2.0,0.0,0.0,0.0,0.0,0.0,0.0,0.0,0.0
ctx-lh-caudalanteriorcingulate,0.0,480.0,44.0,0.0,0.0,1.0,0.0,0.0,1.0,28.0,5.0,0.0,7.0,0.0,6.0,0.0,14.0,0.0,35.0,6.0,34.0,0.0,2.0,178.0,19.0,7.0,260.0,129.0,548.0,1.0,0.0,0.0,0.0,0.0,0.0,155.0,10.0,0.0,0.0,0.0,0.0,0.0,0.0,6.0,0.0,0.0,3.0,0.0,9.0,0.0,9.0,0.0,8.0,3.0,8.0,0.0,0.0,18.0,12.0,2.0,31.0,21.0,123.0,0.0,0.0,1.0,0.0,1.0
ctx-lh-caudalmiddlefrontal,1.0,44.0,2039.0,0.0,0.0,0.0,2.0,3.0,0.0,56.0,2.0,0.0,1.0,0.0,3.0,2.0,34.0,0.0,293.0,1.0,20.0,0.0,68.0,29.0,999.0,8.0,3.0,717.0,771.0,15.0,3.0,14.0,0.0,0.0,0.0,19.0,4.0,0.0,0.0,0.0,0.0,0.0,0.0,1.0,0.0,0.0,0.0,0.0,0.0,0.0,3.0,0.0,1.0,0.0,1.0,0.0,0.0,7.0,1.0,1.0,2.0,0.0,14.0,0.0,0.0,0.0,0.0,0.0
ctx-lh-cuneus,2.0,0.0,0.0,1554.0,0.0,0.0,25.0,142.0,17.0,1.0,118.0,589.0,0.0,83.0,0.0,9.0,1.0,2.0,0.0,0.0,0.0,1258.0,0.0,1.0,0.0,420.0,0.0,0.0,0.0,1035.0,7.0,1.0,0.0,3.0,0.0,0.0,0.0,62.0,0.0,0.0,4.0,1.0,3.0,1.0,16.0,18.0,0.0,5.0,0.0,2.0,1.0,1.0,0.0,0.0,0.0,39.0,0.0,0.0,0.0,10.0,0.0,0.0,0.0,18.0,1.0,0.0,0.0,1.0
ctx-lh-entorhinal,1.0,0.0,0.0,0.0,198.0,0.0,110.0,0.0,80.0,10.0,0.0,0.0,0.0,0.0,0.0,42.0,0.0,84.0,0.0,0.0,0.0,0.0,0.0,0.0,0.0,0.0,0.0,0.0,0.0,0.0,26.0,1.0,250.0,0.0,0.0,0.0,0.0,0.0,0.0,0.0,0.0,0.0,0.0,0.0,0.0,0.0,0.0,0.0,0.0,0.0,0.0,0.0,0.0,0.0,0.0,0.0,0.0,0.0,0.0,0.0,0.0,0.0,0.0,0.0,0.0,0.0,0.0,0.0
ctx-lh-frontalpole,0.0,1.0,0.0,0.0,0.0,60.0,0.0,0.0,0.0,0.0,0.0,0.0,32.0,0.0,246.0,0.0,0.0,0.0,0.0,4.0,1.0,0.0,0.0,0.0,0.0,0.0,3.0,198.0,44.0,0.0,0.0,0.0,0.0,0.0,0.0,0.0,0.0,0.0,0.0,0.0,0.0,0.0,0.0,0.0,0.0,0.0,0.0,0.0,0.0,0.0,0.0,0.0,0.0,0.0,0.0,0.0,0.0,0.0,0.0,0.0,0.0,0.0,0.0,0.0,0.0,0.0,0.0,0.0
ctx-lh-fusiform,23.0,0.0,2.0,25.0,110.0,0.0,3111.0,46.0,1423.0,55.0,27.0,951.0,0.0,565.0,0.0,339.0,1.0,171.0,0.0,0.0,0.0,52.0,0.0,0.0,1.0,21.0,0.0,0.0,0.0,20.0,202.0,5.0,181.0,5.0,0.0,0.0,0.0,2.0,0.0,0.0,0.0,1.0,1.0,0.0,4.0,2.0,0.0,5.0,0.0,2.0,0.0,0.0,0.0,0.0,0.0,0.0,0.0,0.0,0.0,8.0,0.0,0.0,0.0,0.0,0.0,1.0,0.0,0.0
ctx-lh-inferiorparietal,601.0,0.0,3.0,142.0,0.0,0.0,46.0,5395.0,152.0,45.0,45.0,797.0,0.0,24.0,0.0,429.0,3.0,2.0,3.0,0.0,0.0,38.0,96.0,2.0,52.0,216.0,0.0,2.0,1.0,1122.0,256.0,1108.0,0.0,13.0,2.0,0.0,0.0,0.0,0.0,0.0,0.0,2.0,4.0,1.0,10.0,2.0,0.0,3.0,0.0,6.0,0.0,0.0,0.0,0.0,0.0,2.0,0.0,1.0,0.0,16.0,0.0,0.0,0.0,2.0,3.0,0.0,0.0,1.0
ctx-lh-inferiortemporal,256.0,1.0,0.0,17.0,80.0,0.0,1423.0,152.0,3669.0,53.0,20.0,285.0,0.0,177.0,0.0,1907.0,0.0,39.0,0.0,0.0,0.0,29.0,4.0,2.0,4.0,38.0,0.0,0.0,2.0,30.0,218.0,27.0,231.0,9.0,0.0,0.0,0.0,1.0,0.0,0.0,2.0,2.0,1.0,0.0,11.0,4.0,0.0,1.0,0.0,1.0,0.0,0.0,0.0,0.0,0.0,1.0,0.0,0.0,0.0,11.0,0.0,0.0,0.0,3.0,0.0,1.0,0.0,0.0
ctx-lh-insula,20.0,28.0,56.0,1.0,10.0,0.0,55.0,45.0,53.0,1618.0,17.0,9.0,493.0,10.0,48.0,78.0,18.0,10.0,313.0,24.0,115.0,1.0,300.0,11.0,398.0,62.0,38.0,107.0,132.0,93.0,243.0,219.0,11.0,79.0,2.0,9.0,0.0,0.0,0.0,0.0,0.0,1.0,0.0,1.0,11.0,3.0,0.0,0.0,2.0,1.0,3.0,0.0,1.0,0.0,0.0,2.0,1.0,7.0,0.0,12.0,3.0,0.0,4.0,2.0,2.0,0.0,0.0,1.0
ctx-lh-isthmuscingulate,5.0,5.0,2.0,118.0,0.0,0.0,27.0,45.0,20.0,17.0,1005.0,70.0,0.0,244.0,0.0,26.0,12.0,64.0,3.0,0.0,0.0,61.0,6.0,355.0,12.0,881.0,0.0,0.0,9.0,104.0,28.0,4.0,0.0,5.0,5.0,0.0,0.0,12.0,0.0,0.0,7.0,9.0,17.0,9.0,163.0,21.0,0.0,10.0,0.0,16.0,10.0,3.0,0.0,0.0,0.0,9.0,1.0,43.0,1.0,117.0,0.0,0.0,3.0,20.0,14.0,5.0,0.0,7.0
ctx-lh-lateraloccipital,44.0,0.0,0.0,589.0,0.0,0.0,951.0,797.0,285.0,9.0,70.0,6842.0,0.0,657.0,0.0,189.0,0.0,6.0,0.0,0.0,0.0,1034.0,7.0,6.0,2.0,94.0,0.0,0.0,0.0,540.0,36.0,14.0,1.0,7.0,3.0,0.0,0.0,8.0,0.0,0.0,4.0,1.0,10.0,3.0,17.0,8.0,0.0,1.0,0.0,5.0,0.0,0.0,0.0,0.0,0.0,2.0,0.0,1.0,0.0,17.0,0.0,0.0,1.0,6.0,6.0,1.0,0.0,0.0
ctx-lh-lateralorbitofrontal,0.0,7.0,1.0,0.0,0.0,32.0,0.0,0.0,0.0,493.0,0.0,0.0,3430.0,0.0,2221.0,0.0,0.0,0.0,11.0,514.0,387.0,0.0,0.0,2.0,2.0,1.0,186.0,524.0,86.0,0.0,0.0,0.0,0.0,0.0,0.0,4.0,0.0,0.0,0.0,0.0,0.0,0.0,0.0,0.0,0.0,0.0,0.0,0.0,1.0,0.0,0.0,0.0,0.0,0.0,0.0,0.0,0.0,0.0,0.0,0.0,5.0,0.0,0.0,0.0,0.0,0.0,0.0,0.0
ctx-lh-lingual,6.0,0.0,0.0,83.0,0.0,0.0,565.0,24.0,177.0,10.0,244.0,657.0,0.0,5650.0,0.0,49.0,0.0,184.0,0.0,0.0,0.0,872.0,1.0,0.0,0.0,146.0,0.0,0.0,0.0,15.0,27.0,2.0,1.0,4.0,1.0,0.0,0.0,7.0,0.0,0.0,2.0,4.0,2.0,2.0,12.0,6.0,0.0,109.0,0.0,9.0,1.0,0.0,0.0,0.0,0.0,15.0,0.0,0.0,2.0,10.0,0.0,0.0,0.0,5.0,1.0,0.0,0.0,2.0
ctx-lh-medialorbitofrontal,0.0,6.0,3.0,0.0,0.0,246.0,0.0,0.0,0.0,48.0,0.0,0.0,2221.0,0.0,1363.0,0.0,0.0,0.0,1.0,126.0,71.0,0.0,0.0,1.0,0.0,0.0,444.0,1002.0,313.0,0.0,1.0,0.0,0.0,0.0,0.0,1.0,0.0,0.0,0.0,0.0,0.0,0.0,0.0,1.0,0.0,0.0,0.0,0.0,2.0,0.0,0.0,0.0,0.0,0.0,1.0,0.0,0.0,0.0,0.0,0.0,22.0,0.0,2.0,0.0,0.0,0.0,0.0,0.0
ctx-lh-middletemporal,562.0,0.0,2.0,9.0,42.0,0.0,339.0,429.0,1907.0,78.0,26.0,189.0,0.0,49.0,0.0,3289.0,0.0,25.0,0.0,0.0,0.0,16.0,19.0,0.0,14.0,34.0,0.0,0.0,2.0,57.0,915.0,72.0,250.0,17.0,0.0,0.0,0.0,2.0,0.0,0.0,2.0,1.0,2.0,0.0,10.0,5.0,0.0,1.0,0.0,1.0,0.0,2.0,0.0,0.0,0.0,2.0,0.0,0.0,0.0,5.0,0.0,0.0,0.0,2.0,2.0,0.0,0.0,0.0
ctx-lh-paracentral,1.0,14.0,34.0,1.0,0.0,0.0,1.0,3.0,0.0,18.0,12.0,0.0,0.0,0.0,0.0,0.0,1601.0,0.0,9.0,0.0,1.0,0.0,602.0,234.0,865.0,237.0,2.0,3.0,546.0,135.0,0.0,5.0,0.0,1.0,0.0,2.0,6.0,0.0,0.0,0.0,0.0,2.0,1.0,1.0,3.0,0.0,0.0,1.0,0.0,0.0,73.0,0.0,1.0,0.0,0.0,0.0,4.0,25.0,28.0,9.0,1.0,2.0,17.0,2.0,0.0,1.0,0.0,0.0
ctx-lh-parahippocampal,3.0,0.0,0.0,2.0,84.0,0.0,171.0,2.0,39.0,10.0,64.0,6.0,0.0,184.0,0.0,25.0,0.0,380.0,0.0,0.0,0.0,2.0,0.0,0.0,0.0,8.0,0.0,0.0,0.0,1.0,35.0,0.0,1.0,2.0,0.0,0.0,0.0,1.0,0.0,0.0,1.0,0.0,0.0,0.0,2.0,0.0,0.0,0.0,0.0,0.0,0.0,0.0,0.0,0.0,0.0,0.0,0.0,2.0,0.0,1.0,0.0,0.0,0.0,1.0,0.0,0.0,0.0,0.0
ctx-lh-parsopercularis,0.0,35.0,293.0,0.0,0.0,0.0,0.0,3.0,0.0,313.0,3.0,0.0,11.0,0.0,1.0,0.0,9.0,0.0,1694.0,3.0,446.0,0.0,61.0,12.0,709.0,6.0,12.0,555.0,200.0,11.0,2.0,14.0,0.0,0.0,0.0,11.0,1.0,0.0,0.0,0.0,0.0,0.0,0.0,2.0,1.0,0.0,1.0,0.0,0.0,1.0,1.0,0.0,0.0,0.0,0.0,0.0,0.0,2.0,2.0,0.0,3.0,1.0,12.0,0.0,0.0,0.0,0.0,0.0
ctx-lh-parsorbitalis,0.0,6.0,1.0,0.0,0.0,4.0,0.0,0.0,0.0,24.0,0.0,0.0,514.0,0.0,126.0,0.0,0.0,0.0,3.0,631.0,428.0,0.0,0.0,0.0,1.0,0.0,21.0,394.0,46.0,0.0,0.0,0.0,0.0,0.0,0.0,4.0,0.0,0.0,0.0,0.0,0.0,0.0,0.0,0.0,0.0,0.0,0.0,0.0,0.0,0.0,0.0,0.0,0.0,0.0,0.0,0.0,0.0,0.0,0.0,0.0,2.0,0.0,0.0,0.0,0.0,0.0,0.0,0.0
ctx-lh-parstriangularis,0.0,34.0,20.0,0.0,0.0,1.0,0.0,0.0,0.0,115.0,0.0,0.0,387.0,0.0,71.0,0.0,1.0,0.0,446.0,428.0,1136.0,0.0,3.0,0.0,17.0,0.0,78.0,792.0,161.0,0.0,0.0,0.0,0.0,0.0,0.0,3.0,1.0,0.0,0.0,0.0,0.0,0.0,0.0,0.0,0.0,0.0,1.0,0.0,0.0,0.0,0.0,0.0,0.0,0.0,0.0,0.0,0.0,1.0,0.0,0.0,4.0,2.0,3.0,0.0,0.0,0.0,0.0,0.0
ctx-lh-pericalcarine,4.0,0.0,0.0,1258.0,0.0,0.0,52.0,38.0,29.0,1.0,61.0,1034.0,0.0,872.0,0.0,16.0,0.0,2.0,0.0,0.0,0.0,1269.0,2.0,1.0,1.0,217.0,0.0,0.0,1.0,110.0,2.0,2.0,1.0,1.0,0.0,0.0,0.0,7.0,0.0,0.0,1.0,2.0,4.0,0.0,15.0,9.0,0.0,1.0,0.0,0.0,0.0,1.0,0.0,0.0,0.0,10.0,0.0,1.0,0.0,13.0,0.0,0.0,0.0,2.0,0.0,0.0,0.0,0.0
ctx-lh-postcentral,23.0,2.0,68.0,0.0,0.0,0.0,0.0,96.0,4.0,300.0,6.0,7.0,0.0,1.0,0.0,19.0,602.0,0.0,61.0,0.0,3.0,2.0,6039.0,20.0,1633.0,166.0,0.0,9.0,49.0,790.0,65.0,1057.0,0.0,11.0,0.0,0.0,0.0,0.0,0.0,0.0,0.0,0.0,1.0,1.0,1.0,0.0,0.0,0.0,0.0,0.0,2.0,0.0,0.0,0.0,0.0,0.0,1.0,7.0,1.0,0.0,0.0,0.0,3.0,0.0,0.0,0.0,0.0,0.0
ctx-lh-posteriorcingulate,0.0,178.0,29.0,1.0,0.0,0.0,0.0,2.0,2.0,11.0,355.0,6.0,2.0,0.0,1.0,0.0,234.0,0.0,12.0,0.0,0.0,1.0,20.0,1035.0,56.0,411.0,12.0,10.0,253.0,15.0,6.0,1.0,0.0,1.0,0.0,28.0,6.0,1.0,0.0,0.0,1.0,2.0,2.0,8.0,30.0,4.0,0.0,0.0,1.0,2.0,78.0,0.0,0.0,2.0,0.0,0.0,3.0,196.0,25.0,45.0,4.0,2.0,93.0,14.0,5.0,3.0,0.0,3.0
ctx-lh-precentral,8.0,19.0,999.0,0.0,0.0,0.0,1.0,52.0,4.0,398.0,12.0,2.0,2.0,0.0,0.0,14.0,865.0,0.0,709.0,1.0,17.0,1.0,1633.0,56.0,6801.0,103.0,4.0,84.0,743.0,317.0,60.0,234.0,0.0,4.0,0.0,6.0,3.0,0.0,0.0,0.0,0.0,1.0,0.0,4.0,2.0,1.0,0.0,1.0,0.0,1.0,11.0,0.0,1.0,0.0,0.0,0.0,0.0,15.0,5.0,4.0,1.0,1.0,23.0,0.0,1.0,0.0,0.0,0.0
ctx-lh-precuneus,22.0,7.0,8.0,420.0,0.0,0.0,21.0,216.0,38.0,62.0,881.0,94.0,1.0,146.0,0.0,34.0,237.0,8.0,6.0,0.0,0.0,217.0,166.0,411.0,103.0,3961.0,0.0,2.0,36.0,1948.0,73.0,36.0,0.0,24.0,4.0,0.0,0.0,12.0,0.0,0.0,5.0,9.0,12.0,6.0,83.0,16.0,0.0,8.0,0.0,7.0,12.0,1.0,0.0,0.0,0.0,5.0,5.0,36.0,3.0,83.0,0.0,0.0,6.0,9.0,10.0,2.0,0.0,4.0
ctx-lh-rostralanteriorcingulate,0.0,260.0,3.0,0.0,0.0,3.0,0.0,0.0,0.0,38.0,0.0,0.0,186.0,0.0,444.0,0.0,2.0,0.0,12.0,21.0,78.0,0.0,0.0,12.0,4.0,0.0,820.0,203.0,446.0,0.0,0.0,0.0,0.0,0.0,0.0,56.0,0.0,0.0,0.0,1.0,0.0,0.0,0.0,10.0,0.0,0.0,10.0,0.0,34.0,0.0,0.0,0.0,1.0,5.0,4.0,0.0,0.0,0.0,0.0,0.0,182.0,19.0,47.0,0.0,0.0,0.0,0.0,0.0
ctx-lh-rostralmiddlefrontal,1.0,129.0,717.0,0.0,0.0,198.0,0.0,2.0,0.0,107.0,0.0,0.0,524.0,0.0,1002.0,0.0,3.0,0.0,555.0,394.0,792.0,0.0,9.0,10.0,84.0,2.0,203.0,6210.0,2392.0,5.0,1.0,4.0,0.0,0.0,0.0,38.0,0.0,0.0,0.0,0.0,0.0,0.0,0.0,3.0,1.0,0.0,1.0,0.0,4.0,0.0,0.0,0.0,1.0,0.0,1.0,0.0,0.0,2.0,3.0,0.0,15.0,4.0,30.0,0.0,0.0,0.0,0.0,0.0
ctx-lh-superiorfrontal,1.0,548.0,771.0,0.0,0.0,44.0,0.0,1.0,2.0,132.0,9.0,0.0,86.0,0.0,313.0,2.0,546.0,0.0,200.0,46.0,161.0,1.0,49.0,253.0,743.0,36.0,446.0,2392.0,9774.0,25.0,2.0,5.0,0.0,0.0,0.0,107.0,8.0,0.0,0.0,0.0,0.0,0.0,0.0,14.0,1.0,0.0,3.0,0.0,6.0,2.0,27.0,0.0,4.0,1.0,5.0,0.0,2.0,35.0,19.0,7.0,30.0,9.0,106.0,4.0,0.0,2.0,0.0,0.0
ctx-lh-superiorparietal,29.0,1.0,15.0,1035.0,0.0,0.0,20.0,1122.0,30.0,93.0,104.0,540.0,0.0,15.0,0.0,57.0,135.0,1.0,11.0,0.0,0.0,110.0,790.0,15.0,317.0,1948.0,0.0,5.0,25.0,6412.0,83.0,773.0,0.0,26.0,3.0,0.0,0.0,8.0,0.0,0.0,2.0,4.0,3.0,1.0,24.0,11.0,0.0,3.0,0.0,3.0,4.0,0.0,0.0,0.0,0.0,3.0,0.0,7.0,1.0,19.0,0.0,0.0,1.0,4.0,3.0,0.0,0.0,1.0
ctx-lh-superiortemporal,625.0,0.0,3.0,7.0,26.0,0.0,202.0,256.0,218.0,243.0,28.0,36.0,0.0,27.0,1.0,915.0,0.0,35.0,2.0,0.0,0.0,2.0,65.0,6.0,60.0,73.0,0.0,1.0,2.0,83.0,5877.0,609.0,250.0,619.0,0.0,0.0,0.0,1.0,0.0,0.0,0.0,2.0,1.0,0.0,10.0,3.0,0.0,0.0,0.0,0.0,1.0,0.0,0.0,0.0,0.0,4.0,0.0,3.0,0.0,8.0,0.0,0.0,1.0,4.0,1.0,1.0,0.0,0.0
ctx-lh-supramarginal,135.0,0.0,14.0,1.0,1.0,0.0,5.0,1108.0,27.0,219.0,4.0,14.0,0.0,2.0,0.0,72.0,5.0,0.0,14.0,0.0,0.0,2.0,1057.0,1.0,234.0,36.0,0.0,4.0,5.0,773.0,609.0,5295.0,0.0,22.0,0.0,0.0,0.0,1.0,0.0,0.0,0.0,0.0,1.0,0.0,4.0,0.0,0.0,1.0,0.0,1.0,2.0,0.0,0.0,0.0,0.0,0.0,0.0,2.0,0.0,5.0,0.0,0.0,0.0,1.0,0.0,0.0,0.0,0.0
ctx-lh-temporalpole,1.0,0.0,0.0,0.0,250.0,0.0,181.0,0.0,231.0,11.0,0.0,1.0,0.0,1.0,0.0,250.0,0.0,1.0,0.0,0.0,0.0,1.0,0.0,0.0,0.0,0.0,0.0,0.0,0.0,0.0,250.0,0.0,593.0,0.0,0.0,0.0,0.0,0.0,0.0,0.0,0.0,0.0,0.0,0.0,0.0,0.0,0.0,0.0,0.0,0.0,0.0,0.0,0.0,0.0,0.0,0.0,0.0,0.0,0.0,0.0,0.0,0.0,0.0,0.0,0.0,0.0,0.0,0.0
ctx-lh-transversetemporal,8.0,0.0,0.0,3.0,0.0,0.0,5.0,13.0,9.0,79.0,5.0,7.0,0.0,4.0,0.0,17.0,1.0,2.0,0.0,0.0,0.0,1.0,11.0,1.0,4.0,24.0,0.0,0.0,0.0,26.0,619.0,22.0,0.0,322.0,0.0,0.0,0.0,0.0,0.0,0.0,1.0,1.0,1.0,0.0,1.0,2.0,1.0,0.0,0.0,0.0,1.0,0.0,0.0,0.0,0.0,0.0,0.0,2.0,0.0,1.0,0.0,0.0,0.0,1.0,0.0,0.0,0.0,0.0
ctx-rh-bankssts,0.0,0.0,0.0,0.0,0.0,0.0,0.0,2.0,0.0,2.0,5.0,3.0,0.0,1.0,0.0,0.0,0.0,0.0,0.0,0.0,0.0,0.0,0.0,0.0,0.0,4.0,0.0,0.0,0.0,3.0,0.0,0.0,0.0,0.0,483.0,0.0,4.0,3.0,1.0,0.0,15.0,411.0,73.0,31.0,8.0,21.0,1.0,6.0,0.0,666.0,5.0,1.0,3.0,1.0,3.0,2.0,38.0,2.0,30.0,27.0,0.0,0.0,3.0,50.0,489.0,330.0,0.0,21.0
ctx-rh-caudalanteriorcingulate,0.0,155.0,19.0,0.0,0.0,0.0,0.0,0.0,0.0,9.0,0.0,0.0,4.0,0.0,1.0,0.0,2.0,0.0,11.0,4.0,3.0,0.0,0.0,28.0,6.0,0.0,56.0,38.0,107.0,0.0,0.0,0.0,0.0,0.0,0.0,464.0,30.0,0.0,0.0,0.0,0.0,1.0,0.0,45.0,1.0,1.0,15.0,0.0,21.0,0.0,19.0,0.0,24.0,6.0,48.0,0.0,1.0,100.0,16.0,4.0,197.0,88.0,692.0,0.0,0.0,0.0,0.0,0.0
ctx-rh-caudalmiddlefrontal,0.0,10.0,4.0,0.0,0.0,0.0,0.0,0.0,0.0,0.0,0.0,0.0,0.0,0.0,0.0,0.0,6.0,0.0,1.0,0.0,1.0,0.0,0.0,6.0,3.0,0.0,0.0,0.0,8.0,0.0,0.0,0.0,0.0,0.0,4.0,30.0,1999.0,0.0,0.0,0.0,0.0,12.0,0.0,28.0,1.0,0.0,2.0,0.0,0.0,1.0,20.0,0.0,240.0,2.0,27.0,0.0,63.0,18.0,1056.0,4.0,2.0,686.0,651.0,17.0,4.0,21.0,0.0,0.0
ctx-rh-cuneus,1.0,0.0,0.0,62.0,0.0,0.0,2.0,0.0,1.0,0.0,12.0,8.0,0.0,7.0,0.0,2.0,0.0,1.0,0.0,0.0,0.0,7.0,0.0,1.0,0.0,12.0,0.0,0.0,0.0,8.0,1.0,1.0,0.0,0.0,3.0,0.0,0.0,1406.0,0.0,0.0,28.0,52.0,20.0,4.0,45.0,636.0,0.0,113.0,0.0,15.0,0.0,1.0,0.0,0.0,0.0,1685.0,1.0,0.0,1.0,404.0,0.0,0.0,0.0,659.0,3.0,1.0,0.0,0.0
ctx-rh-entorhinal,0.0,0.0,0.0,0.0,0.0,0.0,0.0,0.0,0.0,0.0,0.0,0.0,0.0,0.0,0.0,0.0,0.0,0.0,0.0,0.0,0.0,0.0,0.0,0.0,0.0,0.0,0.0,0.0,0.0,0.0,0.0,0.0,0.0,0.0,1.0,0.0,0.0,0.0,162.0,0.0,150.0,1.0,152.0,7.0,1.0,1.0,0.0,0.0,0.0,24.0,0.0,72.0,0.0,0.0,0.0,0.0,0.0,0.0,1.0,0.0,0.0,0.0,0.0,1.0,19.0,0.0,129.0,0.0
ctx-rh-frontalpole,0.0,0.0,0.0,0.0,0.0,0.0,0.0,0.0,0.0,0.0,0.0,0.0,0.0,0.0,0.0,0.0,0.0,0.0,0.0,0.0,0.0,0.0,0.0,0.0,0.0,0.0,1.0,0.0,0.0,0.0,0.0,0.0,0.0,0.0,0.0,0.0,0.0,0.0,0.0,78.0,0.0,0.0,0.0,2.0,0.0,0.0,85.0,0.0,369.0,0.0,0.0,0.0,0.0,14.0,5.0,0.0,0.0,0.0,0.0,0.0,5.0,239.0,134.0,0.0,0.0,0.0,0.0,0.0
ctx-rh-fusiform,0.0,0.0,0.0,4.0,0.0,0.0,0.0,0.0,2.0,0.0,7.0,4.0,0.0,2.0,0.0,2.0,0.0,1.0,0.0,0.0,0.0,1.0,0.0,1.0,0.0,5.0,0.0,0.0,0.0,2.0,0.0,0.0,0.0,1.0,15.0,0.0,0.0,28.0,150.0,0.0,3663.0,33.0,1268.0,39.0,25.0,996.0,1.0,724.0,0.0,150.0,1.0,204.0,0.0,0.0,0.0,145.0,1.0,2.0,1.0,35.0,0.0,0.0,0.0,14.0,81.0,4.0,75.0,10.0
ctx-rh-inferiorparietal,0.0,0.0,0.0,1.0,0.0,0.0,1.0,2.0,2.0,1.0,9.0,1.0,0.0,4.0,0.0,1.0,2.0,0.0,0.0,0.0,0.0,2.0,0.0,2.0,1.0,9.0,0.0,0.0,0.0,4.0,2.0,0.0,0.0,1.0,411.0,1.0,12.0,52.0,1.0,0.0,33.0,6914.0,184.0,59.0,46.0,816.0,0.0,9.0,0.0,534.0,5.0,2.0,12.0,0.0,3.0,14.0,153.0,9.0,113.0,260.0,0.0,5.0,11.0,1166.0,129.0,959.0,1.0,16.0
ctx-rh-inferiortemporal,1.0,0.0,0.0,3.0,0.0,0.0,1.0,4.0,1.0,0.0,17.0,10.0,0.0,2.0,0.0,2.0,1.0,0.0,0.0,0.0,0.0,4.0,1.0,2.0,0.0,12.0,0.0,0.0,0.0,3.0,1.0,1.0,0.0,1.0,73.0,0.0,0.0,20.0,152.0,0.0,1268.0,184.0,3943.0,124.0,38.0,404.0,4.0,81.0,0.0,1783.0,3.0,42.0,1.0,0.0,0.0,26.0,6.0,4.0,3.0,60.0,0.0,0.0,2.0,53.0,351.0,19.0,247.0,26.0
ctx-rh-insula,0.0,6.0,1.0,1.0,0.0,0.0,0.0,1.0,0.0,1.0,9.0,3.0,0.0,2.0,1.0,0.0,1.0,0.0,2.0,0.0,0.0,0.0,1.0,8.0,4.0,6.0,10.0,3.0,14.0,1.0,0.0,0.0,0.0,0.0,31.0,45.0,28.0,4.0,7.0,2.0,39.0,59.0,124.0,1420.0,13.0,8.0,330.0,4.0,28.0,92.0,18.0,8.0,154.0,23.0,195.0,1.0,228.0,5.0,236.0,42.0,39.0,92.0,179.0,70.0,242.0,230.0,29.0,98.0
ctx-rh-isthmuscingulate,5.0,0.0,0.0,16.0,0.0,0.0,4.0,10.0,11.0,11.0,163.0,17.0,0.0,12.0,0.0,10.0,3.0,2.0,1.0,0.0,0.0,15.0,1.0,30.0,2.0,83.0,0.0,1.0,1.0,24.0,10.0,4.0,0.0,1.0,8.0,1.0,1.0,45.0,1.0,0.0,25.0,46.0,38.0,13.0,816.0,57.0,0.0,132.0,0.0,34.0,31.0,64.0,0.0,0.0,0.0,25.0,6.0,221.0,4.0,940.0,0.0,0.0,2.0,58.0,20.0,6.0,1.0,11.0
ctx-rh-lateraloccipital,1.0,0.0,0.0,18.0,0.0,0.0,2.0,2.0,4.0,3.0,21.0,8.0,0.0,6.0,0.0,5.0,0.0,0.0,0.0,0.0,0.0,9.0,0.0,4.0,1.0,16.0,0.0,0.0,0.0,11.0,3.0,0.0,0.0,2.0,21.0,1.0,0.0,636.0,1.0,0.0,996.0,816.0,404.0,8.0,57.0,6652.0,1.0,627.0,0.0,127.0,3.0,7.0,0.0,0.0,0.0,1273.0,3.0,1.0,7.0,194.0,0.0,0.0,0.0,392.0,33.0,8.0,0.0,9.0
ctx-rh-lateralorbitofrontal,0.0,3.0,0.0,0.0,0.0,0.0,0.0,0.0,0.0,0.0,0.0,0.0,0.0,0.0,0.0,0.0,0.0,0.0,1.0,0.0,1.0,0.0,0.0,0.0,0.0,0.0,10.0,1.0,3.0,0.0,0.0,0.0,0.0,1.0,1.0,15.0,2.0,0.0,0.0,85.0,1.0,0.0,4.0,330.0,0.0,1.0,2751.0,0.0,1989.0,5.0,0.0,1.0,8.0,545.0,188.0,0.0,0.0,0.0,3.0,0.0,188.0,334.0,121.0,0.0,10.0,0.0,0.0,0.0
ctx-rh-lingual,1.0,0.0,0.0,5.0,0.0,0.0,5.0,3.0,1.0,0.0,10.0,1.0,0.0,109.0,0.0,1.0,1.0,0.0,0.0,0.0,0.0,1.0,0.0,0.0,1.0,8.0,0.0,0.0,0.0,3.0,0.0,1.0,0.0,0.0,6.0,0.0,0.0,113.0,0.0,0.0,724.0,9.0,81.0,4.0,132.0,627.0,0.0,5227.0,0.0,22.0,1.0,192.0,0.0,0.0,0.0,1412.0,0.0,1.0,0.0,172.0,0.0,0.0,0.0,18.0,7.0,0.0,0.0,0.0
ctx-rh-medialorbitofrontal,0.0,9.0,0.0,0.0,0.0,0.0,0.0,0.0,0.0,2.0,0.0,0.0,1.0,0.0,2.0,0.0,0.0,0.0,0.0,0.0,0.0,0.0,0.0,1.0,0.0,0.0,34.0,4.0,6.0,0.0,0.0,0.0,0.0,0.0,0.0,21.0,0.0,0.0,0.0,369.0,0.0,0.0,0.0,28.0,0.0,0.0,1989.0,0.0,1531.0,1.0,0.0,0.0,1.0,87.0,29.0,0.0,0.0,0.0,1.0,0.0,616.0,609.0,252.0,0.0,1.0,0.0,0.0,0.0
ctx-rh-middletemporal,1.0,0.0,0.0,2.0,0.0,0.0,2.0,6.0,1.0,1.0,16.0,5.0,0.0,9.0,0.0,1.0,0.0,0.0,1.0,0.0,0.0,0.0,0.0,2.0,1.0,7.0,0.0,0.0,2.0,3.0,0.0,1.0,0.0,0.0,666.0,0.0,1.0,15.0,24.0,0.0,150.0,534.0,1783.0,92.0,34.0,127.0,5.0,22.0,1.0,3703.0,1.0,15.0,1.0,1.0,0.0,3.0,17.0,7.0,15.0,66.0,0.0,1.0,1.0,58.0,636.0,53.0,147.0,24.0
ctx-rh-paracentral,0.0,9.0,3.0,1.0,0.0,0.0,0.0,0.0,0.0,3.0,10.0,0.0,0.0,1.0,0.0,0.0,73.0,0.0,1.0,0.0,0.0,0.0,2.0,78.0,11.0,12.0,0.0,0.0,27.0,4.0,1.0,2.0,0.0,1.0,5.0,19.0,20.0,0.0,0.0,0.0,1.0,5.0,3.0,18.0,31.0,3.0,0.0,1.0,0.0,1.0,1766.0,0.0,6.0,0.0,2.0,0.0,444.0,303.0,748.0,341.0,1.0,2.0,571.0,253.0,3.0,9.0,0.0,2.0
ctx-rh-parahippocampal,0.0,0.0,0.0,1.0,0.0,0.0,0.0,0.0,0.0,0.0,3.0,0.0,0.0,0.0,0.0,2.0,0.0,0.0,0.0,0.0,0.0,1.0,0.0,0.0,0.0,1.0,0.0,0.0,0.0,0.0,0.0,0.0,0.0,0.0,1.0,0.0,0.0,1.0,72.0,0.0,204.0,2.0,42.0,8.0,64.0,7.0,1.0,192.0,0.0,15.0,0.0,275.0,0.0,0.0,0.0,4.0,0.0,0.0,0.0,13.0,0.0,0.0,0.0,2.0,6.0,0.0,1.0,0.0
ctx-rh-parsopercularis,0.0,8.0,1.0,0.0,0.0,0.0,0.0,0.0,0.0,1.0,0.0,0.0,0.0,0.0,0.0,0.0,1.0,0.0,0.0,0.0,0.0,0.0,0.0,0.0,1.0,0.0,1.0,1.0,4.0,0.0,0.0,0.0,0.0,0.0,3.0,24.0,240.0,0.0,0.0,0.0,0.0,12.0,1.0,154.0,0.0,0.0,8.0,0.0,1.0,1.0,6.0,0.0,1613.0,12.0,370.0,0.0,73.0,4.0,608.0,3.0,6.0,579.0,187.0,10.0,2.0,19.0,0.0,0.0
ctx-rh-parsorbitalis,0.0,3.0,0.0,0.0,0.0,0.0,0.0,0.0,0.0,0.0,0.0,0.0,0.0,0.0,0.0,0.0,0.0,0.0,0.0,0.0,0.0,0.0,0.0,2.0,0.0,0.0,5.0,0.0,1.0,0.0,0.0,0.0,0.0,0.0,1.0,6.0,2.0,0.0,0.0,14.0,0.0,0.0,0.0,23.0,0.0,0.0,545.0,0.0,87.0,1.0,0.0,0.0,12.0,591.0,318.0,0.0,0.0,0.0,2.0,0.0,22.0,610.0,81.0,0.0,0.0,0.0,0.0,0.0
ctx-rh-parstriangularis,0.0,8.0,1.0,0.0,0.0,0.0,0.0,0.0,0.0,0.0,0.0,0.0,0.0,0.0,1.0,0.0,0.0,0.0,0.0,0.0,0.0,0.0,0.0,0.0,0.0,0.0,4.0,1.0,5.0,0.0,0.0,0.0,0.0,0.0,3.0,48.0,27.0,0.0,0.0,5.0,0.0,3.0,0.0,195.0,0.0,0.0,188.0,0.0,29.0,0.0,2.0,0.0,370.0,318.0,1531.0,0.0,8.0,2.0,32.0,0.0,41.0,1037.0,229.0,1.0,1.0,3.0,0.0,0.0
ctx-rh-pericalcarine,0.0,0.0,0.0,39.0,0.0,0.0,0.0,2.0,1.0,2.0,9.0,2.0,0.0,15.0,0.0,2.0,0.0,0.0,0.0,0.0,0.0,10.0,0.0,0.0,0.0,5.0,0.0,0.0,0.0,3.0,4.0,0.0,0.0,0.0,2.0,0.0,0.0,1685.0,0.0,0.0,145.0,14.0,26.0,1.0,25.0,1273.0,0.0,1412.0,0.0,3.0,0.0,4.0,0.0,0.0,0.0,1134.0,0.0,0.0,0.0,211.0,0.0,0.0,0.0,85.0,5.0,0.0,0.0,0.0
ctx-rh-postcentral,0.0,0.0,0.0,0.0,0.0,0.0,0.0,0.0,0.0,1.0,1.0,0.0,0.0,0.0,0.0,0.0,4.0,0.0,0.0,0.0,0.0,0.0,1.0,3.0,0.0,5.0,0.0,0.0,2.0,0.0,0.0,0.0,0.0,0.0,38.0,1.0,63.0,1.0,0.0,0.0,1.0,153.0,6.0,228.0,6.0,3.0,0.0,0.0,0.0,17.0,444.0,0.0,73.0,0.0,8.0,0.0,5224.0,5.0,1673.0,104.0,0.0,18.0,63.0,628.0,27.0,1265.0,0.0,4.0
ctx-rh-posteriorcingulate,0.0,18.0,7.0,0.0,0.0,0.0,0.0,1.0,0.0,7.0,43.0,1.0,0.0,0.0,0.0,0.0,25.0,2.0,2.0,0.0,1.0,1.0,7.0,196.0,15.0,36.0,0.0,2.0,35.0,7.0,3.0,2.0,0.0,2.0,2.0,100.0,18.0,0.0,0.0,0.0,2.0,9.0,4.0,5.0,221.0,1.0,0.0,1.0,0.0,7.0,303.0,0.0,4.0,0.0,2.0,0.0,5.0,737.0,38.0,358.0,4.0,7.0,254.0,24.0,5.0,9.0,0.0,3.0
ctx-rh-precentral,0.0,12.0,1.0,0.0,0.0,0.0,0.0,0.0,0.0,0.0,1.0,0.0,0.0,2.0,0.0,0.0,28.0,0.0,2.0,0.0,0.0,0.0,1.0,25.0,5.0,3.0,0.0,3.0,19.0,1.0,0.0,0.0,0.0,0.0,30.0,16.0,1056.0,1.0,1.0,0.0,1.0,113.0,3.0,236.0,4.0,7.0,3.0,0.0,1.0,15.0,748.0,0.0,608.0,2.0,32.0,0.0,1673.0,38.0,7187.0,47.0,2.0,94.0,874.0,257.0,20.0,229.0,0.0,3.0
ctx-rh-precuneus,2.0,2.0,1.0,10.0,0.0,0.0,8.0,16.0,11.0,12.0,117.0,17.0,0.0,10.0,0.0,5.0,9.0,1.0,0.0,0.0,0.0,13.0,0.0,45.0,4.0,83.0,0.0,0.0,7.0,19.0,8.0,5.0,0.0,1.0,27.0,4.0,4.0,404.0,0.0,0.0,35.0,260.0,60.0,42.0,940.0,194.0,0.0,172.0,0.0,66.0,341.0,13.0,3.0,0.0,0.0,211.0,104.0,358.0,47.0,4492.0,0.0,0.0,22.0,2468.0,65.0,31.0,0.0,27.0
ctx-rh-rostralanteriorcingulate,0.0,31.0,2.0,0.0,0.0,0.0,0.0,0.0,0.0,3.0,0.0,0.0,5.0,0.0,22.0,0.0,1.0,0.0,3.0,2.0,4.0,0.0,0.0,4.0,1.0,0.0,182.0,15.0,30.0,0.0,0.0,0.0,0.0,0.0,0.0,197.0,2.0,0.0,0.0,5.0,0.0,0.0,0.0,39.0,0.0,0.0,188.0,0.0,616.0,0.0,1.0,0.0,6.0,22.0,41.0,0.0,0.0,4.0,2.0,0.0,604.0,89.0,403.0,0.0,0.0,0.0,0.0,0.0
ctx-rh-rostralmiddlefrontal,0.0,21.0,0.0,0.0,0.0,0.0,0.0,0.0,0.0,0.0,0.0,0.0,0.0,0.0,0.0,0.0,2.0,0.0,1.0,0.0,2.0,0.0,0.0,2.0,1.0,0.0,19.0,4.0,9.0,0.0,0.0,0.0,0.0,0.0,0.0,88.0,686.0,0.0,0.0,239.0,0.0,5.0,0.0,92.0,0.0,0.0,334.0,0.0,609.0,1.0,2.0,0.0,579.0,610.0,1037.0,0.0,18.0,7.0,94.0,0.0,89.0,5522.0,2227.0,4.0,2.0,11.0,0.0,0.0
ctx-rh-superiorfrontal,0.0,123.0,14.0,0.0,0.0,0.0,0.0,0.0,0.0,4.0,3.0,1.0,0.0,0.0,2.0,0.0,17.0,0.0,12.0,0.0,3.0,0.0,3.0,93.0,23.0,6.0,47.0,30.0,106.0,1.0,1.0,0.0,0.0,0.0,3.0,692.0,651.0,0.0,0.0,134.0,0.0,11.0,2.0,179.0,2.0,0.0,121.0,0.0,252.0,1.0,571.0,0.0,187.0,81.0,229.0,0.0,63.0,254.0,874.0,22.0,403.0,2227.0,8905.0,29.0,4.0,20.0,0.0,0.0
ctx-rh-superiorparietal,0.0,0.0,0.0,18.0,0.0,0.0,0.0,2.0,3.0,2.0,20.0,6.0,0.0,5.0,0.0,2.0,2.0,1.0,0.0,0.0,0.0,2.0,0.0,14.0,0.0,9.0,0.0,0.0,4.0,4.0,4.0,1.0,0.0,1.0,50.0,0.0,17.0,659.0,1.0,0.0,14.0,1166.0,53.0,70.0,58.0,392.0,0.0,18.0,0.0,58.0,253.0,2.0,10.0,0.0,1.0,85.0,628.0,24.0,257.0,2468.0,0.0,4.0,29.0,5953.0,69.0,491.0,0.0,12.0
ctx-rh-superiortemporal,0.0,0.0,0.0,1.0,0.0,0.0,0.0,3.0,0.0,2.0,14.0,6.0,0.0,1.0,0.0,2.0,0.0,0.0,0.0,0.0,0.0,0.0,0.0,5.0,1.0,10.0,0.0,0.0,0.0,3.0,1.0,0.0,0.0,0.0,489.0,0.0,4.0,3.0,19.0,0.0,81.0,129.0,351.0,242.0,20.0,33.0,10.0,7.0,1.0,636.0,3.0,6.0,2.0,0.0,1.0,5.0,27.0,5.0,20.0,65.0,0.0,2.0,4.0,69.0,5549.0,444.0,302.0,580.0
ctx-rh-supramarginal,0.0,1.0,0.0,0.0,0.0,0.0,1.0,0.0,1.0,0.0,5.0,1.0,0.0,0.0,0.0,0.0,1.0,0.0,0.0,0.0,0.0,0.0,0.0,3.0,0.0,2.0,0.0,0.0,2.0,0.0,1.0,0.0,0.0,0.0,330.0,0.0,21.0,1.0,0.0,0.0,4.0,959.0,19.0,230.0,6.0,8.0,0.0,0.0,0.0,53.0,9.0,0.0,19.0,0.0,3.0,0.0,1265.0,9.0,229.0,31.0,0.0,11.0,20.0,491.0,444.0,5001.0,0.0,28.0
ctx-rh-temporalpole,0.0,0.0,0.0,0.0,0.0,0.0,0.0,0.0,0.0,0.0,0.0,0.0,0.0,0.0,0.0,0.0,0.0,0.0,0.0,0.0,0.0,0.0,0.0,0.0,0.0,0.0,0.0,0.0,0.0,0.0,0.0,0.0,0.0,0.0,0.0,0.0,0.0,0.0,129.0,0.0,75.0,1.0,247.0,29.0,1.0,0.0,0.0,0.0,0.0,147.0,0.0,1.0,0.0,0.0,0.0,0.0,0.0,0.0,0.0,0.0,0.0,0.0,0.0,0.0,302.0,0.0,329.0,1.0
ctx-rh-transversetemporal,0.0,1.0,0.0,1.0,0.0,0.0,0.0,1.0,0.0,1.0,7.0,0.0,0.0,2.0,0.0,0.0,0.0,0.0,0.0,0.0,0.0,0.0,0.0,3.0,0.0,4.0,0.0,0.0,0.0,1.0,0.0,0.0,0.0,0.0,21.0,0.0,0.0,0.0,0.0,0.0,10.0,16.0,26.0,98.0,11.0,9.0,0.0,0.0,0.0,24.0,2.0,0.0,0.0,0.0,0.0,0.0,4.0,3.0,3.0,27.0,0.0,0.0,0.0,12.0,580.0,28.0,1.0,270.0
