,ctx-lh-bankssts,ctx-lh-caudalanteriorcingulate,ctx-lh-caudalmiddlefrontal,ctx-lh-cuneus,ctx-lh-entorhinal,ctx-lh-frontalpole,ctx-lh-fusiform,ctx-lh-inferiorparietal,ctx-lh-inferiortemporal,ctx-lh-insula,ctx-lh-isthmuscingulate,ctx-lh-lateraloccipital,ctx-lh-lateralorbitofrontal,ctx-lh-lingual,ctx-lh-medialorbitofrontal,ctx-lh-middletemporal,ctx-lh-paracentral,ctx-lh-parahippocampal,ctx-lh-parsopercularis,ctx-lh-parsorbitalis,ctx-lh-parstriangularis,ctx-lh-pericalcarine,ctx-lh-postcentral,ctx-lh-posteriorcingulate,ctx-lh-precentral,ctx-lh-precuneus,ctx-lh-rostralanteriorcingulate,ctx-lh-rostralmiddlefrontal,ctx-lh-superiorfrontal,ctx-lh-superiorparietal,ctx-lh-superiortemporal,ctx-lh-supramarginal,ctx-lh-temporalpole,ctx-lh-transversetemporal,ctx-rh-bankssts,ctx-rh-caudalanteriorcingulate,ctx-rh-caudalmiddlefrontal,ctx-rh-cuneus,ctx-rh-entorhinal,ctx-rh-frontalpole,ctx-rh-fusiform,ctx-rh-inferiorparietal,ctx-rh-inferiortemporal,ctx-rh-insula,ctx-rh-isthmuscingulate,ctx-rh-lateraloccipital,ctx-rh-lateralorbitofrontal,ctx-rh-lingual,ctx-rh-medialorbitofrontal,ctx-rh-middletemporal,ctx-rh-paracentral,ctx-rh-parahippocampal,ctx-rh-parsopercularis,ctx-rh-parsorbitalis,ctx-rh-parstriangularis,ctx-rh-pericalcarine,ctx-rh-postcentral,ctx-rh-posteriorcingulate,ctx-rh-precentral,ctx-rh-precuneus,ctx-rh-rostralanteriorcingulate,ctx-rh-rostralmiddlefrontal,ctx-rh-superiorfrontal,ctx-rh-superiorparietal,ctx-rh-superiortemporal,ctx-rh-supramarginal,ctx-rh-temporalpole,ctx-rh-transversetemporal
ctx-lh-bankssts,777.0,0.0,5.0,5.0,1.0,0.0,9.0,455.0,218.0,47.0,5.0,27.0,0.0,4.0,0.0,771.0,0.0,4.0,5.0,0.0,1.0,2.0,35.0,5.0,13.0,32.0,0.0,1.0,0.0,34.0,839.0,414.0,1.0,31.0,1.0,0.0,0.0,1.0,0.0,0.0,2.0,1.0,0.0,1.0,4.0,2.0,0.0,0.0,0.0,0.0,1.0,0.0,0.0,0.0,0.0,0.0,0.0,0.0,0.0,10.0,0.0,0.0,1.0,0.0,0.0,0.0,0.0,0.0
ctx-lh-caudalanteriorcingulate,0.0,400.0,72.0,0.0,0.0,1.0,0.0,0.0,0.0,22.0,3.0,0.0,28.0,0.0,18.0,0.0,18.0,0.0,25.0,13.0,20.0,0.0,3.0,226.0,16.0,5.0,272.0,127.0,656.0,1.0,1.0,0.0,0.0,0.0,0.0,103.0,6.0,0.0,0.0,1.0,0.0,0.0,0.0,6.0,1.0,0.0,2.0,0.0,18.0,0.0,3.0,0.0,5.0,0.0,26.0,0.0,4.0,10.0,4.0,1.0,82.0,83.0,160.0,2.0,0.0,0.0,0.0,0.0
ctx-lh-caudalmiddlefrontal,5.0,72.0,3268.0,0.0,0.0,0.0,0.0,7.0,0.0,16.0,2.0,0.0,2.0,0.0,1.0,3.0,19.0,0.0,368.0,2.0,44.0,0.0,83.0,10.0,1059.0,1.0,1.0,733.0,1002.0,25.0,3.0,19.0,0.0,0.0,0.0,35.0,4.0,0.0,0.0,0.0,0.0,0.0,0.0,1.0,0.0,0.0,0.0,0.0,0.0,0.0,0.0,0.0,1.0,0.0,5.0,0.0,2.0,3.0,3.0,0.0,6.0,33.0,59.0,0.0,0.0,0.0,0.0,0.0
ctx-lh-cuneus,5.0,0.0,0.0,1017.0,1.0,0.0,31.0,35.0,15.0,2.0,49.0,487.0,0.0,207.0,0.0,3.0,0.0,3.0,0.0,0.0,0.0,1260.0,1.0,0.0,0.0,263.0,0.0,1.0,0.0,733.0,3.0,1.0,0.0,0.0,2.0,0.0,0.0,128.0,0.0,0.0,2.0,5.0,2.0,2.0,13.0,25.0,0.0,25.0,0.0,1.0,0.0,1.0,0.0,0.0,0.0,56.0,1.0,2.0,1.0,19.0,0.0,0.0,1.0,12.0,0.0,1.0,0.0,0.0
ctx-lh-entorhinal,1.0,0.0,0.0,1.0,335.0,0.0,349.0,2.0,109.0,11.0,1.0,2.0,0.0,2.0,0.0,47.0,0.0,170.0,0.0,0.0,0.0,0.0,0.0,0.0,0.0,2.0,0.0,0.0,0.0,0.0,32.0,0.0,233.0,0.0,0.0,0.0,0.0,0.0,0.0,0.0,0.0,0.0,0.0,0.0,0.0,0.0,0.0,0.0,0.0,0.0,0.0,0.0,0.0,0.0,0.0,0.0,0.0,0.0,0.0,0.0,0.0,0.0,0.0,0.0,0.0,0.0,0.0,1.0
ctx-lh-frontalpole,0.0,1.0,0.0,0.0,0.0,85.0,0.0,0.0,0.0,2.0,0.0,0.0,57.0,0.0,123.0,0.0,0.0,0.0,0.0,1.0,1.0,0.0,0.0,0.0,0.0,0.0,9.0,128.0,121.0,0.0,0.0,0.0,0.0,0.0,0.0,0.0,0.0,0.0,0.0,0.0,0.0,0.0,0.0,0.0,0.0,0.0,0.0,0.0,0.0,0.0,0.0,0.0,0.0,0.0,0.0,0.0,0.0,0.0,0.0,0.0,2.0,0.0,0.0,0.0,0.0,0.0,0.0,0.0
ctx-lh-fusiform,9.0,0.0,0.0,31.0,349.0,0.0,3835.0,32.0,1230.0,20.0,23.0,1049.0,1.0,725.0,0.0,203.0,0.0,433.0,0.0,1.0,0.0,111.0,2.0,0.0,0.0,32.0,0.0,0.0,1.0,25.0,70.0,1.0,134.0,0.0,0.0,0.0,0.0,2.0,1.0,0.0,1.0,2.0,4.0,0.0,4.0,1.0,0.0,5.0,0.0,2.0,0.0,0.0,0.0,0.0,0.0,1.0,1.0,0.0,1.0,14.0,0.0,0.0,1.0,3.0,1.0,0.0,0.0,0.0
ctx-lh-inferiorparietal,455.0,0.0,7.0,35.0,2.0,0.0,32.0,5962.0,193.0,43.0,33.0,801.0,1.0,15.0,0.0,340.0,10.0,2.0,13.0,0.0,1.0,16.0,152.0,12.0,58.0,290.0,0.0,1.0,4.0,1158.0,109.0,1076.0,0.0,19.0,2.0,2.0,0.0,1.0,0.0,0.0,2.0,7.0,3.0,1.0,8.0,3.0,0.0,7.0,0.0,1.0,4.0,0.0,0.0,0.0,0.0,1.0,1.0,6.0,3.0,21.0,0.0,1.0,1.0,5.0,2.0,1.0,0.0,0.0
ctx-lh-inferiortemporal,218.0,0.0,0.0,15.0,109.0,0.0,1230.0,193.0,3977.0,63.0,24.0,583.0,2.0,169.0,0.0,2101.0,1.0,39.0,1.0,0.0,0.0,42.0,13.0,0.0,4.0,56.0,0.0,0.0,2.0,48.0,296.0,22.0,127.0,9.0,1.0,0.0,0.0,1.0,0.0,0.0,1.0,3.0,2.0,2.0,10.0,4.0,0.0,3.0,0.0,1.0,3.0,0.0,0.0,0.0,0.0,0.0,1.0,4.0,1.0,12.0,0.0,0.0,0.0,6.0,1.0,2.0,0.0,2.0
ctx-lh-insula,47.0,22.0,16.0,2.0,11.0,2.0,20.0,43.0,63.0,924.0,4.0,7.0,428.0,5.0,28.0,89.0,14.0,4.0,114.0,19.0,119.0,1.0,255.0,15.0,220.0,44.0,25.0,85.0,61.0,65.0,247.0,331.0,28.0,45.0,2.0,7.0,1.0,0.0,0.0,0.0,0.0,2.0,0.0,5.0,6.0,2.0,0.0,0.0,1.0,1.0,4.0,0.0,0.0,0.0,2.0,0.0,0.0,9.0,1.0,14.0,9.0,6.0,12.0,1.0,2.0,1.0,0.0,1.0
ctx-lh-isthmuscingulate,5.0,3.0,2.0,49.0,1.0,0.0,23.0,33.0,24.0,4.0,880.0,37.0,0.0,138.0,0.0,8.0,6.0,89.0,0.0,0.0,1.0,17.0,6.0,287.0,0.0,771.0,0.0,1.0,4.0,77.0,17.0,6.0,1.0,6.0,2.0,1.0,5.0,9.0,0.0,0.0,6.0,24.0,10.0,5.0,67.0,18.0,0.0,18.0,0.0,9.0,11.0,1.0,0.0,0.0,0.0,8.0,5.0,53.0,5.0,90.0,0.0,1.0,6.0,27.0,12.0,3.0,0.0,0.0
ctx-lh-lateraloccipital,27.0,0.0,0.0,487.0,2.0,0.0,1049.0,801.0,583.0,7.0,37.0,7404.0,2.0,812.0,0.0,141.0,0.0,2.0,0.0,0.0,0.0,849.0,3.0,4.0,2.0,159.0,0.0,0.0,0.0,587.0,23.0,6.0,1.0,5.0,2.0,0.0,0.0,18.0,0.0,0.0,1.0,9.0,1.0,0.0,15.0,13.0,0.0,6.0,0.0,2.0,0.0,0.0,0.0,0.0,0.0,3.0,1.0,2.0,1.0,22.0,0.0,0.0,0.0,10.0,1.0,0.0,0.0,0.0
ctx-lh-lateralorbitofrontal,0.0,28.0,2.0,0.0,0.0,57.0,1.0,1.0,2.0,428.0,0.0,2.0,2759.0,0.0,2336.0,4.0,0.0,0.0,17.0,476.0,298.0,0.0,0.0,2.0,0.0,0.0,656.0,574.0,203.0,0.0,6.0,0.0,2.0,0.0,0.0,6.0,0.0,0.0,0.0,0.0,0.0,0.0,0.0,2.0,1.0,0.0,2.0,0.0,8.0,0.0,0.0,0.0,1.0,3.0,3.0,0.0,0.0,0.0,0.0,0.0,36.0,10.0,8.0,0.0,0.0,0.0,0.0,0.0
ctx-lh-lingual,4.0,0.0,0.0,207.0,2.0,0.0,725.0,15.0,169.0,5.0,138.0,812.0,0.0,5259.0,0.0,20.0,0.0,158.0,0.0,0.0,0.0,1298.0,0.0,1.0,1.0,168.0,0.0,0.0,0.0,25.0,6.0,1.0,1.0,2.0,3.0,0.0,0.0,27.0,0.0,0.0,8.0,3.0,2.0,1.0,5.0,27.0,0.0,455.0,0.0,1.0,2.0,0.0,1.0,0.0,0.0,85.0,2.0,2.0,0.0,26.0,0.0,0.0,1.0,5.0,6.0,0.0,0.0,0.0
ctx-lh-medialorbitofrontal,0.0,18.0,1.0,0.0,0.0,123.0,0.0,0.0,0.0,28.0,0.0,0.0,2336.0,0.0,1035.0,2.0,0.0,0.0,0.0,44.0,20.0,0.0,0.0,1.0,0.0,1.0,357.0,505.0,242.0,0.0,0.0,0.0,0.0,0.0,0.0,2.0,0.0,0.0,0.0,0.0,0.0,0.0,0.0,0.0,0.0,0.0,5.0,0.0,8.0,0.0,0.0,0.0,0.0,0.0,1.0,0.0,0.0,0.0,0.0,0.0,22.0,6.0,6.0,0.0,0.0,0.0,0.0,0.0
ctx-lh-middletemporal,771.0,0.0,3.0,3.0,47.0,0.0,203.0,340.0,2101.0,89.0,8.0,141.0,4.0,20.0,2.0,2714.0,1.0,11.0,2.0,0.0,0.0,7.0,15.0,4.0,5.0,38.0,1.0,0.0,0.0,34.0,756.0,50.0,80.0,19.0,2.0,0.0,0.0,1.0,0.0,0.0,1.0,2.0,2.0,1.0,9.0,4.0,0.0,1.0,0.0,0.0,1.0,0.0,0.0,0.0,0.0,3.0,2.0,3.0,1.0,13.0,0.0,0.0,0.0,0.0,0.0,2.0,0.0,0.0
ctx-lh-paracentral,0.0,18.0,19.0,0.0,0.0,0.0,0.0,10.0,1.0,14.0,6.0,0.0,0.0,0.0,0.0,1.0,1742.0,0.0,1.0,0.0,0.0,1.0,545.0,252.0,681.0,148.0,3.0,3.0,397.0,120.0,4.0,5.0,0.0,3.0,1.0,29.0,20.0,0.0,0.0,0.0,0.0,0.0,1.0,4.0,5.0,0.0,0.0,0.0,0.0,0.0,6.0,0.0,2.0,0.0,3.0,0.0,3.0,46.0,9.0,6.0,1.0,19.0,82.0,1.0,0.0,0.0,0.0,0.0
ctx-lh-parahippocampal,4.0,0.0,0.0,3.0,170.0,0.0,433.0,2.0,39.0,4.0,89.0,2.0,0.0,158.0,0.0,11.0,0.0,455.0,0.0,0.0,0.0,4.0,0.0,1.0,0.0,15.0,0.0,0.0,0.0,3.0,0.0,0.0,2.0,0.0,0.0,0.0,0.0,1.0,0.0,0.0,0.0,1.0,0.0,0.0,0.0,0.0,0.0,2.0,0.0,0.0,0.0,1.0,0.0,0.0,0.0,0.0,0.0,0.0,0.0,2.0,0.0,0.0,1.0,1.0,1.0,0.0,0.0,0.0
ctx-lh-parsopercularis,5.0,25.0,368.0,0.0,0.0,0.0,0.0,13.0,1.0,114.0,0.0,0.0,17.0,0.0,0.0,2.0,1.0,0.0,1634.0,7.0,506.0,0.0,79.0,7.0,537.0,4.0,0.0,245.0,118.0,10.0,10.0,45.0,0.0,0.0,0.0,8.0,0.0,0.0,0.0,0.0,0.0,0.0,0.0,0.0,0.0,0.0,0.0,0.0,0.0,0.0,1.0,0.0,0.0,1.0,9.0,0.0,0.0,1.0,1.0,0.0,1.0,11.0,20.0,0.0,0.0,0.0,0.0,0.0
ctx-lh-parsorbitalis,0.0,13.0,2.0,0.0,0.0,1.0,1.0,0.0,0.0,19.0,0.0,0.0,476.0,0.0,44.0,0.0,0.0,0.0,7.0,294.0,311.0,0.0,0.0,0.0,1.0,0.0,43.0,366.0,49.0,0.0,1.0,0.0,0.0,0.0,0.0,0.0,0.0,0.0,0.0,0.0,0.0,0.0,0.0,0.0,0.0,0.0,0.0,0.0,2.0,0.0,0.0,0.0,0.0,1.0,0.0,0.0,0.0,0.0,0.0,0.0,6.0,0.0,3.0,0.0,0.0,0.0,0.0,0.0
ctx-lh-parstriangularis,1.0,20.0,44.0,0.0,0.0,1.0,0.0,1.0,0.0,119.0,1.0,0.0,298.0,0.0,20.0,0.0,0.0,0.0,506.0,311.0,1105.0,0.0,6.0,2.0,21.0,0.0,37.0,525.0,98.0,1.0,2.0,2.0,0.0,0.0,0.0,7.0,0.0,0.0,0.0,0.0,0.0,0.0,0.0,0.0,0.0,0.0,0.0,0.0,4.0,0.0,0.0,0.0,0.0,0.0,1.0,0.0,0.0,0.0,0.0,0.0,15.0,13.0,7.0,0.0,0.0,0.0,0.0,0.0
ctx-lh-pericalcarine,2.0,0.0,0.0,1260.0,0.0,0.0,111.0,16.0,42.0,1.0,17.0,849.0,0.0,1298.0,0.0,7.0,1.0,4.0,0.0,0.0,0.0,659.0,0.0,1.0,0.0,129.0,0.0,0.0,0.0,97.0,3.0,2.0,1.0,1.0,1.0,0.0,0.0,38.0,1.0,0.0,5.0,2.0,0.0,0.0,4.0,4.0,0.0,60.0,0.0,1.0,0.0,1.0,0.0,0.0,0.0,16.0,0.0,1.0,0.0,16.0,0.0,0.0,0.0,4.0,2.0,1.0,0.0,0.0
ctx-lh-postcentral,35.0,3.0,83.0,1.0,0.0,0.0,2.0,152.0,13.0,255.0,6.0,3.0,0.0,0.0,0.0,15.0,545.0,0.0,79.0,0.0,6.0,0.0,5543.0,33.0,1699.0,105.0,0.0,3.0,50.0,727.0,36.0,1298.0,1.0,9.0,0.0,2.0,3.0,1.0,0.0,0.0,0.0,3.0,0.0,1.0,1.0,2.0,0.0,0.0,0.0,1.0,6.0,0.0,2.0,0.0,0.0,0.0,0.0,11.0,3.0,4.0,0.0,4.0,13.0,2.0,1.0,0.0,0.0,0.0
ctx-lh-posteriorcingulate,5.0,226.0,10.0,0.0,0.0,0.0,0.0,12.0,0.0,15.0,287.0,4.0,2.0,1.0,1.0,4.0,252.0,1.0,7.0,0.0,2.0,1.0,33.0,1162.0,64.0,459.0,31.0,11.0,333.0,41.0,8.0,12.0,0.0,5.0,5.0,65.0,22.0,0.0,0.0,0.0,0.0,1.0,0.0,10.0,17.0,1.0,0.0,1.0,1.0,2.0,34.0,0.0,4.0,0.0,9.0,0.0,12.0,142.0,18.0,27.0,9.0,35.0,164.0,4.0,9.0,8.0,0.0,3.0
ctx-lh-precentral,13.0,16.0,1059.0,0.0,0.0,0.0,0.0,58.0,4.0,220.0,0.0,2.0,0.0,1.0,0.0,5.0,681.0,0.0,537.0,1.0,21.0,0.0,1699.0,64.0,6484.0,50.0,0.0,39.0,767.0,196.0,31.0,249.0,1.0,2.0,2.0,36.0,7.0,0.0,0.0,0.0,0.0,1.0,0.0,4.0,2.0,1.0,0.0,0.0,0.0,0.0,9.0,0.0,3.0,0.0,3.0,0.0,3.0,26.0,7.0,4.0,1.0,21.0,83.0,1.0,0.0,1.0,0.0,0.0
ctx-lh-precuneus,32.0,5.0,1.0,263.0,2.0,0.0,32.0,290.0,56.0,44.0,771.0,159.0,0.0,168.0,1.0,38.0,148.0,15.0,4.0,0.0,0.0,129.0,105.0,459.0,50.0,3549.0,0.0,0.0,5.0,1999.0,58.0,34.0,1.0,27.0,12.0,6.0,8.0,13.0,0.0,0.0,7.0,27.0,12.0,8.0,77.0,33.0,1.0,12.0,0.0,17.0,21.0,4.0,2.0,0.0,0.0,16.0,11.0,55.0,8.0,128.0,0.0,3.0,25.0,35.0,16.0,9.0,0.0,0.0
ctx-lh-rostralanteriorcingulate,0.0,272.0,1.0,0.0,0.0,9.0,0.0,0.0,0.0,25.0,0.0,0.0,656.0,0.0,357.0,1.0,3.0,0.0,0.0,43.0,37.0,0.0,0.0,31.0,0.0,0.0,623.0,141.0,365.0,1.0,0.0,0.0,1.0,0.0,0.0,18.0,0.0,0.0,0.0,2.0,0.0,0.0,0.0,2.0,0.0,0.0,8.0,0.0,60.0,0.0,1.0,0.0,0.0,6.0,11.0,0.0,0.0,0.0,0.0,0.0,165.0,27.0,31.0,0.0,0.0,1.0,0.0,0.0
ctx-lh-rostralmiddlefrontal,1.0,127.0,733.0,1.0,0.0,128.0,0.0,1.0,0.0,85.0,1.0,0.0,574.0,0.0,505.0,0.0,3.0,0.0,245.0,366.0,525.0,0.0,3.0,11.0,39.0,0.0,141.0,6119.0,2372.0,2.0,0.0,1.0,0.0,0.0,0.0,27.0,1.0,0.0,0.0,0.0,0.0,0.0,0.0,1.0,0.0,0.0,6.0,0.0,12.0,0.0,0.0,0.0,3.0,0.0,14.0,0.0,0.0,1.0,0.0,0.0,41.0,49.0,45.0,0.0,0.0,0.0,0.0,0.0
ctx-lh-superiorfrontal,0.0,656.0,1002.0,0.0,0.0,121.0,1.0,4.0,2.0,61.0,4.0,0.0,203.0,0.0,242.0,0.0,397.0,0.0,118.0,49.0,98.0,0.0,50.0,333.0,767.0,5.0,365.0,2372.0,10289.0,14.0,0.0,7.0,0.0,0.0,0.0,173.0,21.0,0.0,0.0,2.0,0.0,1.0,0.0,16.0,4.0,0.0,10.0,0.0,21.0,0.0,2.0,0.0,9.0,2.0,46.0,1.0,0.0,34.0,3.0,3.0,72.0,159.0,293.0,0.0,1.0,2.0,0.0,0.0
ctx-lh-superiorparietal,34.0,1.0,25.0,733.0,0.0,0.0,25.0,1158.0,48.0,65.0,77.0,587.0,0.0,25.0,0.0,34.0,120.0,3.0,10.0,0.0,1.0,97.0,727.0,41.0,196.0,1999.0,1.0,2.0,14.0,5868.0,45.0,400.0,0.0,20.0,2.0,1.0,2.0,17.0,0.0,0.0,5.0,6.0,1.0,4.0,24.0,11.0,0.0,6.0,0.0,7.0,7.0,2.0,0.0,0.0,1.0,5.0,2.0,20.0,9.0,51.0,0.0,1.0,8.0,8.0,5.0,3.0,0.0,1.0
ctx-lh-superiortemporal,839.0,1.0,3.0,3.0,32.0,0.0,70.0,109.0,296.0,247.0,17.0,23.0,6.0,6.0,0.0,756.0,4.0,0.0,10.0,1.0,2.0,3.0,36.0,8.0,31.0,58.0,0.0,0.0,0.0,45.0,4257.0,406.0,231.0,655.0,2.0,0.0,1.0,0.0,0.0,0.0,0.0,5.0,1.0,2.0,6.0,2.0,0.0,1.0,0.0,1.0,4.0,0.0,0.0,0.0,0.0,0.0,1.0,8.0,2.0,15.0,0.0,1.0,3.0,5.0,1.0,1.0,0.0,0.0
ctx-lh-supramarginal,414.0,0.0,19.0,1.0,0.0,0.0,1.0,1076.0,22.0,331.0,6.0,6.0,0.0,1.0,0.0,50.0,5.0,0.0,45.0,0.0,2.0,2.0,1298.0,12.0,249.0,34.0,0.0,1.0,7.0,400.0,406.0,4629.0,0.0,14.0,0.0,1.0,0.0,0.0,0.0,0.0,0.0,0.0,0.0,2.0,3.0,0.0,0.0,0.0,0.0,0.0,6.0,0.0,1.0,0.0,0.0,0.0,0.0,5.0,1.0,3.0,0.0,1.0,1.0,1.0,0.0,1.0,0.0,1.0
ctx-lh-temporalpole,1.0,0.0,0.0,0.0,233.0,0.0,134.0,0.0,127.0,28.0,1.0,1.0,2.0,1.0,0.0,80.0,0.0,2.0,0.0,0.0,0.0,1.0,1.0,0.0,1.0,1.0,1.0,0.0,0.0,0.0,231.0,0.0,329.0,2.0,0.0,0.0,0.0,0.0,0.0,0.0,0.0,0.0,0.0,0.0,0.0,0.0,0.0,0.0,0.0,0.0,0.0,0.0,0.0,0.0,0.0,0.0,0.0,0.0,0.0,1.0,0.0,0.0,0.0,0.0,0.0,0.0,0.0,0.0
ctx-lh-transversetemporal,31.0,0.0,0.0,0.0,0.0,0.0,0.0,19.0,9.0,45.0,6.0,5.0,0.0,2.0,0.0,19.0,3.0,0.0,0.0,0.0,0.0,1.0,9.0,5.0,2.0,27.0,0.0,0.0,0.0,20.0,655.0,14.0,2.0,275.0,1.0,0.0,0.0,0.0,0.0,0.0,1.0,2.0,0.0,0.0,3.0,1.0,0.0,1.0,0.0,0.0,0.0,0.0,0.0,0.0,0.0,0.0,0.0,2.0,1.0,5.0,0.0,1.0,0.0,2.0,1.0,2.0,0.0,0.0
ctx-rh-bankssts,1.0,0.0,0.0,2.0,0.0,0.0,0.0,2.0,1.0,2.0,2.0,2.0,0.0,3.0,0.0,2.0,1.0,0.0,0.0,0.0,0.0,1.0,0.0,5.0,2.0,12.0,0.0,0.0,0.0,2.0,2.0,0.0,0.0,1.0,784.0,0.0,11.0,2.0,2.0,0.0,15.0,419.0,140.0,50.0,10.0,16.0,2.0,8.0,0.0,932.0,7.0,0.0,13.0,0.0,2.0,1.0,45.0,4.0,18.0,19.0,0.0,9.0,5.0,28.0,627.0,549.0,0.0,17.0
ctx-rh-caudalanteriorcingulate,0.0,103.0,35.0,0.0,0.0,0.0,0.0,2.0,0.0,7.0,1.0,0.0,6.0,0.0,2.0,0.0,29.0,0.0,8.0,0.0,7.0,0.0,2.0,65.0,36.0,6.0,18.0,27.0,173.0,1.0,0.0,1.0,0.0,0.0,0.0,782.0,22.0,0.0,0.0,1.0,0.0,1.0,1.0,12.0,18.0,0.0,3.0,0.0,7.0,0.0,18.0,0.0,13.0,2.0,35.0,0.0,3.0,467.0,14.0,11.0,187.0,184.0,865.0,0.0,0.0,3.0,0.0,0.0
ctx-rh-caudalmiddlefrontal,0.0,6.0,4.0,0.0,0.0,0.0,0.0,0.0,0.0,1.0,5.0,0.0,0.0,0.0,0.0,0.0,20.0,0.0,0.0,0.0,0.0,0.0,3.0,22.0,7.0,8.0,0.0,1.0,21.0,2.0,1.0,0.0,0.0,0.0,11.0,22.0,1954.0,0.0,0.0,0.0,0.0,56.0,0.0,83.0,0.0,1.0,0.0,0.0,0.0,0.0,22.0,0.0,217.0,0.0,25.0,0.0,189.0,25.0,781.0,8.0,0.0,981.0,607.0,41.0,6.0,66.0,0.0,4.0
ctx-rh-cuneus,1.0,0.0,0.0,128.0,0.0,0.0,2.0,1.0,1.0,0.0,9.0,18.0,0.0,27.0,0.0,1.0,0.0,1.0,0.0,0.0,0.0,38.0,1.0,0.0,0.0,13.0,0.0,0.0,0.0,17.0,0.0,0.0,0.0,0.0,2.0,0.0,0.0,1151.0,0.0,0.0,29.0,35.0,17.0,2.0,24.0,629.0,0.0,240.0,0.0,12.0,1.0,2.0,0.0,0.0,0.0,1277.0,0.0,0.0,1.0,240.0,0.0,1.0,0.0,845.0,3.0,1.0,0.0,0.0
ctx-rh-entorhinal,0.0,0.0,0.0,0.0,0.0,0.0,1.0,0.0,0.0,0.0,0.0,0.0,0.0,0.0,0.0,0.0,0.0,0.0,0.0,0.0,0.0,1.0,0.0,0.0,0.0,0.0,0.0,0.0,0.0,0.0,0.0,0.0,0.0,0.0,2.0,0.0,0.0,0.0,235.0,0.0,358.0,2.0,191.0,8.0,1.0,1.0,0.0,2.0,0.0,54.0,0.0,110.0,0.0,1.0,0.0,0.0,0.0,0.0,0.0,0.0,0.0,0.0,0.0,0.0,51.0,0.0,157.0,0.0
ctx-rh-frontalpole,0.0,1.0,0.0,0.0,0.0,0.0,0.0,0.0,0.0,0.0,0.0,0.0,0.0,0.0,0.0,0.0,0.0,0.0,0.0,0.0,0.0,0.0,0.0,0.0,0.0,0.0,2.0,0.0,2.0,0.0,0.0,0.0,0.0,0.0,0.0,1.0,0.0,0.0,0.0,145.0,0.0,0.0,0.0,3.0,0.0,0.0,103.0,0.0,478.0,0.0,0.0,0.0,1.0,13.0,6.0,0.0,0.0,0.0,0.0,0.0,20.0,392.0,93.0,0.0,0.0,0.0,0.0,0.0
ctx-rh-fusiform,2.0,0.0,0.0,2.0,0.0,0.0,1.0,2.0,1.0,0.0,6.0,1.0,0.0,8.0,0.0,1.0,0.0,0.0,0.0,0.0,0.0,5.0,0.0,0.0,0.0,7.0,0.0,0.0,0.0,5.0,0.0,0.0,0.0,1.0,15.0,0.0,0.0,29.0,358.0,0.0,3710.0,121.0,1257.0,28.0,6.0,1160.0,6.0,635.0,0.0,210.0,1.0,326.0,0.0,0.0,0.0,95.0,1.0,1.0,0.0,43.0,0.0,2.0,2.0,23.0,101.0,2.0,69.0,2.0
ctx-rh-inferiorparietal,1.0,0.0,0.0,5.0,0.0,0.0,2.0,7.0,3.0,2.0,24.0,9.0,0.0,3.0,0.0,2.0,0.0,1.0,0.0,0.0,0.0,2.0,3.0,1.0,1.0,27.0,0.0,0.0,1.0,6.0,5.0,0.0,0.0,2.0,419.0,1.0,56.0,35.0,2.0,0.0,121.0,6733.0,292.0,68.0,27.0,764.0,0.0,26.0,0.0,672.0,15.0,2.0,31.0,0.0,3.0,23.0,207.0,12.0,130.0,270.0,0.0,34.0,13.0,1197.0,79.0,1149.0,1.0,22.0
ctx-rh-inferiortemporal,0.0,0.0,0.0,2.0,0.0,0.0,4.0,3.0,2.0,0.0,10.0,1.0,0.0,2.0,0.0,2.0,1.0,0.0,0.0,0.0,0.0,0.0,0.0,0.0,0.0,12.0,0.0,0.0,0.0,1.0,1.0,0.0,0.0,0.0,140.0,1.0,0.0,17.0,191.0,0.0,1257.0,292.0,3038.0,70.0,6.0,468.0,9.0,111.0,0.0,1953.0,3.0,45.0,1.0,0.0,1.0,25.0,7.0,3.0,1.0,30.0,0.0,1.0,1.0,34.0,282.0,22.0,217.0,6.0
ctx-rh-insula,1.0,6.0,1.0,2.0,0.0,0.0,0.0,1.0,2.0,5.0,5.0,0.0,2.0,1.0,0.0,1.0,4.0,0.0,0.0,0.0,0.0,0.0,1.0,10.0,4.0,8.0,2.0,1.0,16.0,4.0,2.0,2.0,0.0,0.0,50.0,12.0,83.0,2.0,8.0,3.0,28.0,68.0,70.0,1412.0,8.0,15.0,338.0,4.0,30.0,106.0,18.0,2.0,233.0,39.0,280.0,2.0,240.0,17.0,217.0,22.0,24.0,184.0,77.0,41.0,382.0,256.0,13.0,59.0
ctx-rh-isthmuscingulate,4.0,1.0,0.0,13.0,0.0,0.0,4.0,8.0,10.0,6.0,67.0,15.0,1.0,5.0,0.0,9.0,5.0,0.0,0.0,0.0,0.0,4.0,1.0,17.0,2.0,77.0,0.0,0.0,4.0,24.0,6.0,3.0,0.0,3.0,10.0,18.0,0.0,24.0,1.0,0.0,6.0,27.0,6.0,8.0,516.0,33.0,0.0,66.0,0.0,14.0,25.0,19.0,1.0,0.0,0.0,16.0,9.0,234.0,5.0,750.0,0.0,1.0,8.0,44.0,18.0,6.0,0.0,0.0
ctx-rh-lateraloccipital,2.0,0.0,0.0,25.0,0.0,0.0,1.0,3.0,4.0,2.0,18.0,13.0,0.0,27.0,0.0,4.0,0.0,0.0,0.0,0.0,0.0,4.0,2.0,1.0,1.0,33.0,0.0,0.0,0.0,11.0,2.0,0.0,0.0,1.0,16.0,0.0,1.0,629.0,1.0,0.0,1160.0,764.0,468.0,15.0,33.0,9210.0,1.0,896.0,0.0,211.0,6.0,4.0,0.0,0.0,0.0,962.0,5.0,2.0,1.0,152.0,0.0,2.0,2.0,431.0,22.0,7.0,1.0,1.0
ctx-rh-lateralorbitofrontal,0.0,2.0,0.0,0.0,0.0,0.0,0.0,0.0,0.0,0.0,0.0,0.0,2.0,0.0,5.0,0.0,0.0,0.0,0.0,0.0,0.0,0.0,0.0,0.0,0.0,1.0,8.0,6.0,10.0,0.0,0.0,0.0,0.0,0.0,2.0,3.0,0.0,0.0,0.0,103.0,6.0,0.0,9.0,338.0,0.0,1.0,2524.0,1.0,1281.0,8.0,0.0,0.0,4.0,789.0,277.0,0.0,0.0,1.0,0.0,0.0,74.0,497.0,27.0,0.0,15.0,1.0,0.0,0.0
ctx-rh-lingual,0.0,0.0,0.0,25.0,0.0,0.0,5.0,7.0,3.0,0.0,18.0,6.0,0.0,455.0,0.0,1.0,0.0,2.0,0.0,0.0,0.0,60.0,0.0,1.0,0.0,12.0,0.0,0.0,0.0,6.0,1.0,0.0,0.0,1.0,8.0,0.0,0.0,240.0,2.0,0.0,635.0,26.0,111.0,4.0,66.0,896.0,1.0,4167.0,0.0,33.0,0.0,159.0,0.0,0.0,0.0,1294.0,1.0,0.0,2.0,209.0,0.0,0.0,0.0,30.0,8.0,2.0,1.0,3.0
ctx-rh-medialorbitofrontal,0.0,18.0,0.0,0.0,0.0,0.0,0.0,0.0,0.0,1.0,0.0,0.0,8.0,0.0,8.0,0.0,0.0,0.0,0.0,2.0,4.0,0.0,0.0,1.0,0.0,0.0,60.0,12.0,21.0,0.0,0.0,0.0,0.0,0.0,0.0,7.0,0.0,0.0,0.0,478.0,0.0,0.0,0.0,30.0,0.0,0.0,1281.0,0.0,1772.0,1.0,0.0,0.0,1.0,74.0,43.0,0.0,0.0,0.0,0.0,0.0,562.0,602.0,374.0,0.0,1.0,0.0,0.0,0.0
ctx-rh-middletemporal,0.0,0.0,0.0,1.0,0.0,0.0,2.0,1.0,1.0,1.0,9.0,2.0,0.0,1.0,0.0,0.0,0.0,0.0,0.0,0.0,0.0,1.0,1.0,2.0,0.0,17.0,0.0,0.0,0.0,7.0,1.0,0.0,0.0,0.0,932.0,0.0,0.0,12.0,54.0,0.0,210.0,672.0,1953.0,106.0,14.0,211.0,8.0,33.0,1.0,3796.0,3.0,9.0,3.0,0.0,0.0,12.0,19.0,2.0,9.0,39.0,1.0,4.0,4.0,41.0,634.0,54.0,202.0,20.0
ctx-rh-paracentral,1.0,3.0,0.0,0.0,0.0,0.0,0.0,4.0,3.0,4.0,11.0,0.0,0.0,2.0,0.0,1.0,6.0,0.0,1.0,0.0,0.0,0.0,6.0,34.0,9.0,21.0,1.0,0.0,2.0,7.0,4.0,6.0,0.0,0.0,7.0,18.0,22.0,1.0,0.0,0.0,1.0,15.0,3.0,18.0,25.0,6.0,0.0,0.0,0.0,3.0,993.0,0.0,2.0,0.0,4.0,1.0,337.0,294.0,587.0,275.0,0.0,7.0,537.0,46.0,5.0,9.0,0.0,2.0
ctx-rh-parahippocampal,0.0,0.0,0.0,1.0,0.0,0.0,0.0,0.0,0.0,0.0,1.0,0.0,0.0,0.0,0.0,0.0,0.0,1.0,0.0,0.0,0.0,1.0,0.0,0.0,0.0,4.0,0.0,0.0,0.0,2.0,0.0,0.0,0.0,0.0,0.0,0.0,0.0,2.0,110.0,0.0,326.0,2.0,45.0,2.0,19.0,4.0,0.0,159.0,0.0,9.0,0.0,282.0,0.0,0.0,0.0,2.0,1.0,0.0,0.0,13.0,0.0,0.0,0.0,1.0,6.0,2.0,0.0,0.0
ctx-rh-parsopercularis,0.0,5.0,1.0,0.0,0.0,0.0,0.0,0.0,0.0,0.0,0.0,0.0,1.0,1.0,0.0,0.0,2.0,0.0,0.0,0.0,0.0,0.0,2.0,4.0,3.0,2.0,0.0,3.0,9.0,0.0,0.0,1.0,0.0,0.0,13.0,13.0,217.0,0.0,0.0,1.0,0.0,31.0,1.0,233.0,1.0,0.0,4.0,0.0,1.0,3.0,2.0,0.0,1657.0,1.0,312.0,0.0,191.0,2.0,690.0,2.0,2.0,773.0,70.0,11.0,7.0,69.0,0.0,0.0
ctx-rh-parsorbitalis,0.0,0.0,0.0,0.0,0.0,0.0,0.0,0.0,0.0,0.0,0.0,0.0,3.0,0.0,0.0,0.0,0.0,0.0,1.0,1.0,0.0,0.0,0.0,0.0,0.0,0.0,6.0,0.0,2.0,0.0,0.0,0.0,0.0,0.0,0.0,2.0,0.0,0.0,1.0,13.0,0.0,0.0,0.0,39.0,0.0,0.0,789.0,0.0,74.0,0.0,0.0,0.0,1.0,738.0,397.0,0.0,0.0,0.0,1.0,0.0,26.0,501.0,23.0,0.0,0.0,0.0,0.0,0.0
ctx-rh-parstriangularis,0.0,26.0,5.0,0.0,0.0,0.0,0.0,0.0,0.0,2.0,0.0,0.0,3.0,0.0,1.0,0.0,3.0,0.0,9.0,0.0,1.0,0.0,0.0,9.0,3.0,0.0,11.0,14.0,46.0,1.0,0.0,0.0,0.0,0.0,2.0,35.0,25.0,0.0,0.0,6.0,0.0,3.0,1.0,280.0,0.0,0.0,277.0,0.0,43.0,0.0,4.0,0.0,312.0,397.0,2827.0,0.0,6.0,1.0,20.0,1.0,71.0,1658.0,205.0,0.0,2.0,6.0,0.0,0.0
ctx-rh-pericalcarine,0.0,0.0,0.0,56.0,0.0,0.0,1.0,1.0,0.0,0.0,8.0,3.0,0.0,85.0,0.0,3.0,0.0,0.0,0.0,0.0,0.0,16.0,0.0,0.0,0.0,16.0,0.0,0.0,1.0,5.0,0.0,0.0,0.0,0.0,1.0,0.0,0.0,1277.0,0.0,0.0,95.0,23.0,25.0,2.0,16.0,962.0,0.0,1294.0,0.0,12.0,1.0,2.0,0.0,0.0,0.0,696.0,0.0,0.0,0.0,170.0,0.0,0.0,0.0,97.0,5.0,1.0,1.0,0.0
ctx-rh-postcentral,0.0,4.0,2.0,1.0,0.0,0.0,1.0,1.0,1.0,0.0,5.0,1.0,0.0,2.0,0.0,2.0,3.0,0.0,0.0,0.0,0.0,0.0,0.0,12.0,3.0,11.0,0.0,0.0,0.0,2.0,1.0,0.0,0.0,0.0,45.0,3.0,189.0,0.0,0.0,0.0,1.0,207.0,7.0,240.0,9.0,5.0,0.0,1.0,0.0,19.0,337.0,1.0,191.0,0.0,6.0,0.0,2745.0,25.0,1698.0,211.0,1.0,63.0,59.0,798.0,59.0,1131.0,0.0,5.0
ctx-rh-posteriorcingulate,0.0,10.0,3.0,2.0,0.0,0.0,0.0,6.0,4.0,9.0,53.0,2.0,0.0,2.0,0.0,3.0,46.0,0.0,1.0,0.0,0.0,1.0,11.0,142.0,26.0,55.0,0.0,1.0,34.0,20.0,8.0,5.0,0.0,2.0,4.0,467.0,25.0,0.0,0.0,0.0,1.0,12.0,3.0,17.0,234.0,2.0,1.0,0.0,0.0,2.0,294.0,0.0,2.0,0.0,1.0,0.0,25.0,979.0,51.0,250.0,5.0,21.0,325.0,22.0,6.0,8.0,0.0,10.0
ctx-rh-precentral,0.0,4.0,3.0,1.0,0.0,0.0,1.0,3.0,1.0,1.0,5.0,1.0,0.0,0.0,0.0,1.0,9.0,0.0,1.0,0.0,0.0,0.0,3.0,18.0,7.0,8.0,0.0,0.0,3.0,9.0,2.0,1.0,0.0,1.0,18.0,14.0,781.0,1.0,0.0,0.0,0.0,130.0,1.0,217.0,5.0,1.0,0.0,2.0,0.0,9.0,587.0,0.0,690.0,1.0,20.0,0.0,1698.0,51.0,4843.0,54.0,0.0,165.0,553.0,124.0,35.0,247.0,0.0,15.0
ctx-rh-precuneus,10.0,1.0,0.0,19.0,0.0,0.0,14.0,21.0,12.0,14.0,90.0,22.0,0.0,26.0,0.0,13.0,6.0,2.0,0.0,0.0,0.0,16.0,4.0,27.0,4.0,128.0,0.0,0.0,3.0,51.0,15.0,3.0,1.0,5.0,19.0,11.0,8.0,240.0,0.0,0.0,43.0,270.0,30.0,22.0,750.0,152.0,0.0,209.0,0.0,39.0,275.0,13.0,2.0,0.0,1.0,170.0,211.0,250.0,54.0,2911.0,0.0,5.0,25.0,2595.0,47.0,31.0,0.0,14.0
ctx-rh-rostralanteriorcingulate,0.0,82.0,6.0,0.0,0.0,2.0,0.0,0.0,0.0,9.0,0.0,0.0,36.0,0.0,22.0,0.0,1.0,0.0,1.0,6.0,15.0,0.0,0.0,9.0,1.0,0.0,165.0,41.0,72.0,0.0,0.0,0.0,0.0,0.0,0.0,187.0,0.0,0.0,0.0,20.0,0.0,0.0,0.0,24.0,0.0,0.0,74.0,0.0,562.0,1.0,0.0,0.0,2.0,26.0,71.0,0.0,1.0,5.0,0.0,0.0,638.0,237.0,548.0,0.0,0.0,0.0,0.0,0.0
ctx-rh-rostralmiddlefrontal,0.0,83.0,33.0,0.0,0.0,0.0,0.0,1.0,0.0,6.0,1.0,0.0,10.0,0.0,6.0,0.0,19.0,0.0,11.0,0.0,13.0,0.0,4.0,35.0,21.0,3.0,27.0,49.0,159.0,1.0,1.0,1.0,0.0,1.0,9.0,184.0,981.0,1.0,0.0,392.0,2.0,34.0,1.0,184.0,1.0,2.0,497.0,0.0,602.0,4.0,7.0,0.0,773.0,501.0,1658.0,0.0,63.0,21.0,165.0,5.0,237.0,11824.0,3131.0,13.0,4.0,39.0,0.0,0.0
ctx-rh-superiorfrontal,1.0,160.0,59.0,1.0,0.0,0.0,1.0,1.0,0.0,12.0,6.0,0.0,8.0,1.0,6.0,0.0,82.0,1.0,20.0,3.0,7.0,0.0,13.0,164.0,83.0,25.0,31.0,45.0,293.0,8.0,3.0,1.0,0.0,0.0,5.0,865.0,607.0,0.0,0.0,93.0,2.0,13.0,1.0,77.0,8.0,2.0,27.0,0.0,374.0,4.0,537.0,0.0,70.0,23.0,205.0,0.0,59.0,325.0,553.0,25.0,548.0,3131.0,11556.0,19.0,7.0,18.0,0.0,1.0
ctx-rh-superiorparietal,0.0,2.0,0.0,12.0,0.0,0.0,3.0,5.0,6.0,1.0,27.0,10.0,0.0,5.0,0.0,0.0,1.0,1.0,0.0,0.0,0.0,4.0,2.0,4.0,1.0,35.0,0.0,0.0,0.0,8.0,5.0,1.0,0.0,2.0,28.0,0.0,41.0,845.0,0.0,0.0,23.0,1197.0,34.0,41.0,44.0,431.0,0.0,30.0,0.0,41.0,46.0,1.0,11.0,0.0,0.0,97.0,798.0,22.0,124.0,2595.0,0.0,13.0,19.0,3569.0,30.0,166.0,1.0,8.0
ctx-rh-superiortemporal,0.0,0.0,0.0,0.0,0.0,0.0,1.0,2.0,1.0,2.0,12.0,1.0,0.0,6.0,0.0,0.0,0.0,1.0,0.0,0.0,0.0,2.0,1.0,9.0,0.0,16.0,0.0,0.0,1.0,5.0,1.0,0.0,0.0,1.0,627.0,0.0,6.0,3.0,51.0,0.0,101.0,79.0,282.0,382.0,18.0,22.0,15.0,8.0,1.0,634.0,5.0,6.0,7.0,0.0,2.0,5.0,59.0,6.0,35.0,47.0,0.0,4.0,7.0,30.0,3943.0,347.0,182.0,560.0
ctx-rh-supramarginal,0.0,0.0,0.0,1.0,0.0,0.0,0.0,1.0,2.0,1.0,3.0,0.0,0.0,0.0,0.0,2.0,0.0,0.0,0.0,0.0,0.0,1.0,0.0,8.0,1.0,9.0,1.0,0.0,2.0,3.0,1.0,1.0,0.0,2.0,549.0,3.0,66.0,1.0,0.0,0.0,2.0,1149.0,22.0,256.0,6.0,7.0,1.0,2.0,0.0,54.0,9.0,2.0,69.0,0.0,6.0,1.0,1131.0,8.0,247.0,31.0,0.0,39.0,18.0,166.0,347.0,2397.0,0.0,28.0
ctx-rh-temporalpole,0.0,0.0,0.0,0.0,0.0,0.0,0.0,0.0,0.0,0.0,0.0,0.0,0.0,0.0,0.0,0.0,0.0,0.0,0.0,0.0,0.0,0.0,0.0,0.0,0.0,0.0,0.0,0.0,0.0,0.0,0.0,0.0,0.0,0.0,0.0,0.0,0.0,0.0,157.0,0.0,69.0,1.0,217.0,13.0,0.0,1.0,0.0,1.0,0.0,202.0,0.0,0.0,0.0,0.0,0.0,1.0,0.0,0.0,0.0,0.0,0.0,0.0,0.0,1.0,182.0,0.0,240.0,0.0
ctx-rh-transversetemporal,0.0,0.0,0.0,0.0,1.0,0.0,0.0,0.0,2.0,1.0,0.0,0.0,0.0,0.0,0.0,0.0,0.0,0.0,0.0,0.0,0.0,0.0,0.0,3.0,0.0,0.0,0.0,0.0,0.0,1.0,0.0,1.0,0.0,0.0,17.0,0.0,4.0,0.0,0.0,0.0,2.0,22.0,6.0,59.0,0.0,1.0,0.0,3.0,0.0,20.0,2.0,0.0,0.0,0.0,0.0,0.0,5.0,10.0,15.0,14.0,0.0,0.0,1.0,8.0,560.0,28.0,0.0,130.0
