,ctx-lh-bankssts,ctx-lh-caudalanteriorcingulate,ctx-lh-caudalmiddlefrontal,ctx-lh-cuneus,ctx-lh-entorhinal,ctx-lh-frontalpole,ctx-lh-fusiform,ctx-lh-inferiorparietal,ctx-lh-inferiortemporal,ctx-lh-insula,ctx-lh-isthmuscingulate,ctx-lh-lateraloccipital,ctx-lh-lateralorbitofrontal,ctx-lh-lingual,ctx-lh-medialorbitofrontal,ctx-lh-middletemporal,ctx-lh-paracentral,ctx-lh-parahippocampal,ctx-lh-parsopercularis,ctx-lh-parsorbitalis,ctx-lh-parstriangularis,ctx-lh-pericalcarine,ctx-lh-postcentral,ctx-lh-posteriorcingulate,ctx-lh-precentral,ctx-lh-precuneus,ctx-lh-rostralanteriorcingulate,ctx-lh-rostralmiddlefrontal,ctx-lh-superiorfrontal,ctx-lh-superiorparietal,ctx-lh-superiortemporal,ctx-lh-supramarginal,ctx-lh-temporalpole,ctx-lh-transversetemporal,ctx-rh-bankssts,ctx-rh-caudalanteriorcingulate,ctx-rh-caudalmiddlefrontal,ctx-rh-cuneus,ctx-rh-entorhinal,ctx-rh-frontalpole,ctx-rh-fusiform,ctx-rh-inferiorparietal,ctx-rh-inferiortemporal,ctx-rh-insula,ctx-rh-isthmuscingulate,ctx-rh-lateraloccipital,ctx-rh-lateralorbitofrontal,ctx-rh-lingual,ctx-rh-medialorbitofrontal,ctx-rh-middletemporal,ctx-rh-paracentral,ctx-rh-parahippocampal,ctx-rh-parsopercularis,ctx-rh-parsorbitalis,ctx-rh-parstriangularis,ctx-rh-pericalcarine,ctx-rh-postcentral,ctx-rh-posteriorcingulate,ctx-rh-precentral,ctx-rh-precuneus,ctx-rh-rostralanteriorcingulate,ctx-rh-rostralmiddlefrontal,ctx-rh-superiorfrontal,ctx-rh-superiorparietal,ctx-rh-superiortemporal,ctx-rh-supramarginal,ctx-rh-temporalpole,ctx-rh-transversetemporal
ctx-lh-bankssts,954.0,0.0,1.0,3.0,0.0,0.0,21.0,459.0,353.0,31.0,11.0,35.0,0.0,12.0,0.0,1067.0,3.0,3.0,1.0,0.0,0.0,2.0,17.0,12.0,18.0,55.0,0.0,1.0,1.0,31.0,972.0,345.0,1.0,31.0,1.0,0.0,0.0,0.0,0.0,0.0,0.0,1.0,2.0,0.0,7.0,0.0,0.0,1.0,0.0,0.0,3.0,2.0,0.0,0.0,0.0,1.0,1.0,5.0,0.0,11.0,0.0,0.0,0.0,1.0,0.0,2.0,0.0,0.0
ctx-lh-caudalanteriorcingulate,0.0,503.0,50.0,0.0,0.0,1.0,0.0,0.0,0.0,14.0,12.0,1.0,6.0,0.0,15.0,0.0,13.0,0.0,23.0,4.0,9.0,0.0,1.0,428.0,24.0,17.0,235.0,89.0,620.0,5.0,0.0,1.0,0.0,0.0,1.0,87.0,13.0,0.0,0.0,1.0,1.0,0.0,0.0,2.0,0.0,0.0,3.0,0.0,3.0,0.0,14.0,0.0,4.0,1.0,7.0,0.0,0.0,20.0,10.0,1.0,15.0,18.0,110.0,0.0,0.0,2.0,0.0,0.0
ctx-lh-caudalmiddlefrontal,1.0,50.0,2515.0,0.0,0.0,0.0,0.0,4.0,0.0,30.0,1.0,0.0,4.0,0.0,0.0,0.0,12.0,1.0,250.0,4.0,24.0,0.0,47.0,7.0,901.0,2.0,10.0,850.0,927.0,15.0,1.0,11.0,0.0,0.0,0.0,31.0,2.0,0.0,0.0,0.0,0.0,0.0,0.0,0.0,1.0,0.0,0.0,0.0,0.0,0.0,6.0,0.0,2.0,1.0,0.0,0.0,1.0,3.0,5.0,0.0,0.0,7.0,30.0,0.0,0.0,0.0,0.0,0.0
ctx-lh-cuneus,3.0,0.0,0.0,1372.0,0.0,0.0,21.0,64.0,14.0,0.0,26.0,265.0,0.0,237.0,0.0,5.0,0.0,3.0,0.0,0.0,0.0,1284.0,0.0,1.0,0.0,189.0,0.0,0.0,0.0,799.0,2.0,0.0,0.0,0.0,2.0,0.0,0.0,79.0,0.0,0.0,1.0,3.0,2.0,0.0,4.0,4.0,0.0,3.0,0.0,1.0,0.0,0.0,0.0,0.0,0.0,16.0,0.0,3.0,0.0,19.0,0.0,0.0,1.0,4.0,1.0,2.0,0.0,0.0
ctx-lh-entorhinal,0.0,0.0,0.0,0.0,285.0,0.0,293.0,2.0,142.0,9.0,0.0,1.0,1.0,0.0,0.0,61.0,0.0,158.0,0.0,0.0,0.0,0.0,0.0,0.0,0.0,1.0,0.0,0.0,0.0,1.0,26.0,0.0,241.0,0.0,0.0,0.0,0.0,0.0,0.0,0.0,0.0,0.0,0.0,0.0,0.0,0.0,0.0,0.0,0.0,0.0,0.0,0.0,0.0,0.0,0.0,0.0,0.0,0.0,0.0,0.0,0.0,0.0,0.0,0.0,0.0,0.0,0.0,0.0
ctx-lh-frontalpole,0.0,1.0,0.0,0.0,0.0,125.0,0.0,0.0,0.0,1.0,0.0,0.0,113.0,0.0,209.0,0.0,0.0,0.0,0.0,7.0,7.0,0.0,0.0,0.0,1.0,0.0,8.0,358.0,121.0,0.0,0.0,0.0,0.0,0.0,0.0,0.0,0.0,0.0,0.0,0.0,0.0,0.0,0.0,0.0,0.0,0.0,0.0,0.0,0.0,0.0,0.0,0.0,0.0,0.0,0.0,0.0,0.0,0.0,0.0,0.0,0.0,0.0,0.0,0.0,0.0,0.0,0.0,0.0
ctx-lh-fusiform,21.0,0.0,0.0,21.0,293.0,0.0,3060.0,79.0,1720.0,30.0,18.0,781.0,2.0,441.0,0.0,205.0,0.0,247.0,0.0,0.0,0.0,53.0,0.0,2.0,1.0,24.0,0.0,0.0,0.0,36.0,63.0,5.0,113.0,3.0,0.0,0.0,0.0,1.0,0.0,0.0,0.0,4.0,2.0,1.0,6.0,0.0,0.0,4.0,0.0,1.0,1.0,1.0,0.0,0.0,0.0,0.0,0.0,0.0,0.0,7.0,0.0,0.0,0.0,1.0,0.0,0.0,0.0,0.0
ctx-lh-inferiorparietal,459.0,0.0,4.0,64.0,2.0,0.0,79.0,5536.0,208.0,39.0,34.0,840.0,0.0,33.0,0.0,291.0,19.0,4.0,1.0,0.0,0.0,25.0,76.0,24.0,88.0,453.0,0.0,1.0,4.0,1359.0,131.0,1215.0,1.0,14.0,2.0,0.0,0.0,1.0,0.0,0.0,3.0,5.0,2.0,2.0,14.0,3.0,0.0,5.0,0.0,2.0,2.0,1.0,0.0,0.0,0.0,4.0,0.0,10.0,0.0,29.0,0.0,0.0,0.0,4.0,3.0,0.0,0.0,0.0
ctx-lh-inferiortemporal,353.0,0.0,0.0,14.0,142.0,0.0,1720.0,208.0,3408.0,44.0,19.0,326.0,3.0,166.0,0.0,1568.0,1.0,73.0,1.0,0.0,0.0,21.0,3.0,6.0,3.0,57.0,0.0,0.0,0.0,37.0,163.0,39.0,165.0,9.0,0.0,0.0,0.0,0.0,0.0,0.0,2.0,2.0,3.0,0.0,9.0,2.0,0.0,2.0,0.0,1.0,0.0,0.0,0.0,0.0,0.0,4.0,1.0,3.0,0.0,16.0,0.0,0.0,0.0,3.0,5.0,2.0,0.0,0.0
ctx-lh-insula,31.0,14.0,30.0,0.0,9.0,1.0,30.0,39.0,44.0,1442.0,6.0,0.0,532.0,6.0,57.0,73.0,10.0,9.0,275.0,20.0,101.0,1.0,249.0,23.0,368.0,32.0,32.0,102.0,80.0,35.0,175.0,302.0,15.0,73.0,1.0,5.0,0.0,0.0,0.0,0.0,0.0,3.0,1.0,1.0,5.0,1.0,1.0,1.0,0.0,0.0,4.0,0.0,1.0,0.0,1.0,0.0,0.0,17.0,1.0,8.0,1.0,1.0,11.0,2.0,0.0,2.0,0.0,1.0
ctx-lh-isthmuscingulate,11.0,12.0,1.0,26.0,0.0,0.0,18.0,34.0,19.0,6.0,642.0,29.0,0.0,99.0,0.0,7.0,12.0,55.0,0.0,0.0,0.0,18.0,5.0,299.0,3.0,750.0,0.0,0.0,5.0,75.0,6.0,14.0,0.0,2.0,7.0,1.0,0.0,4.0,0.0,0.0,3.0,11.0,7.0,2.0,45.0,4.0,0.0,10.0,0.0,8.0,5.0,5.0,0.0,0.0,0.0,7.0,4.0,26.0,4.0,48.0,0.0,0.0,4.0,9.0,6.0,5.0,0.0,1.0
ctx-lh-lateraloccipital,35.0,1.0,0.0,265.0,1.0,0.0,781.0,840.0,326.0,0.0,29.0,5423.0,0.0,668.0,0.0,105.0,0.0,6.0,0.0,0.0,0.0,768.0,4.0,5.0,0.0,86.0,0.0,0.0,0.0,426.0,10.0,11.0,0.0,2.0,0.0,0.0,0.0,11.0,0.0,0.0,0.0,5.0,3.0,1.0,10.0,2.0,0.0,6.0,0.0,1.0,2.0,2.0,0.0,0.0,0.0,2.0,0.0,3.0,0.0,18.0,0.0,0.0,0.0,6.0,3.0,1.0,0.0,0.0
ctx-lh-lateralorbitofrontal,0.0,6.0,4.0,0.0,1.0,113.0,2.0,0.0,3.0,532.0,0.0,0.0,2837.0,0.0,2029.0,6.0,0.0,0.0,29.0,522.0,299.0,0.0,0.0,1.0,5.0,0.0,204.0,656.0,78.0,0.0,3.0,0.0,6.0,0.0,0.0,5.0,0.0,0.0,0.0,0.0,0.0,0.0,0.0,0.0,0.0,0.0,0.0,0.0,1.0,0.0,0.0,0.0,0.0,0.0,1.0,0.0,0.0,0.0,0.0,1.0,2.0,0.0,3.0,0.0,0.0,0.0,0.0,0.0
ctx-lh-lingual,12.0,0.0,0.0,237.0,0.0,0.0,441.0,33.0,166.0,6.0,99.0,668.0,0.0,3409.0,0.0,26.0,1.0,164.0,0.0,0.0,0.0,1018.0,0.0,1.0,1.0,143.0,0.0,0.0,0.0,54.0,9.0,1.0,0.0,1.0,1.0,0.0,0.0,6.0,0.0,0.0,3.0,0.0,2.0,0.0,7.0,3.0,0.0,64.0,0.0,2.0,0.0,0.0,0.0,0.0,0.0,8.0,0.0,2.0,1.0,24.0,0.0,0.0,0.0,11.0,3.0,1.0,0.0,0.0
ctx-lh-medialorbitofrontal,0.0,15.0,0.0,0.0,0.0,209.0,0.0,0.0,0.0,57.0,0.0,0.0,2029.0,0.0,1590.0,1.0,0.0,0.0,1.0,50.0,36.0,0.0,0.0,0.0,0.0,0.0,478.0,622.0,220.0,0.0,1.0,0.0,1.0,0.0,0.0,2.0,0.0,0.0,0.0,0.0,0.0,0.0,0.0,1.0,0.0,0.0,1.0,0.0,0.0,0.0,0.0,0.0,0.0,1.0,0.0,0.0,0.0,0.0,0.0,0.0,4.0,1.0,4.0,0.0,0.0,0.0,0.0,0.0
ctx-lh-middletemporal,1067.0,0.0,0.0,5.0,61.0,0.0,205.0,291.0,1568.0,73.0,7.0,105.0,6.0,26.0,1.0,3354.0,0.0,23.0,0.0,0.0,0.0,9.0,5.0,2.0,7.0,51.0,0.0,1.0,1.0,35.0,1012.0,46.0,171.0,21.0,0.0,0.0,0.0,2.0,0.0,0.0,1.0,0.0,0.0,0.0,5.0,1.0,0.0,1.0,0.0,0.0,0.0,0.0,0.0,0.0,0.0,0.0,0.0,3.0,0.0,12.0,0.0,0.0,0.0,1.0,0.0,0.0,0.0,0.0
ctx-lh-paracentral,3.0,13.0,12.0,0.0,0.0,0.0,0.0,19.0,1.0,10.0,12.0,0.0,0.0,1.0,0.0,0.0,1902.0,0.0,4.0,0.0,0.0,0.0,446.0,264.0,1238.0,141.0,0.0,0.0,374.0,265.0,4.0,11.0,1.0,2.0,1.0,9.0,2.0,2.0,0.0,0.0,2.0,0.0,1.0,2.0,6.0,2.0,0.0,0.0,0.0,4.0,31.0,0.0,0.0,0.0,1.0,0.0,1.0,69.0,11.0,7.0,0.0,0.0,15.0,4.0,4.0,7.0,0.0,2.0
ctx-lh-parahippocampal,3.0,0.0,1.0,3.0,158.0,0.0,247.0,4.0,73.0,9.0,55.0,6.0,0.0,164.0,0.0,23.0,0.0,530.0,0.0,0.0,0.0,6.0,1.0,1.0,0.0,23.0,0.0,0.0,0.0,2.0,19.0,3.0,10.0,2.0,0.0,0.0,0.0,0.0,0.0,0.0,0.0,0.0,0.0,0.0,3.0,0.0,0.0,0.0,0.0,0.0,0.0,0.0,0.0,0.0,0.0,1.0,0.0,0.0,0.0,7.0,0.0,0.0,0.0,1.0,0.0,0.0,0.0,0.0
ctx-lh-parsopercularis,1.0,23.0,250.0,0.0,0.0,0.0,0.0,1.0,1.0,275.0,0.0,0.0,29.0,0.0,1.0,0.0,4.0,0.0,2034.0,4.0,474.0,0.0,53.0,1.0,705.0,0.0,13.0,498.0,114.0,8.0,4.0,35.0,0.0,1.0,0.0,4.0,0.0,0.0,0.0,0.0,0.0,0.0,0.0,1.0,0.0,0.0,1.0,0.0,0.0,0.0,0.0,0.0,1.0,0.0,2.0,0.0,1.0,1.0,1.0,0.0,1.0,9.0,14.0,0.0,0.0,1.0,0.0,0.0
ctx-lh-parsorbitalis,0.0,4.0,4.0,0.0,0.0,7.0,0.0,0.0,0.0,20.0,0.0,0.0,522.0,0.0,50.0,0.0,0.0,0.0,4.0,334.0,462.0,0.0,0.0,0.0,2.0,0.0,42.0,377.0,56.0,0.0,0.0,0.0,0.0,0.0,0.0,1.0,0.0,0.0,0.0,0.0,0.0,0.0,0.0,0.0,0.0,0.0,1.0,0.0,0.0,0.0,0.0,0.0,0.0,0.0,0.0,0.0,0.0,0.0,0.0,0.0,0.0,1.0,1.0,0.0,0.0,0.0,0.0,0.0
ctx-lh-parstriangularis,0.0,9.0,24.0,0.0,0.0,7.0,0.0,0.0,0.0,101.0,0.0,0.0,299.0,0.0,36.0,0.0,0.0,0.0,474.0,462.0,923.0,0.0,1.0,1.0,14.0,0.0,61.0,610.0,92.0,0.0,0.0,1.0,0.0,0.0,0.0,7.0,0.0,0.0,0.0,0.0,0.0,0.0,0.0,0.0,0.0,0.0,1.0,0.0,1.0,0.0,0.0,0.0,2.0,1.0,0.0,0.0,0.0,1.0,1.0,0.0,4.0,2.0,4.0,0.0,0.0,1.0,0.0,0.0
ctx-lh-pericalcarine,2.0,0.0,0.0,1284.0,0.0,0.0,53.0,25.0,21.0,1.0,18.0,768.0,0.0,1018.0,0.0,9.0,0.0,6.0,0.0,0.0,0.0,753.0,0.0,1.0,0.0,89.0,0.0,0.0,0.0,224.0,2.0,0.0,0.0,1.0,0.0,0.0,0.0,69.0,0.0,0.0,0.0,1.0,0.0,1.0,8.0,2.0,0.0,23.0,0.0,0.0,2.0,1.0,0.0,0.0,0.0,16.0,0.0,1.0,0.0,14.0,0.0,0.0,0.0,4.0,0.0,0.0,0.0,0.0
ctx-lh-postcentral,17.0,1.0,47.0,0.0,0.0,0.0,0.0,76.0,3.0,249.0,5.0,4.0,0.0,0.0,0.0,5.0,446.0,1.0,53.0,0.0,1.0,0.0,5618.0,28.0,1950.0,93.0,0.0,8.0,38.0,607.0,19.0,1095.0,1.0,11.0,1.0,1.0,1.0,1.0,0.0,0.0,0.0,1.0,0.0,0.0,3.0,1.0,0.0,0.0,0.0,0.0,13.0,0.0,0.0,0.0,0.0,0.0,1.0,15.0,5.0,3.0,0.0,0.0,4.0,3.0,1.0,1.0,0.0,1.0
ctx-lh-posteriorcingulate,12.0,428.0,7.0,1.0,0.0,0.0,2.0,24.0,6.0,23.0,299.0,5.0,1.0,1.0,0.0,2.0,264.0,1.0,1.0,0.0,1.0,1.0,28.0,1337.0,65.0,349.0,6.0,4.0,285.0,58.0,14.0,25.0,1.0,6.0,7.0,15.0,7.0,2.0,0.0,0.0,2.0,8.0,4.0,6.0,24.0,2.0,0.0,2.0,0.0,3.0,54.0,1.0,0.0,0.0,0.0,0.0,4.0,136.0,17.0,20.0,1.0,1.0,38.0,7.0,13.0,7.0,0.0,4.0
ctx-lh-precentral,18.0,24.0,901.0,0.0,0.0,1.0,1.0,88.0,3.0,368.0,3.0,0.0,5.0,1.0,0.0,7.0,1238.0,0.0,705.0,2.0,14.0,0.0,1950.0,65.0,8245.0,66.0,1.0,106.0,870.0,281.0,13.0,369.0,0.0,11.0,1.0,19.0,4.0,0.0,0.0,0.0,0.0,1.0,1.0,2.0,4.0,0.0,0.0,0.0,0.0,0.0,28.0,0.0,2.0,0.0,1.0,0.0,1.0,26.0,11.0,4.0,0.0,4.0,31.0,3.0,0.0,2.0,0.0,0.0
ctx-lh-precuneus,55.0,17.0,2.0,189.0,1.0,0.0,24.0,453.0,57.0,32.0,750.0,86.0,0.0,143.0,0.0,51.0,141.0,23.0,0.0,0.0,0.0,89.0,93.0,349.0,66.0,3828.0,0.0,2.0,12.0,2409.0,60.0,107.0,0.0,11.0,12.0,2.0,0.0,10.0,0.0,0.0,4.0,19.0,14.0,9.0,70.0,10.0,0.0,15.0,0.0,5.0,25.0,4.0,0.0,0.0,0.0,9.0,2.0,46.0,5.0,97.0,0.0,0.0,1.0,17.0,13.0,14.0,0.0,3.0
ctx-lh-rostralanteriorcingulate,0.0,235.0,10.0,0.0,0.0,8.0,0.0,0.0,0.0,32.0,0.0,0.0,204.0,0.0,478.0,0.0,0.0,0.0,13.0,42.0,61.0,0.0,0.0,6.0,1.0,0.0,940.0,225.0,466.0,0.0,0.0,0.0,0.0,0.0,0.0,97.0,5.0,0.0,0.0,0.0,0.0,0.0,0.0,5.0,0.0,0.0,6.0,0.0,8.0,0.0,3.0,0.0,10.0,2.0,10.0,0.0,0.0,2.0,3.0,0.0,41.0,27.0,44.0,0.0,0.0,0.0,0.0,0.0
ctx-lh-rostralmiddlefrontal,1.0,89.0,850.0,0.0,0.0,358.0,0.0,1.0,0.0,102.0,0.0,0.0,656.0,0.0,622.0,1.0,0.0,0.0,498.0,377.0,610.0,0.0,8.0,4.0,106.0,2.0,225.0,6744.0,2780.0,0.0,0.0,4.0,0.0,0.0,0.0,37.0,4.0,0.0,0.0,0.0,0.0,0.0,0.0,3.0,0.0,0.0,3.0,0.0,3.0,0.0,0.0,0.0,3.0,2.0,7.0,0.0,0.0,0.0,4.0,0.0,15.0,13.0,42.0,0.0,0.0,0.0,0.0,0.0
ctx-lh-superiorfrontal,1.0,620.0,927.0,0.0,0.0,121.0,0.0,4.0,0.0,80.0,5.0,0.0,78.0,0.0,220.0,1.0,374.0,0.0,114.0,56.0,92.0,0.0,38.0,285.0,870.0,12.0,466.0,2780.0,11781.0,19.0,4.0,8.0,0.0,0.0,0.0,201.0,19.0,0.0,0.0,0.0,1.0,1.0,0.0,9.0,0.0,0.0,6.0,0.0,7.0,0.0,35.0,0.0,19.0,4.0,21.0,0.0,4.0,65.0,33.0,4.0,19.0,57.0,229.0,0.0,1.0,4.0,0.0,0.0
ctx-lh-superiorparietal,31.0,5.0,15.0,799.0,1.0,0.0,36.0,1359.0,37.0,35.0,75.0,426.0,0.0,54.0,0.0,35.0,265.0,2.0,8.0,0.0,0.0,224.0,607.0,58.0,281.0,2409.0,0.0,0.0,19.0,6152.0,37.0,500.0,0.0,15.0,1.0,0.0,0.0,4.0,0.0,0.0,1.0,9.0,9.0,2.0,21.0,4.0,0.0,3.0,0.0,2.0,12.0,0.0,0.0,0.0,0.0,2.0,2.0,16.0,2.0,33.0,0.0,0.0,5.0,7.0,9.0,5.0,0.0,1.0
ctx-lh-superiortemporal,972.0,0.0,1.0,2.0,26.0,0.0,63.0,131.0,163.0,175.0,6.0,10.0,3.0,9.0,1.0,1012.0,4.0,19.0,4.0,0.0,0.0,2.0,19.0,14.0,13.0,60.0,0.0,0.0,4.0,37.0,4499.0,369.0,240.0,579.0,3.0,0.0,0.0,0.0,0.0,0.0,0.0,1.0,1.0,2.0,7.0,0.0,0.0,1.0,0.0,1.0,3.0,0.0,0.0,0.0,0.0,1.0,0.0,2.0,1.0,19.0,0.0,0.0,0.0,5.0,4.0,2.0,0.0,1.0
ctx-lh-supramarginal,345.0,1.0,11.0,0.0,0.0,0.0,5.0,1215.0,39.0,302.0,14.0,11.0,0.0,1.0,0.0,46.0,11.0,3.0,35.0,0.0,1.0,0.0,1095.0,25.0,369.0,107.0,0.0,4.0,8.0,500.0,369.0,5973.0,0.0,40.0,2.0,0.0,0.0,0.0,0.0,0.0,1.0,3.0,2.0,1.0,4.0,1.0,0.0,0.0,0.0,1.0,10.0,0.0,0.0,0.0,0.0,1.0,0.0,13.0,1.0,10.0,0.0,0.0,0.0,2.0,1.0,2.0,0.0,0.0
ctx-lh-temporalpole,1.0,0.0,0.0,0.0,241.0,0.0,113.0,1.0,165.0,15.0,0.0,0.0,6.0,0.0,1.0,171.0,1.0,10.0,0.0,0.0,0.0,0.0,1.0,1.0,0.0,0.0,0.0,0.0,0.0,0.0,240.0,0.0,421.0,1.0,0.0,0.0,0.0,0.0,0.0,0.0,0.0,0.0,0.0,0.0,0.0,1.0,0.0,0.0,0.0,0.0,0.0,0.0,0.0,0.0,0.0,0.0,0.0,0.0,0.0,0.0,0.0,0.0,0.0,0.0,0.0,0.0,0.0,0.0
ctx-lh-transversetemporal,31.0,0.0,0.0,0.0,0.0,0.0,3.0,14.0,9.0,73.0,2.0,2.0,0.0,1.0,0.0,21.0,2.0,2.0,1.0,0.0,0.0,1.0,11.0,6.0,11.0,11.0,0.0,0.0,0.0,15.0,579.0,40.0,1.0,441.0,0.0,0.0,0.0,1.0,0.0,0.0,0.0,0.0,0.0,0.0,4.0,0.0,0.0,0.0,0.0,2.0,3.0,0.0,0.0,0.0,0.0,0.0,0.0,6.0,1.0,3.0,0.0,0.0,0.0,1.0,0.0,1.0,0.0,0.0
ctx-rh-bankssts,1.0,1.0,0.0,2.0,0.0,0.0,0.0,2.0,0.0,1.0,7.0,0.0,0.0,1.0,0.0,0.0,1.0,0.0,0.0,0.0,0.0,0.0,1.0,7.0,1.0,12.0,0.0,0.0,0.0,1.0,3.0,2.0,0.0,0.0,742.0,1.0,3.0,3.0,0.0,0.0,28.0,404.0,194.0,37.0,14.0,22.0,0.0,11.0,0.0,826.0,13.0,3.0,1.0,0.0,0.0,7.0,7.0,14.0,17.0,76.0,0.0,0.0,3.0,40.0,683.0,515.0,0.0,12.0
ctx-rh-caudalanteriorcingulate,0.0,87.0,31.0,0.0,0.0,0.0,0.0,0.0,0.0,5.0,1.0,0.0,5.0,0.0,2.0,0.0,9.0,0.0,4.0,1.0,7.0,0.0,1.0,15.0,19.0,2.0,97.0,37.0,201.0,0.0,0.0,0.0,0.0,0.0,1.0,874.0,38.0,0.0,0.0,1.0,0.0,0.0,0.0,26.0,7.0,0.0,22.0,0.0,26.0,0.0,21.0,0.0,50.0,16.0,61.0,0.0,5.0,459.0,17.0,6.0,300.0,171.0,798.0,1.0,1.0,1.0,0.0,0.0
ctx-rh-caudalmiddlefrontal,0.0,13.0,2.0,0.0,0.0,0.0,0.0,0.0,0.0,0.0,0.0,0.0,0.0,0.0,0.0,0.0,2.0,0.0,0.0,0.0,0.0,0.0,1.0,7.0,4.0,0.0,5.0,4.0,19.0,0.0,0.0,0.0,0.0,0.0,3.0,38.0,2477.0,0.0,0.0,0.0,0.0,2.0,0.0,25.0,2.0,0.0,0.0,0.0,0.0,1.0,29.0,0.0,239.0,4.0,36.0,0.0,56.0,16.0,1194.0,2.0,4.0,1005.0,805.0,14.0,1.0,13.0,0.0,1.0
ctx-rh-cuneus,0.0,0.0,0.0,79.0,0.0,0.0,1.0,1.0,0.0,0.0,4.0,11.0,0.0,6.0,0.0,2.0,2.0,0.0,0.0,0.0,0.0,69.0,1.0,2.0,0.0,10.0,0.0,0.0,0.0,4.0,0.0,0.0,0.0,1.0,3.0,0.0,0.0,1211.0,0.0,0.0,13.0,50.0,7.0,3.0,26.0,418.0,0.0,192.0,0.0,5.0,1.0,3.0,0.0,0.0,0.0,1408.0,0.0,3.0,0.0,270.0,0.0,0.0,0.0,509.0,2.0,1.0,0.0,0.0
ctx-rh-entorhinal,0.0,0.0,0.0,0.0,0.0,0.0,0.0,0.0,0.0,0.0,0.0,0.0,0.0,0.0,0.0,0.0,0.0,0.0,0.0,0.0,0.0,0.0,0.0,0.0,0.0,0.0,0.0,0.0,0.0,0.0,0.0,0.0,0.0,0.0,0.0,0.0,0.0,0.0,297.0,0.0,386.0,0.0,223.0,6.0,0.0,0.0,1.0,2.0,0.0,37.0,0.0,187.0,0.0,0.0,0.0,0.0,0.0,0.0,0.0,1.0,0.0,0.0,0.0,1.0,29.0,0.0,228.0,0.0
ctx-rh-frontalpole,0.0,1.0,0.0,0.0,0.0,0.0,0.0,0.0,0.0,0.0,0.0,0.0,0.0,0.0,0.0,0.0,0.0,0.0,0.0,0.0,0.0,0.0,0.0,0.0,0.0,0.0,0.0,0.0,0.0,0.0,0.0,0.0,0.0,0.0,0.0,1.0,0.0,0.0,0.0,71.0,0.0,0.0,0.0,0.0,0.0,0.0,102.0,0.0,250.0,0.0,0.0,0.0,0.0,7.0,1.0,0.0,0.0,0.0,0.0,0.0,5.0,248.0,77.0,0.0,0.0,0.0,0.0,0.0
ctx-rh-fusiform,0.0,1.0,0.0,1.0,0.0,0.0,0.0,3.0,2.0,0.0,3.0,0.0,0.0,3.0,0.0,1.0,2.0,0.0,0.0,0.0,0.0,0.0,0.0,2.0,0.0,4.0,0.0,0.0,1.0,1.0,0.0,1.0,0.0,0.0,28.0,0.0,0.0,13.0,386.0,0.0,3857.0,121.0,1461.0,35.0,24.0,962.0,3.0,477.0,0.0,218.0,1.0,352.0,1.0,0.0,0.0,61.0,0.0,4.0,1.0,33.0,0.0,0.0,0.0,28.0,73.0,8.0,109.0,3.0
ctx-rh-inferiorparietal,1.0,0.0,0.0,3.0,0.0,0.0,4.0,5.0,2.0,3.0,11.0,5.0,0.0,0.0,0.0,0.0,0.0,0.0,0.0,0.0,0.0,1.0,1.0,8.0,1.0,19.0,0.0,0.0,1.0,9.0,1.0,3.0,0.0,0.0,404.0,0.0,2.0,50.0,0.0,0.0,121.0,5760.0,270.0,27.0,54.0,851.0,0.0,28.0,0.0,578.0,26.0,5.0,2.0,0.0,2.0,33.0,103.0,18.0,67.0,472.0,0.0,0.0,4.0,1457.0,74.0,1104.0,0.0,14.0
ctx-rh-inferiortemporal,2.0,0.0,0.0,2.0,0.0,0.0,2.0,2.0,3.0,1.0,7.0,3.0,0.0,2.0,0.0,0.0,1.0,0.0,0.0,0.0,0.0,0.0,0.0,4.0,1.0,14.0,0.0,0.0,0.0,9.0,1.0,2.0,0.0,0.0,194.0,0.0,0.0,7.0,223.0,0.0,1461.0,270.0,4324.0,64.0,13.0,249.0,3.0,87.0,0.0,1308.0,3.0,74.0,0.0,0.0,0.0,15.0,6.0,13.0,5.0,57.0,0.0,0.0,0.0,40.0,224.0,26.0,195.0,4.0
ctx-rh-insula,0.0,2.0,0.0,0.0,0.0,0.0,1.0,2.0,0.0,1.0,2.0,1.0,0.0,0.0,1.0,0.0,2.0,0.0,1.0,0.0,0.0,1.0,0.0,6.0,2.0,9.0,5.0,3.0,9.0,2.0,2.0,1.0,0.0,0.0,37.0,26.0,25.0,3.0,6.0,0.0,35.0,27.0,64.0,1507.0,11.0,12.0,338.0,6.0,33.0,117.0,37.0,9.0,177.0,10.0,102.0,2.0,221.0,27.0,223.0,32.0,7.0,62.0,54.0,38.0,207.0,306.0,3.0,49.0
ctx-rh-isthmuscingulate,7.0,0.0,1.0,4.0,0.0,0.0,6.0,14.0,9.0,5.0,45.0,10.0,0.0,7.0,0.0,5.0,6.0,3.0,0.0,0.0,0.0,8.0,3.0,24.0,4.0,70.0,0.0,0.0,0.0,21.0,7.0,4.0,0.0,4.0,14.0,7.0,2.0,26.0,0.0,0.0,24.0,54.0,13.0,11.0,602.0,18.0,0.0,105.0,0.0,18.0,29.0,81.0,0.0,0.0,0.0,17.0,5.0,282.0,4.0,927.0,0.0,0.0,6.0,40.0,15.0,17.0,0.0,2.0
ctx-rh-lateraloccipital,0.0,0.0,0.0,4.0,0.0,0.0,0.0,3.0,2.0,1.0,4.0,2.0,0.0,3.0,0.0,1.0,2.0,0.0,0.0,0.0,0.0,2.0,1.0,2.0,0.0,10.0,0.0,0.0,0.0,4.0,0.0,1.0,1.0,0.0,22.0,0.0,0.0,418.0,0.0,0.0,962.0,851.0,249.0,12.0,18.0,5205.0,0.0,706.0,0.0,77.0,2.0,8.0,0.0,0.0,0.0,998.0,1.0,6.0,0.0,140.0,0.0,0.0,0.0,351.0,17.0,11.0,0.0,5.0
ctx-rh-lateralorbitofrontal,0.0,3.0,0.0,0.0,0.0,0.0,0.0,0.0,0.0,1.0,0.0,0.0,0.0,0.0,1.0,0.0,0.0,0.0,1.0,1.0,1.0,0.0,0.0,0.0,0.0,0.0,6.0,3.0,6.0,0.0,0.0,0.0,0.0,0.0,0.0,22.0,0.0,0.0,1.0,102.0,3.0,0.0,3.0,338.0,0.0,0.0,2884.0,0.0,2200.0,10.0,0.0,1.0,13.0,657.0,394.0,0.0,0.0,0.0,0.0,0.0,170.0,578.0,84.0,0.0,12.0,0.0,1.0,0.0
ctx-rh-lingual,1.0,0.0,0.0,3.0,0.0,0.0,4.0,5.0,2.0,1.0,10.0,6.0,0.0,64.0,0.0,1.0,0.0,0.0,0.0,0.0,0.0,23.0,0.0,2.0,0.0,15.0,0.0,0.0,0.0,3.0,1.0,0.0,0.0,0.0,11.0,0.0,0.0,192.0,2.0,0.0,477.0,28.0,87.0,6.0,105.0,706.0,0.0,4447.0,0.0,20.0,1.0,234.0,0.0,0.0,0.0,1193.0,0.0,4.0,0.0,178.0,0.0,0.0,0.0,31.0,14.0,7.0,0.0,2.0
ctx-rh-medialorbitofrontal,0.0,3.0,0.0,0.0,0.0,0.0,0.0,0.0,0.0,0.0,0.0,0.0,1.0,0.0,0.0,0.0,0.0,0.0,0.0,0.0,1.0,0.0,0.0,0.0,0.0,0.0,8.0,3.0,7.0,0.0,0.0,0.0,0.0,0.0,0.0,26.0,0.0,0.0,0.0,250.0,0.0,0.0,0.0,33.0,0.0,0.0,2200.0,0.0,1457.0,0.0,0.0,0.0,2.0,84.0,51.0,0.0,0.0,0.0,0.0,0.0,267.0,635.0,273.0,0.0,1.0,0.0,0.0,0.0
ctx-rh-middletemporal,0.0,0.0,0.0,1.0,0.0,0.0,1.0,2.0,1.0,0.0,8.0,1.0,0.0,2.0,0.0,0.0,4.0,0.0,0.0,0.0,0.0,0.0,0.0,3.0,0.0,5.0,0.0,0.0,0.0,2.0,1.0,1.0,0.0,2.0,826.0,0.0,1.0,5.0,37.0,0.0,218.0,578.0,1308.0,117.0,18.0,77.0,10.0,20.0,0.0,4055.0,2.0,21.0,0.0,0.0,0.0,8.0,7.0,1.0,6.0,39.0,0.0,0.0,0.0,49.0,885.0,47.0,108.0,7.0
ctx-rh-paracentral,3.0,14.0,6.0,0.0,0.0,0.0,1.0,2.0,0.0,4.0,5.0,2.0,0.0,0.0,0.0,0.0,31.0,0.0,0.0,0.0,0.0,2.0,13.0,54.0,28.0,25.0,3.0,0.0,35.0,12.0,3.0,10.0,0.0,3.0,13.0,21.0,29.0,1.0,0.0,0.0,1.0,26.0,3.0,37.0,29.0,2.0,0.0,1.0,0.0,2.0,2124.0,0.0,8.0,0.0,0.0,1.0,502.0,440.0,1135.0,275.0,0.0,2.0,427.0,413.0,7.0,70.0,0.0,2.0
ctx-rh-parahippocampal,2.0,0.0,0.0,0.0,0.0,0.0,1.0,1.0,0.0,0.0,5.0,2.0,0.0,0.0,0.0,0.0,0.0,0.0,0.0,0.0,0.0,1.0,0.0,1.0,0.0,4.0,0.0,0.0,0.0,0.0,0.0,0.0,0.0,0.0,3.0,0.0,0.0,3.0,187.0,0.0,352.0,5.0,74.0,9.0,81.0,8.0,1.0,234.0,0.0,21.0,0.0,595.0,0.0,0.0,0.0,13.0,0.0,2.0,0.0,22.0,0.0,0.0,0.0,3.0,21.0,1.0,2.0,0.0
ctx-rh-parsopercularis,0.0,4.0,2.0,0.0,0.0,0.0,0.0,0.0,0.0,1.0,0.0,0.0,0.0,0.0,0.0,0.0,0.0,0.0,1.0,0.0,2.0,0.0,0.0,0.0,2.0,0.0,10.0,3.0,19.0,0.0,0.0,0.0,0.0,0.0,1.0,50.0,239.0,0.0,0.0,0.0,1.0,2.0,0.0,177.0,0.0,0.0,13.0,0.0,2.0,0.0,8.0,0.0,1295.0,11.0,573.0,0.0,51.0,1.0,606.0,1.0,13.0,495.0,182.0,2.0,4.0,12.0,0.0,0.0
ctx-rh-parsorbitalis,0.0,1.0,1.0,0.0,0.0,0.0,0.0,0.0,0.0,0.0,0.0,0.0,0.0,0.0,1.0,0.0,0.0,0.0,0.0,0.0,1.0,0.0,0.0,0.0,0.0,0.0,2.0,2.0,4.0,0.0,0.0,0.0,0.0,0.0,0.0,16.0,4.0,0.0,0.0,7.0,0.0,0.0,0.0,10.0,0.0,0.0,657.0,0.0,84.0,0.0,0.0,0.0,11.0,331.0,374.0,0.0,0.0,1.0,3.0,0.0,47.0,642.0,60.0,0.0,0.0,0.0,0.0,0.0
ctx-rh-parstriangularis,0.0,7.0,0.0,0.0,0.0,0.0,0.0,0.0,0.0,1.0,0.0,0.0,1.0,0.0,0.0,0.0,1.0,0.0,2.0,0.0,0.0,0.0,0.0,0.0,1.0,0.0,10.0,7.0,21.0,0.0,0.0,0.0,0.0,0.0,0.0,61.0,36.0,0.0,0.0,1.0,0.0,2.0,0.0,102.0,0.0,0.0,394.0,0.0,51.0,0.0,0.0,0.0,573.0,374.0,1248.0,0.0,0.0,2.0,33.0,0.0,65.0,742.0,154.0,0.0,0.0,1.0,0.0,0.0
ctx-rh-pericalcarine,1.0,0.0,0.0,16.0,0.0,0.0,0.0,4.0,4.0,0.0,7.0,2.0,0.0,8.0,0.0,0.0,0.0,1.0,0.0,0.0,0.0,16.0,0.0,0.0,0.0,9.0,0.0,0.0,0.0,2.0,1.0,1.0,0.0,0.0,7.0,0.0,0.0,1408.0,0.0,0.0,61.0,33.0,15.0,2.0,17.0,998.0,0.0,1193.0,0.0,8.0,1.0,13.0,0.0,0.0,0.0,993.0,0.0,1.0,0.0,178.0,0.0,0.0,0.0,122.0,6.0,2.0,1.0,2.0
ctx-rh-postcentral,1.0,0.0,1.0,0.0,0.0,0.0,0.0,0.0,1.0,0.0,4.0,0.0,0.0,0.0,0.0,0.0,1.0,0.0,1.0,0.0,0.0,0.0,1.0,4.0,1.0,2.0,0.0,0.0,4.0,2.0,0.0,0.0,0.0,0.0,7.0,5.0,56.0,0.0,0.0,0.0,0.0,103.0,6.0,221.0,5.0,1.0,0.0,0.0,0.0,7.0,502.0,0.0,51.0,0.0,0.0,0.0,6094.0,30.0,1963.0,79.0,0.0,7.0,36.0,600.0,12.0,1370.0,0.0,3.0
ctx-rh-posteriorcingulate,5.0,20.0,3.0,3.0,0.0,0.0,0.0,10.0,3.0,17.0,26.0,3.0,0.0,2.0,0.0,3.0,69.0,0.0,1.0,0.0,1.0,1.0,15.0,136.0,26.0,46.0,2.0,0.0,65.0,16.0,2.0,13.0,0.0,6.0,14.0,459.0,16.0,3.0,0.0,0.0,4.0,18.0,13.0,27.0,282.0,6.0,0.0,4.0,0.0,1.0,440.0,2.0,1.0,1.0,2.0,1.0,30.0,1181.0,74.0,284.0,3.0,3.0,395.0,29.0,15.0,41.0,0.0,2.0
ctx-rh-precentral,0.0,10.0,5.0,0.0,0.0,0.0,0.0,0.0,0.0,1.0,4.0,0.0,0.0,1.0,0.0,0.0,11.0,0.0,1.0,0.0,1.0,0.0,5.0,17.0,11.0,5.0,3.0,4.0,33.0,2.0,1.0,1.0,0.0,1.0,17.0,17.0,1194.0,0.0,0.0,0.0,1.0,67.0,5.0,223.0,4.0,0.0,0.0,0.0,0.0,6.0,1135.0,0.0,606.0,3.0,33.0,0.0,1963.0,74.0,7662.0,41.0,1.0,104.0,835.0,191.0,10.0,366.0,0.0,0.0
ctx-rh-precuneus,11.0,1.0,0.0,19.0,0.0,0.0,7.0,29.0,16.0,8.0,48.0,18.0,1.0,24.0,0.0,12.0,7.0,7.0,0.0,0.0,0.0,14.0,3.0,20.0,4.0,97.0,0.0,0.0,4.0,33.0,19.0,10.0,0.0,3.0,76.0,6.0,2.0,270.0,1.0,0.0,33.0,472.0,57.0,32.0,927.0,140.0,0.0,178.0,0.0,39.0,275.0,22.0,1.0,0.0,0.0,178.0,79.0,284.0,41.0,3316.0,0.0,2.0,17.0,1783.0,54.0,98.0,0.0,12.0
ctx-rh-rostralanteriorcingulate,0.0,15.0,0.0,0.0,0.0,0.0,0.0,0.0,0.0,1.0,0.0,0.0,2.0,0.0,4.0,0.0,0.0,0.0,1.0,0.0,4.0,0.0,0.0,1.0,0.0,0.0,41.0,15.0,19.0,0.0,0.0,0.0,0.0,0.0,0.0,300.0,4.0,0.0,0.0,5.0,0.0,0.0,0.0,7.0,0.0,0.0,170.0,0.0,267.0,0.0,0.0,0.0,13.0,47.0,65.0,0.0,0.0,3.0,1.0,0.0,894.0,196.0,300.0,0.0,0.0,1.0,0.0,0.0
ctx-rh-rostralmiddlefrontal,0.0,18.0,7.0,0.0,0.0,0.0,0.0,0.0,0.0,1.0,0.0,0.0,0.0,0.0,1.0,0.0,0.0,0.0,9.0,1.0,2.0,0.0,0.0,1.0,4.0,0.0,27.0,13.0,57.0,0.0,0.0,0.0,0.0,0.0,0.0,171.0,1005.0,0.0,0.0,248.0,0.0,0.0,0.0,62.0,0.0,0.0,578.0,0.0,635.0,0.0,2.0,0.0,495.0,642.0,742.0,0.0,7.0,3.0,104.0,2.0,196.0,5764.0,2844.0,2.0,0.0,3.0,0.0,0.0
ctx-rh-superiorfrontal,0.0,110.0,30.0,1.0,0.0,0.0,0.0,0.0,0.0,11.0,4.0,0.0,3.0,0.0,4.0,0.0,15.0,0.0,14.0,1.0,4.0,0.0,4.0,38.0,31.0,1.0,44.0,42.0,229.0,5.0,0.0,0.0,0.0,0.0,3.0,798.0,805.0,0.0,0.0,77.0,0.0,4.0,0.0,54.0,6.0,0.0,84.0,0.0,273.0,0.0,427.0,0.0,182.0,60.0,154.0,0.0,36.0,395.0,835.0,17.0,300.0,2844.0,10185.0,12.0,1.0,27.0,0.0,1.0
ctx-rh-superiorparietal,1.0,0.0,0.0,4.0,0.0,0.0,1.0,4.0,3.0,2.0,9.0,6.0,0.0,11.0,0.0,1.0,4.0,1.0,0.0,0.0,0.0,4.0,3.0,7.0,3.0,17.0,0.0,0.0,0.0,7.0,5.0,2.0,0.0,1.0,40.0,1.0,14.0,509.0,1.0,0.0,28.0,1457.0,40.0,38.0,40.0,351.0,0.0,31.0,0.0,49.0,413.0,3.0,2.0,0.0,0.0,122.0,600.0,29.0,191.0,1783.0,0.0,2.0,12.0,5179.0,30.0,402.0,0.0,12.0
ctx-rh-superiortemporal,0.0,0.0,0.0,1.0,0.0,0.0,0.0,3.0,5.0,0.0,6.0,3.0,0.0,3.0,0.0,0.0,4.0,0.0,0.0,0.0,0.0,0.0,1.0,13.0,0.0,13.0,0.0,0.0,1.0,9.0,4.0,1.0,0.0,0.0,683.0,1.0,1.0,2.0,29.0,0.0,73.0,74.0,224.0,207.0,15.0,17.0,12.0,14.0,1.0,885.0,7.0,21.0,4.0,0.0,0.0,6.0,12.0,15.0,10.0,54.0,0.0,0.0,1.0,30.0,5086.0,292.0,179.0,579.0
ctx-rh-supramarginal,2.0,2.0,0.0,2.0,0.0,0.0,0.0,0.0,2.0,2.0,5.0,1.0,0.0,1.0,0.0,0.0,7.0,0.0,1.0,0.0,1.0,0.0,1.0,7.0,2.0,14.0,0.0,0.0,4.0,5.0,2.0,2.0,0.0,1.0,515.0,1.0,13.0,1.0,0.0,0.0,8.0,1104.0,26.0,306.0,17.0,11.0,0.0,7.0,0.0,47.0,70.0,1.0,12.0,0.0,1.0,2.0,1370.0,41.0,366.0,98.0,1.0,3.0,27.0,402.0,292.0,5781.0,0.0,24.0
ctx-rh-temporalpole,0.0,0.0,0.0,0.0,0.0,0.0,0.0,0.0,0.0,0.0,0.0,0.0,0.0,0.0,0.0,0.0,0.0,0.0,0.0,0.0,0.0,0.0,0.0,0.0,0.0,0.0,0.0,0.0,0.0,0.0,0.0,0.0,0.0,0.0,0.0,0.0,0.0,0.0,228.0,0.0,109.0,0.0,195.0,3.0,0.0,0.0,1.0,0.0,0.0,108.0,0.0,2.0,0.0,0.0,0.0,1.0,0.0,0.0,0.0,0.0,0.0,0.0,0.0,0.0,179.0,0.0,381.0,0.0
ctx-rh-transversetemporal,0.0,0.0,0.0,0.0,0.0,0.0,0.0,0.0,0.0,1.0,1.0,0.0,0.0,0.0,0.0,0.0,2.0,0.0,0.0,0.0,0.0,0.0,1.0,4.0,0.0,3.0,0.0,0.0,0.0,1.0,1.0,0.0,0.0,0.0,12.0,0.0,1.0,0.0,0.0,0.0,3.0,14.0,4.0,49.0,2.0,5.0,0.0,2.0,0.0,7.0,2.0,0.0,0.0,0.0,0.0,2.0,3.0,2.0,0.0,12.0,0.0,0.0,1.0,12.0,579.0,24.0,0.0,235.0
