,ctx-lh-bankssts,ctx-lh-caudalanteriorcingulate,ctx-lh-caudalmiddlefrontal,ctx-lh-cuneus,ctx-lh-entorhinal,ctx-lh-frontalpole,ctx-lh-fusiform,ctx-lh-inferiorparietal,ctx-lh-inferiortemporal,ctx-lh-insula,ctx-lh-isthmuscingulate,ctx-lh-lateraloccipital,ctx-lh-lateralorbitofrontal,ctx-lh-lingual,ctx-lh-medialorbitofrontal,ctx-lh-middletemporal,ctx-lh-paracentral,ctx-lh-parahippocampal,ctx-lh-parsopercularis,ctx-lh-parsorbitalis,ctx-lh-parstriangularis,ctx-lh-pericalcarine,ctx-lh-postcentral,ctx-lh-posteriorcingulate,ctx-lh-precentral,ctx-lh-precuneus,ctx-lh-rostralanteriorcingulate,ctx-lh-rostralmiddlefrontal,ctx-lh-superiorfrontal,ctx-lh-superiorparietal,ctx-lh-superiortemporal,ctx-lh-supramarginal,ctx-lh-temporalpole,ctx-lh-transversetemporal,ctx-rh-bankssts,ctx-rh-caudalanteriorcingulate,ctx-rh-caudalmiddlefrontal,ctx-rh-cuneus,ctx-rh-entorhinal,ctx-rh-frontalpole,ctx-rh-fusiform,ctx-rh-inferiorparietal,ctx-rh-inferiortemporal,ctx-rh-insula,ctx-rh-isthmuscingulate,ctx-rh-lateraloccipital,ctx-rh-lateralorbitofrontal,ctx-rh-lingual,ctx-rh-medialorbitofrontal,ctx-rh-middletemporal,ctx-rh-paracentral,ctx-rh-parahippocampal,ctx-rh-parsopercularis,ctx-rh-parsorbitalis,ctx-rh-parstriangularis,ctx-rh-pericalcarine,ctx-rh-postcentral,ctx-rh-posteriorcingulate,ctx-rh-precentral,ctx-rh-precuneus,ctx-rh-rostralanteriorcingulate,ctx-rh-rostralmiddlefrontal,ctx-rh-superiorfrontal,ctx-rh-superiorparietal,ctx-rh-superiortemporal,ctx-rh-supramarginal,ctx-rh-temporalpole,ctx-rh-transversetemporal
ctx-lh-bankssts,768.0,0.0,0.0,2.0,2.0,0.0,28.0,537.0,203.0,26.0,11.0,15.0,0.0,9.0,0.0,896.0,3.0,9.0,2.0,0.0,0.0,0.0,26.0,4.0,9.0,21.0,0.0,0.0,0.0,41.0,982.0,259.0,1.0,47.0,0.0,0.0,0.0,0.0,1.0,0.0,1.0,1.0,0.0,0.0,3.0,0.0,0.0,2.0,0.0,0.0,0.0,0.0,0.0,0.0,0.0,1.0,0.0,2.0,0.0,10.0,0.0,0.0,0.0,2.0,0.0,1.0,0.0,0.0
ctx-lh-caudalanteriorcingulate,0.0,494.0,66.0,0.0,0.0,2.0,0.0,1.0,0.0,15.0,8.0,0.0,12.0,0.0,29.0,0.0,26.0,0.0,30.0,7.0,16.0,0.0,7.0,356.0,43.0,6.0,278.0,137.0,787.0,6.0,0.0,4.0,0.0,1.0,0.0,120.0,17.0,0.0,0.0,0.0,0.0,1.0,0.0,11.0,0.0,0.0,2.0,0.0,2.0,0.0,9.0,0.0,13.0,0.0,8.0,0.0,4.0,29.0,30.0,1.0,13.0,25.0,144.0,2.0,1.0,2.0,0.0,0.0
ctx-lh-caudalmiddlefrontal,0.0,66.0,3259.0,0.0,0.0,0.0,0.0,5.0,0.0,59.0,0.0,0.0,3.0,0.0,2.0,1.0,16.0,0.0,326.0,2.0,36.0,0.0,51.0,22.0,1130.0,1.0,4.0,782.0,1110.0,9.0,2.0,10.0,0.0,0.0,0.0,29.0,6.0,0.0,0.0,1.0,0.0,0.0,0.0,1.0,0.0,0.0,0.0,0.0,0.0,0.0,3.0,0.0,2.0,0.0,0.0,0.0,1.0,12.0,4.0,2.0,2.0,3.0,38.0,0.0,0.0,0.0,0.0,0.0
ctx-lh-cuneus,2.0,0.0,0.0,1589.0,0.0,0.0,48.0,40.0,6.0,0.0,11.0,266.0,0.0,493.0,0.0,4.0,0.0,6.0,0.0,0.0,0.0,1275.0,0.0,1.0,0.0,340.0,0.0,0.0,0.0,948.0,2.0,1.0,0.0,0.0,1.0,0.0,0.0,160.0,0.0,0.0,1.0,0.0,0.0,0.0,1.0,1.0,0.0,8.0,0.0,0.0,0.0,1.0,0.0,0.0,0.0,33.0,0.0,1.0,0.0,2.0,0.0,0.0,0.0,4.0,0.0,0.0,0.0,0.0
ctx-lh-entorhinal,2.0,0.0,0.0,0.0,202.0,0.0,58.0,0.0,51.0,10.0,0.0,1.0,0.0,0.0,0.0,15.0,0.0,68.0,0.0,0.0,0.0,0.0,0.0,0.0,0.0,0.0,0.0,0.0,0.0,0.0,28.0,0.0,249.0,0.0,0.0,0.0,0.0,0.0,0.0,0.0,0.0,0.0,0.0,0.0,0.0,0.0,0.0,0.0,0.0,0.0,0.0,0.0,0.0,0.0,0.0,0.0,0.0,0.0,0.0,0.0,0.0,0.0,0.0,0.0,0.0,0.0,0.0,0.0
ctx-lh-frontalpole,0.0,2.0,0.0,0.0,0.0,45.0,0.0,0.0,0.0,1.0,0.0,0.0,53.0,0.0,197.0,0.0,0.0,0.0,0.0,6.0,6.0,0.0,0.0,0.0,0.0,0.0,16.0,180.0,145.0,0.0,0.0,0.0,0.0,0.0,0.0,0.0,0.0,0.0,0.0,0.0,0.0,0.0,0.0,0.0,0.0,0.0,0.0,0.0,0.0,0.0,0.0,0.0,0.0,0.0,0.0,0.0,0.0,0.0,0.0,0.0,2.0,1.0,0.0,0.0,0.0,0.0,0.0,0.0
ctx-lh-fusiform,28.0,0.0,0.0,48.0,58.0,0.0,3740.0,135.0,1607.0,97.0,11.0,1145.0,2.0,914.0,0.0,233.0,0.0,205.0,0.0,0.0,0.0,59.0,0.0,0.0,1.0,57.0,0.0,0.0,0.0,115.0,232.0,6.0,188.0,2.0,0.0,0.0,0.0,1.0,0.0,0.0,0.0,0.0,0.0,0.0,3.0,0.0,0.0,3.0,0.0,0.0,0.0,2.0,0.0,0.0,0.0,0.0,0.0,0.0,0.0,6.0,0.0,0.0,0.0,3.0,0.0,0.0,0.0,0.0
ctx-lh-inferiorparietal,537.0,1.0,5.0,40.0,0.0,0.0,135.0,7256.0,355.0,54.0,46.0,1219.0,0.0,94.0,0.0,534.0,7.0,9.0,0.0,0.0,0.0,21.0,72.0,22.0,25.0,288.0,0.0,0.0,1.0,1783.0,208.0,1259.0,2.0,33.0,1.0,1.0,0.0,1.0,0.0,0.0,0.0,9.0,0.0,3.0,23.0,0.0,0.0,5.0,0.0,1.0,2.0,0.0,0.0,0.0,0.0,1.0,0.0,2.0,0.0,38.0,0.0,0.0,0.0,11.0,2.0,2.0,0.0,1.0
ctx-lh-inferiortemporal,203.0,0.0,0.0,6.0,51.0,0.0,1607.0,355.0,4036.0,89.0,7.0,385.0,0.0,92.0,0.0,2355.0,1.0,84.0,0.0,0.0,0.0,8.0,9.0,3.0,1.0,35.0,0.0,0.0,0.0,59.0,422.0,19.0,187.0,12.0,0.0,0.0,0.0,1.0,0.0,0.0,0.0,1.0,0.0,0.0,8.0,0.0,0.0,0.0,0.0,0.0,1.0,2.0,0.0,0.0,0.0,0.0,0.0,0.0,0.0,4.0,0.0,0.0,0.0,5.0,0.0,1.0,0.0,0.0
ctx-lh-insula,26.0,15.0,59.0,0.0,10.0,1.0,97.0,54.0,89.0,1673.0,5.0,6.0,609.0,3.0,63.0,73.0,19.0,9.0,225.0,18.0,85.0,0.0,309.0,29.0,290.0,26.0,21.0,111.0,80.0,87.0,284.0,334.0,30.0,93.0,2.0,14.0,0.0,0.0,0.0,0.0,0.0,1.0,0.0,1.0,3.0,0.0,0.0,0.0,0.0,1.0,1.0,0.0,2.0,0.0,1.0,0.0,0.0,5.0,4.0,6.0,0.0,0.0,9.0,3.0,1.0,0.0,0.0,0.0
ctx-lh-isthmuscingulate,11.0,8.0,0.0,11.0,0.0,0.0,11.0,46.0,7.0,5.0,708.0,18.0,0.0,108.0,0.0,4.0,3.0,50.0,0.0,0.0,0.0,13.0,6.0,386.0,4.0,1015.0,0.0,0.0,3.0,93.0,17.0,12.0,0.0,8.0,5.0,0.0,0.0,2.0,0.0,0.0,4.0,26.0,5.0,4.0,96.0,6.0,0.0,2.0,0.0,2.0,11.0,2.0,0.0,0.0,0.0,2.0,2.0,23.0,0.0,122.0,0.0,0.0,0.0,57.0,8.0,5.0,0.0,5.0
ctx-lh-lateraloccipital,15.0,0.0,0.0,266.0,1.0,0.0,1145.0,1219.0,385.0,6.0,18.0,6581.0,0.0,1039.0,0.0,158.0,0.0,12.0,0.0,0.0,0.0,329.0,0.0,1.0,0.0,80.0,0.0,0.0,0.0,748.0,12.0,3.0,0.0,5.0,1.0,0.0,0.0,1.0,0.0,0.0,0.0,2.0,0.0,0.0,7.0,0.0,0.0,4.0,0.0,0.0,0.0,0.0,0.0,0.0,0.0,0.0,0.0,2.0,0.0,5.0,0.0,0.0,0.0,2.0,2.0,0.0,0.0,0.0
ctx-lh-lateralorbitofrontal,0.0,12.0,3.0,0.0,0.0,53.0,2.0,0.0,0.0,609.0,0.0,0.0,3436.0,0.0,1432.0,0.0,0.0,0.0,29.0,644.0,440.0,0.0,0.0,0.0,2.0,0.0,109.0,643.0,82.0,0.0,2.0,0.0,0.0,0.0,0.0,7.0,0.0,0.0,0.0,0.0,0.0,1.0,0.0,0.0,0.0,0.0,0.0,0.0,1.0,0.0,0.0,0.0,1.0,0.0,1.0,0.0,0.0,1.0,0.0,0.0,3.0,4.0,5.0,0.0,0.0,0.0,0.0,0.0
ctx-lh-lingual,9.0,0.0,0.0,493.0,0.0,0.0,914.0,94.0,92.0,3.0,108.0,1039.0,0.0,4054.0,0.0,21.0,0.0,218.0,0.0,0.0,0.0,1256.0,0.0,1.0,0.0,289.0,0.0,0.0,0.0,274.0,22.0,3.0,1.0,3.0,1.0,0.0,0.0,14.0,0.0,0.0,2.0,5.0,1.0,1.0,10.0,3.0,0.0,73.0,0.0,1.0,0.0,1.0,0.0,0.0,0.0,9.0,0.0,1.0,0.0,7.0,0.0,0.0,0.0,9.0,1.0,0.0,0.0,0.0
ctx-lh-medialorbitofrontal,0.0,29.0,2.0,0.0,0.0,197.0,0.0,0.0,0.0,63.0,0.0,0.0,1432.0,0.0,1823.0,0.0,0.0,0.0,1.0,62.0,39.0,0.0,0.0,0.0,0.0,0.0,470.0,461.0,317.0,0.0,0.0,0.0,0.0,0.0,0.0,20.0,0.0,0.0,0.0,0.0,0.0,0.0,0.0,1.0,0.0,0.0,4.0,0.0,4.0,0.0,0.0,0.0,1.0,1.0,4.0,0.0,0.0,0.0,0.0,0.0,22.0,6.0,9.0,0.0,0.0,0.0,0.0,0.0
ctx-lh-middletemporal,896.0,0.0,1.0,4.0,15.0,0.0,233.0,534.0,2355.0,73.0,4.0,158.0,0.0,21.0,0.0,3324.0,1.0,31.0,0.0,0.0,0.0,2.0,5.0,6.0,1.0,32.0,0.0,0.0,0.0,49.0,844.0,28.0,130.0,21.0,0.0,0.0,0.0,0.0,0.0,0.0,0.0,1.0,0.0,0.0,3.0,1.0,0.0,0.0,0.0,0.0,1.0,0.0,0.0,0.0,0.0,0.0,0.0,0.0,0.0,10.0,0.0,0.0,0.0,3.0,0.0,1.0,0.0,0.0
ctx-lh-paracentral,3.0,26.0,16.0,0.0,0.0,0.0,0.0,7.0,1.0,19.0,3.0,0.0,0.0,0.0,0.0,1.0,1887.0,0.0,5.0,0.0,0.0,0.0,476.0,375.0,714.0,206.0,0.0,1.0,632.0,243.0,6.0,12.0,0.0,7.0,0.0,5.0,2.0,0.0,0.0,0.0,0.0,0.0,0.0,1.0,2.0,1.0,0.0,0.0,0.0,1.0,11.0,0.0,1.0,0.0,0.0,0.0,1.0,48.0,25.0,13.0,0.0,3.0,14.0,2.0,0.0,2.0,0.0,0.0
ctx-lh-parahippocampal,9.0,0.0,0.0,6.0,68.0,0.0,205.0,9.0,84.0,9.0,50.0,12.0,0.0,218.0,0.0,31.0,0.0,472.0,0.0,0.0,0.0,6.0,0.0,0.0,0.0,24.0,0.0,0.0,0.0,7.0,26.0,3.0,0.0,1.0,1.0,0.0,0.0,0.0,0.0,0.0,0.0,0.0,1.0,0.0,1.0,0.0,0.0,0.0,0.0,0.0,0.0,0.0,0.0,0.0,0.0,0.0,0.0,0.0,1.0,1.0,0.0,0.0,0.0,0.0,0.0,0.0,0.0,1.0
ctx-lh-parsopercularis,2.0,30.0,326.0,0.0,0.0,0.0,0.0,0.0,0.0,225.0,0.0,0.0,29.0,0.0,1.0,0.0,5.0,0.0,1855.0,10.0,399.0,0.0,44.0,8.0,578.0,3.0,8.0,419.0,164.0,2.0,5.0,19.0,0.0,0.0,0.0,18.0,0.0,0.0,0.0,0.0,0.0,0.0,0.0,0.0,0.0,0.0,0.0,0.0,0.0,0.0,0.0,0.0,0.0,1.0,1.0,0.0,1.0,1.0,3.0,0.0,1.0,2.0,13.0,1.0,0.0,0.0,0.0,0.0
ctx-lh-parsorbitalis,0.0,7.0,2.0,0.0,0.0,6.0,0.0,0.0,0.0,18.0,0.0,0.0,644.0,0.0,62.0,0.0,0.0,0.0,10.0,531.0,434.0,0.0,0.0,0.0,0.0,0.0,26.0,355.0,25.0,0.0,0.0,0.0,0.0,0.0,0.0,1.0,1.0,0.0,0.0,0.0,0.0,0.0,0.0,0.0,0.0,0.0,0.0,0.0,1.0,0.0,0.0,0.0,0.0,0.0,0.0,0.0,0.0,0.0,0.0,0.0,3.0,0.0,3.0,0.0,0.0,0.0,0.0,0.0
ctx-lh-parstriangularis,0.0,16.0,36.0,0.0,0.0,6.0,0.0,0.0,0.0,85.0,0.0,0.0,440.0,0.0,39.0,0.0,0.0,0.0,399.0,434.0,1162.0,0.0,2.0,4.0,19.0,0.0,37.0,672.0,83.0,0.0,0.0,1.0,0.0,0.0,0.0,12.0,0.0,0.0,0.0,0.0,0.0,0.0,0.0,2.0,0.0,0.0,0.0,0.0,1.0,0.0,0.0,0.0,0.0,0.0,0.0,0.0,0.0,0.0,1.0,0.0,3.0,0.0,8.0,0.0,0.0,0.0,0.0,0.0
ctx-lh-pericalcarine,0.0,0.0,0.0,1275.0,0.0,0.0,59.0,21.0,8.0,0.0,13.0,329.0,0.0,1256.0,0.0,2.0,0.0,6.0,0.0,0.0,0.0,513.0,0.0,0.0,0.0,151.0,0.0,0.0,0.0,171.0,1.0,0.0,0.0,0.0,0.0,0.0,0.0,46.0,0.0,0.0,0.0,0.0,0.0,0.0,0.0,1.0,0.0,12.0,0.0,0.0,0.0,0.0,0.0,0.0,0.0,4.0,1.0,1.0,0.0,6.0,0.0,0.0,0.0,3.0,0.0,0.0,0.0,0.0
ctx-lh-postcentral,26.0,7.0,51.0,0.0,0.0,0.0,0.0,72.0,9.0,309.0,6.0,0.0,0.0,0.0,0.0,5.0,476.0,0.0,44.0,0.0,2.0,0.0,6777.0,40.0,2056.0,84.0,0.0,6.0,48.0,799.0,42.0,1352.0,0.0,10.0,0.0,1.0,1.0,0.0,0.0,0.0,0.0,3.0,0.0,2.0,3.0,0.0,0.0,1.0,0.0,0.0,7.0,0.0,1.0,0.0,0.0,0.0,0.0,11.0,3.0,4.0,0.0,0.0,4.0,1.0,1.0,0.0,0.0,0.0
ctx-lh-posteriorcingulate,4.0,356.0,22.0,1.0,0.0,0.0,0.0,22.0,3.0,29.0,386.0,1.0,0.0,1.0,0.0,6.0,375.0,0.0,8.0,0.0,4.0,0.0,40.0,1475.0,93.0,395.0,11.0,8.0,346.0,98.0,11.0,20.0,0.0,10.0,1.0,40.0,5.0,0.0,0.0,0.0,0.0,8.0,2.0,9.0,43.0,1.0,0.0,1.0,0.0,2.0,49.0,0.0,1.0,0.0,2.0,0.0,10.0,177.0,55.0,35.0,1.0,5.0,53.0,33.0,10.0,12.0,0.0,1.0
ctx-lh-precentral,9.0,43.0,1130.0,0.0,0.0,0.0,1.0,25.0,1.0,290.0,4.0,0.0,2.0,0.0,0.0,1.0,714.0,0.0,578.0,0.0,19.0,0.0,2056.0,93.0,7880.0,46.0,3.0,66.0,898.0,203.0,15.0,234.0,0.0,4.0,0.0,22.0,4.0,0.0,0.0,0.0,0.0,1.0,0.0,1.0,2.0,0.0,0.0,0.0,0.0,0.0,12.0,0.0,2.0,0.0,1.0,0.0,4.0,45.0,18.0,4.0,0.0,2.0,44.0,2.0,1.0,1.0,0.0,1.0
ctx-lh-precuneus,21.0,6.0,1.0,340.0,0.0,0.0,57.0,288.0,35.0,26.0,1015.0,80.0,0.0,289.0,0.0,32.0,206.0,24.0,3.0,0.0,0.0,151.0,84.0,395.0,46.0,5056.0,1.0,0.0,21.0,2245.0,41.0,38.0,1.0,20.0,7.0,2.0,0.0,0.0,0.0,0.0,2.0,28.0,3.0,3.0,89.0,4.0,0.0,21.0,0.0,5.0,17.0,0.0,1.0,0.0,0.0,4.0,2.0,32.0,3.0,144.0,0.0,0.0,6.0,72.0,8.0,6.0,0.0,3.0
ctx-lh-rostralanteriorcingulate,0.0,278.0,4.0,0.0,0.0,16.0,0.0,0.0,0.0,21.0,0.0,0.0,109.0,0.0,470.0,0.0,0.0,0.0,8.0,26.0,37.0,0.0,0.0,11.0,3.0,1.0,994.0,219.0,474.0,0.0,0.0,0.0,0.0,0.0,0.0,41.0,2.0,0.0,0.0,1.0,0.0,0.0,0.0,3.0,1.0,0.0,7.0,0.0,22.0,0.0,0.0,0.0,4.0,1.0,11.0,0.0,0.0,0.0,2.0,0.0,72.0,24.0,42.0,0.0,0.0,0.0,0.0,0.0
ctx-lh-rostralmiddlefrontal,0.0,137.0,782.0,0.0,0.0,180.0,0.0,0.0,0.0,111.0,0.0,0.0,643.0,0.0,461.0,0.0,1.0,0.0,419.0,355.0,672.0,0.0,6.0,8.0,66.0,0.0,219.0,6516.0,1753.0,0.0,1.0,2.0,0.0,0.0,0.0,42.0,5.0,0.0,0.0,0.0,0.0,0.0,0.0,4.0,0.0,0.0,2.0,0.0,2.0,0.0,0.0,0.0,0.0,2.0,3.0,0.0,0.0,4.0,1.0,1.0,10.0,16.0,38.0,0.0,0.0,0.0,0.0,0.0
ctx-lh-superiorfrontal,0.0,787.0,1110.0,0.0,0.0,145.0,0.0,1.0,0.0,80.0,3.0,0.0,82.0,0.0,317.0,0.0,632.0,0.0,164.0,25.0,83.0,0.0,48.0,346.0,898.0,21.0,474.0,1753.0,9930.0,19.0,1.0,6.0,0.0,1.0,0.0,153.0,22.0,0.0,0.0,0.0,0.0,1.0,0.0,6.0,2.0,0.0,2.0,0.0,2.0,0.0,30.0,0.0,18.0,2.0,12.0,0.0,4.0,45.0,45.0,2.0,22.0,29.0,202.0,4.0,1.0,2.0,0.0,0.0
ctx-lh-superiorparietal,41.0,6.0,9.0,948.0,0.0,0.0,115.0,1783.0,59.0,87.0,93.0,748.0,0.0,274.0,0.0,49.0,243.0,7.0,2.0,0.0,0.0,171.0,799.0,98.0,203.0,2245.0,0.0,0.0,19.0,7582.0,74.0,435.0,0.0,28.0,3.0,1.0,0.0,13.0,0.0,0.0,3.0,12.0,3.0,2.0,40.0,2.0,0.0,2.0,0.0,3.0,6.0,1.0,0.0,0.0,0.0,0.0,1.0,24.0,3.0,66.0,0.0,0.0,1.0,26.0,4.0,6.0,0.0,5.0
ctx-lh-superiortemporal,982.0,0.0,2.0,2.0,28.0,0.0,232.0,208.0,422.0,284.0,17.0,12.0,2.0,22.0,0.0,844.0,6.0,26.0,5.0,0.0,0.0,1.0,42.0,11.0,15.0,41.0,0.0,1.0,1.0,74.0,5313.0,484.0,327.0,670.0,0.0,0.0,0.0,0.0,0.0,0.0,1.0,2.0,0.0,0.0,11.0,0.0,0.0,1.0,0.0,1.0,2.0,0.0,0.0,0.0,0.0,0.0,0.0,5.0,0.0,11.0,0.0,0.0,0.0,5.0,1.0,1.0,0.0,0.0
ctx-lh-supramarginal,259.0,4.0,10.0,1.0,0.0,0.0,6.0,1259.0,19.0,334.0,12.0,3.0,0.0,3.0,0.0,28.0,12.0,3.0,19.0,0.0,1.0,0.0,1352.0,20.0,234.0,38.0,0.0,2.0,6.0,435.0,484.0,5410.0,0.0,75.0,1.0,0.0,0.0,0.0,0.0,0.0,0.0,1.0,1.0,1.0,3.0,1.0,0.0,1.0,0.0,0.0,2.0,0.0,0.0,0.0,0.0,0.0,1.0,6.0,0.0,10.0,0.0,0.0,4.0,6.0,0.0,0.0,0.0,1.0
ctx-lh-temporalpole,1.0,0.0,0.0,0.0,249.0,0.0,188.0,2.0,187.0,30.0,0.0,0.0,0.0,1.0,0.0,130.0,0.0,0.0,0.0,0.0,0.0,0.0,0.0,0.0,0.0,1.0,0.0,0.0,0.0,0.0,327.0,0.0,449.0,0.0,0.0,0.0,0.0,0.0,0.0,0.0,0.0,0.0,0.0,0.0,0.0,0.0,0.0,0.0,0.0,0.0,0.0,0.0,0.0,0.0,0.0,0.0,0.0,0.0,0.0,0.0,0.0,0.0,0.0,0.0,0.0,0.0,0.0,0.0
ctx-lh-transversetemporal,47.0,1.0,0.0,0.0,0.0,0.0,2.0,33.0,12.0,93.0,8.0,5.0,0.0,3.0,0.0,21.0,7.0,1.0,0.0,0.0,0.0,0.0,10.0,10.0,4.0,20.0,0.0,0.0,1.0,28.0,670.0,75.0,0.0,628.0,0.0,0.0,0.0,0.0,0.0,0.0,0.0,3.0,0.0,0.0,0.0,0.0,0.0,0.0,0.0,0.0,0.0,0.0,0.0,0.0,0.0,0.0,0.0,2.0,0.0,4.0,0.0,0.0,1.0,1.0,1.0,1.0,0.0,1.0
ctx-rh-bankssts,0.0,0.0,0.0,1.0,0.0,0.0,0.0,1.0,0.0,2.0,5.0,1.0,0.0,1.0,0.0,0.0,0.0,1.0,0.0,0.0,0.0,0.0,0.0,1.0,0.0,7.0,0.0,0.0,0.0,3.0,0.0,1.0,0.0,0.0,959.0,0.0,0.0,4.0,0.0,0.0,23.0,599.0,112.0,17.0,9.0,16.0,0.0,4.0,0.0,888.0,3.0,2.0,0.0,0.0,0.0,0.0,11.0,6.0,7.0,37.0,0.0,0.0,0.0,48.0,764.0,429.0,0.0,22.0
ctx-rh-caudalanteriorcingulate,0.0,120.0,29.0,0.0,0.0,0.0,0.0,1.0,0.0,14.0,0.0,0.0,7.0,0.0,20.0,0.0,5.0,0.0,18.0,1.0,12.0,0.0,1.0,40.0,22.0,2.0,41.0,42.0,153.0,1.0,0.0,0.0,0.0,0.0,0.0,475.0,44.0,0.0,0.0,1.0,0.0,0.0,0.0,26.0,6.0,0.0,19.0,0.0,11.0,0.0,34.0,0.0,23.0,17.0,29.0,0.0,4.0,237.0,31.0,10.0,165.0,135.0,773.0,4.0,1.0,9.0,0.0,0.0
ctx-rh-caudalmiddlefrontal,0.0,17.0,6.0,0.0,0.0,0.0,0.0,0.0,0.0,0.0,0.0,0.0,0.0,0.0,0.0,0.0,2.0,0.0,0.0,1.0,0.0,0.0,1.0,5.0,4.0,0.0,2.0,5.0,22.0,0.0,0.0,0.0,0.0,0.0,0.0,44.0,2144.0,0.0,0.0,0.0,0.0,7.0,0.0,30.0,0.0,0.0,2.0,0.0,1.0,0.0,14.0,0.0,194.0,2.0,41.0,0.0,49.0,14.0,994.0,2.0,1.0,957.0,793.0,13.0,0.0,10.0,0.0,1.0
ctx-rh-cuneus,0.0,0.0,0.0,160.0,0.0,0.0,1.0,1.0,1.0,0.0,2.0,1.0,0.0,14.0,0.0,0.0,0.0,0.0,0.0,0.0,0.0,46.0,0.0,0.0,0.0,0.0,0.0,0.0,0.0,13.0,0.0,0.0,0.0,0.0,4.0,0.0,0.0,1590.0,0.0,0.0,95.0,22.0,32.0,0.0,7.0,380.0,0.0,452.0,0.0,11.0,0.0,6.0,0.0,0.0,0.0,1443.0,1.0,1.0,0.0,334.0,0.0,0.0,0.0,607.0,3.0,0.0,0.0,1.0
ctx-rh-entorhinal,1.0,0.0,0.0,0.0,0.0,0.0,0.0,0.0,0.0,0.0,0.0,0.0,0.0,0.0,0.0,0.0,0.0,0.0,0.0,0.0,0.0,0.0,0.0,0.0,0.0,0.0,0.0,0.0,0.0,0.0,0.0,0.0,0.0,0.0,0.0,0.0,0.0,0.0,267.0,0.0,170.0,1.0,156.0,14.0,0.0,0.0,0.0,0.0,0.0,14.0,0.0,124.0,0.0,0.0,0.0,0.0,0.0,0.0,0.0,0.0,0.0,0.0,0.0,1.0,38.0,0.0,208.0,0.0
ctx-rh-frontalpole,0.0,0.0,1.0,0.0,0.0,0.0,0.0,0.0,0.0,0.0,0.0,0.0,0.0,0.0,0.0,0.0,0.0,0.0,0.0,0.0,0.0,0.0,0.0,0.0,0.0,0.0,1.0,0.0,0.0,0.0,0.0,0.0,0.0,0.0,0.0,1.0,0.0,0.0,0.0,78.0,0.0,0.0,0.0,1.0,0.0,0.0,91.0,0.0,322.0,0.0,0.0,0.0,0.0,6.0,2.0,0.0,0.0,0.0,0.0,0.0,12.0,201.0,151.0,0.0,0.0,0.0,0.0,0.0
ctx-rh-fusiform,1.0,0.0,0.0,1.0,0.0,0.0,0.0,0.0,0.0,0.0,4.0,0.0,0.0,2.0,0.0,0.0,0.0,0.0,0.0,0.0,0.0,0.0,0.0,0.0,0.0,2.0,0.0,0.0,0.0,3.0,1.0,0.0,0.0,0.0,23.0,0.0,0.0,95.0,170.0,0.0,4504.0,51.0,1620.0,112.0,11.0,1154.0,0.0,852.0,0.0,208.0,0.0,258.0,0.0,0.0,0.0,128.0,0.0,4.0,0.0,132.0,0.0,0.0,0.0,91.0,259.0,6.0,119.0,2.0
ctx-rh-inferiorparietal,1.0,1.0,0.0,0.0,0.0,0.0,0.0,9.0,1.0,1.0,26.0,2.0,1.0,5.0,0.0,1.0,0.0,0.0,0.0,0.0,0.0,0.0,3.0,8.0,1.0,28.0,0.0,0.0,1.0,12.0,2.0,1.0,0.0,3.0,599.0,0.0,7.0,22.0,1.0,0.0,51.0,8278.0,251.0,48.0,38.0,937.0,0.0,27.0,0.0,561.0,6.0,6.0,2.0,0.0,0.0,8.0,82.0,21.0,61.0,226.0,0.0,3.0,3.0,1662.0,163.0,1146.0,0.0,26.0
ctx-rh-inferiortemporal,0.0,0.0,0.0,0.0,0.0,0.0,0.0,0.0,0.0,0.0,5.0,0.0,0.0,1.0,0.0,0.0,0.0,1.0,0.0,0.0,0.0,0.0,0.0,2.0,0.0,3.0,0.0,0.0,0.0,3.0,0.0,1.0,0.0,0.0,112.0,0.0,0.0,32.0,156.0,0.0,1620.0,251.0,3828.0,124.0,13.0,383.0,2.0,71.0,0.0,2042.0,3.0,65.0,0.0,0.0,0.0,19.0,2.0,4.0,1.0,49.0,0.0,1.0,0.0,76.0,625.0,14.0,218.0,5.0
ctx-rh-insula,0.0,11.0,1.0,0.0,0.0,0.0,0.0,3.0,0.0,1.0,4.0,0.0,0.0,1.0,1.0,0.0,1.0,0.0,0.0,0.0,2.0,0.0,2.0,9.0,1.0,3.0,3.0,4.0,6.0,2.0,0.0,1.0,0.0,0.0,17.0,26.0,30.0,0.0,14.0,1.0,112.0,48.0,124.0,1729.0,7.0,6.0,465.0,5.0,51.0,66.0,21.0,1.0,157.0,47.0,159.0,1.0,182.0,15.0,203.0,26.0,20.0,129.0,106.0,70.0,287.0,279.0,22.0,70.0
ctx-rh-isthmuscingulate,3.0,0.0,0.0,1.0,0.0,0.0,3.0,23.0,8.0,3.0,96.0,7.0,0.0,10.0,0.0,3.0,2.0,1.0,0.0,0.0,0.0,0.0,3.0,43.0,2.0,89.0,1.0,0.0,2.0,40.0,11.0,3.0,0.0,0.0,9.0,6.0,0.0,7.0,0.0,0.0,11.0,38.0,13.0,7.0,687.0,9.0,0.0,69.0,0.0,6.0,16.0,45.0,1.0,0.0,0.0,25.0,4.0,351.0,3.0,953.0,0.0,0.0,6.0,97.0,8.0,18.0,0.0,5.0
ctx-rh-lateraloccipital,0.0,0.0,0.0,1.0,0.0,0.0,0.0,0.0,0.0,0.0,6.0,0.0,0.0,3.0,0.0,1.0,1.0,0.0,0.0,0.0,0.0,1.0,0.0,1.0,0.0,4.0,0.0,0.0,0.0,2.0,0.0,1.0,0.0,0.0,16.0,0.0,0.0,380.0,0.0,0.0,1154.0,937.0,383.0,6.0,9.0,6816.0,0.0,879.0,0.0,158.0,0.0,10.0,0.0,0.0,0.0,370.0,1.0,2.0,1.0,129.0,0.0,0.0,0.0,967.0,13.0,3.0,1.0,1.0
ctx-rh-lateralorbitofrontal,0.0,2.0,0.0,0.0,0.0,0.0,0.0,0.0,0.0,0.0,0.0,0.0,0.0,0.0,4.0,0.0,0.0,0.0,0.0,0.0,0.0,0.0,0.0,0.0,0.0,0.0,7.0,2.0,2.0,0.0,0.0,0.0,0.0,0.0,0.0,19.0,2.0,0.0,0.0,91.0,0.0,0.0,2.0,465.0,0.0,0.0,3196.0,0.0,1670.0,0.0,0.0,0.0,12.0,605.0,192.0,0.0,0.0,0.0,1.0,0.0,176.0,483.0,114.0,0.0,4.0,0.0,0.0,0.0
ctx-rh-lingual,2.0,0.0,0.0,8.0,0.0,0.0,3.0,5.0,0.0,0.0,2.0,4.0,0.0,73.0,0.0,0.0,0.0,0.0,0.0,0.0,0.0,12.0,1.0,1.0,0.0,21.0,0.0,0.0,0.0,2.0,1.0,1.0,0.0,0.0,4.0,0.0,0.0,452.0,0.0,0.0,852.0,27.0,71.0,5.0,69.0,879.0,0.0,2961.0,0.0,19.0,0.0,334.0,0.0,0.0,0.0,1262.0,0.0,0.0,0.0,393.0,0.0,0.0,0.0,176.0,11.0,2.0,0.0,1.0
ctx-rh-medialorbitofrontal,0.0,2.0,0.0,0.0,0.0,0.0,0.0,0.0,0.0,0.0,0.0,0.0,1.0,0.0,4.0,0.0,0.0,0.0,0.0,1.0,1.0,0.0,0.0,0.0,0.0,0.0,22.0,2.0,2.0,0.0,0.0,0.0,0.0,0.0,0.0,11.0,1.0,0.0,0.0,322.0,0.0,0.0,0.0,51.0,0.0,0.0,1670.0,0.0,1394.0,1.0,0.0,0.0,3.0,57.0,10.0,0.0,0.0,0.0,1.0,0.0,539.0,383.0,301.0,0.0,1.0,0.0,0.0,0.0
ctx-rh-middletemporal,0.0,0.0,0.0,0.0,0.0,0.0,0.0,1.0,0.0,1.0,2.0,0.0,0.0,1.0,0.0,0.0,1.0,0.0,0.0,0.0,0.0,0.0,0.0,2.0,0.0,5.0,0.0,0.0,0.0,3.0,1.0,0.0,0.0,0.0,888.0,0.0,0.0,11.0,14.0,0.0,208.0,561.0,2042.0,66.0,6.0,158.0,0.0,19.0,1.0,3775.0,1.0,11.0,0.0,0.0,0.0,5.0,2.0,3.0,2.0,34.0,0.0,0.0,0.0,56.0,923.0,21.0,72.0,7.0
ctx-rh-paracentral,0.0,9.0,3.0,0.0,0.0,0.0,0.0,2.0,1.0,1.0,11.0,0.0,0.0,0.0,0.0,1.0,11.0,0.0,0.0,0.0,0.0,0.0,7.0,49.0,12.0,17.0,0.0,0.0,30.0,6.0,2.0,2.0,0.0,0.0,3.0,34.0,14.0,0.0,0.0,0.0,0.0,6.0,3.0,21.0,16.0,0.0,0.0,0.0,0.0,1.0,2432.0,0.0,5.0,0.0,0.0,0.0,362.0,316.0,630.0,310.0,0.0,2.0,609.0,313.0,8.0,39.0,0.0,1.0
ctx-rh-parahippocampal,0.0,0.0,0.0,1.0,0.0,0.0,2.0,0.0,2.0,0.0,2.0,0.0,0.0,1.0,0.0,0.0,0.0,0.0,0.0,0.0,0.0,0.0,0.0,0.0,0.0,0.0,0.0,0.0,0.0,1.0,0.0,0.0,0.0,0.0,2.0,0.0,0.0,6.0,124.0,0.0,258.0,6.0,65.0,1.0,45.0,10.0,0.0,334.0,0.0,11.0,0.0,464.0,0.0,0.0,0.0,8.0,0.0,0.0,0.0,23.0,0.0,0.0,0.0,13.0,12.0,1.0,1.0,1.0
ctx-rh-parsopercularis,0.0,13.0,2.0,0.0,0.0,0.0,0.0,0.0,0.0,2.0,0.0,0.0,1.0,0.0,1.0,0.0,1.0,0.0,0.0,0.0,0.0,0.0,1.0,1.0,2.0,1.0,4.0,0.0,18.0,0.0,0.0,0.0,0.0,0.0,0.0,23.0,194.0,0.0,0.0,0.0,0.0,2.0,0.0,157.0,1.0,0.0,12.0,0.0,3.0,0.0,5.0,0.0,1068.0,12.0,318.0,0.0,45.0,5.0,549.0,1.0,7.0,549.0,153.0,8.0,0.0,15.0,0.0,0.0
ctx-rh-parsorbitalis,0.0,0.0,0.0,0.0,0.0,0.0,0.0,0.0,0.0,0.0,0.0,0.0,0.0,0.0,1.0,0.0,0.0,0.0,1.0,0.0,0.0,0.0,0.0,0.0,0.0,0.0,1.0,2.0,2.0,0.0,0.0,0.0,0.0,0.0,0.0,17.0,2.0,0.0,0.0,6.0,0.0,0.0,0.0,47.0,0.0,0.0,605.0,0.0,57.0,0.0,0.0,0.0,12.0,865.0,412.0,0.0,0.0,0.0,1.0,0.0,35.0,655.0,71.0,0.0,0.0,1.0,0.0,0.0
ctx-rh-parstriangularis,0.0,8.0,0.0,0.0,0.0,0.0,0.0,0.0,0.0,1.0,0.0,0.0,1.0,0.0,4.0,0.0,0.0,0.0,1.0,0.0,0.0,0.0,0.0,2.0,1.0,0.0,11.0,3.0,12.0,0.0,0.0,0.0,0.0,0.0,0.0,29.0,41.0,0.0,0.0,2.0,0.0,0.0,0.0,159.0,0.0,0.0,192.0,0.0,10.0,0.0,0.0,0.0,318.0,412.0,1377.0,0.0,3.0,0.0,43.0,0.0,29.0,939.0,155.0,2.0,0.0,2.0,0.0,0.0
ctx-rh-pericalcarine,1.0,0.0,0.0,33.0,0.0,0.0,0.0,1.0,0.0,0.0,2.0,0.0,0.0,9.0,0.0,0.0,0.0,0.0,0.0,0.0,0.0,4.0,0.0,0.0,0.0,4.0,0.0,0.0,0.0,0.0,0.0,0.0,0.0,0.0,0.0,0.0,0.0,1443.0,0.0,0.0,128.0,8.0,19.0,1.0,25.0,370.0,0.0,1262.0,0.0,5.0,0.0,8.0,0.0,0.0,0.0,508.0,0.0,2.0,0.0,192.0,0.0,0.0,0.0,95.0,1.0,0.0,0.0,0.0
ctx-rh-postcentral,0.0,4.0,1.0,0.0,0.0,0.0,0.0,0.0,0.0,0.0,2.0,0.0,0.0,0.0,0.0,0.0,1.0,0.0,1.0,0.0,0.0,1.0,0.0,10.0,4.0,2.0,0.0,0.0,4.0,1.0,0.0,1.0,0.0,0.0,11.0,4.0,49.0,1.0,0.0,0.0,0.0,82.0,2.0,182.0,4.0,1.0,0.0,0.0,0.0,2.0,362.0,0.0,45.0,0.0,3.0,0.0,5247.0,37.0,1600.0,104.0,1.0,15.0,62.0,720.0,18.0,1485.0,0.0,7.0
ctx-rh-posteriorcingulate,2.0,29.0,12.0,1.0,0.0,0.0,0.0,2.0,0.0,5.0,23.0,2.0,1.0,1.0,0.0,0.0,48.0,0.0,1.0,0.0,0.0,1.0,11.0,177.0,45.0,32.0,0.0,4.0,45.0,24.0,5.0,6.0,0.0,2.0,6.0,237.0,14.0,1.0,0.0,0.0,4.0,21.0,4.0,15.0,351.0,2.0,0.0,0.0,0.0,3.0,316.0,0.0,5.0,0.0,0.0,2.0,37.0,988.0,80.0,402.0,6.0,7.0,321.0,102.0,14.0,26.0,0.0,8.0
ctx-rh-precentral,0.0,30.0,4.0,0.0,0.0,0.0,0.0,0.0,0.0,4.0,0.0,0.0,0.0,0.0,0.0,0.0,25.0,1.0,3.0,0.0,1.0,0.0,3.0,55.0,18.0,3.0,2.0,1.0,45.0,3.0,0.0,0.0,0.0,0.0,7.0,31.0,994.0,0.0,0.0,0.0,0.0,61.0,1.0,203.0,3.0,1.0,1.0,0.0,1.0,2.0,630.0,0.0,549.0,1.0,43.0,0.0,1600.0,80.0,8281.0,39.0,3.0,131.0,980.0,309.0,11.0,324.0,0.0,4.0
ctx-rh-precuneus,10.0,1.0,2.0,2.0,0.0,0.0,6.0,38.0,4.0,6.0,122.0,5.0,0.0,7.0,0.0,10.0,13.0,1.0,0.0,0.0,0.0,6.0,4.0,35.0,4.0,144.0,0.0,1.0,2.0,66.0,11.0,10.0,0.0,4.0,37.0,10.0,2.0,334.0,0.0,0.0,132.0,226.0,49.0,26.0,953.0,129.0,0.0,393.0,0.0,34.0,310.0,23.0,1.0,0.0,0.0,192.0,104.0,402.0,39.0,5823.0,0.0,0.0,4.0,2285.0,61.0,36.0,0.0,17.0
ctx-rh-rostralanteriorcingulate,0.0,13.0,2.0,0.0,0.0,2.0,0.0,0.0,0.0,0.0,0.0,0.0,3.0,0.0,22.0,0.0,0.0,0.0,1.0,3.0,3.0,0.0,0.0,1.0,0.0,0.0,72.0,10.0,22.0,0.0,0.0,0.0,0.0,0.0,0.0,165.0,1.0,0.0,0.0,12.0,0.0,0.0,0.0,20.0,0.0,0.0,176.0,0.0,539.0,0.0,0.0,0.0,7.0,35.0,29.0,0.0,1.0,6.0,3.0,0.0,882.0,172.0,524.0,0.0,1.0,0.0,0.0,0.0
ctx-rh-rostralmiddlefrontal,0.0,25.0,3.0,0.0,0.0,1.0,0.0,0.0,0.0,0.0,0.0,0.0,4.0,0.0,6.0,0.0,3.0,0.0,2.0,0.0,0.0,0.0,0.0,5.0,2.0,0.0,24.0,16.0,29.0,0.0,0.0,0.0,0.0,0.0,0.0,135.0,957.0,0.0,0.0,201.0,0.0,3.0,1.0,129.0,0.0,0.0,483.0,0.0,383.0,0.0,2.0,0.0,549.0,655.0,939.0,0.0,15.0,7.0,131.0,0.0,172.0,7287.0,2241.0,3.0,0.0,6.0,0.0,0.0
ctx-rh-superiorfrontal,0.0,144.0,38.0,0.0,0.0,0.0,0.0,0.0,0.0,9.0,0.0,0.0,5.0,0.0,9.0,0.0,14.0,0.0,13.0,3.0,8.0,0.0,4.0,53.0,44.0,6.0,42.0,38.0,202.0,1.0,0.0,4.0,0.0,1.0,0.0,773.0,793.0,0.0,0.0,151.0,0.0,3.0,0.0,106.0,6.0,0.0,114.0,0.0,301.0,0.0,609.0,0.0,153.0,71.0,155.0,0.0,62.0,321.0,980.0,4.0,524.0,2241.0,10103.0,30.0,3.0,16.0,0.0,0.0
ctx-rh-superiorparietal,2.0,2.0,0.0,4.0,0.0,0.0,3.0,11.0,5.0,3.0,57.0,2.0,0.0,9.0,0.0,3.0,2.0,0.0,1.0,0.0,0.0,3.0,1.0,33.0,2.0,72.0,0.0,0.0,4.0,26.0,5.0,6.0,0.0,1.0,48.0,4.0,13.0,607.0,1.0,0.0,91.0,1662.0,76.0,70.0,97.0,967.0,0.0,176.0,0.0,56.0,313.0,13.0,8.0,0.0,2.0,95.0,720.0,102.0,309.0,2285.0,0.0,3.0,30.0,7892.0,70.0,378.0,1.0,24.0
ctx-rh-superiortemporal,0.0,1.0,0.0,0.0,0.0,0.0,0.0,2.0,0.0,1.0,8.0,2.0,0.0,1.0,0.0,0.0,0.0,0.0,0.0,0.0,0.0,0.0,1.0,10.0,1.0,8.0,0.0,0.0,1.0,4.0,1.0,0.0,0.0,1.0,764.0,1.0,0.0,3.0,38.0,0.0,259.0,163.0,625.0,287.0,8.0,13.0,4.0,11.0,1.0,923.0,8.0,12.0,0.0,0.0,0.0,1.0,18.0,14.0,11.0,61.0,1.0,0.0,3.0,70.0,5357.0,360.0,188.0,717.0
ctx-rh-supramarginal,1.0,2.0,0.0,0.0,0.0,0.0,0.0,2.0,1.0,0.0,5.0,0.0,0.0,0.0,0.0,1.0,2.0,0.0,0.0,0.0,0.0,0.0,0.0,12.0,1.0,6.0,0.0,0.0,2.0,6.0,1.0,0.0,0.0,1.0,429.0,9.0,10.0,0.0,0.0,0.0,6.0,1146.0,14.0,279.0,18.0,3.0,0.0,2.0,0.0,21.0,39.0,1.0,15.0,1.0,2.0,0.0,1485.0,26.0,324.0,36.0,0.0,6.0,16.0,378.0,360.0,4766.0,0.0,43.0
ctx-rh-temporalpole,0.0,0.0,0.0,0.0,0.0,0.0,0.0,0.0,0.0,0.0,0.0,0.0,0.0,0.0,0.0,0.0,0.0,0.0,0.0,0.0,0.0,0.0,0.0,0.0,0.0,0.0,0.0,0.0,0.0,0.0,0.0,0.0,0.0,0.0,0.0,0.0,0.0,0.0,208.0,0.0,119.0,0.0,218.0,22.0,0.0,1.0,0.0,0.0,0.0,72.0,0.0,1.0,0.0,0.0,0.0,0.0,0.0,0.0,0.0,0.0,0.0,0.0,0.0,1.0,188.0,0.0,270.0,0.0
ctx-rh-transversetemporal,0.0,0.0,0.0,0.0,0.0,0.0,0.0,1.0,0.0,0.0,5.0,0.0,0.0,0.0,0.0,0.0,0.0,1.0,0.0,0.0,0.0,0.0,0.0,1.0,1.0,3.0,0.0,0.0,0.0,5.0,0.0,1.0,0.0,1.0,22.0,0.0,1.0,1.0,0.0,0.0,2.0,26.0,5.0,70.0,5.0,1.0,0.0,1.0,0.0,7.0,1.0,1.0,0.0,0.0,0.0,0.0,7.0,8.0,4.0,17.0,0.0,0.0,0.0,24.0,717.0,43.0,0.0,217.0
