,ctx-lh-bankssts,ctx-lh-caudalanteriorcingulate,ctx-lh-caudalmiddlefrontal,ctx-lh-cuneus,ctx-lh-entorhinal,ctx-lh-frontalpole,ctx-lh-fusiform,ctx-lh-inferiorparietal,ctx-lh-inferiortemporal,ctx-lh-insula,ctx-lh-isthmuscingulate,ctx-lh-lateraloccipital,ctx-lh-lateralorbitofrontal,ctx-lh-lingual,ctx-lh-medialorbitofrontal,ctx-lh-middletemporal,ctx-lh-paracentral,ctx-lh-parahippocampal,ctx-lh-parsopercularis,ctx-lh-parsorbitalis,ctx-lh-parstriangularis,ctx-lh-pericalcarine,ctx-lh-postcentral,ctx-lh-posteriorcingulate,ctx-lh-precentral,ctx-lh-precuneus,ctx-lh-rostralanteriorcingulate,ctx-lh-rostralmiddlefrontal,ctx-lh-superiorfrontal,ctx-lh-superiorparietal,ctx-lh-superiortemporal,ctx-lh-supramarginal,ctx-lh-temporalpole,ctx-lh-transversetemporal,ctx-rh-bankssts,ctx-rh-caudalanteriorcingulate,ctx-rh-caudalmiddlefrontal,ctx-rh-cuneus,ctx-rh-entorhinal,ctx-rh-frontalpole,ctx-rh-fusiform,ctx-rh-inferiorparietal,ctx-rh-inferiortemporal,ctx-rh-insula,ctx-rh-isthmuscingulate,ctx-rh-lateraloccipital,ctx-rh-lateralorbitofrontal,ctx-rh-lingual,ctx-rh-medialorbitofrontal,ctx-rh-middletemporal,ctx-rh-paracentral,ctx-rh-parahippocampal,ctx-rh-parsopercularis,ctx-rh-parsorbitalis,ctx-rh-parstriangularis,ctx-rh-pericalcarine,ctx-rh-postcentral,ctx-rh-posteriorcingulate,ctx-rh-precentral,ctx-rh-precuneus,ctx-rh-rostralanteriorcingulate,ctx-rh-rostralmiddlefrontal,ctx-rh-superiorfrontal,ctx-rh-superiorparietal,ctx-rh-superiortemporal,ctx-rh-supramarginal,ctx-rh-temporalpole,ctx-rh-transversetemporal
ctx-lh-bankssts,643.0,0.0,1.0,5.0,3.0,0.0,112.0,376.0,234.0,25.0,8.0,18.0,0.0,54.0,0.0,631.0,0.0,37.0,0.0,0.0,0.0,7.0,10.0,1.0,6.0,35.0,0.0,0.0,0.0,38.0,900.0,195.0,3.0,24.0,0.0,0.0,0.0,0.0,0.0,0.0,0.0,0.0,0.0,0.0,3.0,0.0,0.0,0.0,0.0,0.0,0.0,0.0,0.0,0.0,0.0,0.0,0.0,0.0,0.0,3.0,0.0,0.0,0.0,2.0,0.0,0.0,0.0,0.0
ctx-lh-caudalanteriorcingulate,0.0,754.0,65.0,0.0,0.0,0.0,0.0,0.0,0.0,33.0,1.0,0.0,27.0,0.0,9.0,0.0,3.0,0.0,47.0,3.0,22.0,0.0,8.0,207.0,23.0,2.0,237.0,201.0,794.0,0.0,0.0,0.0,0.0,0.0,0.0,213.0,46.0,0.0,0.0,0.0,0.0,0.0,0.0,16.0,2.0,0.0,6.0,0.0,0.0,0.0,1.0,0.0,18.0,1.0,6.0,0.0,3.0,26.0,28.0,1.0,14.0,81.0,204.0,1.0,0.0,2.0,0.0,0.0
ctx-lh-caudalmiddlefrontal,1.0,65.0,3710.0,0.0,0.0,0.0,0.0,0.0,0.0,68.0,1.0,0.0,1.0,0.0,0.0,0.0,26.0,0.0,435.0,0.0,10.0,0.0,104.0,129.0,1291.0,3.0,0.0,550.0,1718.0,11.0,6.0,19.0,0.0,0.0,0.0,37.0,10.0,1.0,0.0,0.0,0.0,0.0,0.0,4.0,4.0,0.0,0.0,0.0,0.0,0.0,9.0,0.0,1.0,0.0,0.0,0.0,4.0,43.0,21.0,2.0,0.0,2.0,64.0,2.0,0.0,0.0,0.0,0.0
ctx-lh-cuneus,5.0,0.0,0.0,1678.0,0.0,0.0,19.0,56.0,3.0,2.0,23.0,298.0,0.0,137.0,0.0,1.0,0.0,3.0,0.0,0.0,0.0,1806.0,0.0,0.0,0.0,223.0,0.0,0.0,0.0,888.0,2.0,4.0,0.0,3.0,0.0,0.0,0.0,0.0,0.0,0.0,1.0,0.0,0.0,0.0,2.0,0.0,0.0,0.0,0.0,0.0,0.0,0.0,0.0,0.0,0.0,0.0,0.0,0.0,0.0,1.0,0.0,0.0,0.0,0.0,0.0,1.0,0.0,0.0
ctx-lh-entorhinal,3.0,0.0,0.0,0.0,150.0,0.0,93.0,2.0,116.0,7.0,0.0,0.0,0.0,0.0,0.0,13.0,0.0,157.0,0.0,0.0,0.0,0.0,1.0,0.0,0.0,0.0,0.0,0.0,0.0,0.0,41.0,3.0,110.0,2.0,0.0,0.0,0.0,0.0,0.0,0.0,0.0,0.0,0.0,0.0,0.0,0.0,0.0,0.0,0.0,0.0,0.0,0.0,0.0,0.0,0.0,0.0,0.0,0.0,0.0,0.0,0.0,0.0,0.0,0.0,0.0,0.0,0.0,0.0
ctx-lh-frontalpole,0.0,0.0,0.0,0.0,0.0,112.0,0.0,0.0,0.0,0.0,0.0,0.0,108.0,0.0,330.0,0.0,0.0,0.0,0.0,2.0,3.0,0.0,0.0,0.0,0.0,0.0,11.0,200.0,115.0,0.0,0.0,0.0,0.0,0.0,0.0,1.0,0.0,0.0,0.0,0.0,0.0,0.0,0.0,0.0,0.0,0.0,0.0,0.0,1.0,0.0,0.0,0.0,1.0,0.0,0.0,0.0,0.0,0.0,0.0,0.0,0.0,2.0,1.0,0.0,0.0,0.0,0.0,0.0
ctx-lh-fusiform,112.0,0.0,0.0,19.0,93.0,0.0,3090.0,428.0,1473.0,34.0,7.0,1689.0,1.0,544.0,0.0,369.0,0.0,121.0,0.0,0.0,0.0,128.0,3.0,0.0,0.0,29.0,0.0,0.0,1.0,94.0,102.0,28.0,73.0,14.0,0.0,0.0,0.0,0.0,0.0,0.0,0.0,0.0,0.0,0.0,0.0,0.0,0.0,0.0,0.0,0.0,0.0,0.0,0.0,0.0,0.0,0.0,0.0,0.0,0.0,1.0,0.0,0.0,0.0,2.0,0.0,0.0,0.0,0.0
ctx-lh-inferiorparietal,376.0,0.0,0.0,56.0,2.0,0.0,428.0,5635.0,335.0,19.0,86.0,831.0,0.0,251.0,0.0,285.0,0.0,51.0,0.0,0.0,0.0,168.0,26.0,12.0,12.0,516.0,0.0,0.0,0.0,1349.0,236.0,998.0,3.0,33.0,0.0,0.0,0.0,0.0,0.0,0.0,0.0,1.0,0.0,1.0,11.0,0.0,0.0,0.0,0.0,1.0,1.0,0.0,0.0,0.0,0.0,0.0,1.0,0.0,0.0,21.0,0.0,0.0,0.0,5.0,0.0,2.0,0.0,0.0
ctx-lh-inferiortemporal,234.0,0.0,0.0,3.0,116.0,0.0,1473.0,335.0,4001.0,83.0,8.0,243.0,2.0,63.0,0.0,1666.0,1.0,43.0,0.0,0.0,1.0,14.0,4.0,1.0,3.0,26.0,0.0,0.0,1.0,48.0,280.0,41.0,158.0,10.0,0.0,0.0,0.0,0.0,0.0,0.0,0.0,0.0,0.0,0.0,2.0,0.0,0.0,1.0,0.0,0.0,0.0,0.0,0.0,0.0,0.0,0.0,0.0,0.0,0.0,0.0,0.0,0.0,0.0,1.0,0.0,0.0,0.0,0.0
ctx-lh-insula,25.0,33.0,68.0,2.0,7.0,0.0,34.0,19.0,83.0,1701.0,13.0,0.0,463.0,6.0,25.0,62.0,1.0,2.0,307.0,21.0,76.0,1.0,324.0,16.0,363.0,26.0,22.0,148.0,118.0,60.0,310.0,276.0,71.0,113.0,0.0,19.0,6.0,0.0,0.0,0.0,0.0,0.0,0.0,4.0,8.0,0.0,1.0,1.0,0.0,0.0,2.0,0.0,0.0,0.0,2.0,0.0,0.0,7.0,3.0,4.0,2.0,4.0,18.0,3.0,0.0,2.0,0.0,0.0
ctx-lh-isthmuscingulate,8.0,1.0,1.0,23.0,0.0,0.0,7.0,86.0,8.0,13.0,877.0,2.0,0.0,136.0,0.0,4.0,17.0,105.0,0.0,0.0,0.0,15.0,26.0,373.0,14.0,980.0,0.0,0.0,4.0,303.0,22.0,65.0,0.0,12.0,8.0,0.0,0.0,0.0,0.0,0.0,1.0,25.0,0.0,5.0,108.0,0.0,0.0,6.0,0.0,6.0,3.0,1.0,0.0,0.0,0.0,1.0,11.0,16.0,3.0,106.0,0.0,0.0,1.0,29.0,3.0,14.0,0.0,0.0
ctx-lh-lateraloccipital,18.0,0.0,0.0,298.0,0.0,0.0,1689.0,831.0,243.0,0.0,2.0,6171.0,0.0,947.0,0.0,126.0,0.0,23.0,0.0,0.0,0.0,1416.0,1.0,0.0,1.0,39.0,0.0,0.0,0.0,468.0,11.0,3.0,0.0,1.0,0.0,0.0,0.0,0.0,0.0,0.0,0.0,1.0,0.0,0.0,0.0,0.0,0.0,0.0,0.0,0.0,0.0,0.0,0.0,0.0,0.0,0.0,0.0,0.0,1.0,1.0,0.0,0.0,0.0,0.0,0.0,0.0,0.0,0.0
ctx-lh-lateralorbitofrontal,0.0,27.0,1.0,0.0,0.0,108.0,1.0,0.0,2.0,463.0,0.0,0.0,3287.0,0.0,1202.0,1.0,0.0,0.0,14.0,549.0,392.0,0.0,0.0,0.0,0.0,0.0,147.0,968.0,155.0,0.0,4.0,1.0,0.0,0.0,0.0,28.0,1.0,0.0,0.0,0.0,0.0,0.0,0.0,1.0,0.0,0.0,9.0,0.0,6.0,0.0,0.0,0.0,2.0,2.0,2.0,0.0,0.0,0.0,0.0,0.0,9.0,27.0,24.0,0.0,0.0,0.0,0.0,0.0
ctx-lh-lingual,54.0,0.0,0.0,137.0,0.0,0.0,544.0,251.0,63.0,6.0,136.0,947.0,0.0,5702.0,0.0,31.0,0.0,267.0,0.0,0.0,0.0,1325.0,1.0,1.0,0.0,148.0,0.0,0.0,0.0,165.0,23.0,16.0,1.0,3.0,0.0,0.0,0.0,0.0,0.0,0.0,0.0,1.0,0.0,0.0,1.0,1.0,0.0,56.0,0.0,0.0,1.0,0.0,0.0,0.0,0.0,16.0,0.0,4.0,1.0,6.0,0.0,0.0,0.0,1.0,0.0,0.0,0.0,0.0
ctx-lh-medialorbitofrontal,0.0,9.0,0.0,0.0,0.0,330.0,0.0,0.0,0.0,25.0,0.0,0.0,1202.0,0.0,1525.0,0.0,0.0,0.0,1.0,23.0,15.0,0.0,0.0,0.0,0.0,0.0,566.0,396.0,271.0,0.0,0.0,0.0,0.0,0.0,0.0,15.0,1.0,0.0,0.0,0.0,0.0,0.0,0.0,2.0,0.0,0.0,18.0,0.0,15.0,0.0,0.0,0.0,0.0,1.0,1.0,0.0,0.0,0.0,0.0,0.0,26.0,24.0,13.0,0.0,0.0,0.0,0.0,0.0
ctx-lh-middletemporal,631.0,0.0,0.0,1.0,13.0,0.0,369.0,285.0,1666.0,62.0,4.0,126.0,1.0,31.0,0.0,2935.0,0.0,41.0,0.0,0.0,0.0,13.0,5.0,0.0,1.0,21.0,0.0,0.0,0.0,24.0,973.0,45.0,101.0,32.0,0.0,0.0,0.0,0.0,0.0,0.0,0.0,1.0,0.0,0.0,2.0,0.0,0.0,0.0,0.0,0.0,0.0,0.0,0.0,0.0,0.0,0.0,0.0,0.0,0.0,1.0,0.0,0.0,0.0,0.0,0.0,0.0,0.0,0.0
ctx-lh-paracentral,0.0,3.0,26.0,0.0,0.0,0.0,0.0,0.0,1.0,1.0,17.0,0.0,0.0,0.0,0.0,0.0,1977.0,0.0,0.0,0.0,1.0,0.0,690.0,283.0,1300.0,126.0,0.0,0.0,508.0,233.0,4.0,9.0,0.0,0.0,0.0,1.0,2.0,0.0,0.0,0.0,0.0,2.0,0.0,4.0,19.0,0.0,0.0,0.0,0.0,1.0,9.0,0.0,0.0,0.0,0.0,0.0,5.0,26.0,8.0,13.0,0.0,0.0,12.0,8.0,0.0,1.0,0.0,0.0
ctx-lh-parahippocampal,37.0,0.0,0.0,3.0,157.0,0.0,121.0,51.0,43.0,2.0,105.0,23.0,0.0,267.0,0.0,41.0,0.0,333.0,0.0,0.0,0.0,3.0,2.0,0.0,0.0,11.0,0.0,0.0,0.0,13.0,15.0,7.0,0.0,2.0,0.0,0.0,0.0,0.0,0.0,0.0,0.0,0.0,0.0,0.0,0.0,0.0,0.0,0.0,0.0,0.0,0.0,0.0,0.0,0.0,0.0,0.0,0.0,1.0,0.0,1.0,0.0,0.0,0.0,1.0,0.0,0.0,0.0,0.0
ctx-lh-parsopercularis,0.0,47.0,435.0,0.0,0.0,0.0,0.0,0.0,0.0,307.0,0.0,0.0,14.0,0.0,1.0,0.0,0.0,0.0,2154.0,6.0,530.0,0.0,48.0,29.0,658.0,0.0,4.0,705.0,252.0,1.0,0.0,14.0,0.0,0.0,0.0,27.0,3.0,0.0,0.0,0.0,0.0,0.0,0.0,0.0,0.0,0.0,0.0,0.0,0.0,0.0,2.0,0.0,1.0,0.0,2.0,0.0,0.0,8.0,7.0,0.0,0.0,4.0,24.0,0.0,0.0,1.0,0.0,0.0
ctx-lh-parsorbitalis,0.0,3.0,0.0,0.0,0.0,2.0,0.0,0.0,0.0,21.0,0.0,0.0,549.0,0.0,23.0,0.0,0.0,0.0,6.0,365.0,271.0,0.0,0.0,0.0,0.0,0.0,11.0,367.0,27.0,0.0,0.0,0.0,0.0,0.0,0.0,3.0,0.0,0.0,0.0,0.0,0.0,0.0,0.0,2.0,0.0,0.0,0.0,0.0,0.0,0.0,0.0,0.0,0.0,0.0,0.0,0.0,0.0,0.0,0.0,0.0,0.0,6.0,2.0,0.0,0.0,0.0,0.0,0.0
ctx-lh-parstriangularis,0.0,22.0,10.0,0.0,0.0,3.0,0.0,0.0,1.0,76.0,0.0,0.0,392.0,0.0,15.0,0.0,1.0,0.0,530.0,271.0,1142.0,0.0,1.0,1.0,3.0,0.0,37.0,840.0,97.0,0.0,0.0,0.0,0.0,0.0,0.0,18.0,0.0,0.0,0.0,1.0,0.0,0.0,0.0,0.0,0.0,0.0,4.0,0.0,1.0,0.0,0.0,0.0,2.0,1.0,0.0,0.0,0.0,0.0,1.0,0.0,3.0,13.0,12.0,0.0,0.0,0.0,0.0,0.0
ctx-lh-pericalcarine,7.0,0.0,0.0,1806.0,0.0,0.0,128.0,168.0,14.0,1.0,15.0,1416.0,0.0,1325.0,0.0,13.0,0.0,3.0,0.0,0.0,0.0,1256.0,0.0,0.0,0.0,202.0,0.0,0.0,0.0,763.0,5.0,10.0,0.0,4.0,0.0,0.0,0.0,0.0,0.0,0.0,0.0,0.0,0.0,0.0,2.0,0.0,0.0,3.0,0.0,0.0,0.0,0.0,0.0,0.0,0.0,0.0,0.0,1.0,0.0,5.0,0.0,0.0,0.0,0.0,0.0,0.0,0.0,0.0
ctx-lh-postcentral,10.0,8.0,104.0,0.0,1.0,0.0,3.0,26.0,4.0,324.0,26.0,1.0,0.0,1.0,0.0,5.0,690.0,2.0,48.0,0.0,1.0,0.0,6842.0,111.0,2001.0,143.0,0.0,0.0,99.0,882.0,54.0,1222.0,0.0,13.0,2.0,1.0,1.0,0.0,0.0,0.0,0.0,1.0,0.0,3.0,25.0,0.0,0.0,0.0,0.0,0.0,3.0,1.0,0.0,0.0,0.0,0.0,2.0,18.0,14.0,24.0,0.0,1.0,1.0,4.0,2.0,3.0,0.0,0.0
ctx-lh-posteriorcingulate,1.0,207.0,129.0,0.0,0.0,0.0,0.0,12.0,1.0,16.0,373.0,0.0,0.0,1.0,0.0,0.0,283.0,0.0,29.0,0.0,1.0,0.0,111.0,1357.0,282.0,465.0,0.0,17.0,451.0,216.0,8.0,32.0,0.0,3.0,4.0,21.0,13.0,0.0,0.0,0.0,0.0,13.0,1.0,14.0,74.0,0.0,0.0,2.0,0.0,4.0,59.0,0.0,1.0,0.0,0.0,1.0,22.0,193.0,83.0,74.0,0.0,1.0,114.0,20.0,5.0,21.0,0.0,3.0
ctx-lh-precentral,6.0,23.0,1291.0,0.0,0.0,0.0,0.0,12.0,3.0,363.0,14.0,1.0,0.0,0.0,0.0,1.0,1300.0,0.0,658.0,0.0,3.0,0.0,2001.0,282.0,8590.0,39.0,0.0,25.0,1058.0,208.0,32.0,226.0,0.0,9.0,1.0,7.0,3.0,1.0,0.0,0.0,0.0,3.0,0.0,5.0,15.0,0.0,0.0,1.0,0.0,2.0,23.0,0.0,2.0,0.0,0.0,0.0,8.0,62.0,30.0,20.0,0.0,0.0,43.0,4.0,1.0,8.0,0.0,0.0
ctx-lh-precuneus,35.0,2.0,3.0,223.0,0.0,0.0,29.0,516.0,26.0,26.0,980.0,39.0,0.0,148.0,0.0,21.0,126.0,11.0,0.0,0.0,0.0,202.0,143.0,465.0,39.0,4169.0,0.0,0.0,8.0,3666.0,63.0,130.0,0.0,20.0,0.0,0.0,0.0,0.0,0.0,0.0,0.0,11.0,1.0,5.0,65.0,1.0,0.0,6.0,0.0,2.0,6.0,0.0,0.0,0.0,0.0,1.0,5.0,15.0,2.0,80.0,0.0,0.0,1.0,23.0,3.0,8.0,0.0,3.0
ctx-lh-rostralanteriorcingulate,0.0,237.0,0.0,0.0,0.0,11.0,0.0,0.0,0.0,22.0,0.0,0.0,147.0,0.0,566.0,0.0,0.0,0.0,4.0,11.0,37.0,0.0,0.0,0.0,0.0,0.0,995.0,139.0,389.0,0.0,0.0,0.0,0.0,0.0,0.0,73.0,4.0,0.0,0.0,0.0,0.0,0.0,0.0,11.0,0.0,0.0,41.0,0.0,25.0,0.0,0.0,0.0,7.0,5.0,7.0,0.0,0.0,0.0,2.0,0.0,66.0,77.0,68.0,0.0,1.0,0.0,0.0,0.0
ctx-lh-rostralmiddlefrontal,0.0,201.0,550.0,0.0,0.0,200.0,0.0,0.0,0.0,148.0,0.0,0.0,968.0,0.0,396.0,0.0,0.0,0.0,705.0,367.0,840.0,0.0,0.0,17.0,25.0,0.0,139.0,7857.0,2608.0,1.0,1.0,0.0,1.0,0.0,0.0,103.0,11.0,0.0,0.0,1.0,0.0,0.0,0.0,6.0,1.0,0.0,9.0,0.0,5.0,1.0,1.0,0.0,8.0,4.0,5.0,0.0,2.0,4.0,5.0,1.0,16.0,45.0,79.0,0.0,0.0,0.0,0.0,0.0
ctx-lh-superiorfrontal,0.0,794.0,1718.0,0.0,0.0,115.0,1.0,0.0,1.0,118.0,4.0,0.0,155.0,0.0,271.0,0.0,508.0,0.0,252.0,27.0,97.0,0.0,99.0,451.0,1058.0,8.0,389.0,2608.0,12225.0,27.0,4.0,14.0,0.0,1.0,0.0,211.0,52.0,0.0,0.0,2.0,0.0,1.0,0.0,21.0,6.0,0.0,18.0,0.0,2.0,0.0,32.0,0.0,14.0,5.0,7.0,0.0,14.0,113.0,72.0,16.0,19.0,67.0,298.0,4.0,2.0,3.0,0.0,0.0
ctx-lh-superiorparietal,38.0,0.0,11.0,888.0,0.0,0.0,94.0,1349.0,48.0,60.0,303.0,468.0,0.0,165.0,0.0,24.0,233.0,13.0,1.0,0.0,0.0,763.0,882.0,216.0,208.0,3666.0,0.0,1.0,27.0,5605.0,83.0,583.0,0.0,28.0,1.0,0.0,0.0,0.0,0.0,0.0,0.0,9.0,2.0,6.0,66.0,2.0,0.0,5.0,0.0,5.0,4.0,0.0,0.0,0.0,0.0,0.0,6.0,17.0,3.0,68.0,0.0,0.0,0.0,23.0,3.0,7.0,0.0,3.0
ctx-lh-superiortemporal,900.0,0.0,6.0,2.0,41.0,0.0,102.0,236.0,280.0,310.0,22.0,11.0,4.0,23.0,0.0,973.0,4.0,15.0,0.0,0.0,0.0,5.0,54.0,8.0,32.0,63.0,0.0,1.0,4.0,83.0,4377.0,546.0,235.0,658.0,0.0,0.0,0.0,0.0,0.0,0.0,0.0,2.0,0.0,0.0,7.0,0.0,0.0,0.0,0.0,1.0,0.0,0.0,0.0,0.0,0.0,0.0,1.0,0.0,0.0,4.0,0.0,0.0,0.0,0.0,0.0,1.0,0.0,0.0
ctx-lh-supramarginal,195.0,0.0,19.0,4.0,3.0,0.0,28.0,998.0,41.0,276.0,65.0,3.0,1.0,16.0,0.0,45.0,9.0,7.0,14.0,0.0,0.0,10.0,1222.0,32.0,226.0,130.0,0.0,0.0,14.0,583.0,546.0,5604.0,0.0,31.0,0.0,0.0,0.0,0.0,0.0,0.0,1.0,3.0,0.0,2.0,34.0,0.0,0.0,1.0,0.0,2.0,1.0,0.0,0.0,0.0,0.0,0.0,1.0,4.0,2.0,14.0,0.0,0.0,1.0,8.0,0.0,3.0,0.0,1.0
ctx-lh-temporalpole,3.0,0.0,0.0,0.0,110.0,0.0,73.0,3.0,158.0,71.0,0.0,0.0,0.0,1.0,0.0,101.0,0.0,0.0,0.0,0.0,0.0,0.0,0.0,0.0,0.0,0.0,0.0,1.0,0.0,0.0,235.0,0.0,330.0,0.0,0.0,0.0,0.0,0.0,0.0,0.0,0.0,0.0,0.0,0.0,0.0,0.0,0.0,0.0,0.0,0.0,0.0,0.0,0.0,0.0,0.0,0.0,0.0,0.0,0.0,0.0,0.0,0.0,1.0,0.0,0.0,0.0,0.0,0.0
ctx-lh-transversetemporal,24.0,0.0,0.0,3.0,2.0,0.0,14.0,33.0,10.0,113.0,12.0,1.0,0.0,3.0,0.0,32.0,0.0,2.0,0.0,0.0,0.0,4.0,13.0,3.0,9.0,20.0,0.0,0.0,1.0,28.0,658.0,31.0,0.0,501.0,0.0,0.0,0.0,0.0,0.0,0.0,0.0,1.0,0.0,0.0,3.0,0.0,0.0,0.0,0.0,0.0,0.0,0.0,0.0,0.0,0.0,0.0,0.0,0.0,1.0,2.0,0.0,0.0,0.0,0.0,0.0,0.0,0.0,0.0
ctx-rh-bankssts,0.0,0.0,0.0,0.0,0.0,0.0,0.0,0.0,0.0,0.0,8.0,0.0,0.0,0.0,0.0,0.0,0.0,0.0,0.0,0.0,0.0,0.0,2.0,4.0,1.0,0.0,0.0,0.0,0.0,1.0,0.0,0.0,0.0,0.0,447.0,0.0,0.0,7.0,1.0,0.0,7.0,338.0,57.0,29.0,6.0,6.0,0.0,7.0,0.0,607.0,1.0,1.0,0.0,0.0,0.0,2.0,25.0,8.0,14.0,41.0,0.0,0.0,0.0,39.0,733.0,345.0,1.0,68.0
ctx-rh-caudalanteriorcingulate,0.0,213.0,37.0,0.0,0.0,1.0,0.0,0.0,0.0,19.0,0.0,0.0,28.0,0.0,15.0,0.0,1.0,0.0,27.0,3.0,18.0,0.0,1.0,21.0,7.0,0.0,73.0,103.0,211.0,0.0,0.0,0.0,0.0,0.0,0.0,550.0,96.0,0.0,0.0,0.0,0.0,0.0,0.0,26.0,1.0,0.0,29.0,0.0,12.0,0.0,8.0,0.0,39.0,11.0,20.0,0.0,5.0,157.0,47.0,1.0,169.0,303.0,823.0,1.0,0.0,1.0,0.0,0.0
ctx-rh-caudalmiddlefrontal,0.0,46.0,10.0,0.0,0.0,0.0,0.0,0.0,0.0,6.0,0.0,0.0,1.0,0.0,1.0,0.0,2.0,0.0,3.0,0.0,0.0,0.0,1.0,13.0,3.0,0.0,4.0,11.0,52.0,0.0,0.0,0.0,0.0,0.0,0.0,96.0,2479.0,0.0,0.0,0.0,0.0,2.0,0.0,52.0,0.0,0.0,1.0,0.0,0.0,0.0,4.0,0.0,214.0,0.0,14.0,0.0,68.0,33.0,1044.0,1.0,2.0,584.0,1088.0,2.0,0.0,8.0,0.0,0.0
ctx-rh-cuneus,0.0,0.0,1.0,0.0,0.0,0.0,0.0,0.0,0.0,0.0,0.0,0.0,0.0,0.0,0.0,0.0,0.0,0.0,0.0,0.0,0.0,0.0,0.0,0.0,1.0,0.0,0.0,0.0,0.0,0.0,0.0,0.0,0.0,0.0,7.0,0.0,0.0,1387.0,1.0,0.0,55.0,61.0,59.0,4.0,3.0,501.0,0.0,55.0,0.0,31.0,0.0,2.0,0.0,0.0,0.0,1765.0,2.0,0.0,0.0,311.0,0.0,0.0,0.0,518.0,9.0,4.0,0.0,1.0
ctx-rh-entorhinal,0.0,0.0,0.0,0.0,0.0,0.0,0.0,0.0,0.0,0.0,0.0,0.0,0.0,0.0,0.0,0.0,0.0,0.0,0.0,0.0,0.0,0.0,0.0,0.0,0.0,0.0,0.0,0.0,0.0,0.0,0.0,0.0,0.0,0.0,1.0,0.0,0.0,1.0,211.0,0.0,123.0,0.0,249.0,16.0,3.0,0.0,0.0,1.0,0.0,19.0,0.0,120.0,0.0,0.0,0.0,0.0,0.0,0.0,0.0,0.0,0.0,0.0,0.0,0.0,14.0,0.0,137.0,0.0
ctx-rh-frontalpole,0.0,0.0,0.0,0.0,0.0,0.0,0.0,0.0,0.0,0.0,0.0,0.0,0.0,0.0,0.0,0.0,0.0,0.0,0.0,0.0,1.0,0.0,0.0,0.0,0.0,0.0,0.0,1.0,2.0,0.0,0.0,0.0,0.0,0.0,0.0,0.0,0.0,0.0,0.0,74.0,0.0,0.0,0.0,1.0,0.0,0.0,111.0,0.0,282.0,0.0,0.0,0.0,0.0,4.0,3.0,0.0,0.0,0.0,0.0,0.0,26.0,149.0,89.0,0.0,0.0,0.0,0.0,0.0
ctx-rh-fusiform,0.0,0.0,0.0,1.0,0.0,0.0,0.0,0.0,0.0,0.0,1.0,0.0,0.0,0.0,0.0,0.0,0.0,0.0,0.0,0.0,0.0,0.0,0.0,0.0,0.0,0.0,0.0,0.0,0.0,0.0,0.0,1.0,0.0,0.0,7.0,0.0,0.0,55.0,123.0,0.0,3003.0,63.0,1505.0,32.0,23.0,1305.0,1.0,902.0,0.0,89.0,0.0,294.0,0.0,0.0,0.0,299.0,1.0,0.0,0.0,38.0,0.0,0.0,0.0,58.0,39.0,4.0,54.0,2.0
ctx-rh-inferiorparietal,0.0,0.0,0.0,0.0,0.0,0.0,0.0,1.0,0.0,0.0,25.0,1.0,0.0,1.0,0.0,1.0,2.0,0.0,0.0,0.0,0.0,0.0,1.0,13.0,3.0,11.0,0.0,0.0,1.0,9.0,2.0,3.0,0.0,1.0,338.0,0.0,2.0,61.0,0.0,0.0,63.0,7159.0,356.0,56.0,53.0,612.0,0.0,25.0,0.0,688.0,5.0,6.0,0.0,0.0,0.0,43.0,73.0,14.0,33.0,376.0,0.0,0.0,1.0,1826.0,143.0,1228.0,0.0,28.0
ctx-rh-inferiortemporal,0.0,0.0,0.0,0.0,0.0,0.0,0.0,0.0,0.0,0.0,0.0,0.0,0.0,0.0,0.0,0.0,0.0,0.0,0.0,0.0,0.0,0.0,0.0,1.0,0.0,1.0,0.0,0.0,0.0,2.0,0.0,0.0,0.0,0.0,57.0,0.0,0.0,59.0,249.0,0.0,1505.0,356.0,4247.0,179.0,13.0,474.0,3.0,204.0,0.0,1430.0,1.0,48.0,0.0,0.0,0.0,137.0,5.0,0.0,3.0,135.0,0.0,1.0,2.0,125.0,225.0,29.0,279.0,12.0
ctx-rh-insula,0.0,16.0,4.0,0.0,0.0,0.0,0.0,1.0,0.0,4.0,5.0,0.0,1.0,0.0,2.0,0.0,4.0,0.0,0.0,2.0,0.0,0.0,3.0,14.0,5.0,5.0,11.0,6.0,21.0,6.0,0.0,2.0,0.0,0.0,29.0,26.0,52.0,4.0,16.0,1.0,32.0,56.0,179.0,1815.0,24.0,3.0,338.0,12.0,3.0,238.0,50.0,5.0,150.0,23.0,116.0,3.0,236.0,67.0,363.0,87.0,27.0,209.0,143.0,62.0,433.0,351.0,48.0,124.0
ctx-rh-isthmuscingulate,3.0,2.0,4.0,2.0,0.0,0.0,0.0,11.0,2.0,8.0,108.0,0.0,0.0,1.0,0.0,2.0,19.0,0.0,0.0,0.0,0.0,2.0,25.0,74.0,15.0,65.0,0.0,1.0,6.0,66.0,7.0,34.0,0.0,3.0,6.0,1.0,0.0,3.0,3.0,0.0,23.0,53.0,13.0,24.0,720.0,1.0,0.0,138.0,0.0,24.0,33.0,131.0,0.0,0.0,0.0,3.0,18.0,303.0,17.0,1032.0,0.0,0.0,12.0,96.0,19.0,46.0,0.0,4.0
ctx-rh-lateraloccipital,0.0,0.0,0.0,0.0,0.0,0.0,0.0,0.0,0.0,0.0,0.0,0.0,0.0,1.0,0.0,0.0,0.0,0.0,0.0,0.0,0.0,0.0,0.0,0.0,0.0,1.0,0.0,0.0,0.0,2.0,0.0,0.0,0.0,0.0,6.0,0.0,0.0,501.0,0.0,0.0,1305.0,612.0,474.0,3.0,1.0,6889.0,0.0,675.0,0.0,137.0,1.0,8.0,0.0,0.0,0.0,1357.0,0.0,0.0,1.0,70.0,0.0,0.0,0.0,494.0,3.0,2.0,0.0,0.0
ctx-rh-lateralorbitofrontal,0.0,6.0,0.0,0.0,0.0,0.0,0.0,0.0,0.0,1.0,0.0,0.0,9.0,0.0,18.0,0.0,0.0,0.0,0.0,0.0,4.0,0.0,0.0,0.0,0.0,0.0,41.0,9.0,18.0,0.0,0.0,0.0,0.0,0.0,0.0,29.0,1.0,0.0,0.0,111.0,1.0,0.0,3.0,338.0,0.0,0.0,2564.0,0.0,1000.0,3.0,0.0,0.0,17.0,523.0,304.0,0.0,1.0,0.0,4.0,1.0,280.0,582.0,177.0,0.0,4.0,0.0,0.0,0.0
ctx-rh-lingual,0.0,0.0,0.0,0.0,0.0,0.0,0.0,0.0,1.0,1.0,6.0,0.0,0.0,56.0,0.0,0.0,0.0,0.0,0.0,0.0,0.0,3.0,0.0,2.0,1.0,6.0,0.0,0.0,0.0,5.0,0.0,1.0,0.0,0.0,7.0,0.0,0.0,55.0,1.0,0.0,902.0,25.0,204.0,12.0,138.0,675.0,0.0,5145.0,0.0,75.0,0.0,287.0,0.0,0.0,0.0,1431.0,0.0,4.0,2.0,181.0,0.0,0.0,0.0,32.0,19.0,4.0,0.0,6.0
ctx-rh-medialorbitofrontal,0.0,0.0,0.0,0.0,0.0,1.0,0.0,0.0,0.0,0.0,0.0,0.0,6.0,0.0,15.0,0.0,0.0,0.0,0.0,0.0,1.0,0.0,0.0,0.0,0.0,0.0,25.0,5.0,2.0,0.0,0.0,0.0,0.0,0.0,0.0,12.0,0.0,0.0,0.0,282.0,0.0,0.0,0.0,3.0,0.0,0.0,1000.0,0.0,1794.0,0.0,0.0,0.0,1.0,17.0,11.0,0.0,0.0,0.0,0.0,0.0,391.0,292.0,281.0,0.0,0.0,0.0,0.0,0.0
ctx-rh-middletemporal,0.0,0.0,0.0,0.0,0.0,0.0,0.0,1.0,0.0,0.0,6.0,0.0,0.0,0.0,0.0,0.0,1.0,0.0,0.0,0.0,0.0,0.0,0.0,4.0,2.0,2.0,0.0,1.0,0.0,5.0,1.0,2.0,0.0,0.0,607.0,0.0,0.0,31.0,19.0,0.0,89.0,688.0,1430.0,238.0,24.0,137.0,3.0,75.0,0.0,4297.0,1.0,5.0,0.0,0.0,0.0,38.0,15.0,2.0,7.0,132.0,0.0,0.0,1.0,102.0,867.0,86.0,182.0,42.0
ctx-rh-paracentral,0.0,1.0,9.0,0.0,0.0,0.0,0.0,1.0,0.0,2.0,3.0,0.0,0.0,1.0,0.0,0.0,9.0,0.0,2.0,0.0,0.0,0.0,3.0,59.0,23.0,6.0,0.0,1.0,32.0,4.0,0.0,1.0,0.0,0.0,1.0,8.0,4.0,0.0,0.0,0.0,0.0,5.0,1.0,50.0,33.0,1.0,0.0,0.0,0.0,1.0,2220.0,0.0,0.0,0.0,0.0,1.0,506.0,340.0,1325.0,251.0,0.0,1.0,684.0,132.0,3.0,26.0,0.0,2.0
ctx-rh-parahippocampal,0.0,0.0,0.0,0.0,0.0,0.0,0.0,0.0,0.0,0.0,1.0,0.0,0.0,0.0,0.0,0.0,0.0,0.0,0.0,0.0,0.0,0.0,1.0,0.0,0.0,0.0,0.0,0.0,0.0,0.0,0.0,0.0,0.0,0.0,1.0,0.0,0.0,2.0,120.0,0.0,294.0,6.0,48.0,5.0,131.0,8.0,0.0,287.0,0.0,5.0,0.0,464.0,0.0,0.0,0.0,3.0,0.0,0.0,0.0,11.0,0.0,0.0,0.0,0.0,4.0,1.0,2.0,0.0
ctx-rh-parsopercularis,0.0,18.0,1.0,0.0,0.0,1.0,0.0,0.0,0.0,0.0,0.0,0.0,2.0,0.0,0.0,0.0,0.0,0.0,1.0,0.0,2.0,0.0,0.0,1.0,2.0,0.0,7.0,8.0,14.0,0.0,0.0,0.0,0.0,0.0,0.0,39.0,214.0,0.0,0.0,0.0,0.0,0.0,0.0,150.0,0.0,0.0,17.0,0.0,1.0,0.0,0.0,0.0,1143.0,4.0,387.0,0.0,47.0,7.0,847.0,1.0,7.0,613.0,139.0,1.0,0.0,7.0,0.0,1.0
ctx-rh-parsorbitalis,0.0,1.0,0.0,0.0,0.0,0.0,0.0,0.0,0.0,0.0,0.0,0.0,2.0,0.0,1.0,0.0,0.0,0.0,0.0,0.0,1.0,0.0,0.0,0.0,0.0,0.0,5.0,4.0,5.0,0.0,0.0,0.0,0.0,0.0,0.0,11.0,0.0,0.0,0.0,4.0,0.0,0.0,0.0,23.0,0.0,0.0,523.0,0.0,17.0,0.0,0.0,0.0,4.0,606.0,321.0,0.0,0.0,0.0,0.0,0.0,31.0,537.0,51.0,0.0,0.0,0.0,0.0,0.0
ctx-rh-parstriangularis,0.0,6.0,0.0,0.0,0.0,0.0,0.0,0.0,0.0,2.0,0.0,0.0,2.0,0.0,1.0,0.0,0.0,0.0,2.0,0.0,0.0,0.0,0.0,0.0,0.0,0.0,7.0,5.0,7.0,0.0,0.0,0.0,0.0,0.0,0.0,20.0,14.0,0.0,0.0,3.0,0.0,0.0,0.0,116.0,0.0,0.0,304.0,0.0,11.0,0.0,0.0,0.0,387.0,321.0,1500.0,0.0,2.0,0.0,14.0,0.0,26.0,855.0,99.0,0.0,0.0,1.0,0.0,0.0
ctx-rh-pericalcarine,0.0,0.0,0.0,0.0,0.0,0.0,0.0,0.0,0.0,0.0,1.0,0.0,0.0,16.0,0.0,0.0,0.0,0.0,0.0,0.0,0.0,0.0,0.0,1.0,0.0,1.0,0.0,0.0,0.0,0.0,0.0,0.0,0.0,0.0,2.0,0.0,0.0,1765.0,0.0,0.0,299.0,43.0,137.0,3.0,3.0,1357.0,0.0,1431.0,0.0,38.0,1.0,3.0,0.0,0.0,0.0,1404.0,0.0,0.0,0.0,226.0,0.0,0.0,0.0,181.0,11.0,6.0,2.0,0.0
ctx-rh-postcentral,0.0,3.0,4.0,0.0,0.0,0.0,0.0,1.0,0.0,0.0,11.0,0.0,0.0,0.0,0.0,0.0,5.0,0.0,0.0,0.0,0.0,0.0,2.0,22.0,8.0,5.0,0.0,2.0,14.0,6.0,1.0,1.0,0.0,0.0,25.0,5.0,68.0,2.0,0.0,0.0,1.0,73.0,5.0,236.0,18.0,0.0,1.0,0.0,0.0,15.0,506.0,0.0,47.0,0.0,2.0,0.0,6531.0,69.0,2056.0,251.0,0.0,6.0,77.0,633.0,25.0,1384.0,1.0,3.0
ctx-rh-posteriorcingulate,0.0,26.0,43.0,0.0,0.0,0.0,0.0,0.0,0.0,7.0,16.0,0.0,0.0,4.0,0.0,0.0,26.0,1.0,8.0,0.0,0.0,1.0,18.0,193.0,62.0,15.0,0.0,4.0,113.0,17.0,0.0,4.0,0.0,0.0,8.0,157.0,33.0,0.0,0.0,0.0,0.0,14.0,0.0,67.0,303.0,0.0,0.0,4.0,0.0,2.0,340.0,0.0,7.0,0.0,0.0,0.0,69.0,985.0,259.0,366.0,0.0,5.0,511.0,36.0,11.0,59.0,0.0,5.0
ctx-rh-precentral,0.0,28.0,21.0,0.0,0.0,0.0,0.0,0.0,0.0,3.0,3.0,1.0,0.0,1.0,0.0,0.0,8.0,0.0,7.0,0.0,1.0,0.0,14.0,83.0,30.0,2.0,2.0,5.0,72.0,3.0,0.0,2.0,0.0,1.0,14.0,47.0,1044.0,0.0,0.0,0.0,0.0,33.0,3.0,363.0,17.0,1.0,4.0,2.0,0.0,7.0,1325.0,0.0,847.0,0.0,14.0,0.0,2056.0,259.0,9090.0,91.0,3.0,65.0,1406.0,146.0,10.0,363.0,0.0,4.0
ctx-rh-precuneus,3.0,1.0,2.0,1.0,0.0,0.0,1.0,21.0,0.0,4.0,106.0,1.0,0.0,6.0,0.0,1.0,13.0,1.0,0.0,0.0,0.0,5.0,24.0,74.0,20.0,80.0,0.0,1.0,16.0,68.0,4.0,14.0,0.0,2.0,41.0,1.0,1.0,311.0,0.0,0.0,38.0,376.0,135.0,87.0,1032.0,70.0,1.0,181.0,0.0,132.0,251.0,11.0,1.0,0.0,0.0,226.0,251.0,366.0,91.0,5730.0,0.0,0.0,16.0,2922.0,52.0,99.0,1.0,21.0
ctx-rh-rostralanteriorcingulate,0.0,14.0,0.0,0.0,0.0,0.0,0.0,0.0,0.0,2.0,0.0,0.0,9.0,0.0,26.0,0.0,0.0,0.0,0.0,0.0,3.0,0.0,0.0,0.0,0.0,0.0,66.0,16.0,19.0,0.0,0.0,0.0,0.0,0.0,0.0,169.0,2.0,0.0,0.0,26.0,0.0,0.0,0.0,27.0,0.0,0.0,280.0,0.0,391.0,0.0,0.0,0.0,7.0,31.0,26.0,0.0,0.0,0.0,3.0,0.0,612.0,269.0,382.0,0.0,0.0,0.0,0.0,0.0
ctx-rh-rostralmiddlefrontal,0.0,81.0,2.0,0.0,0.0,2.0,0.0,0.0,0.0,4.0,0.0,0.0,27.0,0.0,24.0,0.0,0.0,0.0,4.0,6.0,13.0,0.0,1.0,1.0,0.0,0.0,77.0,45.0,67.0,0.0,0.0,0.0,0.0,0.0,0.0,303.0,584.0,0.0,0.0,149.0,0.0,0.0,1.0,209.0,0.0,0.0,582.0,0.0,292.0,0.0,1.0,0.0,613.0,537.0,855.0,0.0,6.0,5.0,65.0,0.0,269.0,6991.0,1962.0,0.0,0.0,2.0,0.0,0.0
ctx-rh-superiorfrontal,0.0,204.0,64.0,0.0,0.0,1.0,0.0,0.0,0.0,18.0,1.0,0.0,24.0,0.0,13.0,0.0,12.0,0.0,24.0,2.0,12.0,0.0,1.0,114.0,43.0,1.0,68.0,79.0,298.0,0.0,0.0,1.0,1.0,0.0,0.0,823.0,1088.0,0.0,0.0,89.0,0.0,1.0,2.0,143.0,12.0,0.0,177.0,0.0,281.0,1.0,684.0,0.0,139.0,51.0,99.0,0.0,77.0,511.0,1406.0,16.0,382.0,1962.0,12031.0,12.0,0.0,22.0,0.0,1.0
ctx-rh-superiorparietal,2.0,1.0,2.0,0.0,0.0,0.0,2.0,5.0,1.0,3.0,29.0,0.0,0.0,1.0,0.0,0.0,8.0,1.0,0.0,0.0,0.0,0.0,4.0,20.0,4.0,23.0,0.0,0.0,4.0,23.0,0.0,8.0,0.0,0.0,39.0,1.0,2.0,518.0,0.0,0.0,58.0,1826.0,125.0,62.0,96.0,494.0,0.0,32.0,0.0,102.0,132.0,0.0,1.0,0.0,0.0,181.0,633.0,36.0,146.0,2922.0,0.0,0.0,12.0,6591.0,40.0,524.0,0.0,14.0
ctx-rh-superiortemporal,0.0,0.0,0.0,0.0,0.0,0.0,0.0,0.0,0.0,0.0,3.0,0.0,0.0,0.0,0.0,0.0,0.0,0.0,0.0,0.0,0.0,0.0,2.0,5.0,1.0,3.0,1.0,0.0,2.0,3.0,0.0,0.0,0.0,0.0,733.0,0.0,0.0,9.0,14.0,0.0,39.0,143.0,225.0,433.0,19.0,3.0,4.0,19.0,0.0,867.0,3.0,4.0,0.0,0.0,0.0,11.0,25.0,11.0,10.0,52.0,0.0,0.0,0.0,40.0,4958.0,429.0,172.0,973.0
ctx-rh-supramarginal,0.0,2.0,0.0,1.0,0.0,0.0,0.0,2.0,0.0,2.0,14.0,0.0,0.0,0.0,0.0,0.0,1.0,0.0,1.0,0.0,0.0,0.0,3.0,21.0,8.0,8.0,0.0,0.0,3.0,7.0,1.0,3.0,0.0,0.0,345.0,1.0,8.0,4.0,0.0,0.0,4.0,1228.0,29.0,351.0,46.0,2.0,0.0,4.0,0.0,86.0,26.0,1.0,7.0,0.0,1.0,6.0,1384.0,59.0,363.0,99.0,0.0,2.0,22.0,524.0,429.0,5903.0,0.0,42.0
ctx-rh-temporalpole,0.0,0.0,0.0,0.0,0.0,0.0,0.0,0.0,0.0,0.0,0.0,0.0,0.0,0.0,0.0,0.0,0.0,0.0,0.0,0.0,0.0,0.0,0.0,0.0,0.0,0.0,0.0,0.0,0.0,0.0,0.0,0.0,0.0,0.0,1.0,0.0,0.0,0.0,137.0,0.0,54.0,0.0,279.0,48.0,0.0,0.0,0.0,0.0,0.0,182.0,0.0,2.0,0.0,0.0,0.0,2.0,1.0,0.0,0.0,1.0,0.0,0.0,0.0,0.0,172.0,0.0,349.0,1.0
ctx-rh-transversetemporal,0.0,0.0,0.0,0.0,0.0,0.0,0.0,0.0,0.0,0.0,0.0,0.0,0.0,0.0,0.0,0.0,0.0,0.0,0.0,0.0,0.0,0.0,0.0,3.0,0.0,3.0,0.0,0.0,0.0,3.0,0.0,1.0,0.0,0.0,68.0,0.0,0.0,1.0,0.0,0.0,2.0,28.0,12.0,124.0,4.0,0.0,0.0,6.0,0.0,42.0,2.0,0.0,1.0,0.0,0.0,0.0,3.0,5.0,4.0,21.0,0.0,0.0,1.0,14.0,973.0,42.0,1.0,244.0
