,ctx-lh-bankssts,ctx-lh-caudalanteriorcingulate,ctx-lh-caudalmiddlefrontal,ctx-lh-cuneus,ctx-lh-entorhinal,ctx-lh-frontalpole,ctx-lh-fusiform,ctx-lh-inferiorparietal,ctx-lh-inferiortemporal,ctx-lh-insula,ctx-lh-isthmuscingulate,ctx-lh-lateraloccipital,ctx-lh-lateralorbitofrontal,ctx-lh-lingual,ctx-lh-medialorbitofrontal,ctx-lh-middletemporal,ctx-lh-paracentral,ctx-lh-parahippocampal,ctx-lh-parsopercularis,ctx-lh-parsorbitalis,ctx-lh-parstriangularis,ctx-lh-pericalcarine,ctx-lh-postcentral,ctx-lh-posteriorcingulate,ctx-lh-precentral,ctx-lh-precuneus,ctx-lh-rostralanteriorcingulate,ctx-lh-rostralmiddlefrontal,ctx-lh-superiorfrontal,ctx-lh-superiorparietal,ctx-lh-superiortemporal,ctx-lh-supramarginal,ctx-lh-temporalpole,ctx-lh-transversetemporal,ctx-rh-bankssts,ctx-rh-caudalanteriorcingulate,ctx-rh-caudalmiddlefrontal,ctx-rh-cuneus,ctx-rh-entorhinal,ctx-rh-frontalpole,ctx-rh-fusiform,ctx-rh-inferiorparietal,ctx-rh-inferiortemporal,ctx-rh-insula,ctx-rh-isthmuscingulate,ctx-rh-lateraloccipital,ctx-rh-lateralorbitofrontal,ctx-rh-lingual,ctx-rh-medialorbitofrontal,ctx-rh-middletemporal,ctx-rh-paracentral,ctx-rh-parahippocampal,ctx-rh-parsopercularis,ctx-rh-parsorbitalis,ctx-rh-parstriangularis,ctx-rh-pericalcarine,ctx-rh-postcentral,ctx-rh-posteriorcingulate,ctx-rh-precentral,ctx-rh-precuneus,ctx-rh-rostralanteriorcingulate,ctx-rh-rostralmiddlefrontal,ctx-rh-superiorfrontal,ctx-rh-superiorparietal,ctx-rh-superiortemporal,ctx-rh-supramarginal,ctx-rh-temporalpole,ctx-rh-transversetemporal
ctx-lh-bankssts,1451.0,0.0,0.0,6.0,0.0,0.0,16.0,725.0,131.0,19.0,9.0,34.0,0.0,4.0,0.0,462.0,2.0,0.0,0.0,0.0,0.0,0.0,24.0,3.0,17.0,19.0,0.0,1.0,0.0,25.0,824.0,264.0,0.0,16.0,0.0,0.0,0.0,1.0,0.0,0.0,0.0,0.0,1.0,1.0,3.0,0.0,0.0,0.0,0.0,1.0,1.0,0.0,0.0,0.0,0.0,0.0,0.0,0.0,0.0,8.0,0.0,0.0,0.0,6.0,0.0,0.0,0.0,1.0
ctx-lh-caudalanteriorcingulate,0.0,604.0,47.0,0.0,0.0,1.0,0.0,0.0,0.0,30.0,12.0,0.0,11.0,0.0,15.0,0.0,8.0,0.0,49.0,5.0,33.0,0.0,2.0,268.0,22.0,8.0,245.0,254.0,789.0,4.0,0.0,1.0,0.0,0.0,0.0,116.0,28.0,0.0,0.0,0.0,0.0,1.0,0.0,19.0,0.0,0.0,2.0,0.0,2.0,0.0,2.0,0.0,21.0,0.0,12.0,0.0,3.0,21.0,27.0,0.0,44.0,64.0,156.0,1.0,1.0,2.0,0.0,0.0
ctx-lh-caudalmiddlefrontal,0.0,47.0,3478.0,0.0,0.0,0.0,0.0,3.0,0.0,54.0,0.0,0.0,2.0,0.0,0.0,0.0,19.0,0.0,359.0,0.0,15.0,0.0,75.0,17.0,1198.0,4.0,1.0,971.0,1073.0,10.0,0.0,30.0,0.0,0.0,0.0,40.0,17.0,0.0,0.0,0.0,0.0,0.0,0.0,7.0,2.0,0.0,0.0,0.0,0.0,0.0,6.0,0.0,10.0,0.0,1.0,0.0,3.0,17.0,23.0,1.0,1.0,6.0,71.0,3.0,1.0,0.0,0.0,0.0
ctx-lh-cuneus,6.0,0.0,0.0,1790.0,0.0,0.0,40.0,57.0,13.0,4.0,47.0,667.0,0.0,330.0,0.0,6.0,0.0,11.0,0.0,0.0,0.0,1488.0,1.0,1.0,0.0,298.0,0.0,0.0,0.0,628.0,5.0,5.0,0.0,1.0,1.0,0.0,0.0,14.0,1.0,0.0,1.0,5.0,0.0,2.0,20.0,5.0,0.0,11.0,0.0,2.0,1.0,1.0,0.0,0.0,0.0,11.0,1.0,0.0,0.0,43.0,0.0,0.0,0.0,13.0,2.0,0.0,0.0,0.0
ctx-lh-entorhinal,0.0,0.0,0.0,0.0,298.0,0.0,404.0,2.0,110.0,5.0,0.0,0.0,0.0,1.0,0.0,21.0,0.0,161.0,0.0,0.0,0.0,0.0,0.0,0.0,1.0,0.0,0.0,0.0,0.0,0.0,15.0,0.0,214.0,1.0,0.0,0.0,0.0,0.0,0.0,0.0,0.0,0.0,0.0,0.0,0.0,0.0,0.0,0.0,0.0,0.0,0.0,0.0,0.0,0.0,0.0,0.0,0.0,0.0,0.0,0.0,0.0,0.0,0.0,0.0,0.0,0.0,0.0,0.0
ctx-lh-frontalpole,0.0,1.0,0.0,0.0,0.0,45.0,0.0,0.0,0.0,0.0,0.0,0.0,50.0,0.0,226.0,0.0,0.0,0.0,0.0,5.0,2.0,0.0,0.0,0.0,0.0,0.0,10.0,165.0,73.0,0.0,0.0,0.0,0.0,0.0,0.0,1.0,0.0,0.0,0.0,0.0,0.0,0.0,0.0,0.0,0.0,0.0,0.0,0.0,0.0,0.0,0.0,0.0,0.0,0.0,0.0,0.0,0.0,0.0,0.0,0.0,2.0,0.0,2.0,0.0,0.0,0.0,0.0,0.0
ctx-lh-fusiform,16.0,0.0,0.0,40.0,404.0,0.0,3100.0,56.0,1048.0,39.0,23.0,1254.0,0.0,758.0,0.0,187.0,0.0,334.0,0.0,0.0,0.0,58.0,3.0,0.0,0.0,30.0,0.0,0.0,0.0,26.0,98.0,3.0,160.0,0.0,1.0,0.0,0.0,4.0,0.0,0.0,0.0,2.0,3.0,0.0,4.0,2.0,0.0,1.0,0.0,0.0,1.0,0.0,0.0,0.0,0.0,0.0,1.0,0.0,2.0,11.0,0.0,0.0,0.0,3.0,2.0,1.0,0.0,1.0
ctx-lh-inferiorparietal,725.0,0.0,3.0,57.0,2.0,0.0,56.0,6597.0,293.0,46.0,61.0,989.0,0.0,18.0,0.0,398.0,3.0,1.0,4.0,0.0,0.0,7.0,73.0,9.0,28.0,475.0,0.0,0.0,2.0,1257.0,211.0,1287.0,0.0,16.0,3.0,0.0,0.0,9.0,0.0,0.0,3.0,28.0,1.0,0.0,28.0,3.0,0.0,6.0,0.0,7.0,2.0,0.0,0.0,0.0,0.0,5.0,2.0,7.0,0.0,62.0,0.0,0.0,0.0,18.0,6.0,11.0,0.0,1.0
ctx-lh-inferiortemporal,131.0,0.0,0.0,13.0,110.0,0.0,1048.0,293.0,3277.0,60.0,8.0,500.0,0.0,106.0,0.0,2104.0,0.0,46.0,0.0,0.0,0.0,11.0,5.0,0.0,2.0,38.0,0.0,0.0,1.0,42.0,257.0,32.0,265.0,6.0,1.0,0.0,0.0,0.0,0.0,0.0,1.0,2.0,0.0,1.0,3.0,0.0,0.0,1.0,0.0,3.0,0.0,1.0,0.0,0.0,0.0,1.0,0.0,1.0,0.0,12.0,0.0,0.0,0.0,3.0,1.0,1.0,0.0,1.0
ctx-lh-insula,19.0,30.0,54.0,4.0,5.0,0.0,39.0,46.0,60.0,2023.0,13.0,26.0,492.0,8.0,20.0,83.0,12.0,7.0,316.0,12.0,156.0,1.0,352.0,11.0,364.0,31.0,26.0,178.0,133.0,59.0,195.0,338.0,12.0,83.0,0.0,12.0,5.0,0.0,0.0,2.0,2.0,1.0,1.0,2.0,4.0,0.0,0.0,0.0,1.0,2.0,7.0,0.0,5.0,1.0,2.0,0.0,1.0,8.0,5.0,14.0,8.0,29.0,35.0,9.0,0.0,6.0,0.0,0.0
ctx-lh-isthmuscingulate,9.0,12.0,0.0,47.0,0.0,0.0,23.0,61.0,8.0,13.0,589.0,24.0,0.0,118.0,0.0,6.0,7.0,67.0,0.0,0.0,0.0,22.0,12.0,400.0,6.0,836.0,0.0,1.0,11.0,106.0,15.0,16.0,0.0,4.0,4.0,1.0,0.0,6.0,0.0,0.0,3.0,32.0,4.0,1.0,100.0,9.0,0.0,10.0,0.0,9.0,7.0,1.0,1.0,0.0,0.0,1.0,4.0,27.0,3.0,141.0,0.0,0.0,5.0,44.0,12.0,13.0,0.0,3.0
ctx-lh-lateraloccipital,34.0,0.0,0.0,667.0,0.0,0.0,1254.0,989.0,500.0,26.0,24.0,8600.0,0.0,710.0,0.0,153.0,1.0,9.0,0.0,0.0,0.0,669.0,0.0,0.0,4.0,122.0,0.0,0.0,1.0,615.0,42.0,10.0,0.0,4.0,0.0,0.0,0.0,5.0,0.0,0.0,2.0,14.0,2.0,1.0,21.0,12.0,0.0,13.0,0.0,3.0,0.0,3.0,0.0,0.0,0.0,5.0,3.0,1.0,0.0,41.0,0.0,0.0,0.0,13.0,5.0,2.0,0.0,1.0
ctx-lh-lateralorbitofrontal,0.0,11.0,2.0,0.0,0.0,50.0,0.0,0.0,0.0,492.0,0.0,0.0,3649.0,0.0,1219.0,2.0,0.0,0.0,18.0,538.0,301.0,0.0,0.0,2.0,1.0,0.0,224.0,806.0,139.0,1.0,2.0,1.0,0.0,0.0,0.0,10.0,0.0,0.0,0.0,2.0,0.0,0.0,0.0,2.0,0.0,0.0,7.0,0.0,6.0,0.0,0.0,0.0,4.0,1.0,3.0,0.0,0.0,0.0,0.0,0.0,34.0,24.0,24.0,0.0,0.0,0.0,0.0,0.0
ctx-lh-lingual,4.0,0.0,0.0,330.0,1.0,0.0,758.0,18.0,106.0,8.0,118.0,710.0,0.0,3468.0,0.0,27.0,0.0,168.0,0.0,0.0,0.0,993.0,2.0,0.0,0.0,168.0,0.0,0.0,0.0,42.0,17.0,2.0,1.0,1.0,1.0,0.0,0.0,14.0,0.0,0.0,8.0,9.0,1.0,1.0,17.0,8.0,0.0,196.0,0.0,4.0,0.0,1.0,0.0,0.0,0.0,38.0,0.0,2.0,1.0,46.0,0.0,0.0,0.0,13.0,3.0,2.0,1.0,2.0
ctx-lh-medialorbitofrontal,0.0,15.0,0.0,0.0,0.0,226.0,0.0,0.0,0.0,20.0,0.0,0.0,1219.0,0.0,1555.0,0.0,0.0,0.0,1.0,42.0,24.0,0.0,0.0,3.0,0.0,0.0,534.0,587.0,288.0,0.0,0.0,0.0,0.0,0.0,0.0,10.0,1.0,0.0,0.0,2.0,0.0,0.0,0.0,0.0,0.0,0.0,2.0,0.0,11.0,0.0,0.0,0.0,0.0,2.0,4.0,0.0,0.0,0.0,0.0,0.0,27.0,9.0,13.0,0.0,0.0,0.0,0.0,0.0
ctx-lh-middletemporal,462.0,0.0,0.0,6.0,21.0,0.0,187.0,398.0,2104.0,83.0,6.0,153.0,2.0,27.0,0.0,2966.0,0.0,17.0,0.0,0.0,0.0,2.0,5.0,2.0,5.0,39.0,0.0,0.0,0.0,23.0,1047.0,70.0,188.0,14.0,0.0,0.0,0.0,1.0,0.0,0.0,0.0,6.0,0.0,1.0,1.0,1.0,0.0,1.0,0.0,0.0,0.0,0.0,0.0,0.0,0.0,0.0,1.0,0.0,1.0,6.0,0.0,0.0,0.0,4.0,0.0,0.0,0.0,2.0
ctx-lh-paracentral,2.0,8.0,19.0,0.0,0.0,0.0,0.0,3.0,0.0,12.0,7.0,1.0,0.0,0.0,0.0,0.0,1983.0,0.0,3.0,0.0,0.0,0.0,289.0,175.0,713.0,127.0,0.0,2.0,592.0,122.0,0.0,4.0,0.0,3.0,0.0,8.0,7.0,0.0,0.0,0.0,0.0,2.0,1.0,6.0,2.0,0.0,0.0,1.0,0.0,2.0,34.0,0.0,0.0,0.0,0.0,0.0,14.0,73.0,36.0,11.0,0.0,0.0,41.0,15.0,1.0,6.0,0.0,0.0
ctx-lh-parahippocampal,0.0,0.0,0.0,11.0,161.0,0.0,334.0,1.0,46.0,7.0,67.0,9.0,0.0,168.0,0.0,17.0,0.0,404.0,0.0,0.0,0.0,7.0,0.0,1.0,0.0,31.0,0.0,0.0,0.0,2.0,15.0,1.0,2.0,0.0,1.0,0.0,0.0,2.0,0.0,0.0,0.0,4.0,0.0,0.0,0.0,2.0,0.0,3.0,0.0,0.0,0.0,0.0,0.0,0.0,0.0,2.0,0.0,0.0,0.0,6.0,0.0,0.0,0.0,4.0,0.0,1.0,0.0,0.0
ctx-lh-parsopercularis,0.0,49.0,359.0,0.0,0.0,0.0,0.0,4.0,0.0,316.0,0.0,0.0,18.0,0.0,1.0,0.0,3.0,0.0,1811.0,10.0,445.0,0.0,63.0,7.0,565.0,1.0,9.0,498.0,252.0,2.0,2.0,19.0,0.0,0.0,0.0,23.0,5.0,0.0,0.0,0.0,0.0,1.0,0.0,5.0,0.0,0.0,0.0,0.0,1.0,0.0,1.0,0.0,6.0,0.0,3.0,0.0,1.0,2.0,4.0,0.0,5.0,32.0,43.0,0.0,0.0,0.0,0.0,1.0
ctx-lh-parsorbitalis,0.0,5.0,0.0,0.0,0.0,5.0,0.0,0.0,0.0,12.0,0.0,0.0,538.0,0.0,42.0,0.0,0.0,0.0,10.0,461.0,335.0,0.0,0.0,1.0,0.0,0.0,28.0,525.0,57.0,0.0,0.0,0.0,0.0,0.0,0.0,4.0,0.0,0.0,0.0,0.0,0.0,0.0,0.0,0.0,0.0,0.0,0.0,0.0,1.0,0.0,0.0,0.0,1.0,1.0,2.0,0.0,0.0,0.0,0.0,0.0,4.0,1.0,4.0,0.0,0.0,0.0,0.0,0.0
ctx-lh-parstriangularis,0.0,33.0,15.0,0.0,0.0,2.0,0.0,0.0,0.0,156.0,0.0,0.0,301.0,0.0,24.0,0.0,0.0,0.0,445.0,335.0,1095.0,0.0,1.0,3.0,1.0,0.0,36.0,807.0,156.0,0.0,1.0,1.0,0.0,0.0,0.0,12.0,1.0,0.0,0.0,0.0,0.0,0.0,0.0,0.0,0.0,0.0,3.0,0.0,3.0,0.0,0.0,0.0,3.0,0.0,5.0,0.0,0.0,1.0,0.0,0.0,18.0,22.0,21.0,0.0,0.0,0.0,0.0,0.0
ctx-lh-pericalcarine,0.0,0.0,0.0,1488.0,0.0,0.0,58.0,7.0,11.0,1.0,22.0,669.0,0.0,993.0,0.0,2.0,0.0,7.0,0.0,0.0,0.0,748.0,0.0,0.0,0.0,94.0,0.0,0.0,0.0,41.0,5.0,3.0,0.0,0.0,0.0,0.0,0.0,5.0,0.0,0.0,2.0,3.0,3.0,0.0,3.0,10.0,0.0,84.0,0.0,0.0,0.0,2.0,0.0,0.0,0.0,37.0,1.0,2.0,0.0,18.0,0.0,0.0,0.0,6.0,0.0,1.0,0.0,1.0
ctx-lh-postcentral,24.0,2.0,75.0,1.0,0.0,0.0,3.0,73.0,5.0,352.0,12.0,0.0,0.0,2.0,0.0,5.0,289.0,0.0,63.0,0.0,1.0,0.0,6054.0,21.0,1832.0,92.0,0.0,10.0,45.0,985.0,46.0,1287.0,0.0,12.0,0.0,9.0,2.0,0.0,0.0,0.0,2.0,2.0,0.0,5.0,5.0,0.0,0.0,1.0,0.0,0.0,23.0,0.0,1.0,0.0,0.0,0.0,5.0,31.0,10.0,22.0,0.0,0.0,11.0,10.0,2.0,3.0,0.0,0.0
ctx-lh-posteriorcingulate,3.0,268.0,17.0,1.0,0.0,0.0,0.0,9.0,0.0,11.0,400.0,0.0,2.0,0.0,3.0,2.0,175.0,1.0,7.0,1.0,3.0,0.0,21.0,1041.0,58.0,576.0,12.0,17.0,313.0,60.0,1.0,6.0,1.0,3.0,2.0,29.0,15.0,0.0,0.0,0.0,0.0,10.0,0.0,13.0,14.0,0.0,1.0,2.0,0.0,2.0,61.0,0.0,3.0,0.0,1.0,0.0,18.0,139.0,35.0,59.0,1.0,9.0,54.0,38.0,8.0,12.0,0.0,4.0
ctx-lh-precentral,17.0,22.0,1198.0,0.0,1.0,0.0,0.0,28.0,2.0,364.0,6.0,4.0,1.0,0.0,0.0,5.0,713.0,0.0,565.0,0.0,1.0,0.0,1832.0,58.0,6922.0,37.0,1.0,53.0,685.0,201.0,20.0,244.0,0.0,14.0,1.0,16.0,24.0,1.0,0.0,0.0,0.0,2.0,0.0,3.0,4.0,0.0,0.0,0.0,0.0,0.0,44.0,0.0,2.0,0.0,1.0,0.0,15.0,58.0,39.0,12.0,0.0,4.0,76.0,19.0,1.0,5.0,0.0,1.0
ctx-lh-precuneus,19.0,8.0,4.0,298.0,0.0,0.0,30.0,475.0,38.0,31.0,836.0,122.0,0.0,168.0,0.0,39.0,127.0,31.0,1.0,0.0,0.0,94.0,92.0,576.0,37.0,3551.0,0.0,0.0,12.0,2110.0,43.0,82.0,0.0,17.0,10.0,1.0,3.0,16.0,0.0,0.0,12.0,42.0,10.0,14.0,116.0,24.0,0.0,20.0,0.0,5.0,27.0,2.0,0.0,0.0,0.0,13.0,15.0,70.0,12.0,220.0,0.0,0.0,3.0,86.0,19.0,31.0,0.0,7.0
ctx-lh-rostralanteriorcingulate,0.0,245.0,1.0,0.0,0.0,10.0,0.0,0.0,0.0,26.0,0.0,0.0,224.0,0.0,534.0,0.0,0.0,0.0,9.0,28.0,36.0,0.0,0.0,12.0,1.0,0.0,902.0,222.0,425.0,0.0,0.0,0.0,0.0,0.0,0.0,37.0,1.0,0.0,0.0,1.0,0.0,0.0,0.0,7.0,0.0,0.0,13.0,0.0,15.0,0.0,0.0,0.0,3.0,5.0,11.0,0.0,1.0,0.0,1.0,0.0,133.0,56.0,61.0,0.0,0.0,0.0,0.0,0.0
ctx-lh-rostralmiddlefrontal,1.0,254.0,971.0,0.0,0.0,165.0,0.0,0.0,0.0,178.0,1.0,0.0,806.0,0.0,587.0,0.0,2.0,0.0,498.0,525.0,807.0,0.0,10.0,17.0,53.0,0.0,222.0,8885.0,3054.0,3.0,0.0,5.0,1.0,0.0,0.0,73.0,14.0,0.0,0.0,0.0,0.0,0.0,0.0,7.0,0.0,0.0,5.0,0.0,4.0,0.0,1.0,0.0,21.0,6.0,18.0,0.0,1.0,9.0,5.0,0.0,53.0,103.0,138.0,0.0,0.0,0.0,0.0,0.0
ctx-lh-superiorfrontal,0.0,789.0,1073.0,0.0,0.0,73.0,0.0,2.0,1.0,133.0,11.0,1.0,139.0,0.0,288.0,0.0,592.0,0.0,252.0,57.0,156.0,0.0,45.0,313.0,685.0,12.0,425.0,3054.0,11988.0,13.0,2.0,14.0,0.0,0.0,0.0,243.0,71.0,0.0,0.0,1.0,0.0,2.0,0.0,28.0,2.0,0.0,8.0,1.0,7.0,0.0,45.0,0.0,49.0,2.0,28.0,0.0,17.0,85.0,74.0,6.0,62.0,149.0,413.0,8.0,0.0,5.0,0.0,0.0
ctx-lh-superiorparietal,25.0,4.0,10.0,628.0,0.0,0.0,26.0,1257.0,42.0,59.0,106.0,615.0,1.0,42.0,0.0,23.0,122.0,2.0,2.0,0.0,0.0,41.0,985.0,60.0,201.0,2110.0,0.0,3.0,13.0,5660.0,49.0,320.0,0.0,19.0,2.0,1.0,1.0,5.0,0.0,0.0,3.0,23.0,4.0,8.0,49.0,6.0,0.0,10.0,0.0,6.0,16.0,3.0,0.0,0.0,0.0,4.0,11.0,36.0,8.0,98.0,0.0,0.0,8.0,48.0,16.0,21.0,0.0,3.0
ctx-lh-superiortemporal,824.0,0.0,0.0,5.0,15.0,0.0,98.0,211.0,257.0,195.0,15.0,42.0,2.0,17.0,0.0,1047.0,0.0,15.0,2.0,0.0,1.0,5.0,46.0,1.0,20.0,43.0,0.0,0.0,2.0,49.0,5145.0,439.0,150.0,551.0,0.0,0.0,0.0,0.0,0.0,0.0,0.0,2.0,0.0,4.0,7.0,0.0,0.0,2.0,0.0,1.0,2.0,0.0,0.0,0.0,0.0,0.0,1.0,4.0,2.0,18.0,0.0,0.0,1.0,11.0,2.0,3.0,0.0,0.0
ctx-lh-supramarginal,264.0,1.0,30.0,5.0,0.0,0.0,3.0,1287.0,32.0,338.0,16.0,10.0,1.0,2.0,0.0,70.0,4.0,1.0,19.0,0.0,1.0,3.0,1287.0,6.0,244.0,82.0,0.0,5.0,14.0,320.0,439.0,4474.0,0.0,38.0,0.0,0.0,1.0,0.0,0.0,0.0,0.0,7.0,0.0,1.0,3.0,1.0,0.0,2.0,0.0,1.0,3.0,0.0,0.0,0.0,0.0,0.0,1.0,6.0,7.0,20.0,0.0,0.0,6.0,8.0,7.0,4.0,0.0,1.0
ctx-lh-temporalpole,0.0,0.0,0.0,0.0,214.0,0.0,160.0,0.0,265.0,12.0,0.0,0.0,0.0,1.0,0.0,188.0,0.0,2.0,0.0,0.0,0.0,0.0,0.0,1.0,0.0,0.0,0.0,1.0,0.0,0.0,150.0,0.0,605.0,0.0,0.0,0.0,0.0,0.0,0.0,0.0,0.0,0.0,0.0,0.0,0.0,0.0,0.0,0.0,0.0,0.0,0.0,0.0,0.0,0.0,0.0,0.0,0.0,0.0,0.0,0.0,0.0,0.0,0.0,0.0,0.0,0.0,0.0,0.0
ctx-lh-transversetemporal,16.0,0.0,0.0,1.0,1.0,0.0,0.0,16.0,6.0,83.0,4.0,4.0,0.0,1.0,0.0,14.0,3.0,0.0,0.0,0.0,0.0,0.0,12.0,3.0,14.0,17.0,0.0,0.0,0.0,19.0,551.0,38.0,0.0,472.0,0.0,0.0,0.0,0.0,0.0,0.0,1.0,2.0,0.0,1.0,2.0,0.0,0.0,0.0,0.0,1.0,0.0,0.0,0.0,0.0,0.0,0.0,2.0,2.0,0.0,4.0,0.0,0.0,0.0,5.0,1.0,2.0,0.0,0.0
ctx-rh-bankssts,0.0,0.0,0.0,1.0,0.0,0.0,1.0,3.0,1.0,0.0,4.0,0.0,0.0,1.0,0.0,0.0,0.0,1.0,0.0,0.0,0.0,0.0,0.0,2.0,1.0,10.0,0.0,0.0,0.0,2.0,0.0,0.0,0.0,0.0,926.0,0.0,1.0,6.0,1.0,0.0,17.0,365.0,92.0,23.0,4.0,29.0,1.0,16.0,0.0,697.0,1.0,1.0,1.0,0.0,0.0,3.0,13.0,2.0,5.0,35.0,0.0,0.0,0.0,37.0,1084.0,461.0,1.0,27.0
ctx-rh-caudalanteriorcingulate,0.0,116.0,40.0,0.0,0.0,1.0,0.0,0.0,0.0,12.0,1.0,0.0,10.0,0.0,10.0,0.0,8.0,0.0,23.0,4.0,12.0,0.0,9.0,29.0,16.0,1.0,37.0,73.0,243.0,1.0,0.0,0.0,0.0,0.0,0.0,522.0,74.0,0.0,0.0,1.0,0.0,1.0,0.0,32.0,7.0,0.0,6.0,0.0,0.0,0.0,28.0,0.0,55.0,7.0,29.0,0.0,4.0,346.0,40.0,15.0,189.0,291.0,827.0,1.0,1.0,2.0,0.0,0.0
ctx-rh-caudalmiddlefrontal,0.0,28.0,17.0,0.0,0.0,0.0,0.0,0.0,0.0,5.0,0.0,0.0,0.0,0.0,1.0,0.0,7.0,0.0,5.0,0.0,1.0,0.0,2.0,15.0,24.0,3.0,1.0,14.0,71.0,1.0,0.0,1.0,0.0,0.0,1.0,74.0,3543.0,0.0,0.0,0.0,0.0,5.0,0.0,66.0,0.0,0.0,0.0,0.0,0.0,0.0,26.0,0.0,251.0,0.0,13.0,0.0,88.0,25.0,1385.0,4.0,1.0,1025.0,1149.0,14.0,1.0,21.0,0.0,1.0
ctx-rh-cuneus,1.0,0.0,0.0,14.0,0.0,0.0,4.0,9.0,0.0,0.0,6.0,5.0,0.0,14.0,0.0,1.0,0.0,2.0,0.0,0.0,0.0,5.0,0.0,0.0,1.0,16.0,0.0,0.0,0.0,5.0,0.0,0.0,0.0,0.0,6.0,0.0,0.0,1704.0,1.0,0.0,38.0,42.0,13.0,3.0,26.0,583.0,1.0,187.0,0.0,14.0,0.0,4.0,0.0,0.0,0.0,1285.0,1.0,1.0,0.0,341.0,0.0,0.0,0.0,560.0,4.0,2.0,0.0,0.0
ctx-rh-entorhinal,0.0,0.0,0.0,1.0,0.0,0.0,0.0,0.0,0.0,0.0,0.0,0.0,0.0,0.0,0.0,0.0,0.0,0.0,0.0,0.0,0.0,0.0,0.0,0.0,0.0,0.0,0.0,0.0,0.0,0.0,0.0,0.0,0.0,0.0,1.0,0.0,0.0,1.0,409.0,0.0,491.0,1.0,161.0,13.0,0.0,0.0,1.0,0.0,0.0,41.0,0.0,163.0,0.0,0.0,0.0,0.0,0.0,0.0,0.0,1.0,0.0,0.0,1.0,1.0,21.0,0.0,175.0,0.0
ctx-rh-frontalpole,0.0,0.0,0.0,0.0,0.0,0.0,0.0,0.0,0.0,2.0,0.0,0.0,2.0,0.0,2.0,0.0,0.0,0.0,0.0,0.0,0.0,0.0,0.0,0.0,0.0,0.0,1.0,0.0,1.0,0.0,0.0,0.0,0.0,0.0,0.0,1.0,0.0,0.0,0.0,59.0,0.0,0.0,0.0,0.0,0.0,0.0,112.0,0.0,364.0,0.0,0.0,0.0,1.0,6.0,5.0,0.0,0.0,0.0,0.0,0.0,17.0,178.0,184.0,0.0,0.0,0.0,0.0,0.0
ctx-rh-fusiform,0.0,0.0,0.0,1.0,0.0,0.0,0.0,3.0,1.0,2.0,3.0,2.0,0.0,8.0,0.0,0.0,0.0,0.0,0.0,0.0,0.0,2.0,2.0,0.0,0.0,12.0,0.0,0.0,0.0,3.0,0.0,0.0,0.0,1.0,17.0,0.0,0.0,38.0,491.0,0.0,3857.0,54.0,1206.0,33.0,25.0,1278.0,2.0,655.0,0.0,262.0,0.0,302.0,0.0,1.0,0.0,111.0,0.0,1.0,2.0,31.0,0.0,0.0,0.0,34.0,37.0,3.0,57.0,3.0
ctx-rh-inferiorparietal,0.0,1.0,0.0,5.0,0.0,0.0,2.0,28.0,2.0,1.0,32.0,14.0,0.0,9.0,0.0,6.0,2.0,4.0,1.0,0.0,0.0,3.0,2.0,10.0,2.0,42.0,0.0,0.0,2.0,23.0,2.0,7.0,0.0,2.0,365.0,1.0,5.0,42.0,1.0,0.0,54.0,6814.0,185.0,48.0,36.0,672.0,1.0,33.0,0.0,576.0,12.0,3.0,3.0,0.0,0.0,19.0,107.0,14.0,37.0,372.0,0.0,0.0,7.0,1525.0,143.0,1638.0,1.0,11.0
ctx-rh-inferiortemporal,1.0,0.0,0.0,0.0,0.0,0.0,3.0,1.0,0.0,1.0,4.0,2.0,0.0,1.0,0.0,0.0,1.0,0.0,0.0,0.0,0.0,3.0,0.0,0.0,0.0,10.0,0.0,0.0,0.0,4.0,0.0,0.0,0.0,0.0,92.0,0.0,0.0,13.0,161.0,0.0,1206.0,185.0,3298.0,47.0,6.0,445.0,7.0,117.0,0.0,1766.0,1.0,46.0,0.0,0.0,3.0,21.0,2.0,1.0,0.0,28.0,0.0,1.0,0.0,39.0,153.0,16.0,230.0,6.0
ctx-rh-insula,1.0,19.0,7.0,2.0,0.0,0.0,0.0,0.0,1.0,2.0,1.0,1.0,2.0,1.0,0.0,1.0,6.0,0.0,5.0,0.0,0.0,0.0,5.0,13.0,3.0,14.0,7.0,7.0,28.0,8.0,4.0,1.0,0.0,1.0,23.0,32.0,66.0,3.0,13.0,0.0,33.0,48.0,47.0,1557.0,5.0,15.0,437.0,6.0,8.0,130.0,22.0,5.0,246.0,31.0,183.0,3.0,328.0,9.0,298.0,38.0,16.0,142.0,129.0,64.0,282.0,296.0,25.0,65.0
ctx-rh-isthmuscingulate,3.0,0.0,2.0,20.0,0.0,0.0,4.0,28.0,3.0,4.0,100.0,21.0,0.0,17.0,0.0,1.0,2.0,0.0,0.0,0.0,0.0,3.0,5.0,14.0,4.0,116.0,0.0,0.0,2.0,49.0,7.0,3.0,0.0,2.0,4.0,7.0,0.0,26.0,0.0,0.0,25.0,36.0,6.0,5.0,647.0,25.0,0.0,140.0,0.0,7.0,27.0,108.0,0.0,0.0,0.0,20.0,6.0,328.0,3.0,1066.0,0.0,1.0,8.0,81.0,11.0,15.0,0.0,3.0
ctx-rh-lateraloccipital,0.0,0.0,0.0,5.0,0.0,0.0,2.0,3.0,0.0,0.0,9.0,12.0,0.0,8.0,0.0,1.0,0.0,2.0,0.0,0.0,0.0,10.0,0.0,0.0,0.0,24.0,0.0,0.0,0.0,6.0,0.0,1.0,0.0,0.0,29.0,0.0,0.0,583.0,0.0,0.0,1278.0,672.0,445.0,15.0,25.0,6979.0,2.0,776.0,0.0,159.0,0.0,7.0,0.0,0.0,0.0,787.0,0.0,0.0,2.0,154.0,0.0,0.0,0.0,722.0,29.0,6.0,0.0,4.0
ctx-rh-lateralorbitofrontal,0.0,2.0,0.0,0.0,0.0,0.0,0.0,0.0,0.0,0.0,0.0,0.0,7.0,0.0,2.0,0.0,0.0,0.0,0.0,0.0,3.0,0.0,0.0,1.0,0.0,0.0,13.0,5.0,8.0,0.0,0.0,0.0,0.0,0.0,1.0,6.0,0.0,1.0,1.0,112.0,2.0,1.0,7.0,437.0,0.0,2.0,3466.0,1.0,967.0,8.0,0.0,0.0,11.0,562.0,364.0,1.0,0.0,0.0,1.0,0.0,128.0,769.0,85.0,0.0,9.0,0.0,0.0,1.0
ctx-rh-lingual,0.0,0.0,0.0,11.0,0.0,0.0,1.0,6.0,1.0,0.0,10.0,13.0,0.0,196.0,0.0,1.0,1.0,3.0,0.0,0.0,0.0,84.0,1.0,2.0,0.0,20.0,0.0,0.0,1.0,10.0,2.0,2.0,0.0,0.0,16.0,0.0,0.0,187.0,0.0,0.0,655.0,33.0,117.0,6.0,140.0,776.0,1.0,3770.0,0.0,63.0,1.0,179.0,1.0,0.0,0.0,1220.0,2.0,2.0,0.0,202.0,0.0,1.0,0.0,42.0,23.0,6.0,3.0,1.0
ctx-rh-medialorbitofrontal,0.0,2.0,0.0,0.0,0.0,0.0,0.0,0.0,0.0,1.0,0.0,0.0,6.0,0.0,11.0,0.0,0.0,0.0,1.0,1.0,3.0,0.0,0.0,0.0,0.0,0.0,15.0,4.0,7.0,0.0,0.0,0.0,0.0,0.0,0.0,0.0,0.0,0.0,0.0,364.0,0.0,0.0,0.0,8.0,0.0,0.0,967.0,0.0,1861.0,0.0,0.0,0.0,3.0,21.0,16.0,0.0,0.0,0.0,0.0,0.0,487.0,491.0,352.0,0.0,0.0,0.0,0.0,0.0
ctx-rh-middletemporal,1.0,0.0,0.0,2.0,0.0,0.0,0.0,7.0,3.0,2.0,9.0,3.0,0.0,4.0,0.0,0.0,2.0,0.0,0.0,0.0,0.0,0.0,0.0,2.0,0.0,5.0,0.0,0.0,0.0,6.0,1.0,1.0,0.0,1.0,697.0,0.0,0.0,14.0,41.0,0.0,262.0,576.0,1766.0,130.0,7.0,159.0,8.0,63.0,0.0,4059.0,0.0,19.0,0.0,2.0,0.0,15.0,5.0,1.0,2.0,38.0,1.0,0.0,0.0,47.0,710.0,53.0,167.0,34.0
ctx-rh-paracentral,1.0,2.0,6.0,1.0,0.0,0.0,1.0,2.0,0.0,7.0,7.0,0.0,0.0,0.0,0.0,0.0,34.0,0.0,1.0,0.0,0.0,0.0,23.0,61.0,44.0,27.0,0.0,1.0,45.0,16.0,2.0,3.0,0.0,0.0,1.0,28.0,26.0,0.0,0.0,0.0,0.0,12.0,1.0,22.0,27.0,0.0,0.0,1.0,0.0,0.0,1708.0,0.0,2.0,0.0,0.0,0.0,375.0,368.0,753.0,298.0,0.0,3.0,449.0,231.0,3.0,21.0,0.0,1.0
ctx-rh-parahippocampal,0.0,0.0,0.0,1.0,0.0,0.0,0.0,0.0,1.0,0.0,1.0,3.0,0.0,1.0,0.0,0.0,0.0,0.0,0.0,0.0,0.0,2.0,0.0,0.0,0.0,2.0,0.0,0.0,0.0,3.0,0.0,0.0,0.0,0.0,1.0,0.0,0.0,4.0,163.0,0.0,302.0,3.0,46.0,5.0,108.0,7.0,0.0,179.0,0.0,19.0,0.0,410.0,0.0,0.0,0.0,6.0,0.0,0.0,0.0,23.0,0.0,0.0,0.0,3.0,8.0,1.0,1.0,1.0
ctx-rh-parsopercularis,0.0,21.0,10.0,0.0,0.0,0.0,0.0,0.0,0.0,5.0,1.0,0.0,4.0,0.0,0.0,0.0,0.0,0.0,6.0,1.0,3.0,0.0,1.0,3.0,2.0,0.0,3.0,21.0,49.0,0.0,0.0,0.0,0.0,0.0,1.0,55.0,251.0,0.0,0.0,1.0,0.0,3.0,0.0,246.0,0.0,0.0,11.0,1.0,3.0,0.0,2.0,0.0,1223.0,5.0,466.0,0.0,71.0,3.0,663.0,0.0,6.0,376.0,221.0,1.0,2.0,6.0,0.0,0.0
ctx-rh-parsorbitalis,0.0,0.0,0.0,0.0,0.0,0.0,0.0,0.0,0.0,1.0,0.0,0.0,1.0,0.0,2.0,0.0,0.0,0.0,0.0,1.0,0.0,0.0,0.0,0.0,0.0,0.0,5.0,6.0,2.0,0.0,0.0,0.0,0.0,0.0,0.0,7.0,0.0,0.0,0.0,6.0,1.0,0.0,0.0,31.0,0.0,0.0,562.0,0.0,21.0,2.0,0.0,0.0,5.0,501.0,409.0,0.0,0.0,1.0,0.0,0.0,25.0,513.0,48.0,0.0,0.0,0.0,0.0,0.0
ctx-rh-parstriangularis,0.0,12.0,1.0,0.0,0.0,0.0,0.0,0.0,0.0,2.0,0.0,0.0,3.0,0.0,4.0,0.0,0.0,0.0,3.0,2.0,5.0,0.0,0.0,1.0,1.0,0.0,11.0,18.0,28.0,0.0,0.0,0.0,0.0,0.0,0.0,29.0,13.0,0.0,0.0,5.0,0.0,0.0,3.0,183.0,0.0,0.0,364.0,0.0,16.0,0.0,0.0,0.0,466.0,409.0,1341.0,0.0,2.0,0.0,8.0,0.0,26.0,749.0,159.0,0.0,3.0,0.0,0.0,0.0
ctx-rh-pericalcarine,0.0,0.0,0.0,11.0,0.0,0.0,0.0,5.0,1.0,0.0,1.0,5.0,0.0,38.0,0.0,0.0,0.0,2.0,0.0,0.0,0.0,37.0,0.0,0.0,0.0,13.0,0.0,0.0,0.0,4.0,0.0,0.0,0.0,0.0,3.0,0.0,0.0,1285.0,0.0,0.0,111.0,19.0,21.0,3.0,20.0,787.0,1.0,1220.0,0.0,15.0,0.0,6.0,0.0,0.0,0.0,790.0,0.0,1.0,0.0,166.0,0.0,0.0,0.0,53.0,3.0,0.0,0.0,1.0
ctx-rh-postcentral,0.0,3.0,3.0,1.0,0.0,0.0,1.0,2.0,0.0,1.0,4.0,3.0,0.0,0.0,0.0,1.0,14.0,0.0,1.0,0.0,0.0,1.0,5.0,18.0,15.0,15.0,1.0,1.0,17.0,11.0,1.0,1.0,0.0,2.0,13.0,4.0,88.0,1.0,0.0,0.0,0.0,107.0,2.0,328.0,6.0,0.0,0.0,2.0,0.0,5.0,375.0,0.0,71.0,0.0,2.0,0.0,5728.0,31.0,1885.0,135.0,0.0,7.0,76.0,682.0,17.0,1753.0,0.0,5.0
ctx-rh-posteriorcingulate,0.0,21.0,17.0,0.0,0.0,0.0,0.0,7.0,1.0,8.0,27.0,1.0,0.0,2.0,0.0,0.0,73.0,0.0,2.0,0.0,1.0,2.0,31.0,139.0,58.0,70.0,0.0,9.0,85.0,36.0,4.0,6.0,0.0,2.0,2.0,346.0,25.0,1.0,0.0,0.0,1.0,14.0,1.0,9.0,328.0,0.0,0.0,2.0,0.0,1.0,368.0,0.0,3.0,1.0,0.0,1.0,31.0,1041.0,65.0,382.0,2.0,4.0,386.0,77.0,2.0,13.0,0.0,0.0
ctx-rh-precentral,0.0,27.0,23.0,0.0,0.0,0.0,2.0,0.0,0.0,5.0,3.0,0.0,0.0,1.0,0.0,1.0,36.0,0.0,4.0,0.0,0.0,0.0,10.0,35.0,39.0,12.0,1.0,5.0,74.0,8.0,2.0,7.0,0.0,0.0,5.0,40.0,1385.0,0.0,0.0,0.0,2.0,37.0,0.0,298.0,3.0,2.0,1.0,0.0,0.0,2.0,753.0,0.0,663.0,0.0,8.0,0.0,1885.0,65.0,6922.0,37.0,2.0,73.0,753.0,230.0,8.0,298.0,0.0,4.0
ctx-rh-precuneus,8.0,0.0,1.0,43.0,0.0,0.0,11.0,62.0,12.0,14.0,141.0,41.0,0.0,46.0,0.0,6.0,11.0,6.0,0.0,0.0,0.0,18.0,22.0,59.0,12.0,220.0,0.0,0.0,6.0,98.0,18.0,20.0,0.0,4.0,35.0,15.0,4.0,341.0,1.0,0.0,31.0,372.0,28.0,38.0,1066.0,154.0,0.0,202.0,0.0,38.0,298.0,23.0,0.0,0.0,0.0,166.0,135.0,382.0,37.0,4486.0,0.0,1.0,12.0,2299.0,54.0,107.0,0.0,12.0
ctx-rh-rostralanteriorcingulate,0.0,44.0,1.0,0.0,0.0,2.0,0.0,0.0,0.0,8.0,0.0,0.0,34.0,0.0,27.0,0.0,0.0,0.0,5.0,4.0,18.0,0.0,0.0,1.0,0.0,0.0,133.0,53.0,62.0,0.0,0.0,0.0,0.0,0.0,0.0,189.0,1.0,0.0,0.0,17.0,0.0,0.0,0.0,16.0,0.0,0.0,128.0,0.0,487.0,1.0,0.0,0.0,6.0,25.0,26.0,0.0,0.0,2.0,2.0,0.0,845.0,229.0,398.0,0.0,0.0,0.0,0.0,0.0
ctx-rh-rostralmiddlefrontal,0.0,64.0,6.0,0.0,0.0,0.0,0.0,0.0,0.0,29.0,0.0,0.0,24.0,0.0,9.0,0.0,0.0,0.0,32.0,1.0,22.0,0.0,0.0,9.0,4.0,0.0,56.0,103.0,149.0,0.0,0.0,0.0,0.0,0.0,0.0,291.0,1025.0,0.0,0.0,178.0,0.0,0.0,1.0,142.0,1.0,0.0,769.0,1.0,491.0,0.0,3.0,0.0,376.0,513.0,749.0,0.0,7.0,4.0,73.0,1.0,229.0,8403.0,2995.0,2.0,1.0,2.0,0.0,0.0
ctx-rh-superiorfrontal,0.0,156.0,71.0,0.0,0.0,2.0,0.0,0.0,0.0,35.0,5.0,0.0,24.0,0.0,13.0,0.0,41.0,0.0,43.0,4.0,21.0,0.0,11.0,54.0,76.0,3.0,61.0,138.0,413.0,8.0,1.0,6.0,0.0,0.0,0.0,827.0,1149.0,0.0,1.0,184.0,0.0,7.0,0.0,129.0,8.0,0.0,85.0,0.0,352.0,0.0,449.0,0.0,221.0,48.0,159.0,0.0,76.0,386.0,753.0,12.0,398.0,2995.0,11439.0,35.0,0.0,23.0,0.0,0.0
ctx-rh-superiorparietal,6.0,1.0,3.0,13.0,0.0,0.0,3.0,18.0,3.0,9.0,44.0,13.0,0.0,13.0,0.0,4.0,15.0,4.0,0.0,0.0,0.0,6.0,10.0,38.0,19.0,86.0,0.0,0.0,8.0,48.0,11.0,8.0,0.0,5.0,37.0,1.0,14.0,560.0,1.0,0.0,34.0,1525.0,39.0,64.0,81.0,722.0,0.0,42.0,0.0,47.0,231.0,3.0,1.0,0.0,0.0,53.0,682.0,77.0,230.0,2299.0,0.0,2.0,35.0,6093.0,68.0,587.0,2.0,10.0
ctx-rh-superiortemporal,0.0,1.0,1.0,2.0,0.0,0.0,2.0,6.0,1.0,0.0,12.0,5.0,0.0,3.0,0.0,0.0,1.0,0.0,0.0,0.0,0.0,0.0,2.0,8.0,1.0,19.0,0.0,0.0,0.0,16.0,2.0,7.0,0.0,1.0,1084.0,1.0,1.0,4.0,21.0,0.0,37.0,143.0,153.0,282.0,11.0,29.0,9.0,23.0,0.0,710.0,3.0,8.0,2.0,0.0,3.0,3.0,17.0,2.0,8.0,54.0,0.0,1.0,0.0,68.0,5002.0,379.0,179.0,555.0
ctx-rh-supramarginal,0.0,2.0,0.0,0.0,0.0,0.0,1.0,11.0,1.0,6.0,13.0,2.0,0.0,2.0,0.0,0.0,6.0,1.0,0.0,0.0,0.0,1.0,3.0,12.0,5.0,31.0,0.0,0.0,5.0,21.0,3.0,4.0,0.0,2.0,461.0,2.0,21.0,2.0,0.0,0.0,3.0,1638.0,16.0,296.0,15.0,6.0,0.0,6.0,0.0,53.0,21.0,1.0,6.0,0.0,0.0,0.0,1753.0,13.0,298.0,107.0,0.0,2.0,23.0,587.0,379.0,5226.0,0.0,38.0
ctx-rh-temporalpole,0.0,0.0,0.0,0.0,0.0,0.0,0.0,0.0,0.0,0.0,0.0,0.0,0.0,1.0,0.0,0.0,0.0,0.0,0.0,0.0,0.0,0.0,0.0,0.0,0.0,0.0,0.0,0.0,0.0,0.0,0.0,0.0,0.0,0.0,1.0,0.0,0.0,0.0,175.0,0.0,57.0,1.0,230.0,25.0,0.0,0.0,0.0,3.0,0.0,167.0,0.0,1.0,0.0,0.0,0.0,0.0,0.0,0.0,0.0,0.0,0.0,0.0,0.0,2.0,179.0,0.0,311.0,0.0
ctx-rh-transversetemporal,1.0,0.0,0.0,0.0,0.0,0.0,1.0,1.0,1.0,0.0,3.0,1.0,0.0,2.0,0.0,2.0,0.0,0.0,1.0,0.0,0.0,1.0,0.0,4.0,1.0,7.0,0.0,0.0,0.0,3.0,0.0,1.0,0.0,0.0,27.0,0.0,1.0,0.0,0.0,0.0,3.0,11.0,6.0,65.0,3.0,4.0,1.0,1.0,0.0,34.0,1.0,1.0,0.0,0.0,0.0,1.0,5.0,0.0,4.0,12.0,0.0,0.0,0.0,10.0,555.0,38.0,0.0,238.0
