,ctx-lh-bankssts,ctx-lh-caudalanteriorcingulate,ctx-lh-caudalmiddlefrontal,ctx-lh-cuneus,ctx-lh-entorhinal,ctx-lh-frontalpole,ctx-lh-fusiform,ctx-lh-inferiorparietal,ctx-lh-inferiortemporal,ctx-lh-insula,ctx-lh-isthmuscingulate,ctx-lh-lateraloccipital,ctx-lh-lateralorbitofrontal,ctx-lh-lingual,ctx-lh-medialorbitofrontal,ctx-lh-middletemporal,ctx-lh-paracentral,ctx-lh-parahippocampal,ctx-lh-parsopercularis,ctx-lh-parsorbitalis,ctx-lh-parstriangularis,ctx-lh-pericalcarine,ctx-lh-postcentral,ctx-lh-posteriorcingulate,ctx-lh-precentral,ctx-lh-precuneus,ctx-lh-rostralanteriorcingulate,ctx-lh-rostralmiddlefrontal,ctx-lh-superiorfrontal,ctx-lh-superiorparietal,ctx-lh-superiortemporal,ctx-lh-supramarginal,ctx-lh-temporalpole,ctx-lh-transversetemporal,ctx-rh-bankssts,ctx-rh-caudalanteriorcingulate,ctx-rh-caudalmiddlefrontal,ctx-rh-cuneus,ctx-rh-entorhinal,ctx-rh-frontalpole,ctx-rh-fusiform,ctx-rh-inferiorparietal,ctx-rh-inferiortemporal,ctx-rh-insula,ctx-rh-isthmuscingulate,ctx-rh-lateraloccipital,ctx-rh-lateralorbitofrontal,ctx-rh-lingual,ctx-rh-medialorbitofrontal,ctx-rh-middletemporal,ctx-rh-paracentral,ctx-rh-parahippocampal,ctx-rh-parsopercularis,ctx-rh-parsorbitalis,ctx-rh-parstriangularis,ctx-rh-pericalcarine,ctx-rh-postcentral,ctx-rh-posteriorcingulate,ctx-rh-precentral,ctx-rh-precuneus,ctx-rh-rostralanteriorcingulate,ctx-rh-rostralmiddlefrontal,ctx-rh-superiorfrontal,ctx-rh-superiorparietal,ctx-rh-superiortemporal,ctx-rh-supramarginal,ctx-rh-temporalpole,ctx-rh-transversetemporal
ctx-lh-bankssts,332.0,0.0,0.0,0.0,0.0,0.0,11.0,269.0,209.0,19.0,3.0,8.0,0.0,0.0,0.0,680.0,0.0,2.0,1.0,0.0,0.0,0.0,16.0,4.0,5.0,0.0,0.0,0.0,0.0,21.0,621.0,209.0,9.0,16.0,0.0,0.0,0.0,0.0,0.0,0.0,0.0,0.0,0.0,0.0,4.0,0.0,0.0,0.0,0.0,0.0,0.0,0.0,0.0,0.0,0.0,0.0,0.0,1.0,0.0,1.0,0.0,0.0,0.0,0.0,0.0,0.0,0.0,0.0
ctx-lh-caudalanteriorcingulate,0.0,607.0,74.0,0.0,0.0,1.0,0.0,1.0,0.0,34.0,1.0,0.0,32.0,0.0,21.0,0.0,12.0,0.0,31.0,2.0,20.0,0.0,9.0,295.0,51.0,2.0,326.0,87.0,963.0,2.0,0.0,4.0,0.0,0.0,0.0,262.0,41.0,0.0,0.0,0.0,0.0,0.0,0.0,8.0,0.0,0.0,8.0,0.0,12.0,0.0,2.0,0.0,10.0,3.0,7.0,0.0,2.0,22.0,12.0,1.0,53.0,71.0,183.0,1.0,0.0,0.0,0.0,0.0
ctx-lh-caudalmiddlefrontal,0.0,74.0,2657.0,0.0,0.0,0.0,1.0,2.0,0.0,77.0,0.0,0.0,7.0,1.0,0.0,2.0,4.0,0.0,276.0,0.0,46.0,0.0,65.0,33.0,1162.0,1.0,3.0,771.0,1134.0,4.0,1.0,21.0,0.0,0.0,0.0,30.0,2.0,0.0,0.0,0.0,0.0,0.0,0.0,0.0,0.0,0.0,0.0,0.0,0.0,0.0,0.0,0.0,2.0,0.0,0.0,0.0,0.0,4.0,0.0,0.0,3.0,5.0,15.0,0.0,0.0,0.0,0.0,0.0
ctx-lh-cuneus,0.0,0.0,0.0,1034.0,0.0,0.0,14.0,7.0,5.0,0.0,8.0,459.0,0.0,86.0,0.0,1.0,0.0,1.0,0.0,0.0,0.0,1334.0,0.0,2.0,0.0,178.0,0.0,0.0,0.0,1032.0,1.0,1.0,0.0,0.0,0.0,0.0,0.0,6.0,0.0,0.0,1.0,0.0,0.0,0.0,1.0,4.0,0.0,10.0,0.0,0.0,0.0,0.0,0.0,0.0,0.0,6.0,0.0,2.0,0.0,4.0,0.0,0.0,0.0,0.0,0.0,0.0,0.0,0.0
ctx-lh-entorhinal,0.0,0.0,0.0,0.0,144.0,0.0,214.0,3.0,43.0,9.0,0.0,0.0,0.0,0.0,0.0,4.0,0.0,131.0,0.0,0.0,0.0,0.0,0.0,0.0,0.0,0.0,0.0,0.0,0.0,0.0,19.0,1.0,186.0,0.0,0.0,0.0,0.0,0.0,0.0,0.0,0.0,0.0,0.0,0.0,0.0,0.0,0.0,0.0,0.0,0.0,0.0,0.0,0.0,0.0,0.0,0.0,0.0,0.0,0.0,1.0,0.0,0.0,0.0,0.0,0.0,0.0,0.0,0.0
ctx-lh-frontalpole,0.0,1.0,0.0,0.0,0.0,112.0,0.0,0.0,0.0,2.0,0.0,0.0,119.0,0.0,245.0,0.0,0.0,0.0,0.0,4.0,3.0,0.0,0.0,0.0,0.0,0.0,11.0,185.0,91.0,0.0,0.0,0.0,0.0,0.0,0.0,1.0,0.0,0.0,0.0,0.0,0.0,0.0,0.0,0.0,0.0,0.0,0.0,0.0,1.0,0.0,0.0,0.0,0.0,0.0,0.0,0.0,0.0,0.0,0.0,0.0,5.0,2.0,1.0,0.0,0.0,0.0,0.0,0.0
ctx-lh-fusiform,11.0,0.0,1.0,14.0,214.0,0.0,2963.0,160.0,969.0,23.0,28.0,1143.0,0.0,642.0,0.0,86.0,2.0,288.0,0.0,0.0,0.0,78.0,2.0,8.0,3.0,67.0,0.0,0.0,0.0,56.0,58.0,9.0,168.0,10.0,0.0,0.0,0.0,0.0,0.0,0.0,0.0,3.0,0.0,1.0,8.0,0.0,0.0,0.0,0.0,0.0,0.0,0.0,0.0,0.0,0.0,0.0,0.0,3.0,0.0,7.0,0.0,0.0,0.0,3.0,0.0,1.0,0.0,0.0
ctx-lh-inferiorparietal,269.0,1.0,2.0,7.0,3.0,0.0,160.0,4628.0,435.0,44.0,94.0,545.0,0.0,41.0,0.0,326.0,4.0,13.0,1.0,0.0,0.0,19.0,63.0,44.0,15.0,246.0,0.0,1.0,1.0,1000.0,113.0,948.0,5.0,20.0,1.0,0.0,0.0,0.0,0.0,0.0,2.0,7.0,0.0,1.0,21.0,3.0,0.0,3.0,0.0,3.0,1.0,2.0,0.0,0.0,0.0,2.0,1.0,9.0,2.0,36.0,0.0,0.0,1.0,16.0,5.0,2.0,0.0,0.0
ctx-lh-inferiortemporal,209.0,0.0,0.0,5.0,43.0,0.0,969.0,435.0,3025.0,70.0,48.0,367.0,1.0,69.0,0.0,1717.0,2.0,76.0,0.0,0.0,0.0,12.0,21.0,10.0,2.0,49.0,0.0,0.0,1.0,86.0,430.0,70.0,242.0,48.0,1.0,0.0,1.0,0.0,0.0,0.0,1.0,9.0,0.0,3.0,11.0,0.0,0.0,1.0,0.0,0.0,0.0,2.0,0.0,0.0,0.0,1.0,1.0,9.0,0.0,17.0,0.0,0.0,2.0,8.0,1.0,1.0,0.0,0.0
ctx-lh-insula,19.0,34.0,77.0,0.0,9.0,2.0,23.0,44.0,70.0,1606.0,17.0,5.0,332.0,3.0,14.0,51.0,29.0,2.0,211.0,11.0,75.0,0.0,357.0,83.0,361.0,24.0,25.0,108.0,216.0,133.0,222.0,312.0,96.0,99.0,1.0,11.0,4.0,0.0,0.0,1.0,0.0,0.0,2.0,1.0,7.0,0.0,0.0,0.0,0.0,1.0,3.0,0.0,1.0,0.0,0.0,0.0,1.0,10.0,3.0,9.0,1.0,5.0,17.0,3.0,0.0,0.0,0.0,0.0
ctx-lh-isthmuscingulate,3.0,1.0,0.0,8.0,0.0,0.0,28.0,94.0,48.0,17.0,726.0,59.0,0.0,105.0,0.0,15.0,6.0,49.0,0.0,0.0,0.0,24.0,7.0,399.0,8.0,835.0,0.0,0.0,0.0,182.0,10.0,11.0,1.0,4.0,9.0,1.0,1.0,3.0,0.0,0.0,3.0,33.0,4.0,11.0,146.0,5.0,0.0,8.0,0.0,4.0,6.0,5.0,0.0,0.0,0.0,4.0,5.0,44.0,2.0,116.0,0.0,0.0,2.0,61.0,15.0,12.0,0.0,3.0
ctx-lh-lateraloccipital,8.0,0.0,0.0,459.0,0.0,0.0,1143.0,545.0,367.0,5.0,59.0,5734.0,0.0,766.0,0.0,90.0,0.0,9.0,0.0,0.0,0.0,714.0,1.0,7.0,1.0,189.0,0.0,0.0,0.0,471.0,6.0,7.0,2.0,2.0,1.0,0.0,0.0,1.0,0.0,0.0,0.0,6.0,0.0,0.0,15.0,0.0,0.0,1.0,0.0,0.0,0.0,2.0,0.0,0.0,0.0,1.0,0.0,2.0,1.0,13.0,0.0,0.0,0.0,6.0,1.0,4.0,0.0,0.0
ctx-lh-lateralorbitofrontal,0.0,32.0,7.0,0.0,0.0,119.0,0.0,0.0,1.0,332.0,0.0,0.0,2588.0,0.0,1073.0,0.0,0.0,0.0,14.0,484.0,282.0,0.0,0.0,0.0,0.0,0.0,239.0,652.0,188.0,0.0,2.0,0.0,7.0,0.0,0.0,16.0,1.0,0.0,0.0,0.0,0.0,0.0,0.0,0.0,0.0,0.0,4.0,0.0,14.0,0.0,0.0,0.0,3.0,0.0,1.0,0.0,0.0,0.0,0.0,0.0,40.0,12.0,9.0,0.0,0.0,0.0,0.0,0.0
ctx-lh-lingual,0.0,0.0,1.0,86.0,0.0,0.0,642.0,41.0,69.0,3.0,105.0,766.0,0.0,4155.0,0.0,6.0,0.0,234.0,0.0,0.0,0.0,910.0,1.0,4.0,0.0,221.0,0.0,0.0,0.0,77.0,2.0,1.0,1.0,0.0,0.0,0.0,0.0,0.0,0.0,0.0,0.0,5.0,1.0,1.0,8.0,2.0,0.0,3.0,0.0,2.0,0.0,0.0,0.0,0.0,0.0,1.0,1.0,4.0,0.0,20.0,0.0,0.0,0.0,5.0,3.0,3.0,0.0,0.0
ctx-lh-medialorbitofrontal,0.0,21.0,0.0,0.0,0.0,245.0,0.0,0.0,0.0,14.0,0.0,0.0,1073.0,0.0,1698.0,0.0,0.0,0.0,0.0,24.0,7.0,0.0,0.0,0.0,0.0,0.0,591.0,395.0,257.0,0.0,0.0,0.0,0.0,0.0,0.0,8.0,1.0,0.0,0.0,0.0,0.0,0.0,0.0,0.0,0.0,0.0,4.0,0.0,51.0,0.0,0.0,0.0,0.0,0.0,3.0,0.0,0.0,0.0,0.0,0.0,42.0,12.0,12.0,0.0,0.0,0.0,0.0,0.0
ctx-lh-middletemporal,680.0,0.0,2.0,1.0,4.0,0.0,86.0,326.0,1717.0,51.0,15.0,90.0,0.0,6.0,0.0,1726.0,0.0,9.0,0.0,0.0,0.0,1.0,15.0,6.0,1.0,10.0,0.0,0.0,0.0,44.0,892.0,91.0,97.0,64.0,0.0,0.0,0.0,0.0,0.0,0.0,0.0,2.0,0.0,1.0,1.0,0.0,0.0,1.0,0.0,0.0,0.0,0.0,0.0,0.0,0.0,0.0,0.0,2.0,1.0,4.0,0.0,0.0,0.0,2.0,0.0,0.0,0.0,0.0
ctx-lh-paracentral,0.0,12.0,4.0,0.0,0.0,0.0,2.0,4.0,2.0,29.0,6.0,0.0,0.0,0.0,0.0,0.0,2084.0,1.0,1.0,0.0,1.0,1.0,533.0,385.0,847.0,217.0,0.0,0.0,481.0,155.0,1.0,11.0,0.0,1.0,0.0,17.0,0.0,0.0,0.0,0.0,0.0,3.0,0.0,0.0,1.0,0.0,0.0,1.0,0.0,0.0,9.0,0.0,1.0,0.0,0.0,0.0,7.0,33.0,6.0,2.0,0.0,0.0,27.0,3.0,0.0,1.0,0.0,0.0
ctx-lh-parahippocampal,2.0,0.0,0.0,1.0,131.0,0.0,288.0,13.0,76.0,2.0,49.0,9.0,0.0,234.0,0.0,9.0,1.0,316.0,0.0,0.0,0.0,3.0,0.0,0.0,1.0,23.0,0.0,0.0,0.0,8.0,1.0,2.0,5.0,0.0,0.0,0.0,0.0,0.0,0.0,0.0,1.0,5.0,0.0,1.0,6.0,1.0,0.0,2.0,0.0,1.0,0.0,0.0,0.0,0.0,0.0,1.0,0.0,3.0,0.0,17.0,0.0,0.0,0.0,4.0,2.0,0.0,0.0,0.0
ctx-lh-parsopercularis,1.0,31.0,276.0,0.0,0.0,0.0,0.0,1.0,0.0,211.0,0.0,0.0,14.0,0.0,0.0,0.0,1.0,0.0,1725.0,7.0,591.0,0.0,69.0,7.0,646.0,0.0,7.0,496.0,176.0,0.0,2.0,16.0,0.0,0.0,0.0,6.0,1.0,0.0,0.0,0.0,0.0,0.0,0.0,0.0,0.0,0.0,1.0,0.0,0.0,0.0,0.0,0.0,0.0,0.0,0.0,0.0,0.0,2.0,0.0,0.0,3.0,1.0,10.0,0.0,0.0,0.0,0.0,0.0
ctx-lh-parsorbitalis,0.0,2.0,0.0,0.0,0.0,4.0,0.0,0.0,0.0,11.0,0.0,0.0,484.0,0.0,24.0,0.0,0.0,0.0,7.0,404.0,415.0,0.0,0.0,0.0,0.0,0.0,16.0,488.0,39.0,0.0,0.0,0.0,0.0,0.0,0.0,1.0,0.0,0.0,0.0,0.0,0.0,0.0,0.0,0.0,0.0,0.0,0.0,0.0,0.0,0.0,0.0,0.0,0.0,0.0,0.0,0.0,0.0,0.0,0.0,0.0,2.0,0.0,1.0,0.0,0.0,0.0,0.0,0.0
ctx-lh-parstriangularis,0.0,20.0,46.0,0.0,0.0,3.0,0.0,0.0,0.0,75.0,0.0,0.0,282.0,0.0,7.0,0.0,1.0,0.0,591.0,415.0,1283.0,0.0,4.0,1.0,19.0,0.0,24.0,957.0,158.0,0.0,1.0,0.0,0.0,0.0,0.0,9.0,1.0,0.0,0.0,0.0,0.0,0.0,0.0,0.0,0.0,0.0,1.0,0.0,0.0,0.0,0.0,0.0,0.0,0.0,1.0,0.0,0.0,0.0,0.0,0.0,7.0,5.0,5.0,0.0,0.0,0.0,0.0,0.0
ctx-lh-pericalcarine,0.0,0.0,0.0,1334.0,0.0,0.0,78.0,19.0,12.0,0.0,24.0,714.0,0.0,910.0,0.0,1.0,1.0,3.0,0.0,0.0,0.0,690.0,0.0,1.0,0.0,195.0,0.0,0.0,0.0,311.0,0.0,0.0,0.0,0.0,0.0,0.0,0.0,0.0,0.0,0.0,0.0,0.0,2.0,1.0,2.0,0.0,0.0,8.0,0.0,0.0,0.0,0.0,0.0,0.0,0.0,1.0,0.0,0.0,0.0,4.0,0.0,0.0,0.0,0.0,1.0,0.0,0.0,0.0
ctx-lh-postcentral,16.0,9.0,65.0,0.0,0.0,0.0,2.0,63.0,21.0,357.0,7.0,1.0,0.0,1.0,0.0,15.0,533.0,0.0,69.0,0.0,4.0,0.0,5639.0,79.0,2186.0,78.0,1.0,7.0,78.0,553.0,33.0,1255.0,1.0,12.0,0.0,5.0,1.0,1.0,0.0,0.0,0.0,2.0,0.0,1.0,3.0,0.0,0.0,0.0,0.0,1.0,5.0,0.0,0.0,0.0,0.0,0.0,0.0,18.0,1.0,3.0,0.0,0.0,7.0,0.0,0.0,1.0,0.0,0.0
ctx-lh-posteriorcingulate,4.0,295.0,33.0,2.0,0.0,0.0,8.0,44.0,10.0,83.0,399.0,7.0,0.0,4.0,0.0,6.0,385.0,0.0,7.0,0.0,1.0,1.0,79.0,1488.0,262.0,459.0,5.0,0.0,498.0,228.0,7.0,29.0,0.0,5.0,1.0,75.0,27.0,0.0,0.0,0.0,2.0,11.0,1.0,14.0,34.0,1.0,0.0,1.0,0.0,6.0,40.0,0.0,11.0,0.0,1.0,0.0,17.0,238.0,73.0,24.0,0.0,11.0,138.0,27.0,7.0,10.0,0.0,1.0
ctx-lh-precentral,5.0,51.0,1162.0,0.0,0.0,0.0,3.0,15.0,2.0,361.0,8.0,1.0,0.0,0.0,0.0,1.0,847.0,1.0,646.0,0.0,19.0,0.0,2186.0,262.0,8594.0,46.0,0.0,63.0,969.0,147.0,12.0,296.0,1.0,4.0,1.0,45.0,10.0,0.0,0.0,0.0,0.0,0.0,0.0,6.0,1.0,0.0,0.0,1.0,1.0,0.0,10.0,0.0,3.0,0.0,0.0,0.0,3.0,40.0,15.0,2.0,0.0,4.0,60.0,0.0,0.0,2.0,0.0,0.0
ctx-lh-precuneus,0.0,2.0,1.0,178.0,0.0,0.0,67.0,246.0,49.0,24.0,835.0,189.0,0.0,221.0,0.0,10.0,217.0,23.0,0.0,0.0,0.0,195.0,78.0,459.0,46.0,4505.0,0.0,0.0,7.0,2385.0,12.0,20.0,1.0,7.0,4.0,2.0,1.0,3.0,0.0,0.0,3.0,28.0,8.0,2.0,82.0,1.0,0.0,7.0,0.0,12.0,15.0,2.0,1.0,0.0,0.0,1.0,11.0,44.0,9.0,159.0,0.0,0.0,5.0,49.0,14.0,13.0,1.0,2.0
ctx-lh-rostralanteriorcingulate,0.0,326.0,3.0,0.0,0.0,11.0,0.0,0.0,0.0,25.0,0.0,0.0,239.0,0.0,591.0,0.0,0.0,0.0,7.0,16.0,24.0,0.0,1.0,5.0,0.0,0.0,796.0,146.0,436.0,0.0,0.0,0.0,0.0,0.0,0.0,62.0,0.0,0.0,0.0,0.0,0.0,0.0,0.0,0.0,0.0,0.0,23.0,0.0,37.0,0.0,0.0,0.0,0.0,3.0,4.0,0.0,0.0,0.0,1.0,0.0,151.0,58.0,57.0,0.0,0.0,0.0,0.0,0.0
ctx-lh-rostralmiddlefrontal,0.0,87.0,771.0,0.0,0.0,185.0,0.0,1.0,0.0,108.0,0.0,0.0,652.0,0.0,395.0,0.0,0.0,0.0,496.0,488.0,957.0,0.0,7.0,0.0,63.0,0.0,146.0,6089.0,2140.0,0.0,0.0,4.0,0.0,0.0,0.0,26.0,0.0,0.0,0.0,0.0,0.0,0.0,0.0,1.0,0.0,0.0,3.0,0.0,6.0,0.0,0.0,0.0,0.0,1.0,1.0,0.0,0.0,1.0,0.0,0.0,33.0,23.0,23.0,0.0,0.0,0.0,0.0,0.0
ctx-lh-superiorfrontal,0.0,963.0,1134.0,0.0,0.0,91.0,0.0,1.0,1.0,216.0,0.0,0.0,188.0,0.0,257.0,0.0,481.0,0.0,176.0,39.0,158.0,0.0,78.0,498.0,969.0,7.0,436.0,2140.0,12316.0,19.0,2.0,23.0,0.0,0.0,0.0,239.0,29.0,0.0,0.0,0.0,0.0,1.0,0.0,3.0,1.0,0.0,10.0,0.0,13.0,0.0,5.0,0.0,8.0,4.0,8.0,0.0,1.0,50.0,19.0,0.0,52.0,67.0,190.0,2.0,0.0,0.0,0.0,0.0
ctx-lh-superiorparietal,21.0,2.0,4.0,1032.0,0.0,0.0,56.0,1000.0,86.0,133.0,182.0,471.0,0.0,77.0,0.0,44.0,155.0,8.0,0.0,0.0,0.0,311.0,553.0,228.0,147.0,2385.0,0.0,0.0,19.0,5729.0,52.0,667.0,6.0,15.0,8.0,2.0,2.0,0.0,0.0,0.0,4.0,15.0,1.0,7.0,60.0,2.0,0.0,3.0,0.0,5.0,8.0,1.0,0.0,0.0,0.0,2.0,5.0,44.0,8.0,45.0,0.0,1.0,4.0,25.0,9.0,7.0,0.0,1.0
ctx-lh-superiortemporal,621.0,0.0,1.0,1.0,19.0,0.0,58.0,113.0,430.0,222.0,10.0,6.0,2.0,2.0,0.0,892.0,1.0,1.0,2.0,0.0,1.0,0.0,33.0,7.0,12.0,12.0,0.0,0.0,2.0,52.0,4133.0,325.0,742.0,739.0,0.0,0.0,0.0,0.0,0.0,0.0,0.0,1.0,1.0,1.0,2.0,0.0,0.0,0.0,0.0,0.0,0.0,0.0,0.0,0.0,0.0,0.0,0.0,3.0,0.0,3.0,0.0,0.0,0.0,3.0,0.0,0.0,0.0,0.0
ctx-lh-supramarginal,209.0,4.0,21.0,1.0,1.0,0.0,9.0,948.0,70.0,312.0,11.0,7.0,0.0,1.0,0.0,91.0,11.0,2.0,16.0,0.0,0.0,0.0,1255.0,29.0,296.0,20.0,0.0,4.0,23.0,667.0,325.0,4511.0,4.0,48.0,0.0,2.0,0.0,0.0,0.0,0.0,0.0,0.0,1.0,0.0,3.0,0.0,0.0,0.0,0.0,0.0,0.0,0.0,0.0,0.0,0.0,0.0,2.0,7.0,0.0,6.0,0.0,0.0,2.0,2.0,0.0,0.0,0.0,0.0
ctx-lh-temporalpole,9.0,0.0,0.0,0.0,186.0,0.0,168.0,5.0,242.0,96.0,1.0,2.0,7.0,1.0,0.0,97.0,0.0,5.0,0.0,0.0,0.0,0.0,1.0,0.0,1.0,1.0,0.0,0.0,0.0,6.0,742.0,4.0,617.0,8.0,0.0,0.0,0.0,0.0,0.0,0.0,0.0,0.0,0.0,0.0,0.0,0.0,0.0,0.0,0.0,0.0,0.0,0.0,0.0,0.0,0.0,0.0,0.0,0.0,0.0,1.0,0.0,0.0,0.0,0.0,0.0,0.0,0.0,0.0
ctx-lh-transversetemporal,16.0,0.0,0.0,0.0,0.0,0.0,10.0,20.0,48.0,99.0,4.0,2.0,0.0,0.0,0.0,64.0,1.0,0.0,0.0,0.0,0.0,0.0,12.0,5.0,4.0,7.0,0.0,0.0,0.0,15.0,739.0,48.0,8.0,501.0,0.0,0.0,0.0,0.0,0.0,0.0,0.0,1.0,0.0,1.0,1.0,0.0,0.0,0.0,0.0,0.0,0.0,0.0,0.0,0.0,0.0,0.0,1.0,3.0,0.0,0.0,0.0,0.0,0.0,1.0,0.0,0.0,0.0,1.0
ctx-rh-bankssts,0.0,0.0,0.0,0.0,0.0,0.0,0.0,1.0,1.0,1.0,9.0,1.0,0.0,0.0,0.0,0.0,0.0,0.0,0.0,0.0,0.0,0.0,0.0,1.0,1.0,4.0,0.0,0.0,0.0,8.0,0.0,0.0,0.0,0.0,551.0,0.0,0.0,4.0,2.0,0.0,48.0,414.0,118.0,38.0,20.0,10.0,0.0,14.0,0.0,781.0,2.0,6.0,0.0,0.0,0.0,4.0,14.0,5.0,10.0,44.0,0.0,0.0,1.0,56.0,491.0,262.0,2.0,8.0
ctx-rh-caudalanteriorcingulate,0.0,262.0,30.0,0.0,0.0,1.0,0.0,0.0,0.0,11.0,1.0,0.0,16.0,0.0,8.0,0.0,17.0,0.0,6.0,1.0,9.0,0.0,5.0,75.0,45.0,2.0,62.0,26.0,239.0,2.0,0.0,2.0,0.0,0.0,0.0,728.0,72.0,0.0,0.0,0.0,0.0,0.0,0.0,20.0,7.0,0.0,15.0,0.0,10.0,0.0,6.0,0.0,27.0,6.0,17.0,0.0,3.0,296.0,33.0,5.0,206.0,211.0,913.0,2.0,0.0,2.0,0.0,0.0
ctx-rh-caudalmiddlefrontal,0.0,41.0,2.0,0.0,0.0,0.0,0.0,0.0,1.0,4.0,1.0,0.0,1.0,0.0,1.0,0.0,0.0,0.0,1.0,0.0,1.0,0.0,1.0,27.0,10.0,1.0,0.0,0.0,29.0,2.0,0.0,0.0,0.0,0.0,0.0,72.0,2872.0,0.0,0.0,0.0,0.0,3.0,0.0,48.0,2.0,0.0,4.0,0.0,0.0,1.0,31.0,0.0,362.0,3.0,50.0,0.0,43.0,55.0,1312.0,1.0,5.0,715.0,874.0,7.0,1.0,17.0,0.0,2.0
ctx-rh-cuneus,0.0,0.0,0.0,6.0,0.0,0.0,0.0,0.0,0.0,0.0,3.0,1.0,0.0,0.0,0.0,0.0,0.0,0.0,0.0,0.0,0.0,0.0,1.0,0.0,0.0,3.0,0.0,0.0,0.0,0.0,0.0,0.0,0.0,0.0,4.0,0.0,0.0,1262.0,0.0,0.0,36.0,31.0,9.0,1.0,4.0,403.0,0.0,99.0,0.0,7.0,0.0,2.0,0.0,0.0,0.0,1360.0,0.0,0.0,0.0,283.0,0.0,0.0,0.0,497.0,1.0,1.0,0.0,0.0
ctx-rh-entorhinal,0.0,0.0,0.0,0.0,0.0,0.0,0.0,0.0,0.0,0.0,0.0,0.0,0.0,0.0,0.0,0.0,0.0,0.0,0.0,0.0,0.0,0.0,0.0,0.0,0.0,0.0,0.0,0.0,0.0,0.0,0.0,0.0,0.0,0.0,2.0,0.0,0.0,0.0,157.0,0.0,174.0,0.0,44.0,8.0,0.0,1.0,0.0,0.0,0.0,21.0,0.0,125.0,0.0,0.0,0.0,1.0,0.0,0.0,0.0,1.0,0.0,0.0,0.0,0.0,27.0,2.0,136.0,0.0
ctx-rh-frontalpole,0.0,0.0,0.0,0.0,0.0,0.0,0.0,0.0,0.0,1.0,0.0,0.0,0.0,0.0,0.0,0.0,0.0,0.0,0.0,0.0,0.0,0.0,0.0,0.0,0.0,0.0,0.0,0.0,0.0,0.0,0.0,0.0,0.0,0.0,0.0,0.0,0.0,0.0,0.0,76.0,0.0,0.0,0.0,0.0,0.0,0.0,71.0,0.0,314.0,0.0,0.0,0.0,0.0,6.0,1.0,0.0,0.0,0.0,0.0,0.0,10.0,200.0,133.0,0.0,0.0,0.0,0.0,0.0
ctx-rh-fusiform,0.0,0.0,0.0,1.0,0.0,0.0,0.0,2.0,1.0,0.0,3.0,0.0,0.0,0.0,0.0,0.0,0.0,1.0,0.0,0.0,0.0,0.0,0.0,2.0,0.0,3.0,0.0,0.0,0.0,4.0,0.0,0.0,0.0,0.0,48.0,0.0,0.0,36.0,174.0,0.0,3060.0,134.0,1031.0,18.0,16.0,1324.0,0.0,617.0,0.0,369.0,0.0,352.0,0.0,0.0,0.0,187.0,3.0,0.0,1.0,51.0,0.0,0.0,0.0,53.0,115.0,5.0,138.0,1.0
ctx-rh-inferiorparietal,0.0,0.0,0.0,0.0,0.0,0.0,3.0,7.0,9.0,0.0,33.0,6.0,0.0,5.0,0.0,2.0,3.0,5.0,0.0,0.0,0.0,0.0,2.0,11.0,0.0,28.0,0.0,0.0,1.0,15.0,1.0,0.0,0.0,1.0,414.0,0.0,3.0,31.0,0.0,0.0,134.0,6809.0,302.0,64.0,85.0,798.0,0.0,80.0,0.0,729.0,11.0,13.0,1.0,0.0,0.0,63.0,88.0,26.0,33.0,468.0,0.0,0.0,3.0,1341.0,165.0,1276.0,3.0,20.0
ctx-rh-inferiortemporal,0.0,0.0,0.0,0.0,0.0,0.0,0.0,0.0,0.0,2.0,4.0,0.0,0.0,1.0,0.0,0.0,0.0,0.0,0.0,0.0,0.0,2.0,0.0,1.0,0.0,8.0,0.0,0.0,0.0,1.0,1.0,1.0,0.0,0.0,118.0,0.0,0.0,9.0,44.0,0.0,1031.0,302.0,3285.0,37.0,15.0,498.0,0.0,90.0,0.0,1725.0,0.0,59.0,0.0,0.0,0.0,29.0,0.0,1.0,1.0,34.0,0.0,0.0,0.0,57.0,236.0,10.0,202.0,1.0
ctx-rh-insula,0.0,8.0,0.0,0.0,0.0,0.0,1.0,1.0,3.0,1.0,11.0,0.0,0.0,1.0,0.0,1.0,0.0,1.0,0.0,0.0,0.0,1.0,1.0,14.0,6.0,2.0,0.0,1.0,3.0,7.0,1.0,0.0,0.0,1.0,38.0,20.0,48.0,1.0,8.0,0.0,18.0,64.0,37.0,1134.0,18.0,5.0,287.0,2.0,4.0,46.0,39.0,0.0,221.0,9.0,73.0,1.0,249.0,28.0,294.0,54.0,5.0,84.0,56.0,98.0,326.0,268.0,35.0,91.0
ctx-rh-isthmuscingulate,4.0,0.0,0.0,1.0,0.0,0.0,8.0,21.0,11.0,7.0,146.0,15.0,0.0,8.0,0.0,1.0,1.0,6.0,0.0,0.0,0.0,2.0,3.0,34.0,1.0,82.0,0.0,0.0,1.0,60.0,2.0,3.0,0.0,1.0,20.0,7.0,2.0,4.0,0.0,0.0,16.0,85.0,15.0,18.0,735.0,16.0,0.0,111.0,0.0,22.0,30.0,71.0,1.0,0.0,0.0,18.0,20.0,283.0,8.0,970.0,0.0,1.0,11.0,141.0,25.0,42.0,0.0,2.0
ctx-rh-lateraloccipital,0.0,0.0,0.0,4.0,0.0,0.0,0.0,3.0,0.0,0.0,5.0,0.0,0.0,2.0,0.0,0.0,0.0,1.0,0.0,0.0,0.0,0.0,0.0,1.0,0.0,1.0,0.0,0.0,0.0,2.0,0.0,0.0,0.0,0.0,10.0,0.0,0.0,403.0,1.0,0.0,1324.0,798.0,498.0,5.0,16.0,5507.0,0.0,510.0,0.0,181.0,0.0,6.0,0.0,0.0,0.0,889.0,2.0,2.0,0.0,118.0,0.0,0.0,0.0,369.0,10.0,2.0,1.0,1.0
ctx-rh-lateralorbitofrontal,0.0,8.0,0.0,0.0,0.0,0.0,0.0,0.0,0.0,0.0,0.0,0.0,4.0,0.0,4.0,0.0,0.0,0.0,1.0,0.0,1.0,0.0,0.0,0.0,0.0,0.0,23.0,3.0,10.0,0.0,0.0,0.0,0.0,0.0,0.0,15.0,4.0,0.0,0.0,71.0,0.0,0.0,0.0,287.0,0.0,0.0,2013.0,0.0,690.0,1.0,0.0,0.0,8.0,690.0,246.0,0.0,0.0,0.0,1.0,0.0,93.0,633.0,61.0,0.0,11.0,0.0,2.0,0.0
ctx-rh-lingual,0.0,0.0,0.0,10.0,0.0,0.0,0.0,3.0,1.0,0.0,8.0,1.0,0.0,3.0,0.0,1.0,1.0,2.0,0.0,0.0,0.0,8.0,0.0,1.0,1.0,7.0,0.0,0.0,0.0,3.0,0.0,0.0,0.0,0.0,14.0,0.0,0.0,99.0,0.0,0.0,617.0,80.0,90.0,2.0,111.0,510.0,0.0,4073.0,0.0,56.0,0.0,215.0,0.0,0.0,0.0,1287.0,0.0,2.0,1.0,247.0,0.0,0.0,0.0,78.0,9.0,6.0,1.0,0.0
ctx-rh-medialorbitofrontal,0.0,12.0,0.0,0.0,0.0,1.0,0.0,0.0,0.0,0.0,0.0,0.0,14.0,0.0,51.0,0.0,0.0,0.0,0.0,0.0,0.0,0.0,0.0,0.0,1.0,0.0,37.0,6.0,13.0,0.0,0.0,0.0,0.0,0.0,0.0,10.0,0.0,0.0,0.0,314.0,0.0,0.0,0.0,4.0,0.0,0.0,690.0,0.0,1509.0,0.0,0.0,0.0,1.0,30.0,23.0,0.0,0.0,0.0,0.0,0.0,381.0,585.0,242.0,0.0,0.0,0.0,0.0,0.0
ctx-rh-middletemporal,0.0,0.0,0.0,0.0,0.0,0.0,0.0,3.0,0.0,1.0,4.0,0.0,0.0,2.0,0.0,0.0,0.0,1.0,0.0,0.0,0.0,0.0,1.0,6.0,0.0,12.0,0.0,0.0,0.0,5.0,0.0,0.0,0.0,0.0,781.0,0.0,1.0,7.0,21.0,0.0,369.0,729.0,1725.0,46.0,22.0,181.0,1.0,56.0,0.0,3321.0,0.0,29.0,0.0,0.0,0.0,30.0,8.0,3.0,2.0,64.0,0.0,0.0,2.0,75.0,595.0,51.0,156.0,9.0
ctx-rh-paracentral,0.0,2.0,0.0,0.0,0.0,0.0,0.0,1.0,0.0,3.0,6.0,0.0,0.0,0.0,0.0,0.0,9.0,0.0,0.0,0.0,0.0,0.0,5.0,40.0,10.0,15.0,0.0,0.0,5.0,8.0,0.0,0.0,0.0,0.0,2.0,6.0,31.0,0.0,0.0,0.0,0.0,11.0,0.0,39.0,30.0,0.0,0.0,0.0,0.0,0.0,1718.0,0.0,13.0,0.0,0.0,0.0,827.0,438.0,876.0,227.0,0.0,5.0,480.0,439.0,4.0,23.0,0.0,0.0
ctx-rh-parahippocampal,0.0,0.0,0.0,0.0,0.0,0.0,0.0,2.0,2.0,0.0,5.0,2.0,0.0,0.0,0.0,0.0,0.0,0.0,0.0,0.0,0.0,0.0,0.0,0.0,0.0,2.0,0.0,0.0,0.0,1.0,0.0,0.0,0.0,0.0,6.0,0.0,0.0,2.0,125.0,0.0,352.0,13.0,59.0,0.0,71.0,6.0,0.0,215.0,0.0,29.0,0.0,313.0,0.0,0.0,0.0,3.0,2.0,1.0,0.0,30.0,0.0,0.0,0.0,4.0,7.0,1.0,2.0,0.0
ctx-rh-parsopercularis,0.0,10.0,2.0,0.0,0.0,0.0,0.0,0.0,0.0,1.0,0.0,0.0,3.0,0.0,0.0,0.0,1.0,0.0,0.0,0.0,0.0,0.0,0.0,11.0,3.0,1.0,0.0,0.0,8.0,0.0,0.0,0.0,0.0,0.0,0.0,27.0,362.0,0.0,0.0,0.0,0.0,1.0,0.0,221.0,1.0,0.0,8.0,0.0,1.0,0.0,13.0,0.0,1385.0,6.0,464.0,0.0,76.0,9.0,700.0,1.0,2.0,397.0,100.0,8.0,3.0,18.0,0.0,0.0
ctx-rh-parsorbitalis,0.0,3.0,0.0,0.0,0.0,0.0,0.0,0.0,0.0,0.0,0.0,0.0,0.0,0.0,0.0,0.0,0.0,0.0,0.0,0.0,0.0,0.0,0.0,0.0,0.0,0.0,3.0,1.0,4.0,0.0,0.0,0.0,0.0,0.0,0.0,6.0,3.0,0.0,0.0,6.0,0.0,0.0,0.0,9.0,0.0,0.0,690.0,0.0,30.0,0.0,0.0,0.0,6.0,558.0,430.0,0.0,1.0,0.0,1.0,0.0,24.0,546.0,31.0,0.0,0.0,0.0,0.0,0.0
ctx-rh-parstriangularis,0.0,7.0,0.0,0.0,0.0,0.0,0.0,0.0,0.0,0.0,0.0,0.0,1.0,0.0,3.0,0.0,0.0,0.0,0.0,0.0,1.0,0.0,0.0,1.0,0.0,0.0,4.0,1.0,8.0,0.0,0.0,0.0,0.0,0.0,0.0,17.0,50.0,0.0,0.0,1.0,0.0,0.0,0.0,73.0,0.0,0.0,246.0,0.0,23.0,0.0,0.0,0.0,464.0,430.0,1312.0,0.0,2.0,1.0,23.0,0.0,19.0,906.0,86.0,0.0,0.0,0.0,0.0,0.0
ctx-rh-pericalcarine,0.0,0.0,0.0,6.0,0.0,0.0,0.0,2.0,1.0,0.0,4.0,1.0,0.0,1.0,0.0,0.0,0.0,1.0,0.0,0.0,0.0,1.0,0.0,0.0,0.0,1.0,0.0,0.0,0.0,2.0,0.0,0.0,0.0,0.0,4.0,0.0,0.0,1360.0,1.0,0.0,187.0,63.0,29.0,1.0,18.0,889.0,0.0,1287.0,0.0,30.0,0.0,3.0,0.0,0.0,0.0,869.0,0.0,1.0,0.0,287.0,0.0,0.0,0.0,196.0,2.0,3.0,0.0,0.0
ctx-rh-postcentral,0.0,2.0,0.0,0.0,0.0,0.0,0.0,1.0,1.0,1.0,5.0,0.0,0.0,1.0,0.0,0.0,7.0,0.0,0.0,0.0,0.0,0.0,0.0,17.0,3.0,11.0,0.0,0.0,1.0,5.0,0.0,2.0,0.0,1.0,14.0,3.0,43.0,0.0,0.0,0.0,3.0,88.0,0.0,249.0,20.0,2.0,0.0,0.0,0.0,8.0,827.0,2.0,76.0,1.0,2.0,0.0,5010.0,79.0,1841.0,161.0,0.0,2.0,44.0,626.0,11.0,1117.0,0.0,4.0
ctx-rh-posteriorcingulate,1.0,22.0,4.0,2.0,0.0,0.0,3.0,9.0,9.0,10.0,44.0,2.0,0.0,4.0,0.0,2.0,33.0,3.0,2.0,0.0,0.0,0.0,18.0,238.0,40.0,44.0,0.0,1.0,50.0,44.0,3.0,7.0,0.0,3.0,5.0,296.0,55.0,0.0,0.0,0.0,0.0,26.0,1.0,28.0,283.0,2.0,0.0,2.0,0.0,3.0,438.0,1.0,9.0,0.0,1.0,1.0,79.0,1470.0,219.0,418.0,2.0,15.0,432.0,136.0,10.0,33.0,0.0,5.0
ctx-rh-precentral,0.0,12.0,0.0,0.0,0.0,0.0,0.0,2.0,0.0,3.0,2.0,1.0,0.0,0.0,0.0,1.0,6.0,0.0,0.0,0.0,0.0,0.0,1.0,73.0,15.0,9.0,1.0,0.0,19.0,8.0,0.0,0.0,0.0,0.0,10.0,33.0,1312.0,0.0,0.0,0.0,1.0,33.0,1.0,294.0,8.0,0.0,1.0,1.0,0.0,2.0,876.0,0.0,700.0,1.0,23.0,0.0,1841.0,219.0,8592.0,55.0,0.0,46.0,848.0,191.0,5.0,281.0,0.0,3.0
ctx-rh-precuneus,1.0,1.0,0.0,4.0,1.0,0.0,7.0,36.0,17.0,9.0,116.0,13.0,0.0,20.0,0.0,4.0,2.0,17.0,0.0,0.0,0.0,4.0,3.0,24.0,2.0,159.0,0.0,0.0,0.0,45.0,3.0,6.0,1.0,0.0,44.0,5.0,1.0,283.0,1.0,0.0,51.0,468.0,34.0,54.0,970.0,118.0,0.0,247.0,0.0,64.0,227.0,30.0,1.0,0.0,0.0,287.0,161.0,418.0,55.0,4687.0,0.0,0.0,12.0,3204.0,49.0,98.0,2.0,8.0
ctx-rh-rostralanteriorcingulate,0.0,53.0,3.0,0.0,0.0,5.0,0.0,0.0,0.0,1.0,0.0,0.0,40.0,0.0,42.0,0.0,0.0,0.0,3.0,2.0,7.0,0.0,0.0,0.0,0.0,0.0,151.0,33.0,52.0,0.0,0.0,0.0,0.0,0.0,0.0,206.0,5.0,0.0,0.0,10.0,0.0,0.0,0.0,5.0,0.0,0.0,93.0,0.0,381.0,0.0,0.0,0.0,2.0,24.0,19.0,0.0,0.0,2.0,0.0,0.0,797.0,234.0,345.0,0.0,0.0,0.0,0.0,0.0
ctx-rh-rostralmiddlefrontal,0.0,71.0,5.0,0.0,0.0,2.0,0.0,0.0,0.0,5.0,0.0,0.0,12.0,0.0,12.0,0.0,0.0,0.0,1.0,0.0,5.0,0.0,0.0,11.0,4.0,0.0,58.0,23.0,67.0,1.0,0.0,0.0,0.0,0.0,0.0,211.0,715.0,0.0,0.0,200.0,0.0,0.0,0.0,84.0,1.0,0.0,633.0,0.0,585.0,0.0,5.0,0.0,397.0,546.0,906.0,0.0,2.0,15.0,46.0,0.0,234.0,4892.0,1921.0,1.0,0.0,5.0,0.0,0.0
ctx-rh-superiorfrontal,0.0,183.0,15.0,0.0,0.0,1.0,0.0,1.0,2.0,17.0,2.0,0.0,9.0,0.0,12.0,0.0,27.0,0.0,10.0,1.0,5.0,0.0,7.0,138.0,60.0,5.0,57.0,23.0,190.0,4.0,0.0,2.0,0.0,0.0,1.0,913.0,874.0,0.0,0.0,133.0,0.0,3.0,0.0,56.0,11.0,0.0,61.0,0.0,242.0,2.0,480.0,0.0,100.0,31.0,86.0,0.0,44.0,432.0,848.0,12.0,345.0,1921.0,9443.0,17.0,2.0,1.0,0.0,0.0
ctx-rh-superiorparietal,0.0,1.0,0.0,0.0,0.0,0.0,3.0,16.0,8.0,3.0,61.0,6.0,0.0,5.0,0.0,2.0,3.0,4.0,0.0,0.0,0.0,0.0,0.0,27.0,0.0,49.0,0.0,0.0,2.0,25.0,3.0,2.0,0.0,1.0,56.0,2.0,7.0,497.0,0.0,0.0,53.0,1341.0,57.0,98.0,141.0,369.0,0.0,78.0,0.0,75.0,439.0,4.0,8.0,0.0,0.0,196.0,626.0,136.0,191.0,3204.0,0.0,1.0,17.0,7059.0,78.0,316.0,2.0,13.0
ctx-rh-superiortemporal,0.0,0.0,0.0,0.0,0.0,0.0,0.0,5.0,1.0,0.0,15.0,1.0,0.0,3.0,0.0,0.0,0.0,2.0,0.0,0.0,0.0,1.0,0.0,7.0,0.0,14.0,0.0,0.0,0.0,9.0,0.0,0.0,0.0,0.0,491.0,0.0,1.0,1.0,27.0,0.0,115.0,165.0,236.0,326.0,25.0,10.0,11.0,9.0,0.0,595.0,4.0,7.0,3.0,0.0,0.0,2.0,11.0,10.0,5.0,49.0,0.0,0.0,2.0,78.0,4654.0,404.0,242.0,667.0
ctx-rh-supramarginal,0.0,0.0,0.0,0.0,0.0,0.0,1.0,2.0,1.0,0.0,12.0,4.0,0.0,3.0,0.0,0.0,1.0,0.0,0.0,0.0,0.0,0.0,1.0,10.0,2.0,13.0,0.0,0.0,0.0,7.0,0.0,0.0,0.0,0.0,262.0,2.0,17.0,1.0,2.0,0.0,5.0,1276.0,10.0,268.0,42.0,2.0,0.0,6.0,0.0,51.0,23.0,1.0,18.0,0.0,0.0,3.0,1117.0,33.0,281.0,98.0,0.0,5.0,1.0,316.0,404.0,4701.0,1.0,52.0
ctx-rh-temporalpole,0.0,0.0,0.0,0.0,0.0,0.0,0.0,0.0,0.0,0.0,0.0,0.0,0.0,0.0,0.0,0.0,0.0,0.0,0.0,0.0,0.0,0.0,0.0,0.0,0.0,1.0,0.0,0.0,0.0,0.0,0.0,0.0,0.0,0.0,2.0,0.0,0.0,0.0,136.0,0.0,138.0,3.0,202.0,35.0,0.0,1.0,2.0,1.0,0.0,156.0,0.0,2.0,0.0,0.0,0.0,0.0,0.0,0.0,0.0,2.0,0.0,0.0,0.0,2.0,242.0,1.0,386.0,0.0
ctx-rh-transversetemporal,0.0,0.0,0.0,0.0,0.0,0.0,0.0,0.0,0.0,0.0,3.0,0.0,0.0,0.0,0.0,0.0,0.0,0.0,0.0,0.0,0.0,0.0,0.0,1.0,0.0,2.0,0.0,0.0,0.0,1.0,0.0,0.0,0.0,1.0,8.0,0.0,2.0,0.0,0.0,0.0,1.0,20.0,1.0,91.0,2.0,1.0,0.0,0.0,0.0,9.0,0.0,0.0,0.0,0.0,0.0,0.0,4.0,5.0,3.0,8.0,0.0,0.0,0.0,13.0,667.0,52.0,0.0,263.0
