,ctx-lh-bankssts,ctx-lh-caudalanteriorcingulate,ctx-lh-caudalmiddlefrontal,ctx-lh-cuneus,ctx-lh-entorhinal,ctx-lh-frontalpole,ctx-lh-fusiform,ctx-lh-inferiorparietal,ctx-lh-inferiortemporal,ctx-lh-insula,ctx-lh-isthmuscingulate,ctx-lh-lateraloccipital,ctx-lh-lateralorbitofrontal,ctx-lh-lingual,ctx-lh-medialorbitofrontal,ctx-lh-middletemporal,ctx-lh-paracentral,ctx-lh-parahippocampal,ctx-lh-parsopercularis,ctx-lh-parsorbitalis,ctx-lh-parstriangularis,ctx-lh-pericalcarine,ctx-lh-postcentral,ctx-lh-posteriorcingulate,ctx-lh-precentral,ctx-lh-precuneus,ctx-lh-rostralanteriorcingulate,ctx-lh-rostralmiddlefrontal,ctx-lh-superiorfrontal,ctx-lh-superiorparietal,ctx-lh-superiortemporal,ctx-lh-supramarginal,ctx-lh-temporalpole,ctx-lh-transversetemporal,ctx-rh-bankssts,ctx-rh-caudalanteriorcingulate,ctx-rh-caudalmiddlefrontal,ctx-rh-cuneus,ctx-rh-entorhinal,ctx-rh-frontalpole,ctx-rh-fusiform,ctx-rh-inferiorparietal,ctx-rh-inferiortemporal,ctx-rh-insula,ctx-rh-isthmuscingulate,ctx-rh-lateraloccipital,ctx-rh-lateralorbitofrontal,ctx-rh-lingual,ctx-rh-medialorbitofrontal,ctx-rh-middletemporal,ctx-rh-paracentral,ctx-rh-parahippocampal,ctx-rh-parsopercularis,ctx-rh-parsorbitalis,ctx-rh-parstriangularis,ctx-rh-pericalcarine,ctx-rh-postcentral,ctx-rh-posteriorcingulate,ctx-rh-precentral,ctx-rh-precuneus,ctx-rh-rostralanteriorcingulate,ctx-rh-rostralmiddlefrontal,ctx-rh-superiorfrontal,ctx-rh-superiorparietal,ctx-rh-superiortemporal,ctx-rh-supramarginal,ctx-rh-temporalpole,ctx-rh-transversetemporal
ctx-lh-bankssts,722.0,0.0,0.0,4.0,2.0,0.0,35.0,353.0,117.0,35.0,7.0,11.0,0.0,21.0,0.0,698.0,0.0,3.0,5.0,0.0,0.0,2.0,13.0,1.0,10.0,24.0,0.0,0.0,0.0,47.0,950.0,323.0,0.0,24.0,0.0,0.0,0.0,0.0,0.0,0.0,0.0,0.0,0.0,0.0,6.0,0.0,0.0,2.0,0.0,0.0,0.0,0.0,0.0,0.0,0.0,0.0,0.0,1.0,0.0,6.0,0.0,0.0,0.0,1.0,0.0,1.0,0.0,0.0
ctx-lh-caudalanteriorcingulate,0.0,451.0,63.0,0.0,0.0,0.0,0.0,0.0,0.0,14.0,34.0,0.0,12.0,0.0,13.0,0.0,35.0,0.0,38.0,5.0,14.0,0.0,3.0,419.0,21.0,26.0,281.0,80.0,567.0,6.0,0.0,2.0,0.0,0.0,0.0,98.0,11.0,0.0,0.0,0.0,0.0,0.0,0.0,6.0,4.0,0.0,2.0,0.0,7.0,0.0,7.0,0.0,9.0,2.0,13.0,0.0,0.0,29.0,12.0,6.0,37.0,42.0,122.0,1.0,0.0,1.0,0.0,0.0
ctx-lh-caudalmiddlefrontal,0.0,63.0,3027.0,1.0,0.0,0.0,0.0,2.0,0.0,62.0,0.0,0.0,5.0,0.0,2.0,1.0,16.0,0.0,453.0,3.0,34.0,0.0,92.0,8.0,1078.0,5.0,14.0,672.0,1061.0,17.0,0.0,18.0,0.0,0.0,0.0,25.0,3.0,0.0,0.0,0.0,1.0,0.0,0.0,5.0,0.0,0.0,0.0,0.0,0.0,0.0,3.0,0.0,2.0,0.0,1.0,0.0,2.0,5.0,3.0,3.0,1.0,13.0,34.0,0.0,0.0,0.0,0.0,0.0
ctx-lh-cuneus,4.0,0.0,1.0,1629.0,1.0,0.0,30.0,133.0,13.0,0.0,18.0,466.0,0.0,179.0,0.0,15.0,0.0,4.0,0.0,0.0,0.0,1407.0,2.0,0.0,0.0,303.0,0.0,0.0,0.0,691.0,5.0,4.0,1.0,2.0,0.0,0.0,0.0,61.0,0.0,0.0,0.0,1.0,0.0,0.0,2.0,25.0,0.0,3.0,0.0,1.0,1.0,0.0,0.0,0.0,0.0,30.0,0.0,1.0,0.0,9.0,0.0,0.0,0.0,9.0,0.0,0.0,0.0,0.0
ctx-lh-entorhinal,2.0,0.0,0.0,1.0,408.0,0.0,146.0,2.0,110.0,9.0,0.0,0.0,0.0,0.0,0.0,68.0,0.0,131.0,0.0,0.0,0.0,0.0,0.0,0.0,0.0,0.0,0.0,0.0,0.0,0.0,44.0,0.0,134.0,2.0,0.0,0.0,0.0,0.0,0.0,0.0,0.0,0.0,0.0,0.0,0.0,0.0,0.0,0.0,0.0,1.0,0.0,0.0,0.0,0.0,0.0,0.0,0.0,0.0,0.0,0.0,0.0,0.0,0.0,0.0,0.0,0.0,0.0,0.0
ctx-lh-frontalpole,0.0,0.0,0.0,0.0,0.0,59.0,0.0,0.0,0.0,1.0,0.0,0.0,30.0,0.0,178.0,0.0,0.0,0.0,0.0,5.0,1.0,0.0,0.0,0.0,0.0,0.0,4.0,185.0,70.0,0.0,0.0,0.0,0.0,0.0,0.0,0.0,0.0,0.0,0.0,0.0,0.0,0.0,0.0,0.0,0.0,0.0,0.0,0.0,0.0,0.0,0.0,0.0,0.0,0.0,0.0,0.0,0.0,0.0,0.0,0.0,0.0,0.0,0.0,0.0,0.0,0.0,0.0,0.0
ctx-lh-fusiform,35.0,0.0,0.0,30.0,146.0,0.0,3243.0,172.0,1626.0,42.0,13.0,1365.0,3.0,745.0,1.0,681.0,0.0,224.0,0.0,0.0,0.0,128.0,1.0,0.0,1.0,31.0,0.0,0.0,0.0,63.0,159.0,7.0,149.0,6.0,0.0,0.0,0.0,1.0,0.0,0.0,0.0,1.0,0.0,0.0,1.0,0.0,0.0,1.0,0.0,0.0,0.0,0.0,0.0,0.0,0.0,0.0,0.0,0.0,0.0,1.0,0.0,0.0,0.0,1.0,1.0,1.0,0.0,0.0
ctx-lh-inferiorparietal,353.0,0.0,2.0,133.0,2.0,0.0,172.0,6805.0,267.0,26.0,40.0,1014.0,1.0,86.0,0.0,549.0,2.0,10.0,5.0,0.0,0.0,71.0,55.0,8.0,30.0,245.0,0.0,0.0,0.0,1973.0,173.0,1395.0,0.0,19.0,1.0,0.0,0.0,1.0,0.0,0.0,3.0,3.0,2.0,0.0,14.0,3.0,0.0,0.0,0.0,5.0,1.0,1.0,0.0,0.0,0.0,1.0,0.0,5.0,0.0,26.0,0.0,0.0,1.0,8.0,2.0,3.0,0.0,1.0
ctx-lh-inferiortemporal,117.0,0.0,0.0,13.0,110.0,0.0,1626.0,267.0,3012.0,41.0,9.0,307.0,2.0,90.0,0.0,2267.0,1.0,41.0,0.0,1.0,0.0,21.0,2.0,1.0,4.0,26.0,0.0,0.0,2.0,38.0,190.0,28.0,141.0,12.0,0.0,0.0,0.0,0.0,0.0,0.0,0.0,0.0,0.0,0.0,2.0,0.0,0.0,0.0,0.0,0.0,0.0,0.0,0.0,0.0,0.0,2.0,0.0,0.0,1.0,1.0,0.0,0.0,0.0,3.0,0.0,0.0,0.0,0.0
ctx-lh-insula,35.0,14.0,62.0,0.0,9.0,1.0,42.0,26.0,41.0,1737.0,10.0,2.0,522.0,8.0,63.0,95.0,12.0,5.0,263.0,13.0,87.0,2.0,333.0,5.0,294.0,32.0,21.0,80.0,111.0,86.0,289.0,306.0,10.0,108.0,0.0,5.0,3.0,1.0,0.0,0.0,0.0,2.0,0.0,0.0,5.0,2.0,0.0,0.0,0.0,0.0,2.0,0.0,0.0,0.0,1.0,0.0,1.0,4.0,0.0,9.0,4.0,2.0,12.0,3.0,0.0,1.0,0.0,0.0
ctx-lh-isthmuscingulate,7.0,34.0,0.0,18.0,0.0,0.0,13.0,40.0,9.0,10.0,756.0,12.0,0.0,177.0,0.0,18.0,2.0,102.0,1.0,0.0,2.0,19.0,3.0,443.0,6.0,925.0,2.0,1.0,17.0,103.0,19.0,11.0,0.0,4.0,5.0,0.0,1.0,2.0,0.0,0.0,2.0,5.0,4.0,4.0,85.0,1.0,0.0,13.0,0.0,6.0,9.0,0.0,0.0,0.0,0.0,5.0,3.0,41.0,0.0,75.0,0.0,0.0,3.0,31.0,6.0,4.0,0.0,6.0
ctx-lh-lateraloccipital,11.0,0.0,0.0,466.0,0.0,0.0,1365.0,1014.0,307.0,2.0,12.0,7710.0,0.0,1109.0,0.0,105.0,0.0,5.0,0.0,0.0,0.0,1070.0,2.0,1.0,0.0,53.0,0.0,0.0,0.0,627.0,13.0,5.0,1.0,2.0,1.0,0.0,0.0,0.0,0.0,0.0,0.0,1.0,0.0,1.0,5.0,0.0,0.0,2.0,0.0,0.0,0.0,0.0,0.0,0.0,0.0,0.0,0.0,0.0,0.0,3.0,0.0,0.0,0.0,1.0,0.0,0.0,0.0,0.0
ctx-lh-lateralorbitofrontal,0.0,12.0,5.0,0.0,0.0,30.0,3.0,1.0,2.0,522.0,0.0,0.0,3629.0,0.0,1397.0,0.0,0.0,0.0,27.0,456.0,358.0,0.0,0.0,2.0,0.0,1.0,151.0,711.0,104.0,0.0,13.0,0.0,4.0,0.0,0.0,3.0,0.0,0.0,0.0,0.0,0.0,0.0,0.0,0.0,0.0,0.0,0.0,0.0,3.0,0.0,0.0,0.0,0.0,0.0,1.0,0.0,0.0,0.0,0.0,0.0,6.0,1.0,1.0,0.0,0.0,0.0,0.0,0.0
ctx-lh-lingual,21.0,0.0,0.0,179.0,0.0,0.0,745.0,86.0,90.0,8.0,177.0,1109.0,0.0,6564.0,0.0,58.0,1.0,352.0,0.0,0.0,0.0,1605.0,1.0,3.0,3.0,276.0,0.0,0.0,0.0,86.0,40.0,3.0,0.0,2.0,0.0,0.0,1.0,66.0,0.0,0.0,1.0,3.0,0.0,0.0,7.0,14.0,0.0,142.0,0.0,2.0,0.0,1.0,0.0,0.0,0.0,45.0,0.0,0.0,0.0,10.0,0.0,0.0,0.0,6.0,0.0,2.0,0.0,0.0
ctx-lh-medialorbitofrontal,0.0,13.0,2.0,0.0,0.0,178.0,1.0,0.0,0.0,63.0,0.0,0.0,1397.0,0.0,1902.0,1.0,0.0,0.0,5.0,92.0,53.0,0.0,1.0,0.0,0.0,0.0,559.0,835.0,313.0,0.0,1.0,0.0,0.0,0.0,0.0,5.0,0.0,0.0,0.0,0.0,0.0,0.0,0.0,0.0,0.0,0.0,3.0,0.0,32.0,0.0,0.0,0.0,0.0,2.0,1.0,0.0,0.0,0.0,0.0,0.0,10.0,1.0,7.0,0.0,0.0,0.0,0.0,0.0
ctx-lh-middletemporal,698.0,0.0,1.0,15.0,68.0,0.0,681.0,549.0,2267.0,95.0,18.0,105.0,0.0,58.0,1.0,3479.0,2.0,43.0,1.0,0.0,0.0,14.0,10.0,3.0,8.0,15.0,0.0,0.0,0.0,57.0,822.0,103.0,197.0,20.0,1.0,0.0,0.0,0.0,0.0,0.0,0.0,1.0,0.0,0.0,6.0,0.0,0.0,0.0,0.0,1.0,2.0,0.0,0.0,0.0,0.0,0.0,0.0,2.0,0.0,7.0,0.0,0.0,0.0,2.0,0.0,0.0,0.0,0.0
ctx-lh-paracentral,0.0,35.0,16.0,0.0,0.0,0.0,0.0,2.0,1.0,12.0,2.0,0.0,0.0,1.0,0.0,2.0,1709.0,0.0,6.0,0.0,0.0,0.0,630.0,193.0,706.0,193.0,1.0,3.0,586.0,157.0,5.0,8.0,0.0,1.0,0.0,13.0,8.0,0.0,0.0,0.0,0.0,2.0,0.0,4.0,12.0,0.0,0.0,0.0,0.0,1.0,61.0,0.0,3.0,0.0,1.0,0.0,13.0,46.0,33.0,17.0,1.0,1.0,66.0,12.0,0.0,4.0,0.0,0.0
ctx-lh-parahippocampal,3.0,0.0,0.0,4.0,131.0,0.0,224.0,10.0,41.0,5.0,102.0,5.0,0.0,352.0,0.0,43.0,0.0,586.0,0.0,0.0,0.0,5.0,0.0,1.0,0.0,18.0,0.0,0.0,0.0,6.0,11.0,0.0,1.0,2.0,0.0,0.0,0.0,2.0,0.0,0.0,0.0,1.0,0.0,0.0,1.0,0.0,0.0,0.0,0.0,0.0,0.0,0.0,0.0,0.0,0.0,0.0,0.0,0.0,0.0,1.0,0.0,0.0,0.0,0.0,0.0,0.0,0.0,0.0
ctx-lh-parsopercularis,5.0,38.0,453.0,0.0,0.0,0.0,0.0,5.0,0.0,263.0,1.0,0.0,27.0,0.0,5.0,1.0,6.0,0.0,1905.0,15.0,453.0,0.0,82.0,6.0,663.0,3.0,29.0,462.0,240.0,17.0,6.0,44.0,0.0,0.0,0.0,17.0,3.0,0.0,0.0,0.0,0.0,0.0,0.0,1.0,0.0,0.0,1.0,0.0,0.0,1.0,0.0,0.0,3.0,1.0,0.0,0.0,1.0,4.0,2.0,0.0,7.0,5.0,19.0,2.0,0.0,0.0,0.0,0.0
ctx-lh-parsorbitalis,0.0,5.0,3.0,0.0,0.0,5.0,0.0,0.0,1.0,13.0,0.0,0.0,456.0,0.0,92.0,0.0,0.0,0.0,15.0,437.0,400.0,0.0,0.0,2.0,1.0,0.0,38.0,524.0,47.0,0.0,0.0,0.0,0.0,0.0,0.0,1.0,0.0,0.0,0.0,0.0,0.0,0.0,0.0,0.0,0.0,0.0,0.0,0.0,0.0,0.0,0.0,0.0,0.0,0.0,0.0,0.0,0.0,0.0,0.0,0.0,1.0,0.0,2.0,0.0,0.0,0.0,0.0,0.0
ctx-lh-parstriangularis,0.0,14.0,34.0,0.0,0.0,1.0,0.0,0.0,0.0,87.0,2.0,0.0,358.0,0.0,53.0,0.0,0.0,0.0,453.0,400.0,1293.0,0.0,0.0,1.0,13.0,0.0,49.0,725.0,106.0,1.0,1.0,1.0,0.0,1.0,0.0,12.0,0.0,0.0,0.0,0.0,0.0,0.0,0.0,0.0,1.0,0.0,0.0,0.0,2.0,0.0,0.0,0.0,0.0,0.0,1.0,0.0,0.0,1.0,0.0,0.0,3.0,2.0,6.0,0.0,0.0,0.0,0.0,0.0
ctx-lh-pericalcarine,2.0,0.0,0.0,1407.0,0.0,0.0,128.0,71.0,21.0,2.0,19.0,1070.0,0.0,1605.0,0.0,14.0,0.0,5.0,0.0,0.0,0.0,1131.0,1.0,0.0,0.0,272.0,0.0,0.0,0.0,161.0,15.0,3.0,0.0,2.0,1.0,0.0,0.0,41.0,0.0,0.0,0.0,1.0,0.0,1.0,4.0,4.0,0.0,2.0,0.0,1.0,1.0,0.0,0.0,0.0,0.0,39.0,0.0,2.0,0.0,12.0,0.0,0.0,0.0,3.0,0.0,0.0,0.0,0.0
ctx-lh-postcentral,13.0,3.0,92.0,2.0,0.0,0.0,1.0,55.0,2.0,333.0,3.0,2.0,0.0,1.0,1.0,10.0,630.0,0.0,82.0,0.0,0.0,1.0,6219.0,19.0,1821.0,97.0,2.0,6.0,66.0,691.0,51.0,1496.0,0.0,17.0,1.0,2.0,3.0,0.0,0.0,0.0,0.0,2.0,2.0,3.0,3.0,0.0,0.0,0.0,0.0,0.0,6.0,0.0,2.0,0.0,1.0,0.0,3.0,18.0,12.0,12.0,0.0,0.0,12.0,9.0,0.0,2.0,0.0,0.0
ctx-lh-posteriorcingulate,1.0,419.0,8.0,0.0,0.0,0.0,0.0,8.0,1.0,5.0,443.0,1.0,2.0,3.0,0.0,3.0,193.0,1.0,6.0,2.0,1.0,0.0,19.0,1104.0,55.0,454.0,22.0,7.0,329.0,42.0,5.0,7.0,0.0,0.0,1.0,47.0,11.0,1.0,0.0,0.0,0.0,7.0,0.0,6.0,35.0,0.0,0.0,3.0,0.0,1.0,56.0,1.0,4.0,0.0,1.0,0.0,13.0,124.0,31.0,48.0,5.0,6.0,86.0,25.0,3.0,4.0,0.0,3.0
ctx-lh-precentral,10.0,21.0,1078.0,0.0,0.0,0.0,1.0,30.0,4.0,294.0,6.0,0.0,0.0,3.0,0.0,8.0,706.0,0.0,663.0,1.0,13.0,0.0,1821.0,55.0,7016.0,45.0,4.0,23.0,934.0,179.0,40.0,246.0,0.0,8.0,0.0,18.0,7.0,0.0,0.0,0.0,0.0,1.0,0.0,3.0,6.0,0.0,0.0,0.0,0.0,0.0,14.0,0.0,4.0,0.0,1.0,0.0,5.0,27.0,18.0,8.0,1.0,5.0,45.0,3.0,2.0,0.0,0.0,0.0
ctx-lh-precuneus,24.0,26.0,5.0,303.0,0.0,0.0,31.0,245.0,26.0,32.0,925.0,53.0,1.0,276.0,0.0,15.0,193.0,18.0,3.0,0.0,0.0,272.0,97.0,454.0,45.0,4539.0,0.0,2.0,33.0,2208.0,56.0,50.0,0.0,17.0,6.0,7.0,2.0,6.0,0.0,0.0,1.0,19.0,10.0,7.0,113.0,7.0,0.0,12.0,0.0,13.0,33.0,0.0,0.0,0.0,1.0,1.0,14.0,55.0,12.0,171.0,0.0,1.0,8.0,57.0,15.0,12.0,0.0,9.0
ctx-lh-rostralanteriorcingulate,0.0,281.0,14.0,0.0,0.0,4.0,0.0,0.0,0.0,21.0,2.0,0.0,151.0,0.0,559.0,0.0,1.0,0.0,29.0,38.0,49.0,0.0,2.0,22.0,4.0,0.0,1106.0,247.0,706.0,1.0,0.0,0.0,0.0,0.0,0.0,78.0,1.0,0.0,0.0,1.0,0.0,0.0,0.0,4.0,1.0,0.0,9.0,0.0,23.0,0.0,1.0,0.0,3.0,3.0,15.0,0.0,1.0,1.0,1.0,1.0,92.0,21.0,40.0,0.0,0.0,0.0,0.0,0.0
ctx-lh-rostralmiddlefrontal,0.0,80.0,672.0,0.0,0.0,185.0,0.0,0.0,0.0,80.0,1.0,0.0,711.0,0.0,835.0,0.0,3.0,0.0,462.0,524.0,725.0,0.0,6.0,7.0,23.0,2.0,247.0,6693.0,3099.0,0.0,0.0,1.0,0.0,0.0,0.0,36.0,6.0,0.0,0.0,0.0,0.0,0.0,0.0,3.0,0.0,0.0,1.0,0.0,9.0,0.0,0.0,0.0,5.0,3.0,4.0,0.0,0.0,2.0,0.0,0.0,19.0,14.0,35.0,0.0,0.0,0.0,0.0,0.0
ctx-lh-superiorfrontal,0.0,567.0,1061.0,0.0,0.0,70.0,0.0,0.0,2.0,111.0,17.0,0.0,104.0,0.0,313.0,0.0,586.0,0.0,240.0,47.0,106.0,0.0,66.0,329.0,934.0,33.0,706.0,3099.0,10585.0,31.0,1.0,13.0,0.0,2.0,0.0,138.0,29.0,0.0,0.0,0.0,0.0,0.0,0.0,9.0,3.0,0.0,5.0,0.0,10.0,1.0,26.0,0.0,22.0,2.0,12.0,1.0,5.0,40.0,44.0,8.0,33.0,56.0,239.0,5.0,0.0,3.0,0.0,0.0
ctx-lh-superiorparietal,47.0,6.0,17.0,691.0,0.0,0.0,63.0,1973.0,38.0,86.0,103.0,627.0,0.0,86.0,0.0,57.0,157.0,6.0,17.0,0.0,1.0,161.0,691.0,42.0,179.0,2208.0,1.0,0.0,31.0,6793.0,104.0,713.0,0.0,29.0,2.0,3.0,2.0,1.0,0.0,0.0,2.0,9.0,9.0,9.0,37.0,4.0,0.0,3.0,0.0,5.0,17.0,3.0,2.0,0.0,0.0,0.0,4.0,28.0,10.0,82.0,0.0,0.0,7.0,29.0,12.0,5.0,0.0,2.0
ctx-lh-superiortemporal,950.0,0.0,0.0,5.0,44.0,0.0,159.0,173.0,190.0,289.0,19.0,13.0,13.0,40.0,1.0,822.0,5.0,11.0,6.0,0.0,1.0,15.0,51.0,5.0,40.0,56.0,0.0,0.0,1.0,104.0,4922.0,522.0,183.0,723.0,0.0,0.0,0.0,0.0,0.0,0.0,0.0,0.0,1.0,1.0,13.0,0.0,0.0,0.0,0.0,3.0,3.0,0.0,0.0,0.0,0.0,2.0,1.0,4.0,0.0,16.0,0.0,0.0,2.0,8.0,2.0,1.0,0.0,0.0
ctx-lh-supramarginal,323.0,2.0,18.0,4.0,0.0,0.0,7.0,1395.0,28.0,306.0,11.0,5.0,0.0,3.0,0.0,103.0,8.0,0.0,44.0,0.0,1.0,3.0,1496.0,7.0,246.0,50.0,0.0,1.0,13.0,713.0,522.0,4656.0,0.0,44.0,0.0,0.0,1.0,0.0,0.0,0.0,1.0,3.0,1.0,0.0,7.0,2.0,0.0,2.0,0.0,3.0,1.0,0.0,0.0,0.0,0.0,0.0,0.0,2.0,3.0,13.0,0.0,0.0,3.0,5.0,1.0,2.0,0.0,0.0
ctx-lh-temporalpole,0.0,0.0,0.0,1.0,134.0,0.0,149.0,0.0,141.0,10.0,0.0,1.0,4.0,0.0,0.0,197.0,0.0,1.0,0.0,0.0,0.0,0.0,0.0,0.0,0.0,0.0,0.0,0.0,0.0,0.0,183.0,0.0,369.0,0.0,0.0,0.0,0.0,0.0,0.0,0.0,0.0,0.0,0.0,0.0,1.0,0.0,0.0,0.0,0.0,0.0,0.0,0.0,0.0,0.0,0.0,0.0,0.0,0.0,0.0,0.0,0.0,0.0,0.0,0.0,0.0,0.0,0.0,0.0
ctx-lh-transversetemporal,24.0,0.0,0.0,2.0,2.0,0.0,6.0,19.0,12.0,108.0,4.0,2.0,0.0,2.0,0.0,20.0,1.0,2.0,0.0,0.0,1.0,2.0,17.0,0.0,8.0,17.0,0.0,0.0,2.0,29.0,723.0,44.0,0.0,391.0,1.0,1.0,0.0,0.0,0.0,0.0,0.0,1.0,0.0,1.0,4.0,0.0,0.0,0.0,0.0,0.0,0.0,0.0,0.0,0.0,0.0,0.0,1.0,1.0,0.0,3.0,0.0,0.0,0.0,0.0,0.0,1.0,0.0,0.0
ctx-rh-bankssts,0.0,0.0,0.0,0.0,0.0,0.0,0.0,1.0,0.0,0.0,5.0,1.0,0.0,0.0,0.0,1.0,0.0,0.0,0.0,0.0,0.0,1.0,1.0,1.0,0.0,6.0,0.0,0.0,0.0,2.0,0.0,0.0,0.0,1.0,600.0,0.0,0.0,3.0,0.0,0.0,4.0,420.0,145.0,20.0,6.0,14.0,1.0,8.0,0.0,591.0,2.0,2.0,0.0,0.0,0.0,5.0,20.0,2.0,17.0,28.0,0.0,0.0,2.0,43.0,461.0,316.0,0.0,9.0
ctx-rh-caudalanteriorcingulate,0.0,98.0,25.0,0.0,0.0,0.0,0.0,0.0,0.0,5.0,0.0,0.0,3.0,0.0,5.0,0.0,13.0,0.0,17.0,1.0,12.0,0.0,2.0,47.0,18.0,7.0,78.0,36.0,138.0,3.0,0.0,0.0,0.0,1.0,0.0,551.0,31.0,0.0,0.0,4.0,0.0,1.0,1.0,19.0,23.0,0.0,22.0,0.0,29.0,0.0,16.0,0.0,38.0,21.0,49.0,0.0,5.0,324.0,25.0,18.0,354.0,151.0,697.0,4.0,0.0,2.0,0.0,0.0
ctx-rh-caudalmiddlefrontal,0.0,11.0,3.0,0.0,0.0,0.0,0.0,0.0,0.0,3.0,1.0,0.0,0.0,1.0,0.0,0.0,8.0,0.0,3.0,0.0,0.0,0.0,3.0,11.0,7.0,2.0,1.0,6.0,29.0,2.0,0.0,1.0,0.0,0.0,0.0,31.0,2167.0,0.0,0.0,0.0,0.0,4.0,0.0,44.0,1.0,0.0,2.0,1.0,0.0,0.0,22.0,0.0,247.0,0.0,26.0,1.0,66.0,26.0,1008.0,6.0,2.0,701.0,922.0,17.0,2.0,16.0,0.0,0.0
ctx-rh-cuneus,0.0,0.0,0.0,61.0,0.0,0.0,1.0,1.0,0.0,1.0,2.0,0.0,0.0,66.0,0.0,0.0,0.0,2.0,0.0,0.0,0.0,41.0,0.0,1.0,0.0,6.0,0.0,0.0,0.0,1.0,0.0,0.0,0.0,0.0,3.0,0.0,0.0,1651.0,0.0,0.0,63.0,93.0,34.0,4.0,25.0,846.0,0.0,191.0,0.0,13.0,0.0,3.0,0.0,0.0,0.0,1484.0,3.0,1.0,0.0,505.0,0.0,0.0,0.0,520.0,10.0,2.0,0.0,1.0
ctx-rh-entorhinal,0.0,0.0,0.0,0.0,0.0,0.0,0.0,0.0,0.0,0.0,0.0,0.0,0.0,0.0,0.0,0.0,0.0,0.0,0.0,0.0,0.0,0.0,0.0,0.0,0.0,0.0,0.0,0.0,0.0,0.0,0.0,0.0,0.0,0.0,0.0,0.0,0.0,0.0,319.0,0.0,126.0,1.0,84.0,8.0,0.0,1.0,1.0,1.0,0.0,49.0,0.0,197.0,0.0,0.0,0.0,1.0,0.0,0.0,0.0,0.0,0.0,0.0,0.0,0.0,32.0,1.0,192.0,0.0
ctx-rh-frontalpole,0.0,0.0,0.0,0.0,0.0,0.0,0.0,0.0,0.0,0.0,0.0,0.0,0.0,0.0,0.0,0.0,0.0,0.0,0.0,0.0,0.0,0.0,0.0,0.0,0.0,0.0,1.0,0.0,0.0,0.0,0.0,0.0,0.0,0.0,0.0,4.0,0.0,0.0,0.0,67.0,0.0,0.0,0.0,1.0,0.0,0.0,103.0,0.0,353.0,0.0,0.0,0.0,0.0,23.0,1.0,0.0,0.0,0.0,0.0,0.0,11.0,281.0,136.0,0.0,0.0,0.0,0.0,0.0
ctx-rh-fusiform,0.0,0.0,1.0,0.0,0.0,0.0,0.0,3.0,0.0,0.0,2.0,0.0,0.0,1.0,0.0,0.0,0.0,0.0,0.0,0.0,0.0,0.0,0.0,0.0,0.0,1.0,0.0,0.0,0.0,2.0,0.0,1.0,0.0,0.0,4.0,0.0,0.0,63.0,126.0,0.0,3783.0,35.0,1806.0,50.0,21.0,1515.0,2.0,720.0,0.0,378.0,0.0,260.0,0.0,0.0,0.0,255.0,2.0,0.0,1.0,24.0,0.0,0.0,0.0,23.0,174.0,3.0,149.0,2.0
ctx-rh-inferiorparietal,0.0,0.0,0.0,1.0,0.0,0.0,1.0,3.0,0.0,2.0,5.0,1.0,0.0,3.0,0.0,1.0,2.0,1.0,0.0,0.0,0.0,1.0,2.0,7.0,1.0,19.0,0.0,0.0,0.0,9.0,0.0,3.0,0.0,1.0,420.0,1.0,4.0,93.0,1.0,0.0,35.0,5971.0,219.0,37.0,35.0,671.0,1.0,41.0,0.0,472.0,4.0,2.0,0.0,0.0,0.0,38.0,140.0,8.0,63.0,263.0,0.0,0.0,4.0,1449.0,224.0,1161.0,1.0,13.0
ctx-rh-inferiortemporal,0.0,0.0,0.0,0.0,0.0,0.0,0.0,2.0,0.0,0.0,4.0,0.0,0.0,0.0,0.0,0.0,0.0,0.0,0.0,0.0,0.0,0.0,2.0,0.0,0.0,10.0,0.0,0.0,0.0,9.0,1.0,1.0,0.0,0.0,145.0,1.0,0.0,34.0,84.0,0.0,1806.0,219.0,2974.0,58.0,13.0,257.0,8.0,188.0,1.0,1802.0,1.0,89.0,0.0,0.0,0.0,62.0,12.0,1.0,5.0,63.0,0.0,0.0,0.0,44.0,274.0,40.0,121.0,11.0
ctx-rh-insula,0.0,6.0,5.0,0.0,0.0,0.0,0.0,0.0,0.0,0.0,4.0,1.0,0.0,0.0,0.0,0.0,4.0,0.0,1.0,0.0,0.0,1.0,3.0,6.0,3.0,7.0,4.0,3.0,9.0,9.0,1.0,0.0,0.0,1.0,20.0,19.0,44.0,4.0,8.0,1.0,50.0,37.0,58.0,1867.0,10.0,5.0,435.0,13.0,34.0,138.0,20.0,3.0,152.0,34.0,155.0,4.0,235.0,12.0,248.0,49.0,17.0,112.0,97.0,79.0,380.0,219.0,18.0,116.0
ctx-rh-isthmuscingulate,6.0,4.0,0.0,2.0,0.0,0.0,1.0,14.0,2.0,5.0,85.0,5.0,0.0,7.0,0.0,6.0,12.0,1.0,0.0,0.0,1.0,4.0,3.0,35.0,6.0,113.0,1.0,0.0,3.0,37.0,13.0,7.0,1.0,4.0,6.0,23.0,1.0,25.0,0.0,0.0,21.0,35.0,13.0,10.0,1128.0,14.0,0.0,210.0,1.0,23.0,15.0,152.0,0.0,0.0,0.0,12.0,9.0,375.0,6.0,1172.0,0.0,0.0,20.0,104.0,17.0,6.0,0.0,4.0
ctx-rh-lateraloccipital,0.0,0.0,0.0,25.0,0.0,0.0,0.0,3.0,0.0,2.0,1.0,0.0,0.0,14.0,0.0,0.0,0.0,0.0,0.0,0.0,0.0,4.0,0.0,0.0,0.0,7.0,0.0,0.0,0.0,4.0,0.0,2.0,0.0,0.0,14.0,0.0,0.0,846.0,1.0,0.0,1515.0,671.0,257.0,5.0,14.0,8447.0,0.0,792.0,0.0,169.0,0.0,9.0,0.0,0.0,0.0,1297.0,1.0,0.0,0.0,123.0,0.0,0.0,0.0,696.0,14.0,6.0,1.0,3.0
ctx-rh-lateralorbitofrontal,0.0,2.0,0.0,0.0,0.0,0.0,0.0,0.0,0.0,0.0,0.0,0.0,0.0,0.0,3.0,0.0,0.0,0.0,1.0,0.0,0.0,0.0,0.0,0.0,0.0,0.0,9.0,1.0,5.0,0.0,0.0,0.0,0.0,0.0,1.0,22.0,2.0,0.0,1.0,103.0,2.0,1.0,8.0,435.0,0.0,0.0,2615.0,1.0,797.0,9.0,0.0,0.0,13.0,532.0,211.0,0.0,0.0,1.0,1.0,0.0,130.0,370.0,81.0,0.0,11.0,0.0,1.0,0.0
ctx-rh-lingual,2.0,0.0,0.0,3.0,0.0,0.0,1.0,0.0,0.0,0.0,13.0,2.0,0.0,142.0,0.0,0.0,0.0,0.0,0.0,0.0,0.0,2.0,0.0,3.0,0.0,12.0,0.0,0.0,0.0,3.0,0.0,2.0,0.0,0.0,8.0,0.0,1.0,191.0,1.0,0.0,720.0,41.0,188.0,13.0,210.0,792.0,1.0,5816.0,0.0,80.0,1.0,322.0,0.0,0.0,0.0,1497.0,3.0,3.0,1.0,298.0,0.0,0.0,0.0,50.0,30.0,5.0,0.0,4.0
ctx-rh-medialorbitofrontal,0.0,7.0,0.0,0.0,0.0,0.0,0.0,0.0,0.0,0.0,0.0,0.0,3.0,0.0,32.0,0.0,0.0,0.0,0.0,0.0,2.0,0.0,0.0,0.0,0.0,0.0,23.0,9.0,10.0,0.0,0.0,0.0,0.0,0.0,0.0,29.0,0.0,0.0,0.0,353.0,0.0,0.0,1.0,34.0,1.0,0.0,797.0,0.0,2064.0,0.0,0.0,0.0,3.0,96.0,46.0,0.0,0.0,1.0,0.0,0.0,510.0,767.0,427.0,0.0,0.0,0.0,0.0,0.0
ctx-rh-middletemporal,0.0,0.0,0.0,1.0,1.0,0.0,0.0,5.0,0.0,0.0,6.0,0.0,0.0,2.0,0.0,1.0,1.0,0.0,1.0,0.0,0.0,1.0,0.0,1.0,0.0,13.0,0.0,0.0,1.0,5.0,3.0,3.0,0.0,0.0,591.0,0.0,0.0,13.0,49.0,0.0,378.0,472.0,1802.0,138.0,23.0,169.0,9.0,80.0,0.0,4032.0,3.0,25.0,3.0,0.0,1.0,31.0,14.0,4.0,11.0,54.0,0.0,1.0,3.0,84.0,882.0,105.0,92.0,16.0
ctx-rh-paracentral,0.0,7.0,3.0,1.0,0.0,0.0,0.0,1.0,0.0,2.0,9.0,0.0,0.0,0.0,0.0,2.0,61.0,0.0,0.0,0.0,0.0,1.0,6.0,56.0,14.0,33.0,1.0,0.0,26.0,17.0,3.0,1.0,0.0,0.0,2.0,16.0,22.0,0.0,0.0,0.0,0.0,4.0,1.0,20.0,15.0,0.0,0.0,1.0,0.0,3.0,1877.0,0.0,8.0,0.0,1.0,1.0,461.0,231.0,684.0,274.0,1.0,2.0,557.0,275.0,10.0,7.0,0.0,1.0
ctx-rh-parahippocampal,0.0,0.0,0.0,0.0,0.0,0.0,0.0,1.0,0.0,0.0,0.0,0.0,0.0,1.0,0.0,0.0,0.0,0.0,0.0,0.0,0.0,0.0,0.0,1.0,0.0,0.0,0.0,0.0,0.0,3.0,0.0,0.0,0.0,0.0,2.0,0.0,0.0,3.0,197.0,0.0,260.0,2.0,89.0,3.0,152.0,9.0,0.0,322.0,0.0,25.0,0.0,652.0,0.0,0.0,0.0,7.0,1.0,0.0,1.0,16.0,0.0,0.0,0.0,3.0,7.0,0.0,0.0,1.0
ctx-rh-parsopercularis,0.0,9.0,2.0,0.0,0.0,0.0,0.0,0.0,0.0,0.0,0.0,0.0,0.0,0.0,0.0,0.0,3.0,0.0,3.0,0.0,0.0,0.0,2.0,4.0,4.0,0.0,3.0,5.0,22.0,2.0,0.0,0.0,0.0,0.0,0.0,38.0,247.0,0.0,0.0,0.0,0.0,0.0,0.0,152.0,0.0,0.0,13.0,0.0,3.0,3.0,8.0,0.0,1213.0,6.0,292.0,0.0,73.0,11.0,464.0,2.0,4.0,330.0,201.0,3.0,3.0,22.0,0.0,0.0
ctx-rh-parsorbitalis,0.0,2.0,0.0,0.0,0.0,0.0,0.0,0.0,0.0,0.0,0.0,0.0,0.0,0.0,2.0,0.0,0.0,0.0,1.0,0.0,0.0,0.0,0.0,0.0,0.0,0.0,3.0,3.0,2.0,0.0,0.0,0.0,0.0,0.0,0.0,21.0,0.0,0.0,0.0,23.0,0.0,0.0,0.0,34.0,0.0,0.0,532.0,0.0,96.0,0.0,0.0,0.0,6.0,461.0,363.0,0.0,0.0,0.0,1.0,0.0,45.0,603.0,99.0,0.0,0.0,0.0,1.0,0.0
ctx-rh-parstriangularis,0.0,13.0,1.0,0.0,0.0,0.0,0.0,0.0,0.0,1.0,0.0,0.0,1.0,0.0,1.0,0.0,1.0,0.0,0.0,0.0,1.0,0.0,1.0,1.0,1.0,1.0,15.0,4.0,12.0,0.0,0.0,0.0,0.0,0.0,0.0,49.0,26.0,0.0,0.0,1.0,0.0,0.0,0.0,155.0,0.0,0.0,211.0,0.0,46.0,1.0,1.0,0.0,292.0,363.0,1231.0,0.0,7.0,4.0,20.0,0.0,42.0,733.0,235.0,1.0,3.0,2.0,0.0,0.0
ctx-rh-pericalcarine,0.0,0.0,0.0,30.0,0.0,0.0,0.0,1.0,2.0,0.0,5.0,0.0,0.0,45.0,0.0,0.0,0.0,0.0,0.0,0.0,0.0,39.0,0.0,0.0,0.0,1.0,0.0,0.0,1.0,0.0,2.0,0.0,0.0,0.0,5.0,0.0,1.0,1484.0,1.0,0.0,255.0,38.0,62.0,4.0,12.0,1297.0,0.0,1497.0,0.0,31.0,1.0,7.0,0.0,0.0,0.0,1329.0,1.0,2.0,1.0,276.0,0.0,0.0,0.0,64.0,12.0,2.0,2.0,1.0
ctx-rh-postcentral,0.0,0.0,2.0,0.0,0.0,0.0,0.0,0.0,0.0,1.0,3.0,0.0,0.0,0.0,0.0,0.0,13.0,0.0,1.0,0.0,0.0,0.0,3.0,13.0,5.0,14.0,1.0,0.0,5.0,4.0,1.0,0.0,0.0,1.0,20.0,5.0,66.0,3.0,0.0,0.0,2.0,140.0,12.0,235.0,9.0,1.0,0.0,3.0,0.0,14.0,461.0,1.0,73.0,0.0,7.0,1.0,6307.0,16.0,1928.0,127.0,0.0,12.0,69.0,771.0,33.0,1694.0,0.0,14.0
ctx-rh-posteriorcingulate,1.0,29.0,5.0,1.0,0.0,0.0,0.0,5.0,0.0,4.0,41.0,0.0,0.0,0.0,0.0,2.0,46.0,0.0,4.0,0.0,1.0,2.0,18.0,124.0,27.0,55.0,1.0,2.0,40.0,28.0,4.0,2.0,0.0,1.0,2.0,324.0,26.0,1.0,0.0,0.0,0.0,8.0,1.0,12.0,375.0,0.0,1.0,3.0,1.0,4.0,231.0,0.0,11.0,0.0,4.0,2.0,16.0,911.0,50.0,381.0,8.0,18.0,403.0,55.0,7.0,9.0,0.0,5.0
ctx-rh-precentral,0.0,12.0,3.0,0.0,0.0,0.0,0.0,0.0,1.0,0.0,0.0,0.0,0.0,0.0,0.0,0.0,33.0,0.0,2.0,0.0,0.0,0.0,12.0,31.0,18.0,12.0,1.0,0.0,44.0,10.0,0.0,3.0,0.0,0.0,17.0,25.0,1008.0,0.0,0.0,0.0,1.0,63.0,5.0,248.0,6.0,0.0,1.0,1.0,0.0,11.0,684.0,1.0,464.0,1.0,20.0,1.0,1928.0,50.0,7522.0,38.0,1.0,70.0,1069.0,220.0,24.0,292.0,0.0,9.0
ctx-rh-precuneus,6.0,6.0,3.0,9.0,0.0,0.0,1.0,26.0,1.0,9.0,75.0,3.0,0.0,10.0,0.0,7.0,17.0,1.0,0.0,0.0,0.0,12.0,12.0,48.0,8.0,171.0,1.0,0.0,8.0,82.0,16.0,13.0,0.0,3.0,28.0,18.0,6.0,505.0,0.0,0.0,24.0,263.0,63.0,49.0,1172.0,123.0,0.0,298.0,0.0,54.0,274.0,16.0,2.0,0.0,0.0,276.0,127.0,381.0,38.0,4545.0,0.0,0.0,31.0,2467.0,68.0,53.0,0.0,17.0
ctx-rh-rostralanteriorcingulate,0.0,37.0,1.0,0.0,0.0,0.0,0.0,0.0,0.0,4.0,0.0,0.0,6.0,0.0,10.0,0.0,1.0,0.0,7.0,1.0,3.0,0.0,0.0,5.0,1.0,0.0,92.0,19.0,33.0,0.0,0.0,0.0,0.0,0.0,0.0,354.0,2.0,0.0,0.0,11.0,0.0,0.0,0.0,17.0,0.0,0.0,130.0,0.0,510.0,0.0,1.0,0.0,4.0,45.0,42.0,0.0,0.0,8.0,1.0,0.0,681.0,132.0,344.0,0.0,1.0,0.0,1.0,0.0
ctx-rh-rostralmiddlefrontal,0.0,42.0,13.0,0.0,0.0,0.0,0.0,0.0,0.0,2.0,0.0,0.0,1.0,0.0,1.0,0.0,1.0,0.0,5.0,0.0,2.0,0.0,0.0,6.0,5.0,1.0,21.0,14.0,56.0,0.0,0.0,0.0,0.0,0.0,0.0,151.0,701.0,0.0,0.0,281.0,0.0,0.0,0.0,112.0,0.0,0.0,370.0,0.0,767.0,1.0,2.0,0.0,330.0,603.0,733.0,0.0,12.0,18.0,70.0,0.0,132.0,6080.0,2812.0,3.0,1.0,1.0,0.0,0.0
ctx-rh-superiorfrontal,0.0,122.0,34.0,0.0,0.0,0.0,0.0,1.0,0.0,12.0,3.0,0.0,1.0,0.0,7.0,0.0,66.0,0.0,19.0,2.0,6.0,0.0,12.0,86.0,45.0,8.0,40.0,35.0,239.0,7.0,2.0,3.0,0.0,0.0,2.0,697.0,922.0,0.0,0.0,136.0,0.0,4.0,0.0,97.0,20.0,0.0,81.0,0.0,427.0,3.0,557.0,0.0,201.0,99.0,235.0,0.0,69.0,403.0,1069.0,31.0,344.0,2812.0,10063.0,22.0,3.0,17.0,0.0,0.0
ctx-rh-superiorparietal,1.0,1.0,0.0,9.0,0.0,0.0,1.0,8.0,3.0,3.0,31.0,1.0,0.0,6.0,0.0,2.0,12.0,0.0,2.0,0.0,0.0,3.0,9.0,25.0,3.0,57.0,0.0,0.0,5.0,29.0,8.0,5.0,0.0,0.0,43.0,4.0,17.0,520.0,0.0,0.0,23.0,1449.0,44.0,79.0,104.0,696.0,0.0,50.0,0.0,84.0,275.0,3.0,3.0,0.0,1.0,64.0,771.0,55.0,220.0,2467.0,0.0,3.0,22.0,5744.0,80.0,536.0,0.0,22.0
ctx-rh-superiortemporal,0.0,0.0,0.0,0.0,0.0,0.0,1.0,2.0,0.0,0.0,6.0,0.0,0.0,0.0,0.0,0.0,0.0,0.0,0.0,0.0,0.0,0.0,0.0,3.0,2.0,15.0,0.0,0.0,0.0,12.0,2.0,1.0,0.0,0.0,461.0,0.0,2.0,10.0,32.0,0.0,174.0,224.0,274.0,380.0,17.0,14.0,11.0,30.0,0.0,882.0,10.0,7.0,3.0,0.0,3.0,12.0,33.0,7.0,24.0,68.0,1.0,1.0,3.0,80.0,6650.0,538.0,157.0,536.0
ctx-rh-supramarginal,1.0,1.0,0.0,0.0,0.0,0.0,1.0,3.0,0.0,1.0,4.0,0.0,0.0,2.0,0.0,0.0,4.0,0.0,0.0,0.0,0.0,0.0,2.0,4.0,0.0,12.0,0.0,0.0,3.0,5.0,1.0,2.0,0.0,1.0,316.0,2.0,16.0,2.0,1.0,0.0,3.0,1161.0,40.0,219.0,6.0,6.0,0.0,5.0,0.0,105.0,7.0,0.0,22.0,0.0,2.0,2.0,1694.0,9.0,292.0,53.0,0.0,1.0,17.0,536.0,538.0,5082.0,0.0,40.0
ctx-rh-temporalpole,0.0,0.0,0.0,0.0,0.0,0.0,0.0,0.0,0.0,0.0,0.0,0.0,0.0,0.0,0.0,0.0,0.0,0.0,0.0,0.0,0.0,0.0,0.0,0.0,0.0,0.0,0.0,0.0,0.0,0.0,0.0,0.0,0.0,0.0,0.0,0.0,0.0,0.0,192.0,0.0,149.0,1.0,121.0,18.0,0.0,1.0,1.0,0.0,0.0,92.0,0.0,0.0,0.0,1.0,0.0,2.0,0.0,0.0,0.0,0.0,1.0,0.0,0.0,0.0,157.0,0.0,346.0,0.0
ctx-rh-transversetemporal,0.0,0.0,0.0,0.0,0.0,0.0,0.0,1.0,0.0,0.0,6.0,0.0,0.0,0.0,0.0,0.0,0.0,0.0,0.0,0.0,0.0,0.0,0.0,3.0,0.0,9.0,0.0,0.0,0.0,2.0,0.0,0.0,0.0,0.0,9.0,0.0,0.0,1.0,0.0,0.0,2.0,13.0,11.0,116.0,4.0,3.0,0.0,4.0,0.0,16.0,1.0,1.0,0.0,0.0,0.0,1.0,14.0,5.0,9.0,17.0,0.0,0.0,0.0,22.0,536.0,40.0,0.0,220.0
