,ctx-lh-bankssts,ctx-lh-caudalanteriorcingulate,ctx-lh-caudalmiddlefrontal,ctx-lh-cuneus,ctx-lh-entorhinal,ctx-lh-frontalpole,ctx-lh-fusiform,ctx-lh-inferiorparietal,ctx-lh-inferiortemporal,ctx-lh-insula,ctx-lh-isthmuscingulate,ctx-lh-lateraloccipital,ctx-lh-lateralorbitofrontal,ctx-lh-lingual,ctx-lh-medialorbitofrontal,ctx-lh-middletemporal,ctx-lh-paracentral,ctx-lh-parahippocampal,ctx-lh-parsopercularis,ctx-lh-parsorbitalis,ctx-lh-parstriangularis,ctx-lh-pericalcarine,ctx-lh-postcentral,ctx-lh-posteriorcingulate,ctx-lh-precentral,ctx-lh-precuneus,ctx-lh-rostralanteriorcingulate,ctx-lh-rostralmiddlefrontal,ctx-lh-superiorfrontal,ctx-lh-superiorparietal,ctx-lh-superiortemporal,ctx-lh-supramarginal,ctx-lh-temporalpole,ctx-lh-transversetemporal,ctx-rh-bankssts,ctx-rh-caudalanteriorcingulate,ctx-rh-caudalmiddlefrontal,ctx-rh-cuneus,ctx-rh-entorhinal,ctx-rh-frontalpole,ctx-rh-fusiform,ctx-rh-inferiorparietal,ctx-rh-inferiortemporal,ctx-rh-insula,ctx-rh-isthmuscingulate,ctx-rh-lateraloccipital,ctx-rh-lateralorbitofrontal,ctx-rh-lingual,ctx-rh-medialorbitofrontal,ctx-rh-middletemporal,ctx-rh-paracentral,ctx-rh-parahippocampal,ctx-rh-parsopercularis,ctx-rh-parsorbitalis,ctx-rh-parstriangularis,ctx-rh-pericalcarine,ctx-rh-postcentral,ctx-rh-posteriorcingulate,ctx-rh-precentral,ctx-rh-precuneus,ctx-rh-rostralanteriorcingulate,ctx-rh-rostralmiddlefrontal,ctx-rh-superiorfrontal,ctx-rh-superiorparietal,ctx-rh-superiortemporal,ctx-rh-supramarginal,ctx-rh-temporalpole,ctx-rh-transversetemporal
ctx-lh-bankssts,501.0,0.0,1.0,1.0,0.0,0.0,10.0,317.0,91.0,17.0,9.0,40.0,0.0,5.0,0.0,671.0,2.0,0.0,0.0,0.0,0.0,8.0,14.0,6.0,13.0,16.0,0.0,0.0,0.0,26.0,378.0,106.0,0.0,9.0,0.0,1.0,0.0,0.0,0.0,0.0,0.0,0.0,0.0,0.0,3.0,0.0,0.0,1.0,0.0,0.0,1.0,0.0,0.0,0.0,0.0,0.0,0.0,2.0,0.0,3.0,0.0,0.0,0.0,3.0,0.0,1.0,0.0,0.0
ctx-lh-caudalanteriorcingulate,0.0,649.0,144.0,0.0,0.0,0.0,0.0,1.0,0.0,67.0,12.0,0.0,17.0,0.0,6.0,0.0,6.0,0.0,75.0,0.0,29.0,0.0,7.0,255.0,34.0,7.0,284.0,185.0,535.0,1.0,1.0,3.0,0.0,0.0,0.0,183.0,29.0,0.0,0.0,0.0,0.0,0.0,0.0,13.0,2.0,0.0,1.0,1.0,1.0,0.0,10.0,0.0,13.0,0.0,8.0,0.0,2.0,36.0,14.0,1.0,48.0,46.0,154.0,0.0,0.0,1.0,0.0,0.0
ctx-lh-caudalmiddlefrontal,1.0,144.0,3734.0,0.0,1.0,0.0,0.0,6.0,0.0,85.0,1.0,0.0,3.0,0.0,1.0,0.0,14.0,0.0,347.0,2.0,34.0,0.0,49.0,40.0,1143.0,1.0,11.0,789.0,1158.0,6.0,1.0,19.0,0.0,0.0,0.0,36.0,11.0,0.0,0.0,0.0,0.0,0.0,0.0,3.0,1.0,0.0,0.0,0.0,0.0,0.0,4.0,0.0,2.0,0.0,1.0,0.0,1.0,15.0,8.0,3.0,4.0,7.0,31.0,0.0,0.0,1.0,0.0,0.0
ctx-lh-cuneus,1.0,0.0,0.0,1215.0,0.0,0.0,30.0,62.0,23.0,6.0,31.0,500.0,0.0,59.0,0.0,13.0,0.0,4.0,0.0,0.0,0.0,1377.0,1.0,1.0,0.0,259.0,0.0,0.0,0.0,576.0,11.0,2.0,0.0,4.0,1.0,0.0,0.0,48.0,0.0,0.0,2.0,1.0,1.0,0.0,12.0,3.0,0.0,3.0,0.0,3.0,0.0,0.0,0.0,0.0,0.0,34.0,0.0,2.0,0.0,13.0,0.0,0.0,0.0,8.0,3.0,1.0,0.0,0.0
ctx-lh-entorhinal,0.0,0.0,1.0,0.0,674.0,0.0,216.0,0.0,44.0,10.0,0.0,0.0,1.0,0.0,0.0,15.0,0.0,116.0,0.0,0.0,0.0,0.0,0.0,0.0,0.0,0.0,0.0,0.0,0.0,0.0,53.0,0.0,236.0,1.0,0.0,0.0,0.0,0.0,0.0,0.0,0.0,0.0,0.0,0.0,0.0,0.0,0.0,0.0,0.0,0.0,0.0,0.0,0.0,0.0,0.0,0.0,0.0,0.0,0.0,0.0,0.0,0.0,0.0,0.0,0.0,0.0,0.0,0.0
ctx-lh-frontalpole,0.0,0.0,0.0,0.0,0.0,54.0,0.0,0.0,0.0,0.0,0.0,0.0,66.0,0.0,217.0,0.0,0.0,0.0,0.0,0.0,0.0,0.0,0.0,0.0,0.0,0.0,1.0,152.0,93.0,0.0,0.0,0.0,0.0,0.0,0.0,0.0,0.0,0.0,0.0,0.0,0.0,0.0,0.0,0.0,0.0,0.0,0.0,0.0,0.0,0.0,0.0,0.0,0.0,0.0,0.0,0.0,0.0,0.0,0.0,0.0,0.0,0.0,0.0,0.0,0.0,0.0,0.0,0.0
ctx-lh-fusiform,10.0,0.0,0.0,30.0,216.0,0.0,3021.0,54.0,1216.0,91.0,12.0,940.0,2.0,528.0,1.0,275.0,0.0,166.0,0.0,0.0,0.0,103.0,0.0,3.0,0.0,34.0,0.0,0.0,0.0,12.0,469.0,3.0,213.0,12.0,0.0,0.0,0.0,0.0,0.0,0.0,0.0,0.0,0.0,0.0,2.0,0.0,0.0,0.0,0.0,0.0,0.0,0.0,0.0,0.0,0.0,2.0,0.0,1.0,0.0,3.0,0.0,0.0,0.0,1.0,0.0,0.0,0.0,0.0
ctx-lh-inferiorparietal,317.0,1.0,6.0,62.0,0.0,0.0,54.0,5265.0,134.0,36.0,42.0,722.0,0.0,20.0,0.0,485.0,4.0,4.0,3.0,0.0,0.0,35.0,79.0,22.0,34.0,331.0,0.0,0.0,3.0,1074.0,142.0,851.0,0.0,13.0,1.0,0.0,0.0,1.0,0.0,0.0,1.0,3.0,0.0,1.0,14.0,1.0,0.0,1.0,0.0,1.0,0.0,1.0,0.0,0.0,0.0,1.0,1.0,5.0,1.0,27.0,0.0,0.0,1.0,6.0,1.0,1.0,0.0,0.0
ctx-lh-inferiortemporal,91.0,0.0,0.0,23.0,44.0,0.0,1216.0,134.0,3025.0,78.0,10.0,329.0,1.0,144.0,0.0,1864.0,1.0,18.0,0.0,0.0,1.0,60.0,4.0,2.0,2.0,30.0,0.0,0.0,2.0,28.0,418.0,10.0,146.0,12.0,0.0,0.0,0.0,0.0,0.0,0.0,1.0,1.0,0.0,0.0,4.0,0.0,0.0,1.0,0.0,2.0,0.0,0.0,1.0,0.0,0.0,0.0,0.0,0.0,0.0,6.0,0.0,0.0,0.0,4.0,3.0,0.0,0.0,0.0
ctx-lh-insula,17.0,67.0,85.0,6.0,10.0,0.0,91.0,36.0,78.0,1511.0,5.0,14.0,428.0,12.0,47.0,92.0,15.0,8.0,204.0,6.0,83.0,4.0,284.0,15.0,349.0,28.0,40.0,158.0,117.0,68.0,291.0,306.0,12.0,101.0,1.0,15.0,2.0,0.0,0.0,0.0,0.0,0.0,0.0,1.0,5.0,0.0,0.0,0.0,0.0,1.0,2.0,1.0,0.0,0.0,2.0,0.0,1.0,12.0,2.0,12.0,5.0,3.0,9.0,2.0,0.0,1.0,0.0,0.0
ctx-lh-isthmuscingulate,9.0,12.0,1.0,31.0,0.0,0.0,12.0,42.0,10.0,5.0,775.0,26.0,0.0,136.0,0.0,9.0,10.0,56.0,0.0,0.0,1.0,21.0,2.0,473.0,5.0,765.0,1.0,4.0,15.0,64.0,11.0,5.0,0.0,7.0,3.0,1.0,1.0,2.0,0.0,0.0,1.0,14.0,3.0,1.0,73.0,1.0,0.0,6.0,0.0,8.0,2.0,0.0,0.0,0.0,0.0,3.0,2.0,23.0,2.0,61.0,0.0,0.0,2.0,17.0,10.0,5.0,0.0,4.0
ctx-lh-lateraloccipital,40.0,0.0,0.0,500.0,0.0,0.0,940.0,722.0,329.0,14.0,26.0,6929.0,0.0,551.0,0.0,174.0,2.0,10.0,0.0,0.0,0.0,882.0,3.0,3.0,0.0,93.0,0.0,0.0,0.0,536.0,30.0,5.0,0.0,4.0,1.0,0.0,0.0,0.0,0.0,0.0,0.0,0.0,0.0,0.0,11.0,3.0,0.0,0.0,0.0,2.0,0.0,0.0,0.0,0.0,0.0,2.0,0.0,2.0,0.0,23.0,0.0,0.0,0.0,9.0,2.0,0.0,0.0,0.0
ctx-lh-lateralorbitofrontal,0.0,17.0,3.0,0.0,1.0,66.0,2.0,0.0,1.0,428.0,0.0,0.0,2763.0,0.0,1300.0,3.0,0.0,0.0,8.0,527.0,235.0,0.0,0.0,0.0,0.0,0.0,210.0,1000.0,52.0,0.0,1.0,1.0,0.0,0.0,0.0,2.0,1.0,0.0,0.0,0.0,0.0,0.0,0.0,0.0,0.0,0.0,0.0,0.0,1.0,0.0,0.0,0.0,0.0,0.0,0.0,0.0,0.0,0.0,0.0,0.0,3.0,0.0,1.0,0.0,0.0,0.0,0.0,0.0
ctx-lh-lingual,5.0,0.0,0.0,59.0,0.0,0.0,528.0,20.0,144.0,12.0,136.0,551.0,0.0,3983.0,0.0,33.0,0.0,115.0,0.0,0.0,0.0,946.0,2.0,2.0,0.0,102.0,0.0,0.0,0.0,25.0,31.0,1.0,0.0,7.0,1.0,0.0,0.0,1.0,0.0,0.0,2.0,1.0,1.0,0.0,2.0,0.0,0.0,2.0,0.0,0.0,0.0,0.0,0.0,0.0,0.0,2.0,0.0,1.0,0.0,6.0,0.0,0.0,0.0,2.0,1.0,2.0,0.0,1.0
ctx-lh-medialorbitofrontal,0.0,6.0,1.0,0.0,0.0,217.0,1.0,0.0,0.0,47.0,0.0,0.0,1300.0,0.0,1712.0,0.0,0.0,0.0,1.0,88.0,25.0,0.0,0.0,2.0,0.0,0.0,351.0,1196.0,233.0,0.0,0.0,0.0,0.0,0.0,0.0,8.0,0.0,0.0,0.0,0.0,0.0,0.0,0.0,0.0,0.0,0.0,0.0,0.0,3.0,0.0,0.0,0.0,0.0,0.0,0.0,0.0,0.0,0.0,0.0,0.0,9.0,5.0,1.0,0.0,0.0,0.0,0.0,0.0
ctx-lh-middletemporal,671.0,0.0,0.0,13.0,15.0,0.0,275.0,485.0,1864.0,92.0,9.0,174.0,3.0,33.0,0.0,2577.0,1.0,6.0,0.0,0.0,0.0,18.0,13.0,3.0,7.0,41.0,0.0,0.0,2.0,37.0,1140.0,77.0,60.0,35.0,0.0,0.0,0.0,0.0,0.0,0.0,1.0,1.0,0.0,0.0,7.0,0.0,0.0,0.0,0.0,2.0,1.0,0.0,0.0,0.0,0.0,0.0,0.0,0.0,0.0,7.0,0.0,0.0,0.0,5.0,0.0,0.0,0.0,0.0
ctx-lh-paracentral,2.0,6.0,14.0,0.0,0.0,0.0,0.0,4.0,1.0,15.0,10.0,2.0,0.0,0.0,0.0,1.0,1738.0,0.0,1.0,0.0,0.0,0.0,332.0,252.0,824.0,141.0,0.0,2.0,526.0,173.0,3.0,10.0,0.0,0.0,0.0,4.0,3.0,0.0,0.0,0.0,0.0,1.0,0.0,2.0,6.0,1.0,0.0,0.0,0.0,0.0,4.0,0.0,0.0,0.0,0.0,0.0,1.0,31.0,3.0,4.0,1.0,1.0,7.0,2.0,0.0,2.0,0.0,0.0
ctx-lh-parahippocampal,0.0,0.0,0.0,4.0,116.0,0.0,166.0,4.0,18.0,8.0,56.0,10.0,0.0,115.0,0.0,6.0,0.0,353.0,0.0,0.0,0.0,3.0,0.0,1.0,0.0,19.0,0.0,0.0,0.0,3.0,11.0,1.0,1.0,1.0,0.0,0.0,0.0,0.0,0.0,0.0,0.0,0.0,0.0,0.0,0.0,0.0,0.0,0.0,0.0,0.0,0.0,0.0,0.0,0.0,0.0,0.0,0.0,0.0,0.0,1.0,0.0,0.0,0.0,1.0,0.0,0.0,0.0,0.0
ctx-lh-parsopercularis,0.0,75.0,347.0,0.0,0.0,0.0,0.0,3.0,0.0,204.0,0.0,0.0,8.0,0.0,1.0,0.0,1.0,0.0,1667.0,2.0,465.0,0.0,40.0,9.0,537.0,0.0,9.0,494.0,157.0,2.0,0.0,12.0,0.0,0.0,0.0,17.0,3.0,0.0,0.0,0.0,0.0,0.0,0.0,0.0,1.0,0.0,0.0,0.0,0.0,0.0,1.0,0.0,1.0,0.0,1.0,0.0,0.0,5.0,0.0,0.0,2.0,2.0,19.0,0.0,0.0,0.0,0.0,0.0
ctx-lh-parsorbitalis,0.0,0.0,2.0,0.0,0.0,0.0,0.0,0.0,0.0,6.0,0.0,0.0,527.0,0.0,88.0,0.0,0.0,0.0,2.0,437.0,308.0,0.0,0.0,0.0,0.0,0.0,46.0,539.0,21.0,0.0,0.0,0.0,0.0,0.0,0.0,1.0,0.0,0.0,0.0,0.0,0.0,0.0,0.0,0.0,0.0,0.0,0.0,0.0,0.0,0.0,0.0,0.0,0.0,0.0,0.0,0.0,0.0,0.0,0.0,0.0,0.0,0.0,1.0,0.0,0.0,0.0,0.0,0.0
ctx-lh-parstriangularis,0.0,29.0,34.0,0.0,0.0,0.0,0.0,0.0,1.0,83.0,1.0,0.0,235.0,0.0,25.0,0.0,0.0,0.0,465.0,308.0,1601.0,0.0,1.0,0.0,4.0,0.0,83.0,882.0,74.0,1.0,0.0,0.0,0.0,0.0,0.0,11.0,1.0,0.0,0.0,0.0,0.0,0.0,0.0,0.0,0.0,0.0,0.0,0.0,0.0,0.0,0.0,0.0,1.0,0.0,1.0,0.0,0.0,0.0,0.0,0.0,4.0,0.0,6.0,0.0,0.0,0.0,0.0,0.0
ctx-lh-pericalcarine,8.0,0.0,0.0,1377.0,0.0,0.0,103.0,35.0,60.0,4.0,21.0,882.0,0.0,946.0,0.0,18.0,0.0,3.0,0.0,0.0,0.0,987.0,1.0,0.0,0.0,182.0,0.0,0.0,0.0,111.0,16.0,2.0,0.0,3.0,0.0,0.0,0.0,1.0,0.0,0.0,0.0,2.0,1.0,1.0,9.0,1.0,0.0,2.0,0.0,1.0,1.0,0.0,0.0,0.0,0.0,2.0,0.0,1.0,0.0,19.0,0.0,0.0,0.0,3.0,2.0,0.0,0.0,0.0
ctx-lh-postcentral,14.0,7.0,49.0,1.0,0.0,0.0,0.0,79.0,4.0,284.0,2.0,3.0,0.0,2.0,0.0,13.0,332.0,0.0,40.0,0.0,1.0,1.0,4606.0,24.0,1775.0,82.0,0.0,2.0,68.0,663.0,34.0,1124.0,0.0,7.0,1.0,1.0,1.0,0.0,0.0,0.0,0.0,0.0,0.0,0.0,0.0,0.0,0.0,0.0,0.0,0.0,2.0,0.0,0.0,0.0,0.0,0.0,1.0,4.0,4.0,3.0,0.0,0.0,7.0,1.0,0.0,0.0,0.0,0.0
ctx-lh-posteriorcingulate,6.0,255.0,40.0,1.0,0.0,0.0,3.0,22.0,2.0,15.0,473.0,3.0,0.0,2.0,2.0,3.0,252.0,1.0,9.0,0.0,0.0,0.0,24.0,1350.0,90.0,499.0,17.0,19.0,340.0,69.0,12.0,12.0,0.0,7.0,3.0,31.0,12.0,1.0,1.0,0.0,2.0,2.0,1.0,5.0,44.0,1.0,0.0,2.0,1.0,0.0,41.0,1.0,2.0,0.0,0.0,0.0,2.0,161.0,24.0,40.0,3.0,11.0,61.0,11.0,4.0,5.0,0.0,1.0
ctx-lh-precentral,13.0,34.0,1143.0,0.0,0.0,0.0,0.0,34.0,2.0,349.0,5.0,0.0,0.0,0.0,0.0,7.0,824.0,0.0,537.0,0.0,4.0,0.0,1775.0,90.0,6938.0,38.0,2.0,42.0,922.0,210.0,11.0,278.0,0.0,4.0,0.0,14.0,6.0,0.0,0.0,0.0,0.0,0.0,0.0,2.0,3.0,0.0,0.0,0.0,0.0,0.0,11.0,0.0,0.0,0.0,0.0,0.0,6.0,29.0,3.0,6.0,1.0,2.0,33.0,3.0,1.0,0.0,0.0,0.0
ctx-lh-precuneus,16.0,7.0,1.0,259.0,0.0,0.0,34.0,331.0,30.0,28.0,765.0,93.0,0.0,102.0,0.0,41.0,141.0,19.0,0.0,0.0,0.0,182.0,82.0,499.0,38.0,4097.0,0.0,1.0,23.0,2032.0,62.0,33.0,1.0,17.0,10.0,0.0,0.0,2.0,1.0,0.0,3.0,12.0,9.0,4.0,64.0,8.0,0.0,12.0,0.0,6.0,7.0,3.0,0.0,0.0,0.0,7.0,2.0,24.0,7.0,143.0,0.0,0.0,4.0,23.0,4.0,7.0,0.0,4.0
ctx-lh-rostralanteriorcingulate,0.0,284.0,11.0,0.0,0.0,1.0,0.0,0.0,0.0,40.0,1.0,0.0,210.0,0.0,351.0,0.0,0.0,0.0,9.0,46.0,83.0,0.0,0.0,17.0,2.0,0.0,1179.0,449.0,346.0,1.0,0.0,0.0,0.0,0.0,0.0,96.0,0.0,0.0,0.0,0.0,0.0,0.0,0.0,10.0,0.0,0.0,5.0,0.0,34.0,0.0,0.0,0.0,2.0,3.0,5.0,0.0,0.0,5.0,1.0,0.0,183.0,23.0,41.0,0.0,0.0,0.0,0.0,0.0
ctx-lh-rostralmiddlefrontal,0.0,185.0,789.0,0.0,0.0,152.0,0.0,0.0,0.0,158.0,4.0,0.0,1000.0,0.0,1196.0,0.0,2.0,0.0,494.0,539.0,882.0,0.0,2.0,19.0,42.0,1.0,449.0,6866.0,2906.0,0.0,0.0,0.0,0.0,0.0,0.0,45.0,5.0,0.0,0.0,0.0,0.0,0.0,0.0,5.0,1.0,0.0,1.0,0.0,1.0,0.0,0.0,0.0,2.0,1.0,7.0,0.0,0.0,1.0,1.0,0.0,18.0,11.0,34.0,0.0,0.0,0.0,0.0,0.0
ctx-lh-superiorfrontal,0.0,535.0,1158.0,0.0,0.0,93.0,0.0,3.0,2.0,117.0,15.0,0.0,52.0,0.0,233.0,2.0,526.0,0.0,157.0,21.0,74.0,0.0,68.0,340.0,922.0,23.0,346.0,2906.0,10833.0,25.0,2.0,11.0,0.0,1.0,0.0,111.0,27.0,0.0,0.0,0.0,0.0,0.0,1.0,3.0,6.0,0.0,0.0,0.0,2.0,1.0,20.0,0.0,8.0,1.0,0.0,0.0,4.0,81.0,22.0,7.0,23.0,18.0,148.0,4.0,0.0,1.0,0.0,1.0
ctx-lh-superiorparietal,26.0,1.0,6.0,576.0,0.0,0.0,12.0,1074.0,28.0,68.0,64.0,536.0,0.0,25.0,0.0,37.0,173.0,3.0,2.0,0.0,1.0,111.0,663.0,69.0,210.0,2032.0,1.0,0.0,25.0,4789.0,64.0,494.0,0.0,11.0,1.0,3.0,0.0,3.0,0.0,0.0,2.0,5.0,1.0,5.0,32.0,4.0,0.0,2.0,0.0,3.0,3.0,1.0,0.0,0.0,0.0,3.0,1.0,16.0,0.0,37.0,0.0,0.0,3.0,7.0,2.0,0.0,0.0,0.0
ctx-lh-superiortemporal,378.0,1.0,1.0,11.0,53.0,0.0,469.0,142.0,418.0,291.0,11.0,30.0,1.0,31.0,0.0,1140.0,3.0,11.0,0.0,0.0,0.0,16.0,34.0,12.0,11.0,62.0,0.0,0.0,2.0,64.0,4811.0,389.0,177.0,776.0,2.0,0.0,0.0,2.0,0.0,0.0,0.0,4.0,0.0,1.0,13.0,0.0,0.0,0.0,0.0,0.0,4.0,0.0,0.0,0.0,0.0,1.0,0.0,6.0,0.0,18.0,0.0,0.0,0.0,3.0,0.0,1.0,0.0,0.0
ctx-lh-supramarginal,106.0,3.0,19.0,2.0,0.0,0.0,3.0,851.0,10.0,306.0,5.0,5.0,1.0,1.0,0.0,77.0,10.0,1.0,12.0,0.0,0.0,2.0,1124.0,12.0,278.0,33.0,0.0,0.0,11.0,494.0,389.0,4142.0,0.0,20.0,0.0,0.0,0.0,0.0,0.0,0.0,0.0,0.0,0.0,1.0,2.0,0.0,0.0,0.0,0.0,0.0,1.0,0.0,0.0,0.0,0.0,0.0,0.0,6.0,0.0,5.0,0.0,0.0,1.0,3.0,0.0,0.0,0.0,1.0
ctx-lh-temporalpole,0.0,0.0,0.0,0.0,236.0,0.0,213.0,0.0,146.0,12.0,0.0,0.0,0.0,0.0,0.0,60.0,0.0,1.0,0.0,0.0,0.0,0.0,0.0,0.0,0.0,1.0,0.0,0.0,0.0,0.0,177.0,0.0,590.0,0.0,0.0,0.0,0.0,0.0,0.0,0.0,0.0,0.0,0.0,0.0,0.0,0.0,0.0,0.0,0.0,0.0,0.0,0.0,0.0,0.0,0.0,0.0,0.0,0.0,0.0,0.0,0.0,0.0,0.0,0.0,0.0,0.0,0.0,0.0
ctx-lh-transversetemporal,9.0,0.0,0.0,4.0,1.0,0.0,12.0,13.0,12.0,101.0,7.0,4.0,0.0,7.0,0.0,35.0,0.0,1.0,0.0,0.0,0.0,3.0,7.0,7.0,4.0,17.0,0.0,0.0,1.0,11.0,776.0,20.0,0.0,697.0,0.0,0.0,0.0,0.0,0.0,0.0,0.0,0.0,0.0,1.0,5.0,0.0,0.0,0.0,0.0,1.0,0.0,0.0,0.0,0.0,0.0,0.0,0.0,0.0,0.0,2.0,0.0,0.0,0.0,3.0,0.0,0.0,0.0,0.0
ctx-rh-bankssts,0.0,0.0,0.0,1.0,0.0,0.0,0.0,1.0,0.0,1.0,3.0,1.0,0.0,1.0,0.0,0.0,0.0,0.0,0.0,0.0,0.0,0.0,1.0,3.0,0.0,10.0,0.0,0.0,0.0,1.0,2.0,0.0,0.0,0.0,749.0,0.0,2.0,11.0,0.0,0.0,29.0,430.0,170.0,25.0,9.0,34.0,0.0,24.0,0.0,849.0,0.0,1.0,0.0,0.0,0.0,20.0,13.0,2.0,4.0,47.0,0.0,0.0,1.0,45.0,588.0,364.0,0.0,25.0
ctx-rh-caudalanteriorcingulate,1.0,183.0,36.0,0.0,0.0,0.0,0.0,0.0,0.0,15.0,1.0,0.0,2.0,0.0,8.0,0.0,4.0,0.0,17.0,1.0,11.0,0.0,1.0,31.0,14.0,0.0,96.0,45.0,111.0,3.0,0.0,0.0,0.0,0.0,0.0,576.0,57.0,0.0,0.0,0.0,0.0,0.0,0.0,39.0,17.0,0.0,6.0,0.0,13.0,0.0,18.0,0.0,51.0,6.0,40.0,0.0,5.0,274.0,26.0,3.0,226.0,202.0,671.0,2.0,0.0,0.0,0.0,0.0
ctx-rh-caudalmiddlefrontal,0.0,29.0,11.0,0.0,0.0,0.0,0.0,0.0,0.0,2.0,1.0,0.0,1.0,0.0,0.0,0.0,3.0,0.0,3.0,0.0,1.0,0.0,1.0,12.0,6.0,0.0,0.0,5.0,27.0,0.0,0.0,0.0,0.0,0.0,2.0,57.0,2458.0,0.0,0.0,0.0,0.0,6.0,0.0,73.0,2.0,0.0,1.0,0.0,0.0,0.0,24.0,0.0,202.0,1.0,27.0,0.0,87.0,31.0,1112.0,3.0,4.0,1010.0,639.0,13.0,0.0,37.0,0.0,0.0
ctx-rh-cuneus,0.0,0.0,0.0,48.0,0.0,0.0,0.0,1.0,0.0,0.0,2.0,0.0,0.0,1.0,0.0,0.0,0.0,0.0,0.0,0.0,0.0,1.0,0.0,1.0,0.0,2.0,0.0,0.0,0.0,3.0,2.0,0.0,0.0,0.0,11.0,0.0,0.0,1265.0,0.0,0.0,29.0,48.0,42.0,4.0,10.0,480.0,0.0,147.0,0.0,41.0,0.0,0.0,0.0,0.0,0.0,1787.0,2.0,3.0,0.0,342.0,0.0,0.0,0.0,573.0,12.0,4.0,0.0,2.0
ctx-rh-entorhinal,0.0,0.0,0.0,0.0,0.0,0.0,0.0,0.0,0.0,0.0,0.0,0.0,0.0,0.0,0.0,0.0,0.0,0.0,0.0,0.0,0.0,0.0,0.0,1.0,0.0,1.0,0.0,0.0,0.0,0.0,0.0,0.0,0.0,0.0,0.0,0.0,0.0,0.0,238.0,0.0,378.0,1.0,15.0,2.0,1.0,0.0,0.0,0.0,0.0,24.0,0.0,90.0,0.0,0.0,0.0,0.0,0.0,0.0,0.0,0.0,0.0,0.0,0.0,0.0,23.0,0.0,258.0,0.0
ctx-rh-frontalpole,0.0,0.0,0.0,0.0,0.0,0.0,0.0,0.0,0.0,0.0,0.0,0.0,0.0,0.0,0.0,0.0,0.0,0.0,0.0,0.0,0.0,0.0,0.0,0.0,0.0,0.0,0.0,0.0,0.0,0.0,0.0,0.0,0.0,0.0,0.0,0.0,0.0,0.0,0.0,79.0,0.0,0.0,0.0,0.0,0.0,0.0,68.0,0.0,363.0,0.0,0.0,0.0,0.0,0.0,0.0,0.0,0.0,0.0,0.0,0.0,1.0,240.0,179.0,0.0,0.0,0.0,0.0,0.0
ctx-rh-fusiform,0.0,0.0,0.0,2.0,0.0,0.0,0.0,1.0,1.0,0.0,1.0,0.0,0.0,2.0,0.0,1.0,0.0,0.0,0.0,0.0,0.0,0.0,0.0,2.0,0.0,3.0,0.0,0.0,0.0,2.0,0.0,0.0,0.0,0.0,29.0,0.0,0.0,29.0,378.0,0.0,2816.0,35.0,962.0,65.0,9.0,876.0,3.0,578.0,0.0,448.0,1.0,295.0,0.0,0.0,1.0,148.0,2.0,1.0,1.0,45.0,0.0,0.0,0.0,23.0,272.0,4.0,233.0,3.0
ctx-rh-inferiorparietal,0.0,0.0,0.0,1.0,0.0,0.0,0.0,3.0,1.0,0.0,14.0,0.0,0.0,1.0,0.0,1.0,1.0,0.0,0.0,0.0,0.0,2.0,0.0,2.0,0.0,12.0,0.0,0.0,0.0,5.0,4.0,0.0,0.0,0.0,430.0,0.0,6.0,48.0,1.0,0.0,35.0,5991.0,125.0,47.0,30.0,568.0,0.0,24.0,0.0,486.0,14.0,4.0,0.0,0.0,1.0,24.0,101.0,10.0,50.0,343.0,0.0,2.0,6.0,1267.0,96.0,994.0,0.0,15.0
ctx-rh-inferiortemporal,0.0,0.0,0.0,1.0,0.0,0.0,0.0,0.0,0.0,0.0,3.0,0.0,0.0,1.0,0.0,0.0,0.0,0.0,0.0,0.0,0.0,1.0,0.0,1.0,0.0,9.0,0.0,0.0,1.0,1.0,0.0,0.0,0.0,0.0,170.0,0.0,0.0,42.0,15.0,0.0,962.0,125.0,2869.0,131.0,13.0,273.0,5.0,178.0,0.0,2162.0,1.0,25.0,0.0,0.0,0.0,50.0,7.0,0.0,1.0,58.0,0.0,0.0,1.0,22.0,391.0,22.0,144.0,12.0
ctx-rh-insula,0.0,13.0,3.0,0.0,0.0,0.0,0.0,1.0,0.0,1.0,1.0,0.0,0.0,0.0,0.0,0.0,2.0,0.0,0.0,0.0,0.0,1.0,0.0,5.0,2.0,4.0,10.0,5.0,3.0,5.0,1.0,1.0,0.0,1.0,25.0,39.0,73.0,4.0,2.0,0.0,65.0,47.0,131.0,1286.0,7.0,6.0,325.0,7.0,48.0,122.0,15.0,6.0,165.0,11.0,164.0,1.0,242.0,22.0,256.0,31.0,37.0,212.0,118.0,63.0,282.0,220.0,11.0,74.0
ctx-rh-isthmuscingulate,3.0,2.0,1.0,12.0,0.0,0.0,2.0,14.0,4.0,5.0,73.0,11.0,0.0,2.0,0.0,7.0,6.0,0.0,1.0,0.0,0.0,9.0,0.0,44.0,3.0,64.0,0.0,1.0,6.0,32.0,13.0,2.0,0.0,5.0,9.0,17.0,2.0,10.0,1.0,0.0,9.0,30.0,13.0,7.0,820.0,13.0,0.0,104.0,0.0,11.0,34.0,84.0,0.0,0.0,0.0,13.0,4.0,447.0,2.0,801.0,0.0,0.0,15.0,43.0,17.0,12.0,0.0,5.0
ctx-rh-lateraloccipital,0.0,0.0,0.0,3.0,0.0,0.0,0.0,1.0,0.0,0.0,1.0,3.0,0.0,0.0,0.0,0.0,1.0,0.0,0.0,0.0,0.0,1.0,0.0,1.0,0.0,8.0,0.0,0.0,0.0,4.0,0.0,0.0,0.0,0.0,34.0,0.0,0.0,480.0,0.0,0.0,876.0,568.0,273.0,6.0,13.0,5817.0,0.0,528.0,0.0,164.0,0.0,1.0,0.0,0.0,0.0,912.0,2.0,4.0,1.0,133.0,0.0,0.0,0.0,486.0,17.0,7.0,0.0,1.0
ctx-rh-lateralorbitofrontal,0.0,1.0,0.0,0.0,0.0,0.0,0.0,0.0,0.0,0.0,0.0,0.0,0.0,0.0,0.0,0.0,0.0,0.0,0.0,0.0,0.0,0.0,0.0,0.0,0.0,0.0,5.0,1.0,0.0,0.0,0.0,0.0,0.0,0.0,0.0,6.0,1.0,0.0,0.0,68.0,3.0,0.0,5.0,325.0,0.0,0.0,2120.0,0.0,2049.0,4.0,0.0,1.0,1.0,434.0,98.0,0.0,0.0,0.0,0.0,0.0,193.0,809.0,85.0,0.0,5.0,0.0,1.0,1.0
ctx-rh-lingual,1.0,1.0,0.0,3.0,0.0,0.0,0.0,1.0,1.0,0.0,6.0,0.0,0.0,2.0,0.0,0.0,0.0,0.0,0.0,0.0,0.0,2.0,0.0,2.0,0.0,12.0,0.0,0.0,0.0,2.0,0.0,0.0,0.0,0.0,24.0,0.0,0.0,147.0,0.0,0.0,578.0,24.0,178.0,7.0,104.0,528.0,0.0,3939.0,0.0,88.0,1.0,172.0,0.0,0.0,0.0,1140.0,1.0,1.0,0.0,227.0,0.0,0.0,0.0,39.0,30.0,9.0,1.0,6.0
ctx-rh-medialorbitofrontal,0.0,1.0,0.0,0.0,0.0,0.0,0.0,0.0,0.0,0.0,0.0,0.0,1.0,0.0,3.0,0.0,0.0,0.0,0.0,0.0,0.0,0.0,0.0,1.0,0.0,0.0,34.0,1.0,2.0,0.0,0.0,0.0,0.0,0.0,0.0,13.0,0.0,0.0,0.0,363.0,0.0,0.0,0.0,48.0,0.0,0.0,2049.0,0.0,1442.0,1.0,0.0,0.0,1.0,84.0,37.0,0.0,0.0,2.0,0.0,0.0,363.0,1176.0,316.0,0.0,1.0,0.0,0.0,0.0
ctx-rh-middletemporal,0.0,0.0,0.0,3.0,0.0,0.0,0.0,1.0,2.0,1.0,8.0,2.0,0.0,0.0,0.0,2.0,0.0,0.0,0.0,0.0,0.0,1.0,0.0,0.0,0.0,6.0,0.0,0.0,1.0,3.0,0.0,0.0,0.0,1.0,849.0,0.0,0.0,41.0,24.0,0.0,448.0,486.0,2162.0,122.0,11.0,164.0,4.0,88.0,1.0,3108.0,1.0,11.0,0.0,0.0,0.0,37.0,9.0,3.0,6.0,77.0,0.0,0.0,1.0,86.0,710.0,41.0,242.0,22.0
ctx-rh-paracentral,1.0,10.0,4.0,0.0,0.0,0.0,0.0,0.0,0.0,2.0,2.0,0.0,0.0,0.0,0.0,1.0,4.0,0.0,1.0,0.0,0.0,1.0,2.0,41.0,11.0,7.0,0.0,0.0,20.0,3.0,4.0,1.0,0.0,0.0,0.0,18.0,24.0,0.0,0.0,0.0,1.0,14.0,1.0,15.0,34.0,0.0,0.0,1.0,0.0,1.0,2239.0,0.0,3.0,0.0,0.0,1.0,338.0,340.0,673.0,294.0,2.0,2.0,514.0,334.0,4.0,9.0,0.0,2.0
ctx-rh-parahippocampal,0.0,0.0,0.0,0.0,0.0,0.0,0.0,1.0,0.0,1.0,0.0,0.0,0.0,0.0,0.0,0.0,0.0,0.0,0.0,0.0,0.0,0.0,0.0,1.0,0.0,3.0,0.0,0.0,0.0,1.0,0.0,0.0,0.0,0.0,1.0,0.0,0.0,0.0,90.0,0.0,295.0,4.0,25.0,6.0,84.0,1.0,1.0,172.0,0.0,11.0,0.0,328.0,0.0,0.0,0.0,3.0,0.0,1.0,0.0,21.0,0.0,0.0,0.0,1.0,10.0,2.0,0.0,0.0
ctx-rh-parsopercularis,0.0,13.0,2.0,0.0,0.0,0.0,0.0,0.0,1.0,0.0,0.0,0.0,0.0,0.0,0.0,0.0,0.0,0.0,1.0,0.0,1.0,0.0,0.0,2.0,0.0,0.0,2.0,2.0,8.0,0.0,0.0,0.0,0.0,0.0,0.0,51.0,202.0,0.0,0.0,0.0,0.0,0.0,0.0,165.0,0.0,0.0,1.0,0.0,1.0,0.0,3.0,0.0,988.0,1.0,289.0,0.0,66.0,6.0,473.0,2.0,7.0,466.0,150.0,8.0,0.0,16.0,0.0,1.0
ctx-rh-parsorbitalis,0.0,0.0,0.0,0.0,0.0,0.0,0.0,0.0,0.0,0.0,0.0,0.0,0.0,0.0,0.0,0.0,0.0,0.0,0.0,0.0,0.0,0.0,0.0,0.0,0.0,0.0,3.0,1.0,1.0,0.0,0.0,0.0,0.0,0.0,0.0,6.0,1.0,0.0,0.0,0.0,0.0,0.0,0.0,11.0,0.0,0.0,434.0,0.0,84.0,0.0,0.0,0.0,1.0,554.0,260.0,0.0,0.0,0.0,0.0,0.0,25.0,503.0,28.0,0.0,0.0,0.0,0.0,0.0
ctx-rh-parstriangularis,0.0,8.0,1.0,0.0,0.0,0.0,0.0,0.0,0.0,2.0,0.0,0.0,0.0,0.0,0.0,0.0,0.0,0.0,1.0,0.0,1.0,0.0,0.0,0.0,0.0,0.0,5.0,7.0,0.0,0.0,0.0,0.0,0.0,0.0,0.0,40.0,27.0,0.0,0.0,0.0,1.0,1.0,0.0,164.0,0.0,0.0,98.0,0.0,37.0,0.0,0.0,0.0,289.0,260.0,1653.0,0.0,4.0,3.0,13.0,0.0,67.0,1107.0,186.0,0.0,0.0,1.0,0.0,0.0
ctx-rh-pericalcarine,0.0,0.0,0.0,34.0,0.0,0.0,2.0,1.0,0.0,0.0,3.0,2.0,0.0,2.0,0.0,0.0,0.0,0.0,0.0,0.0,0.0,2.0,0.0,0.0,0.0,7.0,0.0,0.0,0.0,3.0,1.0,0.0,0.0,0.0,20.0,0.0,0.0,1787.0,0.0,0.0,148.0,24.0,50.0,1.0,13.0,912.0,0.0,1140.0,0.0,37.0,1.0,3.0,0.0,0.0,0.0,984.0,1.0,2.0,0.0,223.0,0.0,0.0,0.0,124.0,15.0,1.0,1.0,2.0
ctx-rh-postcentral,0.0,2.0,1.0,0.0,0.0,0.0,0.0,1.0,0.0,1.0,2.0,0.0,0.0,0.0,0.0,0.0,1.0,0.0,0.0,0.0,0.0,0.0,1.0,2.0,6.0,2.0,0.0,0.0,4.0,1.0,0.0,0.0,0.0,0.0,13.0,5.0,87.0,2.0,0.0,0.0,2.0,101.0,7.0,242.0,4.0,2.0,0.0,1.0,0.0,9.0,338.0,0.0,66.0,0.0,4.0,1.0,4950.0,11.0,1638.0,104.0,0.0,19.0,44.0,684.0,14.0,1311.0,0.0,4.0
ctx-rh-posteriorcingulate,2.0,36.0,15.0,2.0,0.0,0.0,1.0,5.0,0.0,12.0,23.0,2.0,0.0,1.0,0.0,0.0,31.0,0.0,5.0,0.0,0.0,1.0,4.0,161.0,29.0,24.0,5.0,1.0,81.0,16.0,6.0,6.0,0.0,0.0,2.0,274.0,31.0,3.0,0.0,0.0,1.0,10.0,0.0,22.0,447.0,4.0,0.0,1.0,2.0,3.0,340.0,1.0,6.0,0.0,3.0,2.0,11.0,1147.0,74.0,487.0,18.0,22.0,322.0,57.0,6.0,7.0,0.0,5.0
ctx-rh-precentral,0.0,14.0,8.0,0.0,0.0,0.0,0.0,1.0,0.0,2.0,2.0,0.0,0.0,0.0,0.0,0.0,3.0,0.0,0.0,0.0,0.0,0.0,4.0,24.0,3.0,7.0,1.0,1.0,22.0,0.0,0.0,0.0,0.0,0.0,4.0,26.0,1112.0,0.0,0.0,0.0,1.0,50.0,1.0,256.0,2.0,1.0,0.0,0.0,0.0,6.0,673.0,0.0,473.0,0.0,13.0,0.0,1638.0,74.0,6033.0,48.0,3.0,115.0,623.0,240.0,9.0,302.0,0.0,0.0
ctx-rh-precuneus,3.0,1.0,3.0,13.0,0.0,0.0,3.0,27.0,6.0,12.0,61.0,23.0,0.0,6.0,0.0,7.0,4.0,1.0,0.0,0.0,0.0,19.0,3.0,40.0,6.0,143.0,0.0,0.0,7.0,37.0,18.0,5.0,0.0,2.0,47.0,3.0,3.0,342.0,0.0,0.0,45.0,343.0,58.0,31.0,801.0,133.0,0.0,227.0,0.0,77.0,294.0,21.0,2.0,0.0,0.0,223.0,104.0,487.0,48.0,4715.0,0.0,2.0,16.0,2141.0,47.0,61.0,0.0,21.0
ctx-rh-rostralanteriorcingulate,0.0,48.0,4.0,0.0,0.0,0.0,0.0,0.0,0.0,5.0,0.0,0.0,3.0,0.0,9.0,0.0,1.0,0.0,2.0,0.0,4.0,0.0,0.0,3.0,1.0,0.0,183.0,18.0,23.0,0.0,0.0,0.0,0.0,0.0,0.0,226.0,4.0,0.0,0.0,1.0,0.0,0.0,0.0,37.0,0.0,0.0,193.0,0.0,363.0,0.0,2.0,0.0,7.0,25.0,67.0,0.0,0.0,18.0,3.0,0.0,698.0,184.0,301.0,0.0,0.0,0.0,0.0,0.0
ctx-rh-rostralmiddlefrontal,0.0,46.0,7.0,0.0,0.0,0.0,0.0,0.0,0.0,3.0,0.0,0.0,0.0,0.0,5.0,0.0,1.0,0.0,2.0,0.0,0.0,0.0,0.0,11.0,2.0,0.0,23.0,11.0,18.0,0.0,0.0,0.0,0.0,0.0,0.0,202.0,1010.0,0.0,0.0,240.0,0.0,2.0,0.0,212.0,0.0,0.0,809.0,0.0,1176.0,0.0,2.0,0.0,466.0,503.0,1107.0,0.0,19.0,22.0,115.0,2.0,184.0,6958.0,3023.0,1.0,0.0,10.0,0.0,0.0
ctx-rh-superiorfrontal,0.0,154.0,31.0,0.0,0.0,0.0,0.0,1.0,0.0,9.0,2.0,0.0,1.0,0.0,1.0,0.0,7.0,0.0,19.0,1.0,6.0,0.0,7.0,61.0,33.0,4.0,41.0,34.0,148.0,3.0,0.0,1.0,0.0,0.0,1.0,671.0,639.0,0.0,0.0,179.0,0.0,6.0,1.0,118.0,15.0,0.0,85.0,0.0,316.0,1.0,514.0,0.0,150.0,28.0,186.0,0.0,44.0,322.0,623.0,16.0,301.0,3023.0,9144.0,28.0,0.0,13.0,0.0,1.0
ctx-rh-superiorparietal,3.0,0.0,0.0,8.0,0.0,0.0,1.0,6.0,4.0,2.0,17.0,9.0,0.0,2.0,0.0,5.0,2.0,1.0,0.0,0.0,0.0,3.0,1.0,11.0,3.0,23.0,0.0,0.0,4.0,7.0,3.0,3.0,0.0,3.0,45.0,2.0,13.0,573.0,0.0,0.0,23.0,1267.0,22.0,63.0,43.0,486.0,0.0,39.0,0.0,86.0,334.0,1.0,8.0,0.0,0.0,124.0,684.0,57.0,240.0,2141.0,0.0,1.0,28.0,5884.0,44.0,488.0,0.0,21.0
ctx-rh-superiortemporal,0.0,0.0,0.0,3.0,0.0,0.0,0.0,1.0,3.0,0.0,10.0,2.0,0.0,1.0,0.0,0.0,0.0,0.0,0.0,0.0,0.0,2.0,0.0,4.0,1.0,4.0,0.0,0.0,0.0,2.0,0.0,0.0,0.0,0.0,588.0,0.0,0.0,12.0,23.0,0.0,272.0,96.0,391.0,282.0,17.0,17.0,5.0,30.0,1.0,710.0,4.0,10.0,0.0,0.0,0.0,15.0,14.0,6.0,9.0,47.0,0.0,0.0,0.0,44.0,5621.0,257.0,175.0,674.0
ctx-rh-supramarginal,1.0,1.0,1.0,1.0,0.0,0.0,0.0,1.0,0.0,1.0,5.0,0.0,0.0,2.0,0.0,0.0,2.0,0.0,0.0,0.0,0.0,0.0,0.0,5.0,0.0,7.0,0.0,0.0,1.0,0.0,1.0,0.0,0.0,0.0,364.0,0.0,37.0,4.0,0.0,0.0,4.0,994.0,22.0,220.0,12.0,7.0,0.0,9.0,0.0,41.0,9.0,2.0,16.0,0.0,1.0,1.0,1311.0,7.0,302.0,61.0,0.0,10.0,13.0,488.0,257.0,4278.0,0.0,41.0
ctx-rh-temporalpole,0.0,0.0,0.0,0.0,0.0,0.0,0.0,0.0,0.0,0.0,0.0,0.0,0.0,0.0,0.0,0.0,0.0,0.0,0.0,0.0,0.0,0.0,0.0,0.0,0.0,0.0,0.0,0.0,0.0,0.0,0.0,0.0,0.0,0.0,0.0,0.0,0.0,0.0,258.0,0.0,233.0,0.0,144.0,11.0,0.0,0.0,1.0,1.0,0.0,242.0,0.0,0.0,0.0,0.0,0.0,1.0,0.0,0.0,0.0,0.0,0.0,0.0,0.0,0.0,175.0,0.0,373.0,0.0
ctx-rh-transversetemporal,0.0,0.0,0.0,0.0,0.0,0.0,0.0,0.0,0.0,0.0,4.0,0.0,0.0,1.0,0.0,0.0,0.0,0.0,0.0,0.0,0.0,0.0,0.0,1.0,0.0,4.0,0.0,0.0,1.0,0.0,0.0,1.0,0.0,0.0,25.0,0.0,0.0,2.0,0.0,0.0,3.0,15.0,12.0,74.0,5.0,1.0,1.0,6.0,0.0,22.0,2.0,0.0,1.0,0.0,0.0,2.0,4.0,5.0,0.0,21.0,0.0,0.0,1.0,21.0,674.0,41.0,0.0,347.0
