,ctx-lh-bankssts,ctx-lh-caudalanteriorcingulate,ctx-lh-caudalmiddlefrontal,ctx-lh-cuneus,ctx-lh-entorhinal,ctx-lh-frontalpole,ctx-lh-fusiform,ctx-lh-inferiorparietal,ctx-lh-inferiortemporal,ctx-lh-insula,ctx-lh-isthmuscingulate,ctx-lh-lateraloccipital,ctx-lh-lateralorbitofrontal,ctx-lh-lingual,ctx-lh-medialorbitofrontal,ctx-lh-middletemporal,ctx-lh-paracentral,ctx-lh-parahippocampal,ctx-lh-parsopercularis,ctx-lh-parsorbitalis,ctx-lh-parstriangularis,ctx-lh-pericalcarine,ctx-lh-postcentral,ctx-lh-posteriorcingulate,ctx-lh-precentral,ctx-lh-precuneus,ctx-lh-rostralanteriorcingulate,ctx-lh-rostralmiddlefrontal,ctx-lh-superiorfrontal,ctx-lh-superiorparietal,ctx-lh-superiortemporal,ctx-lh-supramarginal,ctx-lh-temporalpole,ctx-lh-transversetemporal,ctx-rh-bankssts,ctx-rh-caudalanteriorcingulate,ctx-rh-caudalmiddlefrontal,ctx-rh-cuneus,ctx-rh-entorhinal,ctx-rh-frontalpole,ctx-rh-fusiform,ctx-rh-inferiorparietal,ctx-rh-inferiortemporal,ctx-rh-insula,ctx-rh-isthmuscingulate,ctx-rh-lateraloccipital,ctx-rh-lateralorbitofrontal,ctx-rh-lingual,ctx-rh-medialorbitofrontal,ctx-rh-middletemporal,ctx-rh-paracentral,ctx-rh-parahippocampal,ctx-rh-parsopercularis,ctx-rh-parsorbitalis,ctx-rh-parstriangularis,ctx-rh-pericalcarine,ctx-rh-postcentral,ctx-rh-posteriorcingulate,ctx-rh-precentral,ctx-rh-precuneus,ctx-rh-rostralanteriorcingulate,ctx-rh-rostralmiddlefrontal,ctx-rh-superiorfrontal,ctx-rh-superiorparietal,ctx-rh-superiortemporal,ctx-rh-supramarginal,ctx-rh-temporalpole,ctx-rh-transversetemporal
ctx-lh-bankssts,802.0,0.0,1.0,0.0,1.0,0.0,85.0,293.0,198.0,56.0,4.0,14.0,1.0,8.0,0.0,799.0,0.0,9.0,0.0,0.0,0.0,5.0,11.0,3.0,13.0,13.0,0.0,0.0,2.0,30.0,1118.0,329.0,6.0,25.0,0.0,0.0,0.0,0.0,0.0,0.0,0.0,1.0,1.0,0.0,2.0,0.0,0.0,0.0,0.0,0.0,0.0,0.0,0.0,0.0,0.0,0.0,0.0,3.0,1.0,1.0,0.0,0.0,0.0,1.0,0.0,0.0,0.0,0.0
ctx-lh-caudalanteriorcingulate,0.0,648.0,172.0,0.0,0.0,0.0,0.0,1.0,0.0,31.0,7.0,0.0,11.0,0.0,11.0,0.0,15.0,0.0,25.0,4.0,11.0,0.0,7.0,324.0,79.0,8.0,229.0,173.0,950.0,10.0,1.0,5.0,0.0,0.0,0.0,246.0,67.0,0.0,0.0,0.0,0.0,0.0,0.0,10.0,2.0,0.0,2.0,0.0,1.0,0.0,7.0,0.0,16.0,0.0,5.0,0.0,4.0,41.0,30.0,0.0,11.0,92.0,258.0,2.0,1.0,2.0,0.0,0.0
ctx-lh-caudalmiddlefrontal,1.0,172.0,4058.0,0.0,0.0,0.0,0.0,1.0,0.0,94.0,1.0,0.0,1.0,0.0,0.0,0.0,17.0,0.0,210.0,0.0,22.0,0.0,65.0,88.0,1538.0,3.0,5.0,1293.0,1435.0,8.0,1.0,25.0,0.0,2.0,0.0,45.0,19.0,0.0,0.0,0.0,0.0,0.0,0.0,4.0,1.0,0.0,0.0,0.0,0.0,0.0,3.0,0.0,2.0,0.0,0.0,0.0,2.0,20.0,10.0,2.0,1.0,9.0,72.0,1.0,0.0,3.0,0.0,0.0
ctx-lh-cuneus,0.0,0.0,0.0,2116.0,0.0,0.0,11.0,46.0,2.0,2.0,15.0,370.0,1.0,93.0,0.0,1.0,0.0,1.0,0.0,0.0,0.0,1859.0,0.0,2.0,0.0,255.0,0.0,0.0,0.0,1484.0,3.0,3.0,0.0,1.0,0.0,0.0,0.0,0.0,0.0,0.0,1.0,0.0,1.0,1.0,6.0,1.0,0.0,8.0,0.0,0.0,0.0,1.0,0.0,0.0,0.0,3.0,0.0,1.0,0.0,8.0,0.0,0.0,0.0,5.0,0.0,0.0,0.0,1.0
ctx-lh-entorhinal,1.0,0.0,0.0,0.0,286.0,0.0,105.0,0.0,24.0,1.0,0.0,0.0,0.0,0.0,0.0,30.0,0.0,90.0,0.0,0.0,0.0,0.0,1.0,0.0,0.0,0.0,0.0,0.0,0.0,0.0,7.0,1.0,158.0,0.0,0.0,0.0,0.0,0.0,0.0,0.0,0.0,0.0,0.0,0.0,0.0,0.0,0.0,0.0,0.0,0.0,0.0,0.0,0.0,0.0,0.0,0.0,0.0,0.0,0.0,0.0,0.0,0.0,0.0,0.0,0.0,0.0,0.0,0.0
ctx-lh-frontalpole,0.0,0.0,0.0,0.0,0.0,104.0,0.0,0.0,0.0,1.0,0.0,0.0,70.0,0.0,299.0,0.0,0.0,0.0,1.0,7.0,5.0,0.0,0.0,0.0,0.0,0.0,12.0,199.0,109.0,0.0,0.0,0.0,0.0,0.0,0.0,2.0,0.0,0.0,0.0,0.0,0.0,0.0,0.0,1.0,0.0,0.0,0.0,0.0,0.0,0.0,0.0,0.0,0.0,0.0,0.0,0.0,0.0,0.0,0.0,0.0,0.0,0.0,0.0,0.0,0.0,0.0,0.0,0.0
ctx-lh-fusiform,85.0,0.0,0.0,11.0,105.0,0.0,3900.0,251.0,1364.0,35.0,22.0,1871.0,0.0,821.0,0.0,344.0,0.0,167.0,0.0,0.0,1.0,195.0,2.0,4.0,0.0,50.0,0.0,0.0,1.0,36.0,74.0,21.0,237.0,3.0,0.0,0.0,0.0,0.0,0.0,0.0,0.0,6.0,1.0,0.0,9.0,0.0,0.0,0.0,0.0,1.0,0.0,1.0,0.0,0.0,0.0,0.0,0.0,2.0,0.0,14.0,0.0,0.0,0.0,3.0,0.0,0.0,0.0,0.0
ctx-lh-inferiorparietal,293.0,1.0,1.0,46.0,0.0,0.0,251.0,5575.0,385.0,71.0,111.0,1047.0,0.0,85.0,0.0,398.0,10.0,12.0,1.0,0.0,0.0,133.0,35.0,53.0,10.0,342.0,0.0,0.0,2.0,1133.0,207.0,1429.0,5.0,27.0,0.0,0.0,0.0,1.0,0.0,0.0,1.0,12.0,5.0,3.0,35.0,5.0,0.0,3.0,0.0,0.0,1.0,2.0,0.0,0.0,0.0,1.0,3.0,6.0,0.0,50.0,0.0,0.0,0.0,12.0,4.0,1.0,0.0,0.0
ctx-lh-inferiortemporal,198.0,0.0,0.0,2.0,24.0,0.0,1364.0,385.0,3272.0,43.0,10.0,333.0,0.0,56.0,0.0,2336.0,2.0,44.0,0.0,0.0,1.0,28.0,8.0,3.0,1.0,22.0,0.0,0.0,0.0,26.0,109.0,32.0,107.0,6.0,0.0,0.0,0.0,0.0,0.0,0.0,1.0,3.0,0.0,1.0,5.0,1.0,0.0,0.0,0.0,0.0,0.0,1.0,0.0,0.0,0.0,0.0,0.0,0.0,0.0,7.0,0.0,0.0,0.0,0.0,0.0,0.0,0.0,1.0
ctx-lh-insula,56.0,31.0,94.0,2.0,1.0,1.0,35.0,71.0,43.0,1619.0,21.0,17.0,368.0,4.0,15.0,89.0,6.0,3.0,266.0,21.0,130.0,6.0,358.0,25.0,346.0,26.0,14.0,205.0,81.0,93.0,307.0,500.0,20.0,124.0,0.0,14.0,2.0,0.0,0.0,0.0,0.0,2.0,0.0,0.0,9.0,1.0,1.0,0.0,1.0,0.0,2.0,0.0,2.0,1.0,0.0,0.0,2.0,8.0,1.0,2.0,3.0,10.0,21.0,4.0,0.0,2.0,0.0,0.0
ctx-lh-isthmuscingulate,4.0,7.0,1.0,15.0,0.0,0.0,22.0,111.0,10.0,21.0,867.0,31.0,0.0,67.0,0.0,7.0,13.0,64.0,1.0,0.0,0.0,29.0,14.0,531.0,6.0,948.0,0.0,0.0,7.0,223.0,17.0,48.0,0.0,11.0,3.0,0.0,0.0,0.0,0.0,0.0,4.0,32.0,1.0,5.0,114.0,13.0,0.0,4.0,0.0,3.0,4.0,4.0,0.0,0.0,0.0,0.0,2.0,36.0,1.0,114.0,0.0,0.0,1.0,38.0,10.0,2.0,0.0,0.0
ctx-lh-lateraloccipital,14.0,0.0,0.0,370.0,0.0,0.0,1871.0,1047.0,333.0,17.0,31.0,7520.0,1.0,799.0,0.0,115.0,0.0,18.0,0.0,0.0,0.0,1854.0,2.0,9.0,0.0,95.0,0.0,0.0,1.0,503.0,25.0,13.0,5.0,2.0,2.0,0.0,0.0,1.0,0.0,0.0,1.0,3.0,2.0,1.0,9.0,0.0,0.0,3.0,0.0,0.0,1.0,1.0,0.0,0.0,0.0,1.0,0.0,4.0,0.0,25.0,0.0,0.0,0.0,0.0,1.0,3.0,0.0,0.0
ctx-lh-lateralorbitofrontal,1.0,11.0,1.0,1.0,0.0,70.0,0.0,0.0,0.0,368.0,0.0,1.0,3072.0,0.0,936.0,7.0,0.0,0.0,13.0,561.0,336.0,0.0,1.0,0.0,2.0,1.0,154.0,970.0,119.0,0.0,3.0,0.0,1.0,1.0,0.0,13.0,0.0,0.0,0.0,0.0,0.0,0.0,0.0,0.0,0.0,0.0,5.0,0.0,6.0,0.0,0.0,0.0,1.0,0.0,2.0,0.0,0.0,0.0,0.0,0.0,6.0,8.0,9.0,0.0,0.0,0.0,0.0,0.0
ctx-lh-lingual,8.0,0.0,0.0,93.0,0.0,0.0,821.0,85.0,56.0,4.0,67.0,799.0,0.0,5480.0,0.0,6.0,0.0,205.0,0.0,0.0,0.0,1900.0,1.0,6.0,0.0,132.0,0.0,0.0,0.0,65.0,7.0,2.0,0.0,2.0,1.0,0.0,0.0,0.0,0.0,0.0,3.0,3.0,2.0,0.0,10.0,3.0,0.0,44.0,0.0,1.0,0.0,1.0,0.0,0.0,0.0,12.0,0.0,2.0,0.0,26.0,0.0,0.0,1.0,5.0,2.0,1.0,0.0,0.0
ctx-lh-medialorbitofrontal,0.0,11.0,0.0,0.0,0.0,299.0,0.0,0.0,0.0,15.0,0.0,0.0,936.0,0.0,1817.0,0.0,0.0,0.0,1.0,32.0,17.0,0.0,0.0,0.0,1.0,0.0,528.0,378.0,358.0,0.0,0.0,0.0,0.0,0.0,0.0,7.0,0.0,0.0,0.0,0.0,0.0,0.0,0.0,0.0,0.0,0.0,3.0,0.0,1.0,0.0,0.0,0.0,0.0,0.0,0.0,0.0,0.0,0.0,0.0,0.0,9.0,9.0,15.0,0.0,0.0,0.0,0.0,0.0
ctx-lh-middletemporal,799.0,0.0,0.0,1.0,30.0,0.0,344.0,398.0,2336.0,89.0,7.0,115.0,7.0,6.0,0.0,3642.0,0.0,25.0,0.0,0.0,0.0,9.0,5.0,0.0,6.0,11.0,0.0,0.0,0.0,30.0,838.0,74.0,240.0,18.0,0.0,0.0,0.0,0.0,0.0,0.0,0.0,1.0,0.0,0.0,3.0,0.0,0.0,0.0,0.0,0.0,0.0,0.0,0.0,0.0,0.0,0.0,0.0,1.0,0.0,1.0,0.0,0.0,0.0,1.0,0.0,0.0,0.0,0.0
ctx-lh-paracentral,0.0,15.0,17.0,0.0,0.0,0.0,0.0,10.0,2.0,6.0,13.0,0.0,0.0,0.0,0.0,0.0,1629.0,0.0,2.0,0.0,0.0,0.0,607.0,325.0,1414.0,183.0,0.0,0.0,442.0,319.0,0.0,12.0,0.0,1.0,0.0,0.0,0.0,0.0,0.0,0.0,0.0,2.0,0.0,4.0,6.0,0.0,0.0,0.0,0.0,0.0,72.0,0.0,0.0,0.0,0.0,0.0,35.0,24.0,23.0,2.0,0.0,1.0,4.0,3.0,0.0,0.0,0.0,0.0
ctx-lh-parahippocampal,9.0,0.0,0.0,1.0,90.0,0.0,167.0,12.0,44.0,3.0,64.0,18.0,0.0,205.0,0.0,25.0,0.0,320.0,0.0,0.0,0.0,6.0,0.0,1.0,0.0,14.0,0.0,0.0,0.0,4.0,0.0,1.0,1.0,0.0,0.0,0.0,0.0,0.0,0.0,0.0,1.0,3.0,0.0,0.0,6.0,1.0,0.0,3.0,0.0,1.0,0.0,0.0,0.0,0.0,0.0,0.0,0.0,3.0,0.0,4.0,0.0,0.0,0.0,0.0,1.0,1.0,0.0,0.0
ctx-lh-parsopercularis,0.0,25.0,210.0,0.0,0.0,1.0,0.0,1.0,0.0,266.0,1.0,0.0,13.0,0.0,1.0,0.0,2.0,0.0,1355.0,6.0,472.0,0.0,58.0,7.0,585.0,0.0,6.0,469.0,89.0,1.0,1.0,17.0,0.0,0.0,0.0,15.0,5.0,0.0,0.0,0.0,0.0,0.0,0.0,0.0,0.0,0.0,0.0,0.0,0.0,0.0,0.0,0.0,0.0,0.0,0.0,0.0,1.0,2.0,2.0,0.0,0.0,2.0,18.0,0.0,0.0,0.0,0.0,0.0
ctx-lh-parsorbitalis,0.0,4.0,0.0,0.0,0.0,7.0,0.0,0.0,0.0,21.0,0.0,0.0,561.0,0.0,32.0,0.0,0.0,0.0,6.0,511.0,355.0,0.0,0.0,0.0,0.0,0.0,11.0,583.0,42.0,0.0,0.0,0.0,0.0,0.0,0.0,4.0,0.0,0.0,0.0,0.0,0.0,0.0,0.0,0.0,0.0,0.0,0.0,0.0,1.0,0.0,0.0,0.0,1.0,0.0,0.0,0.0,0.0,0.0,0.0,0.0,0.0,0.0,4.0,0.0,0.0,0.0,0.0,0.0
ctx-lh-parstriangularis,0.0,11.0,22.0,0.0,0.0,5.0,1.0,0.0,1.0,130.0,0.0,0.0,336.0,0.0,17.0,0.0,0.0,0.0,472.0,355.0,1182.0,0.0,0.0,0.0,13.0,1.0,22.0,970.0,75.0,0.0,0.0,1.0,0.0,0.0,0.0,4.0,2.0,0.0,0.0,1.0,0.0,0.0,0.0,1.0,0.0,0.0,0.0,0.0,0.0,0.0,0.0,0.0,0.0,0.0,2.0,0.0,0.0,0.0,0.0,0.0,3.0,5.0,7.0,0.0,0.0,0.0,0.0,0.0
ctx-lh-pericalcarine,5.0,0.0,0.0,1859.0,0.0,0.0,195.0,133.0,28.0,6.0,29.0,1854.0,0.0,1900.0,0.0,9.0,0.0,6.0,0.0,0.0,0.0,1321.0,0.0,5.0,0.0,270.0,0.0,0.0,0.0,466.0,2.0,6.0,0.0,0.0,1.0,0.0,0.0,2.0,0.0,0.0,0.0,2.0,0.0,0.0,14.0,1.0,0.0,17.0,0.0,2.0,1.0,1.0,0.0,0.0,0.0,5.0,0.0,4.0,0.0,22.0,0.0,0.0,0.0,4.0,1.0,0.0,0.0,0.0
ctx-lh-postcentral,11.0,7.0,65.0,0.0,1.0,0.0,2.0,35.0,8.0,358.0,14.0,2.0,1.0,1.0,0.0,5.0,607.0,0.0,58.0,0.0,0.0,0.0,7004.0,89.0,2081.0,87.0,0.0,7.0,77.0,780.0,20.0,1482.0,0.0,8.0,0.0,2.0,0.0,0.0,0.0,0.0,0.0,3.0,0.0,3.0,1.0,0.0,0.0,1.0,0.0,0.0,1.0,0.0,0.0,0.0,0.0,0.0,0.0,10.0,3.0,5.0,0.0,0.0,8.0,3.0,0.0,0.0,0.0,0.0
ctx-lh-posteriorcingulate,3.0,324.0,88.0,2.0,0.0,0.0,4.0,53.0,3.0,25.0,531.0,9.0,0.0,6.0,0.0,0.0,325.0,1.0,7.0,0.0,0.0,5.0,89.0,1540.0,241.0,569.0,4.0,9.0,477.0,300.0,4.0,48.0,2.0,6.0,3.0,24.0,14.0,0.0,0.0,0.0,1.0,22.0,7.0,17.0,66.0,2.0,0.0,0.0,0.0,2.0,48.0,0.0,0.0,0.0,0.0,0.0,17.0,234.0,63.0,51.0,0.0,5.0,57.0,39.0,5.0,8.0,0.0,1.0
ctx-lh-precentral,13.0,79.0,1538.0,0.0,0.0,0.0,0.0,10.0,1.0,346.0,6.0,0.0,2.0,0.0,1.0,6.0,1414.0,0.0,585.0,0.0,13.0,0.0,2081.0,241.0,9648.0,48.0,2.0,95.0,1148.0,281.0,16.0,286.0,0.0,2.0,0.0,17.0,9.0,0.0,0.0,0.0,0.0,0.0,1.0,1.0,4.0,1.0,0.0,0.0,0.0,0.0,14.0,0.0,1.0,0.0,0.0,0.0,5.0,64.0,15.0,6.0,0.0,2.0,38.0,7.0,0.0,2.0,0.0,0.0
ctx-lh-precuneus,13.0,8.0,3.0,255.0,0.0,0.0,50.0,342.0,22.0,26.0,948.0,95.0,1.0,132.0,0.0,11.0,183.0,14.0,0.0,0.0,1.0,270.0,87.0,569.0,48.0,4699.0,0.0,0.0,18.0,3304.0,28.0,67.0,0.0,16.0,12.0,0.0,0.0,3.0,0.0,0.0,5.0,35.0,5.0,9.0,107.0,7.0,0.0,10.0,0.0,4.0,1.0,7.0,0.0,0.0,0.0,1.0,3.0,31.0,0.0,144.0,0.0,0.0,0.0,35.0,11.0,12.0,0.0,2.0
ctx-lh-rostralanteriorcingulate,0.0,229.0,5.0,0.0,0.0,12.0,0.0,0.0,0.0,14.0,0.0,0.0,154.0,0.0,528.0,0.0,0.0,0.0,6.0,11.0,22.0,0.0,0.0,4.0,2.0,0.0,998.0,221.0,811.0,0.0,0.0,0.0,0.0,0.0,0.0,85.0,2.0,0.0,0.0,0.0,0.0,0.0,0.0,5.0,0.0,0.0,16.0,0.0,30.0,0.0,0.0,0.0,3.0,4.0,4.0,0.0,0.0,2.0,1.0,0.0,29.0,69.0,86.0,0.0,0.0,0.0,0.0,0.0
ctx-lh-rostralmiddlefrontal,0.0,173.0,1293.0,0.0,0.0,199.0,0.0,0.0,0.0,205.0,0.0,0.0,970.0,0.0,378.0,0.0,0.0,0.0,469.0,583.0,970.0,0.0,7.0,9.0,95.0,0.0,221.0,8963.0,1880.0,2.0,0.0,6.0,0.0,0.0,0.0,121.0,6.0,0.0,0.0,0.0,0.0,0.0,0.0,7.0,0.0,0.0,7.0,0.0,3.0,0.0,0.0,0.0,3.0,0.0,9.0,0.0,0.0,3.0,4.0,0.0,15.0,66.0,104.0,0.0,0.0,0.0,0.0,0.0
ctx-lh-superiorfrontal,2.0,950.0,1435.0,0.0,0.0,109.0,1.0,2.0,0.0,81.0,7.0,1.0,119.0,0.0,358.0,0.0,442.0,0.0,89.0,42.0,75.0,0.0,77.0,477.0,1148.0,18.0,811.0,1880.0,12047.0,48.0,2.0,17.0,0.0,0.0,0.0,302.0,46.0,0.0,0.0,0.0,0.0,0.0,0.0,13.0,3.0,0.0,9.0,0.0,7.0,0.0,16.0,0.0,14.0,3.0,7.0,0.0,4.0,90.0,43.0,1.0,20.0,110.0,305.0,3.0,0.0,2.0,0.0,1.0
ctx-lh-superiorparietal,30.0,10.0,8.0,1484.0,0.0,0.0,36.0,1133.0,26.0,93.0,223.0,503.0,0.0,65.0,0.0,30.0,319.0,4.0,1.0,0.0,0.0,466.0,780.0,300.0,281.0,3304.0,0.0,2.0,48.0,6662.0,44.0,610.0,0.0,25.0,4.0,0.0,1.0,1.0,1.0,0.0,5.0,23.0,6.0,3.0,71.0,7.0,0.0,9.0,0.0,5.0,5.0,1.0,0.0,0.0,0.0,0.0,2.0,38.0,2.0,62.0,0.0,0.0,3.0,30.0,4.0,6.0,0.0,1.0
ctx-lh-superiortemporal,1118.0,1.0,1.0,3.0,7.0,0.0,74.0,207.0,109.0,307.0,17.0,25.0,3.0,7.0,0.0,838.0,0.0,0.0,1.0,0.0,0.0,2.0,20.0,4.0,16.0,28.0,0.0,0.0,2.0,44.0,4957.0,514.0,228.0,798.0,0.0,0.0,0.0,0.0,0.0,0.0,0.0,3.0,0.0,0.0,11.0,0.0,0.0,0.0,0.0,1.0,1.0,0.0,0.0,0.0,0.0,0.0,0.0,3.0,0.0,12.0,0.0,1.0,0.0,0.0,0.0,0.0,0.0,2.0
ctx-lh-supramarginal,329.0,5.0,25.0,3.0,1.0,0.0,21.0,1429.0,32.0,500.0,48.0,13.0,0.0,2.0,0.0,74.0,12.0,1.0,17.0,0.0,1.0,6.0,1482.0,48.0,286.0,67.0,0.0,6.0,17.0,610.0,514.0,7410.0,1.0,64.0,0.0,0.0,2.0,0.0,0.0,0.0,0.0,2.0,0.0,1.0,13.0,0.0,0.0,1.0,0.0,2.0,2.0,0.0,0.0,0.0,0.0,0.0,1.0,6.0,1.0,16.0,0.0,0.0,0.0,4.0,2.0,0.0,0.0,0.0
ctx-lh-temporalpole,6.0,0.0,0.0,0.0,158.0,0.0,237.0,5.0,107.0,20.0,0.0,5.0,1.0,0.0,0.0,240.0,0.0,1.0,0.0,0.0,0.0,0.0,0.0,2.0,0.0,0.0,0.0,0.0,0.0,0.0,228.0,1.0,408.0,0.0,0.0,0.0,0.0,0.0,0.0,0.0,0.0,0.0,0.0,0.0,0.0,0.0,0.0,0.0,0.0,0.0,0.0,0.0,0.0,0.0,0.0,0.0,0.0,0.0,0.0,0.0,0.0,0.0,0.0,0.0,0.0,0.0,0.0,0.0
ctx-lh-transversetemporal,25.0,0.0,2.0,1.0,0.0,0.0,3.0,27.0,6.0,124.0,11.0,2.0,1.0,2.0,0.0,18.0,1.0,0.0,0.0,0.0,0.0,0.0,8.0,6.0,2.0,16.0,0.0,0.0,0.0,25.0,798.0,64.0,0.0,564.0,0.0,0.0,0.0,0.0,0.0,0.0,0.0,0.0,0.0,0.0,4.0,0.0,0.0,0.0,0.0,0.0,0.0,0.0,0.0,0.0,0.0,0.0,0.0,4.0,0.0,4.0,0.0,0.0,0.0,2.0,0.0,0.0,0.0,0.0
ctx-rh-bankssts,0.0,0.0,0.0,0.0,0.0,0.0,0.0,0.0,0.0,0.0,3.0,2.0,0.0,1.0,0.0,0.0,0.0,0.0,0.0,0.0,0.0,1.0,0.0,3.0,0.0,12.0,0.0,0.0,0.0,4.0,0.0,0.0,0.0,0.0,869.0,0.0,0.0,3.0,0.0,0.0,15.0,486.0,164.0,51.0,30.0,23.0,0.0,5.0,0.0,913.0,1.0,3.0,0.0,0.0,0.0,1.0,8.0,14.0,4.0,32.0,0.0,0.0,0.0,33.0,999.0,494.0,1.0,41.0
ctx-rh-caudalanteriorcingulate,0.0,246.0,45.0,0.0,0.0,2.0,0.0,0.0,0.0,14.0,0.0,0.0,13.0,0.0,7.0,0.0,0.0,0.0,15.0,4.0,4.0,0.0,2.0,24.0,17.0,0.0,85.0,121.0,302.0,0.0,0.0,0.0,0.0,0.0,0.0,554.0,107.0,0.0,0.0,2.0,0.0,0.0,0.0,22.0,1.0,0.0,12.0,0.0,11.0,0.0,7.0,0.0,33.0,7.0,14.0,0.0,2.0,204.0,44.0,2.0,135.0,220.0,999.0,2.0,1.0,3.0,0.0,0.0
ctx-rh-caudalmiddlefrontal,0.0,67.0,19.0,0.0,0.0,0.0,0.0,0.0,0.0,2.0,0.0,0.0,0.0,0.0,0.0,0.0,0.0,0.0,5.0,0.0,2.0,0.0,0.0,14.0,9.0,0.0,2.0,6.0,46.0,1.0,0.0,2.0,0.0,0.0,0.0,107.0,2606.0,0.0,0.0,0.0,0.0,2.0,0.0,32.0,0.0,0.0,3.0,0.0,0.0,0.0,35.0,0.0,159.0,1.0,7.0,0.0,41.0,83.0,1226.0,2.0,0.0,751.0,1024.0,12.0,0.0,5.0,0.0,0.0
ctx-rh-cuneus,0.0,0.0,0.0,0.0,0.0,0.0,0.0,1.0,0.0,0.0,0.0,1.0,0.0,0.0,0.0,0.0,0.0,0.0,0.0,0.0,0.0,2.0,0.0,0.0,0.0,3.0,0.0,0.0,0.0,1.0,0.0,0.0,0.0,0.0,3.0,0.0,0.0,1421.0,0.0,0.0,29.0,33.0,11.0,0.0,4.0,438.0,0.0,138.0,0.0,2.0,0.0,1.0,0.0,0.0,0.0,1487.0,0.0,1.0,0.0,336.0,0.0,0.0,0.0,711.0,1.0,2.0,0.0,0.0
ctx-rh-entorhinal,0.0,0.0,0.0,0.0,0.0,0.0,0.0,0.0,0.0,0.0,0.0,0.0,0.0,0.0,0.0,0.0,0.0,0.0,0.0,0.0,0.0,0.0,0.0,0.0,0.0,0.0,0.0,0.0,0.0,1.0,0.0,0.0,0.0,0.0,0.0,0.0,0.0,0.0,154.0,0.0,50.0,0.0,55.0,2.0,0.0,2.0,0.0,0.0,0.0,34.0,0.0,75.0,0.0,0.0,0.0,0.0,0.0,0.0,0.0,0.0,0.0,0.0,0.0,1.0,6.0,0.0,173.0,0.0
ctx-rh-frontalpole,0.0,0.0,0.0,0.0,0.0,0.0,0.0,0.0,0.0,0.0,0.0,0.0,0.0,0.0,0.0,0.0,0.0,0.0,0.0,0.0,1.0,0.0,0.0,0.0,0.0,0.0,0.0,0.0,0.0,0.0,0.0,0.0,0.0,0.0,0.0,2.0,0.0,0.0,0.0,100.0,0.0,0.0,0.0,1.0,0.0,0.0,136.0,0.0,408.0,0.0,0.0,0.0,0.0,7.0,1.0,0.0,0.0,0.0,0.0,0.0,19.0,164.0,146.0,0.0,0.0,0.0,0.0,0.0
ctx-rh-fusiform,0.0,0.0,0.0,1.0,0.0,0.0,0.0,1.0,1.0,0.0,4.0,1.0,0.0,3.0,0.0,0.0,0.0,1.0,0.0,0.0,0.0,0.0,0.0,1.0,0.0,5.0,0.0,0.0,0.0,5.0,0.0,0.0,0.0,0.0,15.0,0.0,0.0,29.0,50.0,0.0,4705.0,110.0,773.0,14.0,18.0,1572.0,0.0,1112.0,0.0,227.0,1.0,268.0,0.0,0.0,0.0,294.0,0.0,0.0,0.0,143.0,0.0,0.0,0.0,54.0,56.0,4.0,34.0,2.0
ctx-rh-inferiorparietal,1.0,0.0,0.0,0.0,0.0,0.0,6.0,12.0,3.0,2.0,32.0,3.0,0.0,3.0,0.0,1.0,2.0,3.0,0.0,0.0,0.0,2.0,3.0,22.0,0.0,35.0,0.0,0.0,0.0,23.0,3.0,2.0,0.0,0.0,486.0,0.0,2.0,33.0,0.0,0.0,110.0,10814.0,441.0,96.0,109.0,1013.0,0.0,27.0,0.0,565.0,25.0,10.0,1.0,0.0,0.0,39.0,150.0,49.0,68.0,452.0,0.0,0.0,2.0,1573.0,168.0,1809.0,1.0,28.0
ctx-rh-inferiortemporal,1.0,0.0,0.0,1.0,0.0,0.0,1.0,5.0,0.0,0.0,1.0,2.0,0.0,2.0,0.0,0.0,0.0,0.0,0.0,0.0,0.0,0.0,0.0,7.0,1.0,5.0,0.0,0.0,0.0,6.0,0.0,0.0,0.0,0.0,164.0,0.0,0.0,11.0,55.0,0.0,773.0,441.0,3060.0,50.0,17.0,541.0,2.0,48.0,0.0,1930.0,0.0,62.0,0.0,0.0,0.0,16.0,8.0,2.0,2.0,79.0,0.0,0.0,0.0,42.0,153.0,19.0,79.0,4.0
ctx-rh-insula,0.0,10.0,4.0,1.0,0.0,1.0,0.0,3.0,1.0,0.0,5.0,1.0,0.0,0.0,0.0,0.0,4.0,0.0,0.0,0.0,1.0,0.0,3.0,17.0,1.0,9.0,5.0,7.0,13.0,3.0,0.0,1.0,0.0,0.0,51.0,22.0,32.0,0.0,2.0,1.0,14.0,96.0,50.0,1433.0,19.0,8.0,304.0,1.0,6.0,106.0,38.0,2.0,139.0,28.0,129.0,1.0,253.0,63.0,281.0,38.0,4.0,195.0,113.0,96.0,247.0,344.0,43.0,88.0
ctx-rh-isthmuscingulate,2.0,2.0,1.0,6.0,0.0,0.0,9.0,35.0,5.0,9.0,114.0,9.0,0.0,10.0,0.0,3.0,6.0,6.0,0.0,0.0,0.0,14.0,1.0,66.0,4.0,107.0,0.0,0.0,3.0,71.0,11.0,13.0,0.0,4.0,30.0,1.0,0.0,4.0,0.0,0.0,18.0,109.0,17.0,19.0,733.0,23.0,1.0,79.0,0.0,9.0,23.0,103.0,1.0,0.0,0.0,11.0,6.0,346.0,9.0,1002.0,0.0,1.0,10.0,122.0,27.0,16.0,0.0,8.0
ctx-rh-lateraloccipital,0.0,0.0,0.0,1.0,0.0,0.0,0.0,5.0,1.0,1.0,13.0,0.0,0.0,3.0,0.0,0.0,0.0,1.0,0.0,0.0,0.0,1.0,0.0,2.0,1.0,7.0,0.0,0.0,0.0,7.0,0.0,0.0,0.0,0.0,23.0,0.0,0.0,438.0,2.0,0.0,1572.0,1013.0,541.0,8.0,23.0,8220.0,0.0,579.0,0.0,114.0,0.0,16.0,0.0,0.0,0.0,883.0,1.0,3.0,0.0,189.0,0.0,0.0,0.0,445.0,14.0,2.0,0.0,1.0
ctx-rh-lateralorbitofrontal,0.0,2.0,0.0,0.0,0.0,0.0,0.0,0.0,0.0,1.0,0.0,0.0,5.0,0.0,3.0,0.0,0.0,0.0,0.0,0.0,0.0,0.0,0.0,0.0,0.0,0.0,16.0,7.0,9.0,0.0,0.0,0.0,0.0,0.0,0.0,12.0,3.0,0.0,0.0,136.0,0.0,0.0,2.0,304.0,1.0,0.0,2140.0,0.0,756.0,4.0,0.0,0.0,11.0,448.0,255.0,0.0,0.0,0.0,4.0,1.0,184.0,722.0,193.0,1.0,4.0,0.0,1.0,0.0
ctx-rh-lingual,0.0,0.0,0.0,8.0,0.0,0.0,0.0,3.0,0.0,0.0,4.0,3.0,0.0,44.0,0.0,0.0,0.0,3.0,0.0,0.0,0.0,17.0,1.0,0.0,0.0,10.0,0.0,0.0,0.0,9.0,0.0,1.0,0.0,0.0,5.0,0.0,0.0,138.0,0.0,0.0,1112.0,27.0,48.0,1.0,79.0,579.0,0.0,3988.0,0.0,11.0,0.0,203.0,0.0,0.0,0.0,2016.0,0.0,1.0,0.0,507.0,0.0,0.0,0.0,55.0,7.0,0.0,0.0,2.0
ctx-rh-medialorbitofrontal,0.0,1.0,0.0,0.0,0.0,0.0,0.0,0.0,0.0,1.0,0.0,0.0,6.0,0.0,1.0,0.0,0.0,0.0,0.0,1.0,0.0,0.0,0.0,0.0,0.0,0.0,30.0,3.0,7.0,0.0,0.0,0.0,0.0,0.0,0.0,11.0,0.0,0.0,0.0,408.0,0.0,0.0,0.0,6.0,0.0,0.0,756.0,0.0,1981.0,0.0,0.0,0.0,1.0,16.0,11.0,0.0,0.0,0.0,0.0,0.0,401.0,346.0,353.0,0.0,0.0,0.0,0.0,0.0
ctx-rh-middletemporal,0.0,0.0,0.0,0.0,0.0,0.0,1.0,0.0,0.0,0.0,3.0,0.0,0.0,1.0,0.0,0.0,0.0,1.0,0.0,0.0,0.0,2.0,0.0,2.0,0.0,4.0,0.0,0.0,0.0,5.0,1.0,2.0,0.0,0.0,913.0,0.0,0.0,2.0,34.0,0.0,227.0,565.0,1930.0,106.0,9.0,114.0,4.0,11.0,0.0,4272.0,0.0,15.0,0.0,0.0,0.0,4.0,2.0,2.0,2.0,44.0,0.0,0.0,0.0,23.0,568.0,40.0,94.0,5.0
ctx-rh-paracentral,0.0,7.0,3.0,0.0,0.0,0.0,0.0,1.0,0.0,2.0,4.0,1.0,0.0,0.0,0.0,0.0,72.0,0.0,0.0,0.0,0.0,1.0,1.0,48.0,14.0,1.0,0.0,0.0,16.0,5.0,1.0,2.0,0.0,0.0,1.0,7.0,35.0,0.0,0.0,0.0,1.0,25.0,0.0,38.0,23.0,0.0,0.0,0.0,0.0,0.0,2339.0,0.0,1.0,0.0,0.0,0.0,567.0,482.0,1550.0,293.0,0.0,3.0,552.0,314.0,5.0,22.0,1.0,0.0
ctx-rh-parahippocampal,0.0,0.0,0.0,1.0,0.0,0.0,1.0,2.0,1.0,0.0,4.0,1.0,0.0,1.0,0.0,0.0,0.0,0.0,0.0,0.0,0.0,1.0,0.0,0.0,0.0,7.0,0.0,0.0,0.0,1.0,0.0,0.0,0.0,0.0,3.0,0.0,0.0,1.0,75.0,0.0,268.0,10.0,62.0,2.0,103.0,16.0,0.0,203.0,0.0,15.0,0.0,358.0,0.0,0.0,0.0,6.0,0.0,1.0,0.0,44.0,0.0,0.0,0.0,8.0,9.0,0.0,2.0,0.0
ctx-rh-parsopercularis,0.0,16.0,2.0,0.0,0.0,0.0,0.0,0.0,0.0,2.0,0.0,0.0,1.0,0.0,0.0,0.0,0.0,0.0,0.0,1.0,0.0,0.0,0.0,0.0,1.0,0.0,3.0,3.0,14.0,0.0,0.0,0.0,0.0,0.0,0.0,33.0,159.0,0.0,0.0,0.0,0.0,1.0,0.0,139.0,1.0,0.0,11.0,0.0,1.0,0.0,1.0,0.0,1118.0,9.0,369.0,0.0,43.0,6.0,632.0,0.0,2.0,648.0,113.0,1.0,0.0,5.0,0.0,0.0
ctx-rh-parsorbitalis,0.0,0.0,0.0,0.0,0.0,0.0,0.0,0.0,0.0,1.0,0.0,0.0,0.0,0.0,0.0,0.0,0.0,0.0,0.0,0.0,0.0,0.0,0.0,0.0,0.0,0.0,4.0,0.0,3.0,0.0,0.0,0.0,0.0,0.0,0.0,7.0,1.0,0.0,0.0,7.0,0.0,0.0,0.0,28.0,0.0,0.0,448.0,0.0,16.0,0.0,0.0,0.0,9.0,557.0,284.0,0.0,0.0,1.0,1.0,0.0,6.0,594.0,49.0,0.0,0.0,0.0,0.0,0.0
ctx-rh-parstriangularis,0.0,5.0,0.0,0.0,0.0,0.0,0.0,0.0,0.0,0.0,0.0,0.0,2.0,0.0,0.0,0.0,0.0,0.0,0.0,0.0,2.0,0.0,0.0,0.0,0.0,0.0,4.0,9.0,7.0,0.0,0.0,0.0,0.0,0.0,0.0,14.0,7.0,0.0,0.0,1.0,0.0,0.0,0.0,129.0,0.0,0.0,255.0,0.0,11.0,0.0,0.0,0.0,369.0,284.0,1290.0,0.0,2.0,1.0,17.0,0.0,4.0,804.0,88.0,0.0,4.0,0.0,0.0,0.0
ctx-rh-pericalcarine,0.0,0.0,0.0,3.0,0.0,0.0,0.0,1.0,0.0,0.0,0.0,1.0,0.0,12.0,0.0,0.0,0.0,0.0,0.0,0.0,0.0,5.0,0.0,0.0,0.0,1.0,0.0,0.0,0.0,0.0,0.0,0.0,0.0,0.0,1.0,0.0,0.0,1487.0,0.0,0.0,294.0,39.0,16.0,1.0,11.0,883.0,0.0,2016.0,0.0,4.0,0.0,6.0,0.0,0.0,0.0,1094.0,0.0,1.0,0.0,441.0,0.0,0.0,0.0,166.0,6.0,0.0,0.0,0.0
ctx-rh-postcentral,0.0,4.0,2.0,0.0,0.0,0.0,0.0,3.0,0.0,2.0,2.0,0.0,0.0,0.0,0.0,0.0,35.0,0.0,1.0,0.0,0.0,0.0,0.0,17.0,5.0,3.0,0.0,0.0,4.0,2.0,0.0,1.0,0.0,0.0,8.0,2.0,41.0,0.0,0.0,0.0,0.0,150.0,8.0,253.0,6.0,1.0,0.0,0.0,0.0,2.0,567.0,0.0,43.0,0.0,2.0,0.0,7252.0,68.0,2129.0,115.0,0.0,17.0,30.0,718.0,15.0,1437.0,0.0,2.0
ctx-rh-posteriorcingulate,3.0,41.0,20.0,1.0,0.0,0.0,2.0,6.0,0.0,8.0,36.0,4.0,0.0,2.0,0.0,1.0,24.0,3.0,2.0,0.0,0.0,4.0,10.0,234.0,64.0,31.0,2.0,3.0,90.0,38.0,3.0,6.0,0.0,4.0,14.0,204.0,83.0,1.0,0.0,0.0,0.0,49.0,2.0,63.0,346.0,3.0,0.0,1.0,0.0,2.0,482.0,1.0,6.0,1.0,1.0,1.0,68.0,1385.0,309.0,449.0,0.0,5.0,556.0,182.0,13.0,40.0,0.0,9.0
ctx-rh-precentral,1.0,30.0,10.0,0.0,0.0,0.0,0.0,0.0,0.0,1.0,1.0,0.0,0.0,0.0,0.0,0.0,23.0,0.0,2.0,0.0,0.0,0.0,3.0,63.0,15.0,0.0,1.0,4.0,43.0,2.0,0.0,1.0,0.0,0.0,4.0,44.0,1226.0,0.0,0.0,0.0,0.0,68.0,2.0,281.0,9.0,0.0,4.0,0.0,0.0,2.0,1550.0,0.0,632.0,1.0,17.0,0.0,2129.0,309.0,10094.0,66.0,0.0,198.0,862.0,272.0,5.0,282.0,0.0,3.0
ctx-rh-precuneus,1.0,0.0,2.0,8.0,0.0,0.0,14.0,50.0,7.0,2.0,114.0,25.0,0.0,26.0,0.0,1.0,2.0,4.0,0.0,0.0,0.0,22.0,5.0,51.0,6.0,144.0,0.0,0.0,1.0,62.0,12.0,16.0,0.0,4.0,32.0,2.0,2.0,336.0,0.0,0.0,143.0,452.0,79.0,38.0,1002.0,189.0,1.0,507.0,0.0,44.0,293.0,44.0,0.0,0.0,0.0,441.0,115.0,449.0,66.0,5652.0,0.0,0.0,11.0,2921.0,39.0,45.0,0.0,6.0
ctx-rh-rostralanteriorcingulate,0.0,11.0,1.0,0.0,0.0,0.0,0.0,0.0,0.0,3.0,0.0,0.0,6.0,0.0,9.0,0.0,0.0,0.0,0.0,0.0,3.0,0.0,0.0,0.0,0.0,0.0,29.0,15.0,20.0,0.0,0.0,0.0,0.0,0.0,0.0,135.0,0.0,0.0,0.0,19.0,0.0,0.0,0.0,4.0,0.0,0.0,184.0,0.0,401.0,0.0,0.0,0.0,2.0,6.0,4.0,0.0,0.0,0.0,0.0,0.0,656.0,189.0,441.0,0.0,0.0,0.0,0.0,0.0
ctx-rh-rostralmiddlefrontal,0.0,92.0,9.0,0.0,0.0,0.0,0.0,0.0,0.0,10.0,0.0,0.0,8.0,0.0,9.0,0.0,1.0,0.0,2.0,0.0,5.0,0.0,0.0,5.0,2.0,0.0,69.0,66.0,110.0,0.0,1.0,0.0,0.0,0.0,0.0,220.0,751.0,0.0,0.0,164.0,0.0,0.0,0.0,195.0,1.0,0.0,722.0,0.0,346.0,0.0,3.0,0.0,648.0,594.0,804.0,0.0,17.0,5.0,198.0,0.0,189.0,7381.0,2072.0,1.0,0.0,6.0,0.0,0.0
ctx-rh-superiorfrontal,0.0,258.0,72.0,0.0,0.0,0.0,0.0,0.0,0.0,21.0,1.0,0.0,9.0,1.0,15.0,0.0,4.0,0.0,18.0,4.0,7.0,0.0,8.0,57.0,38.0,0.0,86.0,104.0,305.0,3.0,0.0,0.0,0.0,0.0,0.0,999.0,1024.0,0.0,0.0,146.0,0.0,2.0,0.0,113.0,10.0,0.0,193.0,0.0,353.0,0.0,552.0,0.0,113.0,49.0,88.0,0.0,30.0,556.0,862.0,11.0,441.0,2072.0,11404.0,15.0,1.0,7.0,0.0,0.0
ctx-rh-superiorparietal,1.0,2.0,1.0,5.0,0.0,0.0,3.0,12.0,0.0,4.0,38.0,0.0,0.0,5.0,0.0,1.0,3.0,0.0,0.0,0.0,0.0,4.0,3.0,39.0,7.0,35.0,0.0,0.0,3.0,30.0,0.0,4.0,0.0,2.0,33.0,2.0,12.0,711.0,1.0,0.0,54.0,1573.0,42.0,96.0,122.0,445.0,1.0,55.0,0.0,23.0,314.0,8.0,1.0,0.0,0.0,166.0,718.0,182.0,272.0,2921.0,0.0,1.0,15.0,7455.0,48.0,407.0,1.0,15.0
ctx-rh-superiortemporal,0.0,1.0,0.0,0.0,0.0,0.0,0.0,4.0,0.0,0.0,10.0,1.0,0.0,2.0,0.0,0.0,0.0,1.0,0.0,0.0,0.0,1.0,0.0,5.0,0.0,11.0,0.0,0.0,0.0,4.0,0.0,2.0,0.0,0.0,999.0,1.0,0.0,1.0,6.0,0.0,56.0,168.0,153.0,247.0,27.0,14.0,4.0,7.0,0.0,568.0,5.0,9.0,0.0,0.0,4.0,6.0,15.0,13.0,5.0,39.0,0.0,0.0,1.0,48.0,4777.0,339.0,96.0,595.0
ctx-rh-supramarginal,0.0,2.0,3.0,0.0,0.0,0.0,0.0,1.0,0.0,2.0,2.0,3.0,0.0,1.0,0.0,0.0,0.0,1.0,0.0,0.0,0.0,0.0,0.0,8.0,2.0,12.0,0.0,0.0,2.0,6.0,0.0,0.0,0.0,0.0,494.0,3.0,5.0,2.0,0.0,0.0,4.0,1809.0,19.0,344.0,16.0,2.0,0.0,0.0,0.0,40.0,22.0,0.0,5.0,0.0,0.0,0.0,1437.0,40.0,282.0,45.0,0.0,6.0,7.0,407.0,339.0,5168.0,0.0,28.0
ctx-rh-temporalpole,0.0,0.0,0.0,0.0,0.0,0.0,0.0,0.0,0.0,0.0,0.0,0.0,0.0,0.0,0.0,0.0,0.0,0.0,0.0,0.0,0.0,0.0,0.0,0.0,0.0,0.0,0.0,0.0,0.0,0.0,0.0,0.0,0.0,0.0,1.0,0.0,0.0,0.0,173.0,0.0,34.0,1.0,79.0,43.0,0.0,0.0,1.0,0.0,0.0,94.0,1.0,2.0,0.0,0.0,0.0,0.0,0.0,0.0,0.0,0.0,0.0,0.0,0.0,1.0,96.0,0.0,209.0,0.0
ctx-rh-transversetemporal,0.0,0.0,0.0,1.0,0.0,0.0,0.0,0.0,1.0,0.0,0.0,0.0,0.0,0.0,0.0,0.0,0.0,0.0,0.0,0.0,0.0,0.0,0.0,1.0,0.0,2.0,0.0,0.0,1.0,1.0,2.0,0.0,0.0,0.0,41.0,0.0,0.0,0.0,0.0,0.0,2.0,28.0,4.0,88.0,8.0,1.0,0.0,2.0,0.0,5.0,0.0,0.0,0.0,0.0,0.0,0.0,2.0,9.0,3.0,6.0,0.0,0.0,0.0,15.0,595.0,28.0,0.0,277.0
