,ctx-lh-bankssts,ctx-lh-caudalanteriorcingulate,ctx-lh-caudalmiddlefrontal,ctx-lh-cuneus,ctx-lh-entorhinal,ctx-lh-frontalpole,ctx-lh-fusiform,ctx-lh-inferiorparietal,ctx-lh-inferiortemporal,ctx-lh-insula,ctx-lh-isthmuscingulate,ctx-lh-lateraloccipital,ctx-lh-lateralorbitofrontal,ctx-lh-lingual,ctx-lh-medialorbitofrontal,ctx-lh-middletemporal,ctx-lh-paracentral,ctx-lh-parahippocampal,ctx-lh-parsopercularis,ctx-lh-parsorbitalis,ctx-lh-parstriangularis,ctx-lh-pericalcarine,ctx-lh-postcentral,ctx-lh-posteriorcingulate,ctx-lh-precentral,ctx-lh-precuneus,ctx-lh-rostralanteriorcingulate,ctx-lh-rostralmiddlefrontal,ctx-lh-superiorfrontal,ctx-lh-superiorparietal,ctx-lh-superiortemporal,ctx-lh-supramarginal,ctx-lh-temporalpole,ctx-lh-transversetemporal,ctx-rh-bankssts,ctx-rh-caudalanteriorcingulate,ctx-rh-caudalmiddlefrontal,ctx-rh-cuneus,ctx-rh-entorhinal,ctx-rh-frontalpole,ctx-rh-fusiform,ctx-rh-inferiorparietal,ctx-rh-inferiortemporal,ctx-rh-insula,ctx-rh-isthmuscingulate,ctx-rh-lateraloccipital,ctx-rh-lateralorbitofrontal,ctx-rh-lingual,ctx-rh-medialorbitofrontal,ctx-rh-middletemporal,ctx-rh-paracentral,ctx-rh-parahippocampal,ctx-rh-parsopercularis,ctx-rh-parsorbitalis,ctx-rh-parstriangularis,ctx-rh-pericalcarine,ctx-rh-postcentral,ctx-rh-posteriorcingulate,ctx-rh-precentral,ctx-rh-precuneus,ctx-rh-rostralanteriorcingulate,ctx-rh-rostralmiddlefrontal,ctx-rh-superiorfrontal,ctx-rh-superiorparietal,ctx-rh-superiortemporal,ctx-rh-supramarginal,ctx-rh-temporalpole,ctx-rh-transversetemporal
ctx-lh-bankssts,911.0,1.0,2.0,2.0,1.0,0.0,22.0,442.0,165.0,35.0,14.0,16.0,0.0,3.0,0.0,422.0,0.0,1.0,0.0,0.0,0.0,3.0,41.0,5.0,38.0,20.0,0.0,0.0,3.0,27.0,848.0,293.0,0.0,20.0,0.0,0.0,0.0,1.0,0.0,0.0,0.0,1.0,0.0,0.0,1.0,0.0,0.0,1.0,0.0,0.0,0.0,0.0,0.0,0.0,0.0,0.0,0.0,1.0,1.0,4.0,0.0,0.0,1.0,0.0,0.0,0.0,0.0,0.0
ctx-lh-caudalanteriorcingulate,1.0,506.0,155.0,0.0,0.0,1.0,0.0,0.0,0.0,52.0,7.0,0.0,10.0,0.0,2.0,0.0,15.0,0.0,97.0,0.0,22.0,0.0,10.0,254.0,78.0,7.0,187.0,193.0,754.0,4.0,1.0,5.0,0.0,0.0,0.0,171.0,30.0,0.0,0.0,1.0,0.0,0.0,0.0,14.0,0.0,0.0,8.0,0.0,4.0,0.0,1.0,0.0,18.0,2.0,14.0,0.0,5.0,15.0,21.0,1.0,45.0,81.0,126.0,0.0,0.0,3.0,0.0,0.0
ctx-lh-caudalmiddlefrontal,2.0,155.0,2754.0,0.0,0.0,0.0,0.0,4.0,0.0,93.0,4.0,0.0,1.0,0.0,0.0,0.0,16.0,0.0,297.0,0.0,9.0,1.0,87.0,27.0,1192.0,5.0,3.0,671.0,862.0,11.0,8.0,46.0,0.0,0.0,0.0,62.0,7.0,0.0,0.0,0.0,0.0,1.0,0.0,4.0,0.0,0.0,1.0,0.0,0.0,0.0,1.0,0.0,1.0,0.0,2.0,0.0,0.0,10.0,6.0,0.0,2.0,9.0,28.0,0.0,0.0,1.0,0.0,0.0
ctx-lh-cuneus,2.0,0.0,0.0,1842.0,0.0,0.0,12.0,57.0,8.0,2.0,49.0,273.0,0.0,115.0,0.0,5.0,0.0,1.0,0.0,0.0,0.0,1840.0,1.0,2.0,0.0,283.0,0.0,0.0,0.0,770.0,3.0,3.0,0.0,1.0,0.0,0.0,0.0,39.0,0.0,0.0,0.0,0.0,0.0,0.0,3.0,1.0,0.0,2.0,0.0,0.0,0.0,0.0,0.0,0.0,0.0,24.0,0.0,0.0,0.0,4.0,0.0,0.0,0.0,1.0,0.0,0.0,0.0,0.0
ctx-lh-entorhinal,1.0,0.0,0.0,0.0,71.0,0.0,73.0,0.0,64.0,6.0,0.0,0.0,0.0,1.0,0.0,7.0,1.0,66.0,0.0,0.0,0.0,1.0,0.0,0.0,0.0,0.0,0.0,0.0,0.0,0.0,6.0,0.0,183.0,1.0,0.0,0.0,0.0,0.0,0.0,0.0,0.0,0.0,0.0,0.0,0.0,0.0,0.0,0.0,0.0,0.0,0.0,0.0,0.0,0.0,0.0,0.0,0.0,0.0,0.0,0.0,0.0,0.0,0.0,0.0,0.0,0.0,0.0,0.0
ctx-lh-frontalpole,0.0,1.0,0.0,0.0,0.0,77.0,0.0,0.0,0.0,3.0,0.0,0.0,86.0,0.0,268.0,0.0,0.0,0.0,0.0,9.0,6.0,0.0,0.0,0.0,0.0,0.0,14.0,148.0,138.0,0.0,0.0,0.0,0.0,0.0,0.0,0.0,0.0,0.0,0.0,0.0,0.0,0.0,0.0,0.0,0.0,0.0,0.0,0.0,0.0,0.0,0.0,0.0,0.0,0.0,1.0,0.0,0.0,0.0,0.0,0.0,2.0,0.0,0.0,0.0,0.0,0.0,0.0,0.0
ctx-lh-fusiform,22.0,0.0,0.0,12.0,73.0,0.0,2857.0,158.0,1478.0,87.0,18.0,891.0,8.0,694.0,0.0,105.0,0.0,177.0,0.0,0.0,0.0,51.0,1.0,1.0,2.0,30.0,0.0,0.0,0.0,46.0,74.0,9.0,94.0,11.0,0.0,0.0,0.0,0.0,0.0,0.0,0.0,1.0,0.0,0.0,4.0,0.0,0.0,0.0,0.0,0.0,0.0,0.0,0.0,0.0,0.0,0.0,0.0,2.0,0.0,1.0,0.0,0.0,0.0,0.0,0.0,0.0,0.0,0.0
ctx-lh-inferiorparietal,442.0,0.0,4.0,57.0,0.0,0.0,158.0,4387.0,406.0,35.0,84.0,959.0,0.0,62.0,0.0,286.0,5.0,4.0,1.0,0.0,0.0,68.0,85.0,10.0,47.0,232.0,0.0,1.0,0.0,1287.0,118.0,1069.0,1.0,12.0,0.0,1.0,1.0,0.0,0.0,0.0,0.0,0.0,0.0,0.0,7.0,0.0,0.0,2.0,0.0,0.0,1.0,0.0,0.0,0.0,0.0,0.0,1.0,5.0,2.0,6.0,0.0,0.0,1.0,0.0,0.0,0.0,0.0,0.0
ctx-lh-inferiortemporal,165.0,0.0,0.0,8.0,64.0,0.0,1478.0,406.0,3449.0,251.0,26.0,464.0,18.0,161.0,0.0,1736.0,0.0,46.0,2.0,0.0,1.0,30.0,19.0,4.0,11.0,32.0,1.0,1.0,1.0,64.0,530.0,57.0,252.0,21.0,1.0,0.0,0.0,0.0,0.0,0.0,0.0,2.0,2.0,1.0,9.0,0.0,0.0,1.0,0.0,0.0,0.0,1.0,0.0,0.0,0.0,1.0,1.0,2.0,1.0,1.0,0.0,0.0,0.0,0.0,0.0,0.0,0.0,0.0
ctx-lh-insula,35.0,52.0,93.0,2.0,6.0,3.0,87.0,35.0,251.0,1653.0,37.0,7.0,442.0,19.0,13.0,189.0,35.0,9.0,318.0,12.0,177.0,3.0,282.0,80.0,456.0,40.0,26.0,157.0,114.0,49.0,417.0,343.0,70.0,171.0,0.0,14.0,6.0,0.0,0.0,0.0,0.0,2.0,0.0,1.0,7.0,1.0,1.0,1.0,0.0,1.0,2.0,0.0,3.0,0.0,2.0,0.0,1.0,22.0,4.0,2.0,14.0,9.0,12.0,3.0,0.0,2.0,0.0,0.0
ctx-lh-isthmuscingulate,14.0,7.0,4.0,49.0,0.0,0.0,18.0,84.0,26.0,37.0,781.0,51.0,0.0,169.0,1.0,13.0,39.0,56.0,1.0,0.0,0.0,37.0,27.0,390.0,34.0,1035.0,0.0,0.0,13.0,171.0,22.0,42.0,0.0,3.0,4.0,2.0,1.0,6.0,0.0,0.0,3.0,26.0,4.0,7.0,106.0,5.0,0.0,16.0,0.0,5.0,12.0,3.0,0.0,0.0,0.0,10.0,7.0,38.0,5.0,59.0,0.0,0.0,3.0,29.0,8.0,8.0,0.0,6.0
ctx-lh-lateraloccipital,16.0,0.0,0.0,273.0,0.0,0.0,891.0,959.0,464.0,7.0,51.0,5054.0,0.0,741.0,0.0,85.0,0.0,7.0,0.0,0.0,0.0,766.0,1.0,3.0,0.0,72.0,0.0,0.0,0.0,536.0,22.0,15.0,1.0,9.0,0.0,0.0,0.0,2.0,0.0,0.0,0.0,3.0,0.0,1.0,0.0,0.0,0.0,0.0,0.0,0.0,0.0,2.0,0.0,0.0,0.0,0.0,0.0,2.0,0.0,2.0,0.0,0.0,0.0,2.0,0.0,0.0,0.0,0.0
ctx-lh-lateralorbitofrontal,0.0,10.0,1.0,0.0,0.0,86.0,8.0,0.0,18.0,442.0,0.0,0.0,2826.0,0.0,1379.0,4.0,0.0,1.0,11.0,489.0,365.0,0.0,1.0,0.0,0.0,0.0,233.0,872.0,134.0,0.0,12.0,0.0,13.0,0.0,0.0,1.0,0.0,0.0,0.0,1.0,0.0,0.0,0.0,1.0,0.0,0.0,3.0,0.0,3.0,0.0,0.0,0.0,0.0,0.0,1.0,0.0,0.0,0.0,0.0,0.0,19.0,10.0,2.0,0.0,0.0,0.0,0.0,0.0
ctx-lh-lingual,3.0,0.0,0.0,115.0,1.0,0.0,694.0,62.0,161.0,19.0,169.0,741.0,0.0,5672.0,0.0,29.0,0.0,259.0,0.0,0.0,0.0,1487.0,2.0,2.0,2.0,145.0,0.0,0.0,0.0,92.0,14.0,14.0,0.0,3.0,2.0,0.0,0.0,10.0,0.0,0.0,2.0,0.0,0.0,0.0,15.0,1.0,0.0,3.0,0.0,1.0,1.0,2.0,0.0,0.0,0.0,2.0,0.0,1.0,0.0,9.0,0.0,0.0,0.0,1.0,0.0,0.0,0.0,0.0
ctx-lh-medialorbitofrontal,0.0,2.0,0.0,0.0,0.0,268.0,0.0,0.0,0.0,13.0,1.0,0.0,1379.0,0.0,1464.0,0.0,0.0,0.0,2.0,24.0,42.0,0.0,0.0,0.0,0.0,0.0,504.0,368.0,417.0,0.0,1.0,0.0,0.0,0.0,0.0,2.0,0.0,0.0,0.0,1.0,0.0,0.0,0.0,0.0,0.0,0.0,1.0,0.0,9.0,0.0,0.0,0.0,0.0,0.0,0.0,0.0,0.0,0.0,0.0,0.0,11.0,4.0,2.0,0.0,0.0,0.0,0.0,0.0
ctx-lh-middletemporal,422.0,0.0,0.0,5.0,7.0,0.0,105.0,286.0,1736.0,189.0,13.0,85.0,4.0,29.0,0.0,2703.0,1.0,4.0,1.0,0.0,1.0,9.0,14.0,3.0,16.0,15.0,0.0,3.0,0.0,33.0,1104.0,79.0,61.0,49.0,0.0,0.0,1.0,0.0,0.0,0.0,0.0,0.0,0.0,0.0,1.0,0.0,0.0,0.0,0.0,0.0,0.0,0.0,0.0,0.0,0.0,0.0,0.0,1.0,1.0,1.0,0.0,0.0,0.0,0.0,0.0,0.0,0.0,0.0
ctx-lh-paracentral,0.0,15.0,16.0,0.0,1.0,0.0,0.0,5.0,0.0,35.0,39.0,0.0,0.0,0.0,0.0,1.0,1625.0,0.0,4.0,0.0,0.0,0.0,374.0,297.0,1100.0,198.0,0.0,3.0,532.0,139.0,2.0,13.0,0.0,1.0,0.0,5.0,1.0,0.0,0.0,0.0,0.0,1.0,0.0,2.0,5.0,0.0,0.0,0.0,0.0,1.0,3.0,0.0,1.0,0.0,1.0,0.0,4.0,25.0,11.0,1.0,0.0,0.0,4.0,3.0,0.0,0.0,0.0,0.0
ctx-lh-parahippocampal,1.0,0.0,0.0,1.0,66.0,0.0,177.0,4.0,46.0,9.0,56.0,7.0,1.0,259.0,0.0,4.0,0.0,306.0,0.0,0.0,0.0,7.0,0.0,0.0,0.0,6.0,0.0,0.0,0.0,2.0,4.0,0.0,3.0,1.0,0.0,0.0,0.0,0.0,0.0,0.0,1.0,0.0,0.0,0.0,1.0,0.0,0.0,0.0,0.0,0.0,0.0,0.0,0.0,0.0,0.0,0.0,0.0,0.0,0.0,3.0,0.0,0.0,0.0,1.0,0.0,0.0,0.0,0.0
ctx-lh-parsopercularis,0.0,97.0,297.0,0.0,0.0,0.0,0.0,1.0,2.0,318.0,1.0,0.0,11.0,0.0,2.0,1.0,4.0,0.0,2087.0,1.0,424.0,0.0,54.0,8.0,602.0,1.0,12.0,533.0,155.0,3.0,4.0,26.0,0.0,2.0,0.0,20.0,7.0,0.0,0.0,0.0,0.0,0.0,0.0,2.0,0.0,0.0,0.0,0.0,0.0,0.0,1.0,0.0,2.0,0.0,1.0,0.0,0.0,2.0,3.0,0.0,5.0,8.0,15.0,1.0,0.0,0.0,0.0,0.0
ctx-lh-parsorbitalis,0.0,0.0,0.0,0.0,0.0,9.0,0.0,0.0,0.0,12.0,0.0,0.0,489.0,0.0,24.0,0.0,0.0,0.0,1.0,349.0,328.0,0.0,0.0,0.0,0.0,0.0,11.0,475.0,24.0,0.0,0.0,0.0,0.0,0.0,0.0,0.0,0.0,0.0,0.0,0.0,0.0,0.0,0.0,0.0,0.0,0.0,0.0,0.0,0.0,0.0,0.0,0.0,0.0,1.0,0.0,0.0,0.0,0.0,0.0,0.0,1.0,2.0,1.0,0.0,0.0,0.0,0.0,0.0
ctx-lh-parstriangularis,0.0,22.0,9.0,0.0,0.0,6.0,0.0,0.0,1.0,177.0,0.0,0.0,365.0,0.0,42.0,1.0,0.0,0.0,424.0,328.0,1398.0,0.0,2.0,0.0,6.0,0.0,64.0,959.0,99.0,0.0,0.0,1.0,0.0,0.0,0.0,7.0,1.0,0.0,0.0,0.0,0.0,0.0,0.0,0.0,0.0,0.0,3.0,0.0,0.0,0.0,0.0,0.0,0.0,3.0,2.0,0.0,0.0,1.0,0.0,0.0,13.0,8.0,5.0,0.0,0.0,0.0,0.0,0.0
ctx-lh-pericalcarine,3.0,0.0,1.0,1840.0,1.0,0.0,51.0,68.0,30.0,3.0,37.0,766.0,0.0,1487.0,0.0,9.0,0.0,7.0,0.0,0.0,0.0,1336.0,2.0,0.0,3.0,176.0,0.0,0.0,0.0,320.0,6.0,5.0,1.0,0.0,1.0,0.0,0.0,7.0,0.0,0.0,0.0,0.0,0.0,0.0,11.0,0.0,0.0,1.0,0.0,0.0,0.0,0.0,0.0,0.0,0.0,3.0,0.0,1.0,0.0,3.0,0.0,0.0,0.0,1.0,0.0,0.0,0.0,0.0
ctx-lh-postcentral,41.0,10.0,87.0,1.0,0.0,0.0,1.0,85.0,19.0,282.0,27.0,1.0,1.0,2.0,0.0,14.0,374.0,0.0,54.0,0.0,2.0,2.0,6975.0,56.0,2190.0,96.0,0.0,2.0,57.0,644.0,48.0,1569.0,0.0,5.0,0.0,4.0,0.0,0.0,0.0,0.0,0.0,1.0,0.0,1.0,5.0,2.0,0.0,1.0,0.0,1.0,1.0,1.0,0.0,0.0,0.0,0.0,1.0,8.0,2.0,3.0,0.0,1.0,4.0,1.0,1.0,2.0,0.0,1.0
ctx-lh-posteriorcingulate,5.0,254.0,27.0,2.0,0.0,0.0,1.0,10.0,4.0,80.0,390.0,3.0,0.0,2.0,0.0,3.0,297.0,0.0,8.0,0.0,0.0,0.0,56.0,1052.0,165.0,405.0,0.0,8.0,421.0,43.0,5.0,27.0,0.0,2.0,2.0,47.0,39.0,0.0,0.0,0.0,0.0,8.0,1.0,15.0,33.0,0.0,0.0,2.0,0.0,0.0,13.0,0.0,3.0,0.0,4.0,0.0,11.0,177.0,56.0,10.0,1.0,13.0,69.0,11.0,5.0,8.0,0.0,0.0
ctx-lh-precentral,38.0,78.0,1192.0,0.0,0.0,0.0,2.0,47.0,11.0,456.0,34.0,0.0,0.0,2.0,0.0,16.0,1100.0,0.0,602.0,0.0,6.0,3.0,2190.0,165.0,8113.0,108.0,0.0,41.0,975.0,243.0,54.0,523.0,0.0,5.0,0.0,33.0,13.0,0.0,0.0,0.0,0.0,4.0,0.0,6.0,5.0,0.0,0.0,0.0,0.0,0.0,5.0,0.0,3.0,0.0,0.0,1.0,5.0,51.0,16.0,1.0,1.0,12.0,27.0,0.0,0.0,2.0,0.0,0.0
ctx-lh-precuneus,20.0,7.0,5.0,283.0,0.0,0.0,30.0,232.0,32.0,40.0,1035.0,72.0,0.0,145.0,0.0,15.0,198.0,6.0,1.0,0.0,0.0,176.0,96.0,405.0,108.0,4622.0,0.0,0.0,31.0,1721.0,25.0,55.0,0.0,8.0,1.0,1.0,2.0,2.0,0.0,0.0,2.0,5.0,2.0,3.0,40.0,3.0,0.0,7.0,0.0,3.0,2.0,1.0,0.0,0.0,0.0,1.0,2.0,20.0,10.0,30.0,0.0,0.0,2.0,12.0,1.0,7.0,0.0,2.0
ctx-lh-rostralanteriorcingulate,0.0,187.0,3.0,0.0,0.0,14.0,0.0,0.0,1.0,26.0,0.0,0.0,233.0,0.0,504.0,0.0,0.0,0.0,12.0,11.0,64.0,0.0,0.0,0.0,0.0,0.0,923.0,256.0,557.0,1.0,0.0,0.0,0.0,0.0,0.0,18.0,0.0,0.0,0.0,3.0,0.0,0.0,0.0,4.0,0.0,0.0,30.0,0.0,47.0,0.0,0.0,0.0,0.0,5.0,8.0,0.0,0.0,0.0,0.0,0.0,150.0,29.0,28.0,0.0,0.0,0.0,0.0,0.0
ctx-lh-rostralmiddlefrontal,0.0,193.0,671.0,0.0,0.0,148.0,0.0,1.0,1.0,157.0,0.0,0.0,872.0,0.0,368.0,3.0,3.0,0.0,533.0,475.0,959.0,0.0,2.0,8.0,41.0,0.0,256.0,6409.0,1776.0,0.0,1.0,1.0,1.0,0.0,0.0,47.0,1.0,0.0,0.0,2.0,0.0,0.0,0.0,8.0,0.0,0.0,7.0,0.0,12.0,0.0,0.0,0.0,5.0,3.0,13.0,0.0,0.0,0.0,2.0,0.0,66.0,36.0,50.0,0.0,0.0,0.0,0.0,0.0
ctx-lh-superiorfrontal,3.0,754.0,862.0,0.0,0.0,138.0,0.0,0.0,1.0,114.0,13.0,0.0,134.0,0.0,417.0,0.0,532.0,0.0,155.0,24.0,99.0,0.0,57.0,421.0,975.0,31.0,557.0,1776.0,9949.0,15.0,1.0,14.0,0.0,1.0,0.0,142.0,42.0,0.0,0.0,0.0,0.0,1.0,0.0,11.0,3.0,0.0,8.0,0.0,8.0,0.0,4.0,0.0,6.0,4.0,11.0,0.0,2.0,35.0,26.0,1.0,63.0,69.0,118.0,2.0,0.0,5.0,0.0,0.0
ctx-lh-superiorparietal,27.0,4.0,11.0,770.0,0.0,0.0,46.0,1287.0,64.0,49.0,171.0,536.0,0.0,92.0,0.0,33.0,139.0,2.0,3.0,0.0,0.0,320.0,644.0,43.0,243.0,1721.0,1.0,0.0,15.0,6824.0,24.0,645.0,0.0,7.0,1.0,2.0,0.0,0.0,0.0,0.0,0.0,2.0,0.0,1.0,22.0,2.0,0.0,1.0,0.0,0.0,3.0,1.0,0.0,0.0,0.0,1.0,1.0,22.0,5.0,9.0,0.0,0.0,3.0,1.0,1.0,1.0,0.0,0.0
ctx-lh-superiortemporal,848.0,1.0,8.0,3.0,6.0,0.0,74.0,118.0,530.0,417.0,22.0,22.0,12.0,14.0,1.0,1104.0,2.0,4.0,4.0,0.0,0.0,6.0,48.0,5.0,54.0,25.0,0.0,1.0,1.0,24.0,4372.0,551.0,237.0,597.0,1.0,0.0,0.0,0.0,0.0,0.0,0.0,0.0,0.0,1.0,2.0,0.0,0.0,1.0,0.0,0.0,0.0,0.0,0.0,0.0,0.0,0.0,0.0,3.0,1.0,1.0,0.0,0.0,2.0,1.0,1.0,0.0,0.0,0.0
ctx-lh-supramarginal,293.0,5.0,46.0,3.0,0.0,0.0,9.0,1069.0,57.0,343.0,42.0,15.0,0.0,14.0,0.0,79.0,13.0,0.0,26.0,0.0,1.0,5.0,1569.0,27.0,523.0,55.0,0.0,1.0,14.0,645.0,551.0,6510.0,0.0,32.0,0.0,1.0,0.0,0.0,0.0,0.0,0.0,0.0,1.0,2.0,9.0,0.0,0.0,0.0,0.0,0.0,1.0,0.0,1.0,0.0,0.0,1.0,0.0,8.0,1.0,0.0,1.0,0.0,1.0,1.0,0.0,1.0,0.0,0.0
ctx-lh-temporalpole,0.0,0.0,0.0,0.0,183.0,0.0,94.0,1.0,252.0,70.0,0.0,1.0,13.0,0.0,0.0,61.0,0.0,3.0,0.0,0.0,0.0,1.0,0.0,0.0,0.0,0.0,0.0,1.0,0.0,0.0,237.0,0.0,589.0,1.0,0.0,0.0,0.0,0.0,0.0,0.0,0.0,0.0,0.0,0.0,0.0,0.0,0.0,0.0,0.0,0.0,0.0,0.0,0.0,0.0,0.0,0.0,0.0,0.0,0.0,0.0,0.0,0.0,0.0,0.0,0.0,0.0,0.0,0.0
ctx-lh-transversetemporal,20.0,0.0,0.0,1.0,1.0,0.0,11.0,12.0,21.0,171.0,3.0,9.0,0.0,3.0,0.0,49.0,1.0,1.0,2.0,0.0,0.0,0.0,5.0,2.0,5.0,8.0,0.0,0.0,1.0,7.0,597.0,32.0,1.0,542.0,1.0,0.0,0.0,0.0,0.0,0.0,0.0,0.0,0.0,0.0,4.0,0.0,0.0,0.0,0.0,0.0,1.0,0.0,0.0,0.0,0.0,1.0,0.0,0.0,0.0,0.0,0.0,0.0,0.0,0.0,0.0,0.0,0.0,0.0
ctx-rh-bankssts,0.0,0.0,0.0,0.0,0.0,0.0,0.0,0.0,1.0,0.0,4.0,0.0,0.0,2.0,0.0,0.0,0.0,0.0,0.0,0.0,0.0,1.0,0.0,2.0,0.0,1.0,0.0,0.0,0.0,1.0,1.0,0.0,0.0,1.0,629.0,0.0,5.0,2.0,0.0,0.0,73.0,371.0,146.0,16.0,15.0,31.0,0.0,18.0,0.0,502.0,1.0,8.0,0.0,0.0,0.0,4.0,27.0,7.0,24.0,22.0,0.0,0.0,3.0,35.0,780.0,527.0,2.0,12.0
ctx-rh-caudalanteriorcingulate,0.0,171.0,62.0,0.0,0.0,0.0,0.0,1.0,0.0,14.0,2.0,0.0,1.0,0.0,2.0,0.0,5.0,0.0,20.0,0.0,7.0,0.0,4.0,47.0,33.0,1.0,18.0,47.0,142.0,2.0,0.0,1.0,0.0,0.0,0.0,687.0,131.0,0.0,0.0,1.0,0.0,2.0,0.0,55.0,2.0,0.0,5.0,0.0,9.0,1.0,14.0,0.0,67.0,7.0,56.0,0.0,11.0,143.0,77.0,5.0,175.0,333.0,905.0,1.0,1.0,5.0,0.0,1.0
ctx-rh-caudalmiddlefrontal,0.0,30.0,7.0,0.0,0.0,0.0,0.0,1.0,0.0,6.0,1.0,0.0,0.0,0.0,0.0,1.0,1.0,0.0,7.0,0.0,1.0,0.0,0.0,39.0,13.0,2.0,0.0,1.0,42.0,0.0,0.0,0.0,0.0,0.0,5.0,131.0,3136.0,1.0,0.0,0.0,1.0,18.0,0.0,60.0,6.0,1.0,2.0,1.0,0.0,0.0,43.0,0.0,138.0,0.0,24.0,0.0,140.0,72.0,1324.0,5.0,0.0,607.0,990.0,12.0,6.0,75.0,0.0,0.0
ctx-rh-cuneus,1.0,0.0,0.0,39.0,0.0,0.0,0.0,0.0,0.0,0.0,6.0,2.0,0.0,10.0,0.0,0.0,0.0,0.0,0.0,0.0,0.0,7.0,0.0,0.0,0.0,2.0,0.0,0.0,0.0,0.0,0.0,0.0,0.0,0.0,2.0,0.0,1.0,1739.0,0.0,0.0,27.0,68.0,12.0,2.0,50.0,437.0,0.0,188.0,0.0,1.0,0.0,7.0,0.0,0.0,0.0,2115.0,1.0,3.0,0.0,366.0,0.0,0.0,0.0,807.0,8.0,3.0,0.0,0.0
ctx-rh-entorhinal,0.0,0.0,0.0,0.0,0.0,0.0,0.0,0.0,0.0,0.0,0.0,0.0,0.0,0.0,0.0,0.0,0.0,0.0,0.0,0.0,0.0,0.0,0.0,0.0,0.0,0.0,0.0,0.0,0.0,0.0,0.0,0.0,0.0,0.0,0.0,0.0,0.0,0.0,135.0,0.0,75.0,1.0,223.0,10.0,1.0,0.0,1.0,0.0,0.0,11.0,0.0,64.0,0.0,0.0,1.0,0.0,0.0,0.0,1.0,0.0,0.0,0.0,0.0,1.0,29.0,0.0,218.0,0.0
ctx-rh-frontalpole,0.0,1.0,0.0,0.0,0.0,0.0,0.0,0.0,0.0,0.0,0.0,0.0,1.0,0.0,1.0,0.0,0.0,0.0,0.0,0.0,0.0,0.0,0.0,0.0,0.0,0.0,3.0,2.0,0.0,0.0,0.0,0.0,0.0,0.0,0.0,1.0,0.0,0.0,0.0,126.0,0.0,0.0,1.0,0.0,0.0,0.0,233.0,0.0,277.0,0.0,0.0,0.0,0.0,12.0,3.0,0.0,0.0,0.0,0.0,0.0,9.0,263.0,155.0,0.0,0.0,0.0,0.0,0.0
ctx-rh-fusiform,0.0,0.0,0.0,0.0,0.0,0.0,0.0,0.0,0.0,0.0,3.0,0.0,0.0,2.0,0.0,0.0,0.0,1.0,0.0,0.0,0.0,0.0,0.0,0.0,0.0,2.0,0.0,0.0,0.0,0.0,0.0,0.0,0.0,0.0,73.0,0.0,1.0,27.0,75.0,0.0,3293.0,206.0,1624.0,29.0,41.0,1359.0,2.0,754.0,0.0,258.0,0.0,142.0,0.0,0.0,0.0,119.0,2.0,0.0,5.0,41.0,0.0,0.0,1.0,61.0,117.0,22.0,51.0,2.0
ctx-rh-inferiorparietal,1.0,0.0,1.0,0.0,0.0,0.0,1.0,0.0,2.0,2.0,26.0,3.0,0.0,0.0,0.0,0.0,1.0,0.0,0.0,0.0,0.0,0.0,1.0,8.0,4.0,5.0,0.0,0.0,1.0,2.0,0.0,0.0,0.0,0.0,371.0,2.0,18.0,68.0,1.0,0.0,206.0,5235.0,227.0,39.0,45.0,1100.0,0.0,82.0,0.0,518.0,10.0,7.0,3.0,0.0,0.0,65.0,127.0,27.0,105.0,349.0,0.0,2.0,8.0,1460.0,98.0,1543.0,0.0,15.0
ctx-rh-inferiortemporal,0.0,0.0,0.0,0.0,0.0,0.0,0.0,0.0,2.0,0.0,4.0,0.0,0.0,0.0,0.0,0.0,0.0,0.0,0.0,0.0,0.0,0.0,0.0,1.0,0.0,2.0,0.0,0.0,0.0,0.0,0.0,1.0,0.0,0.0,146.0,0.0,0.0,12.0,223.0,1.0,1624.0,227.0,2744.0,97.0,16.0,196.0,12.0,78.0,1.0,1929.0,1.0,124.0,0.0,0.0,0.0,8.0,6.0,0.0,7.0,27.0,0.0,0.0,2.0,31.0,454.0,26.0,244.0,8.0
ctx-rh-insula,0.0,14.0,4.0,0.0,0.0,0.0,0.0,0.0,1.0,1.0,7.0,1.0,1.0,0.0,0.0,0.0,2.0,0.0,2.0,0.0,0.0,0.0,1.0,15.0,6.0,3.0,4.0,8.0,11.0,1.0,1.0,2.0,0.0,0.0,16.0,55.0,60.0,2.0,10.0,0.0,29.0,39.0,97.0,1799.0,26.0,3.0,307.0,8.0,18.0,119.0,32.0,6.0,220.0,61.0,187.0,1.0,228.0,39.0,309.0,42.0,10.0,167.0,108.0,52.0,294.0,292.0,31.0,96.0
ctx-rh-isthmuscingulate,1.0,0.0,0.0,3.0,0.0,0.0,4.0,7.0,9.0,7.0,106.0,0.0,0.0,15.0,0.0,1.0,5.0,1.0,0.0,0.0,0.0,11.0,5.0,33.0,5.0,40.0,0.0,0.0,3.0,22.0,2.0,9.0,0.0,4.0,15.0,2.0,6.0,50.0,1.0,0.0,41.0,45.0,16.0,26.0,785.0,46.0,0.0,167.0,0.0,14.0,23.0,115.0,0.0,0.0,0.0,52.0,16.0,443.0,26.0,957.0,0.0,0.0,11.0,106.0,33.0,48.0,0.0,10.0
ctx-rh-lateraloccipital,0.0,0.0,0.0,1.0,0.0,0.0,0.0,0.0,0.0,1.0,5.0,0.0,0.0,1.0,0.0,0.0,0.0,0.0,0.0,0.0,0.0,0.0,2.0,0.0,0.0,3.0,0.0,0.0,0.0,2.0,0.0,0.0,0.0,0.0,31.0,0.0,1.0,437.0,0.0,0.0,1359.0,1100.0,196.0,3.0,46.0,6804.0,1.0,944.0,0.0,80.0,3.0,13.0,0.0,0.0,0.0,1467.0,4.0,2.0,2.0,98.0,0.0,0.0,0.0,546.0,14.0,19.0,0.0,4.0
ctx-rh-lateralorbitofrontal,0.0,8.0,1.0,0.0,0.0,0.0,0.0,0.0,0.0,1.0,0.0,0.0,3.0,0.0,1.0,0.0,0.0,0.0,0.0,0.0,3.0,0.0,0.0,0.0,0.0,0.0,30.0,7.0,8.0,0.0,0.0,0.0,0.0,0.0,0.0,5.0,2.0,0.0,1.0,233.0,2.0,0.0,12.0,307.0,0.0,1.0,2413.0,1.0,1079.0,7.0,0.0,1.0,7.0,576.0,199.0,0.0,1.0,0.0,1.0,1.0,116.0,655.0,142.0,0.0,10.0,2.0,2.0,0.0
ctx-rh-lingual,1.0,0.0,0.0,2.0,0.0,0.0,0.0,2.0,1.0,1.0,16.0,0.0,0.0,3.0,0.0,0.0,0.0,0.0,0.0,0.0,0.0,1.0,1.0,2.0,0.0,7.0,0.0,0.0,0.0,1.0,1.0,0.0,0.0,0.0,18.0,0.0,1.0,188.0,0.0,0.0,754.0,82.0,78.0,8.0,167.0,944.0,1.0,6127.0,0.0,37.0,1.0,236.0,0.0,1.0,0.0,1734.0,3.0,6.0,3.0,161.0,0.0,0.0,0.0,100.0,9.0,11.0,0.0,2.0
ctx-rh-medialorbitofrontal,0.0,4.0,0.0,0.0,0.0,0.0,0.0,0.0,0.0,0.0,0.0,0.0,3.0,0.0,9.0,0.0,0.0,0.0,0.0,0.0,0.0,0.0,0.0,0.0,0.0,0.0,47.0,12.0,8.0,0.0,0.0,0.0,0.0,0.0,0.0,9.0,0.0,0.0,0.0,277.0,0.0,0.0,1.0,18.0,0.0,0.0,1079.0,0.0,1520.0,0.0,0.0,0.0,0.0,39.0,17.0,0.0,0.0,0.0,0.0,0.0,363.0,224.0,372.0,0.0,1.0,0.0,0.0,0.0
ctx-rh-middletemporal,0.0,0.0,0.0,0.0,0.0,0.0,0.0,0.0,0.0,1.0,5.0,0.0,0.0,1.0,0.0,0.0,1.0,0.0,0.0,0.0,0.0,0.0,1.0,0.0,0.0,3.0,0.0,0.0,0.0,0.0,0.0,0.0,0.0,0.0,502.0,1.0,0.0,1.0,11.0,0.0,258.0,518.0,1929.0,119.0,14.0,80.0,7.0,37.0,0.0,3487.0,1.0,24.0,0.0,1.0,0.0,13.0,5.0,1.0,11.0,21.0,0.0,1.0,0.0,43.0,909.0,41.0,57.0,24.0
ctx-rh-paracentral,0.0,1.0,1.0,0.0,0.0,0.0,0.0,1.0,0.0,2.0,12.0,0.0,0.0,1.0,0.0,0.0,3.0,0.0,1.0,0.0,0.0,0.0,1.0,13.0,5.0,2.0,0.0,0.0,4.0,3.0,0.0,1.0,0.0,1.0,1.0,14.0,43.0,0.0,0.0,0.0,0.0,10.0,1.0,32.0,23.0,3.0,0.0,1.0,0.0,1.0,1417.0,0.0,2.0,0.0,3.0,0.0,608.0,355.0,1232.0,229.0,0.0,9.0,440.0,308.0,6.0,28.0,0.0,1.0
ctx-rh-parahippocampal,0.0,0.0,0.0,0.0,0.0,0.0,0.0,0.0,1.0,0.0,3.0,2.0,0.0,2.0,0.0,0.0,0.0,0.0,0.0,0.0,0.0,0.0,1.0,0.0,0.0,1.0,0.0,0.0,0.0,1.0,0.0,0.0,0.0,0.0,8.0,0.0,0.0,7.0,64.0,0.0,142.0,7.0,124.0,6.0,115.0,13.0,1.0,236.0,0.0,24.0,0.0,411.0,0.0,0.0,0.0,7.0,1.0,0.0,0.0,13.0,0.0,0.0,0.0,2.0,16.0,3.0,2.0,0.0
ctx-rh-parsopercularis,0.0,18.0,1.0,0.0,0.0,0.0,0.0,0.0,0.0,3.0,0.0,0.0,0.0,0.0,0.0,0.0,1.0,0.0,2.0,0.0,0.0,0.0,0.0,3.0,3.0,0.0,0.0,5.0,6.0,0.0,0.0,1.0,0.0,0.0,0.0,67.0,138.0,0.0,0.0,0.0,0.0,3.0,0.0,220.0,0.0,0.0,7.0,0.0,0.0,0.0,2.0,0.0,940.0,6.0,303.0,0.0,41.0,9.0,475.0,1.0,1.0,369.0,120.0,1.0,0.0,19.0,0.0,0.0
ctx-rh-parsorbitalis,0.0,2.0,0.0,0.0,0.0,0.0,0.0,0.0,0.0,0.0,0.0,0.0,0.0,0.0,0.0,0.0,0.0,0.0,0.0,1.0,3.0,0.0,0.0,0.0,0.0,0.0,5.0,3.0,4.0,0.0,0.0,0.0,0.0,0.0,0.0,7.0,0.0,0.0,0.0,12.0,0.0,0.0,0.0,61.0,0.0,0.0,576.0,1.0,39.0,1.0,0.0,0.0,6.0,619.0,335.0,0.0,0.0,0.0,2.0,0.0,28.0,495.0,40.0,0.0,0.0,0.0,0.0,0.0
ctx-rh-parstriangularis,0.0,14.0,2.0,0.0,0.0,1.0,0.0,0.0,0.0,2.0,0.0,0.0,1.0,0.0,0.0,0.0,1.0,0.0,1.0,0.0,2.0,0.0,0.0,4.0,0.0,0.0,8.0,13.0,11.0,0.0,0.0,0.0,0.0,0.0,0.0,56.0,24.0,0.0,1.0,3.0,0.0,0.0,0.0,187.0,0.0,0.0,199.0,0.0,17.0,0.0,3.0,0.0,303.0,335.0,1417.0,0.0,2.0,3.0,33.0,0.0,30.0,1017.0,122.0,0.0,0.0,2.0,3.0,0.0
ctx-rh-pericalcarine,0.0,0.0,0.0,24.0,0.0,0.0,0.0,0.0,1.0,0.0,10.0,0.0,0.0,2.0,0.0,0.0,0.0,0.0,0.0,0.0,0.0,3.0,0.0,0.0,1.0,1.0,0.0,0.0,0.0,1.0,0.0,1.0,0.0,1.0,4.0,0.0,0.0,2115.0,0.0,0.0,119.0,65.0,8.0,1.0,52.0,1467.0,0.0,1734.0,0.0,13.0,0.0,7.0,0.0,0.0,0.0,1496.0,2.0,0.0,1.0,231.0,0.0,0.0,0.0,284.0,3.0,0.0,0.0,0.0
ctx-rh-postcentral,0.0,5.0,0.0,0.0,0.0,0.0,0.0,1.0,1.0,1.0,7.0,0.0,0.0,0.0,0.0,0.0,4.0,0.0,0.0,0.0,0.0,0.0,1.0,11.0,5.0,2.0,0.0,0.0,2.0,1.0,0.0,0.0,0.0,0.0,27.0,11.0,140.0,1.0,0.0,0.0,2.0,127.0,6.0,228.0,16.0,4.0,1.0,3.0,0.0,5.0,608.0,1.0,41.0,0.0,2.0,2.0,5682.0,73.0,2006.0,133.0,0.0,10.0,66.0,420.0,31.0,1575.0,0.0,1.0
ctx-rh-posteriorcingulate,1.0,15.0,10.0,0.0,0.0,0.0,2.0,5.0,2.0,22.0,38.0,2.0,0.0,1.0,0.0,1.0,25.0,0.0,2.0,0.0,1.0,1.0,8.0,177.0,51.0,20.0,0.0,0.0,35.0,22.0,3.0,8.0,0.0,0.0,7.0,143.0,72.0,3.0,0.0,0.0,0.0,27.0,0.0,39.0,443.0,2.0,0.0,6.0,0.0,1.0,355.0,0.0,9.0,0.0,3.0,0.0,73.0,912.0,198.0,429.0,0.0,10.0,356.0,93.0,16.0,61.0,0.0,3.0
ctx-rh-precentral,1.0,21.0,6.0,0.0,0.0,0.0,0.0,2.0,1.0,4.0,5.0,0.0,0.0,0.0,0.0,1.0,11.0,0.0,3.0,0.0,0.0,0.0,2.0,56.0,16.0,10.0,0.0,2.0,26.0,5.0,1.0,1.0,0.0,0.0,24.0,77.0,1324.0,0.0,1.0,0.0,5.0,105.0,7.0,309.0,26.0,2.0,1.0,3.0,0.0,11.0,1232.0,0.0,475.0,2.0,33.0,1.0,2006.0,198.0,7041.0,63.0,1.0,93.0,931.0,203.0,21.0,593.0,0.0,4.0
ctx-rh-precuneus,4.0,1.0,0.0,4.0,0.0,0.0,1.0,6.0,1.0,2.0,59.0,2.0,0.0,9.0,0.0,1.0,1.0,3.0,0.0,0.0,0.0,3.0,3.0,10.0,1.0,30.0,0.0,0.0,1.0,9.0,1.0,0.0,0.0,0.0,22.0,5.0,5.0,366.0,0.0,0.0,41.0,349.0,27.0,42.0,957.0,98.0,1.0,161.0,0.0,21.0,229.0,13.0,1.0,0.0,0.0,231.0,133.0,429.0,63.0,4436.0,0.0,0.0,14.0,2287.0,78.0,95.0,0.0,15.0
ctx-rh-rostralanteriorcingulate,0.0,45.0,2.0,0.0,0.0,2.0,0.0,0.0,0.0,14.0,0.0,0.0,19.0,0.0,11.0,0.0,0.0,0.0,5.0,1.0,13.0,0.0,0.0,1.0,1.0,0.0,150.0,66.0,63.0,0.0,0.0,1.0,0.0,0.0,0.0,175.0,0.0,0.0,0.0,9.0,0.0,0.0,0.0,10.0,0.0,0.0,116.0,0.0,363.0,0.0,0.0,0.0,1.0,28.0,30.0,0.0,0.0,0.0,1.0,0.0,486.0,173.0,332.0,0.0,0.0,0.0,0.0,0.0
ctx-rh-rostralmiddlefrontal,0.0,81.0,9.0,0.0,0.0,0.0,0.0,0.0,0.0,9.0,0.0,0.0,10.0,0.0,4.0,0.0,0.0,0.0,8.0,2.0,8.0,0.0,1.0,13.0,12.0,0.0,29.0,36.0,69.0,0.0,0.0,0.0,0.0,0.0,0.0,333.0,607.0,0.0,0.0,263.0,0.0,2.0,0.0,167.0,0.0,0.0,655.0,0.0,224.0,1.0,9.0,0.0,369.0,495.0,1017.0,0.0,10.0,10.0,93.0,0.0,173.0,6441.0,2154.0,3.0,3.0,8.0,0.0,0.0
ctx-rh-superiorfrontal,1.0,126.0,28.0,0.0,0.0,0.0,0.0,1.0,0.0,12.0,3.0,0.0,2.0,0.0,2.0,0.0,4.0,0.0,15.0,1.0,5.0,0.0,4.0,69.0,27.0,2.0,28.0,50.0,118.0,3.0,2.0,1.0,0.0,0.0,3.0,905.0,990.0,0.0,0.0,155.0,1.0,8.0,2.0,108.0,11.0,0.0,142.0,0.0,372.0,0.0,440.0,0.0,120.0,40.0,122.0,0.0,66.0,356.0,931.0,14.0,332.0,2154.0,9137.0,22.0,3.0,40.0,0.0,0.0
ctx-rh-superiorparietal,0.0,0.0,0.0,1.0,0.0,0.0,0.0,0.0,0.0,3.0,29.0,2.0,0.0,1.0,0.0,0.0,3.0,1.0,1.0,0.0,0.0,1.0,1.0,11.0,0.0,12.0,0.0,0.0,2.0,1.0,1.0,1.0,0.0,0.0,35.0,1.0,12.0,807.0,1.0,0.0,61.0,1460.0,31.0,52.0,106.0,546.0,0.0,100.0,0.0,43.0,308.0,2.0,1.0,0.0,0.0,284.0,420.0,93.0,203.0,2287.0,0.0,3.0,22.0,5460.0,47.0,582.0,1.0,13.0
ctx-rh-superiortemporal,0.0,0.0,0.0,0.0,0.0,0.0,0.0,0.0,0.0,0.0,8.0,0.0,0.0,0.0,0.0,0.0,0.0,0.0,0.0,0.0,0.0,0.0,1.0,5.0,0.0,1.0,0.0,0.0,0.0,1.0,1.0,0.0,0.0,0.0,780.0,1.0,6.0,8.0,29.0,0.0,117.0,98.0,454.0,294.0,33.0,14.0,10.0,9.0,1.0,909.0,6.0,16.0,0.0,0.0,0.0,3.0,31.0,16.0,21.0,78.0,0.0,3.0,3.0,47.0,4729.0,505.0,155.0,664.0
ctx-rh-supramarginal,0.0,3.0,1.0,0.0,0.0,0.0,0.0,0.0,0.0,2.0,8.0,0.0,0.0,0.0,0.0,0.0,0.0,0.0,0.0,0.0,0.0,0.0,2.0,8.0,2.0,7.0,0.0,0.0,5.0,1.0,0.0,1.0,0.0,0.0,527.0,5.0,75.0,3.0,0.0,0.0,22.0,1543.0,26.0,292.0,48.0,19.0,2.0,11.0,0.0,41.0,28.0,3.0,19.0,0.0,2.0,0.0,1575.0,61.0,593.0,95.0,0.0,8.0,40.0,582.0,505.0,6430.0,0.0,41.0
ctx-rh-temporalpole,0.0,0.0,0.0,0.0,0.0,0.0,0.0,0.0,0.0,0.0,0.0,0.0,0.0,0.0,0.0,0.0,0.0,0.0,0.0,0.0,0.0,0.0,0.0,0.0,0.0,0.0,0.0,0.0,0.0,0.0,0.0,0.0,0.0,0.0,2.0,0.0,0.0,0.0,218.0,0.0,51.0,0.0,244.0,31.0,0.0,0.0,2.0,0.0,0.0,57.0,0.0,2.0,0.0,0.0,3.0,0.0,0.0,0.0,0.0,0.0,0.0,0.0,0.0,1.0,155.0,0.0,252.0,0.0
ctx-rh-transversetemporal,0.0,0.0,0.0,0.0,0.0,0.0,0.0,0.0,0.0,0.0,6.0,0.0,0.0,0.0,0.0,0.0,0.0,0.0,0.0,0.0,0.0,0.0,1.0,0.0,0.0,2.0,0.0,0.0,0.0,0.0,0.0,0.0,0.0,0.0,12.0,1.0,0.0,0.0,0.0,0.0,2.0,15.0,8.0,96.0,10.0,4.0,0.0,2.0,0.0,24.0,1.0,0.0,0.0,0.0,0.0,0.0,1.0,3.0,4.0,15.0,0.0,0.0,0.0,13.0,664.0,41.0,0.0,342.0
