,ctx-lh-bankssts,ctx-lh-caudalanteriorcingulate,ctx-lh-caudalmiddlefrontal,ctx-lh-cuneus,ctx-lh-entorhinal,ctx-lh-frontalpole,ctx-lh-fusiform,ctx-lh-inferiorparietal,ctx-lh-inferiortemporal,ctx-lh-insula,ctx-lh-isthmuscingulate,ctx-lh-lateraloccipital,ctx-lh-lateralorbitofrontal,ctx-lh-lingual,ctx-lh-medialorbitofrontal,ctx-lh-middletemporal,ctx-lh-paracentral,ctx-lh-parahippocampal,ctx-lh-parsopercularis,ctx-lh-parsorbitalis,ctx-lh-parstriangularis,ctx-lh-pericalcarine,ctx-lh-postcentral,ctx-lh-posteriorcingulate,ctx-lh-precentral,ctx-lh-precuneus,ctx-lh-rostralanteriorcingulate,ctx-lh-rostralmiddlefrontal,ctx-lh-superiorfrontal,ctx-lh-superiorparietal,ctx-lh-superiortemporal,ctx-lh-supramarginal,ctx-lh-temporalpole,ctx-lh-transversetemporal,ctx-rh-bankssts,ctx-rh-caudalanteriorcingulate,ctx-rh-caudalmiddlefrontal,ctx-rh-cuneus,ctx-rh-entorhinal,ctx-rh-frontalpole,ctx-rh-fusiform,ctx-rh-inferiorparietal,ctx-rh-inferiortemporal,ctx-rh-insula,ctx-rh-isthmuscingulate,ctx-rh-lateraloccipital,ctx-rh-lateralorbitofrontal,ctx-rh-lingual,ctx-rh-medialorbitofrontal,ctx-rh-middletemporal,ctx-rh-paracentral,ctx-rh-parahippocampal,ctx-rh-parsopercularis,ctx-rh-parsorbitalis,ctx-rh-parstriangularis,ctx-rh-pericalcarine,ctx-rh-postcentral,ctx-rh-posteriorcingulate,ctx-rh-precentral,ctx-rh-precuneus,ctx-rh-rostralanteriorcingulate,ctx-rh-rostralmiddlefrontal,ctx-rh-superiorfrontal,ctx-rh-superiorparietal,ctx-rh-superiortemporal,ctx-rh-supramarginal,ctx-rh-temporalpole,ctx-rh-transversetemporal
ctx-lh-bankssts,858.0,0.0,0.0,3.0,2.0,0.0,28.0,517.0,377.0,17.0,3.0,26.0,1.0,3.0,0.0,473.0,0.0,2.0,0.0,0.0,0.0,2.0,16.0,1.0,7.0,12.0,0.0,0.0,1.0,16.0,805.0,241.0,2.0,13.0,0.0,0.0,0.0,0.0,0.0,0.0,0.0,1.0,0.0,0.0,1.0,0.0,0.0,0.0,0.0,0.0,0.0,0.0,0.0,0.0,0.0,0.0,0.0,1.0,0.0,4.0,0.0,0.0,0.0,0.0,0.0,0.0,0.0,1.0
ctx-lh-caudalanteriorcingulate,0.0,406.0,62.0,0.0,0.0,0.0,0.0,0.0,0.0,16.0,14.0,0.0,11.0,0.0,13.0,1.0,15.0,0.0,41.0,6.0,23.0,0.0,4.0,374.0,30.0,8.0,140.0,116.0,782.0,0.0,0.0,0.0,0.0,0.0,1.0,103.0,26.0,0.0,0.0,0.0,0.0,0.0,0.0,13.0,2.0,0.0,5.0,0.0,0.0,0.0,10.0,0.0,19.0,0.0,11.0,0.0,4.0,20.0,28.0,5.0,16.0,44.0,146.0,2.0,0.0,0.0,0.0,0.0
ctx-lh-caudalmiddlefrontal,0.0,62.0,3138.0,0.0,0.0,0.0,0.0,4.0,0.0,51.0,2.0,0.0,3.0,0.0,0.0,1.0,7.0,0.0,296.0,0.0,23.0,0.0,82.0,19.0,1081.0,5.0,5.0,606.0,1348.0,23.0,3.0,18.0,0.0,1.0,0.0,32.0,30.0,0.0,0.0,0.0,0.0,0.0,0.0,3.0,0.0,0.0,1.0,0.0,0.0,0.0,12.0,0.0,9.0,0.0,2.0,0.0,4.0,13.0,23.0,0.0,0.0,17.0,79.0,0.0,0.0,0.0,0.0,0.0
ctx-lh-cuneus,3.0,0.0,0.0,1375.0,0.0,0.0,26.0,85.0,11.0,1.0,15.0,383.0,0.0,226.0,0.0,5.0,0.0,5.0,0.0,0.0,0.0,1224.0,1.0,1.0,0.0,293.0,0.0,0.0,0.0,1008.0,10.0,2.0,0.0,1.0,1.0,0.0,0.0,3.0,0.0,0.0,3.0,0.0,1.0,0.0,4.0,1.0,0.0,44.0,0.0,2.0,0.0,0.0,0.0,0.0,0.0,12.0,0.0,2.0,1.0,8.0,0.0,0.0,0.0,0.0,0.0,0.0,0.0,0.0
ctx-lh-entorhinal,2.0,0.0,0.0,0.0,284.0,0.0,301.0,2.0,142.0,14.0,0.0,1.0,1.0,0.0,0.0,101.0,0.0,122.0,0.0,0.0,0.0,0.0,1.0,0.0,0.0,1.0,0.0,0.0,0.0,1.0,58.0,1.0,181.0,0.0,0.0,0.0,0.0,0.0,0.0,0.0,0.0,0.0,0.0,0.0,0.0,0.0,0.0,0.0,0.0,0.0,0.0,0.0,0.0,0.0,0.0,0.0,0.0,0.0,0.0,0.0,0.0,0.0,0.0,0.0,0.0,0.0,0.0,0.0
ctx-lh-frontalpole,0.0,0.0,0.0,0.0,0.0,82.0,0.0,0.0,0.0,0.0,0.0,0.0,81.0,0.0,222.0,0.0,0.0,0.0,0.0,4.0,4.0,0.0,0.0,0.0,1.0,0.0,10.0,226.0,102.0,0.0,0.0,0.0,0.0,0.0,0.0,0.0,0.0,0.0,0.0,0.0,0.0,0.0,0.0,0.0,0.0,0.0,0.0,0.0,0.0,0.0,0.0,0.0,0.0,0.0,0.0,0.0,0.0,0.0,0.0,0.0,0.0,1.0,2.0,0.0,0.0,0.0,0.0,0.0
ctx-lh-fusiform,28.0,0.0,0.0,26.0,301.0,0.0,2787.0,109.0,1539.0,74.0,10.0,1080.0,0.0,866.0,0.0,473.0,1.0,189.0,0.0,0.0,0.0,101.0,1.0,2.0,0.0,50.0,0.0,0.0,0.0,30.0,139.0,10.0,123.0,12.0,1.0,0.0,0.0,0.0,0.0,0.0,0.0,2.0,0.0,0.0,4.0,0.0,0.0,2.0,0.0,1.0,0.0,0.0,0.0,0.0,0.0,1.0,0.0,2.0,0.0,3.0,0.0,0.0,0.0,1.0,1.0,0.0,0.0,0.0
ctx-lh-inferiorparietal,517.0,0.0,4.0,85.0,2.0,0.0,109.0,5132.0,174.0,36.0,25.0,1037.0,0.0,35.0,0.0,237.0,3.0,2.0,1.0,0.0,0.0,30.0,81.0,7.0,42.0,322.0,0.0,1.0,1.0,1300.0,264.0,1197.0,2.0,46.0,1.0,0.0,0.0,0.0,0.0,0.0,1.0,4.0,2.0,1.0,13.0,0.0,0.0,0.0,0.0,0.0,3.0,3.0,0.0,0.0,0.0,1.0,1.0,3.0,0.0,20.0,0.0,0.0,0.0,6.0,1.0,1.0,0.0,0.0
ctx-lh-inferiortemporal,377.0,0.0,0.0,11.0,142.0,0.0,1539.0,174.0,3136.0,59.0,3.0,329.0,0.0,62.0,0.0,2232.0,0.0,36.0,0.0,0.0,0.0,9.0,1.0,2.0,0.0,28.0,0.0,0.0,0.0,19.0,180.0,31.0,170.0,10.0,1.0,0.0,0.0,0.0,0.0,0.0,0.0,0.0,1.0,0.0,2.0,0.0,0.0,1.0,0.0,0.0,1.0,0.0,0.0,0.0,0.0,0.0,0.0,1.0,0.0,6.0,0.0,0.0,0.0,1.0,0.0,0.0,0.0,0.0
ctx-lh-insula,17.0,16.0,51.0,1.0,14.0,0.0,74.0,36.0,59.0,1594.0,3.0,9.0,760.0,4.0,83.0,140.0,2.0,6.0,304.0,11.0,152.0,2.0,319.0,10.0,352.0,47.0,22.0,145.0,99.0,59.0,245.0,269.0,24.0,76.0,2.0,14.0,2.0,0.0,0.0,0.0,1.0,0.0,0.0,0.0,2.0,0.0,0.0,2.0,0.0,2.0,4.0,0.0,4.0,0.0,0.0,0.0,0.0,10.0,6.0,5.0,5.0,7.0,15.0,2.0,1.0,1.0,0.0,0.0
ctx-lh-isthmuscingulate,3.0,14.0,2.0,15.0,0.0,0.0,10.0,25.0,3.0,3.0,746.0,24.0,0.0,107.0,0.0,4.0,9.0,51.0,0.0,0.0,0.0,17.0,3.0,378.0,4.0,877.0,0.0,0.0,1.0,41.0,20.0,9.0,0.0,6.0,4.0,0.0,0.0,1.0,0.0,0.0,3.0,14.0,7.0,7.0,52.0,4.0,0.0,3.0,0.0,8.0,6.0,1.0,0.0,0.0,0.0,2.0,3.0,39.0,1.0,96.0,0.0,0.0,3.0,20.0,10.0,2.0,0.0,3.0
ctx-lh-lateraloccipital,26.0,0.0,0.0,383.0,1.0,0.0,1080.0,1037.0,329.0,9.0,24.0,6751.0,0.0,686.0,0.0,190.0,0.0,12.0,0.0,0.0,0.0,627.0,1.0,1.0,1.0,115.0,0.0,0.0,0.0,532.0,34.0,19.0,0.0,11.0,1.0,0.0,0.0,0.0,0.0,0.0,0.0,2.0,2.0,0.0,7.0,1.0,0.0,2.0,0.0,1.0,0.0,0.0,0.0,0.0,0.0,1.0,0.0,1.0,0.0,11.0,0.0,0.0,0.0,3.0,1.0,0.0,0.0,0.0
ctx-lh-lateralorbitofrontal,1.0,11.0,3.0,0.0,1.0,81.0,0.0,0.0,0.0,760.0,0.0,0.0,3591.0,0.0,1676.0,4.0,0.0,0.0,14.0,566.0,347.0,0.0,0.0,1.0,3.0,0.0,134.0,806.0,119.0,0.0,3.0,0.0,1.0,0.0,0.0,4.0,0.0,0.0,0.0,0.0,0.0,0.0,0.0,2.0,0.0,0.0,1.0,0.0,3.0,0.0,0.0,0.0,2.0,0.0,4.0,0.0,0.0,0.0,0.0,0.0,8.0,7.0,8.0,0.0,0.0,0.0,0.0,0.0
ctx-lh-lingual,3.0,0.0,0.0,226.0,0.0,0.0,866.0,35.0,62.0,4.0,107.0,686.0,0.0,3731.0,0.0,17.0,1.0,211.0,0.0,0.0,0.0,920.0,0.0,1.0,3.0,184.0,0.0,0.0,0.0,43.0,13.0,2.0,1.0,6.0,1.0,0.0,0.0,1.0,0.0,0.0,3.0,1.0,0.0,0.0,4.0,1.0,0.0,67.0,0.0,0.0,0.0,1.0,0.0,0.0,0.0,9.0,1.0,3.0,0.0,8.0,0.0,0.0,0.0,6.0,1.0,0.0,0.0,1.0
ctx-lh-medialorbitofrontal,0.0,13.0,0.0,0.0,0.0,222.0,0.0,0.0,0.0,83.0,0.0,0.0,1676.0,0.0,1708.0,0.0,0.0,0.0,1.0,44.0,45.0,0.0,0.0,0.0,0.0,0.0,374.0,494.0,391.0,0.0,0.0,0.0,0.0,0.0,0.0,7.0,1.0,0.0,0.0,0.0,0.0,0.0,0.0,0.0,0.0,0.0,1.0,0.0,7.0,0.0,0.0,0.0,0.0,0.0,5.0,0.0,0.0,0.0,0.0,0.0,9.0,7.0,15.0,0.0,0.0,0.0,0.0,0.0
ctx-lh-middletemporal,473.0,1.0,1.0,5.0,101.0,0.0,473.0,237.0,2232.0,140.0,4.0,190.0,4.0,17.0,0.0,2352.0,0.0,16.0,0.0,0.0,0.0,7.0,4.0,2.0,2.0,22.0,0.0,1.0,0.0,13.0,995.0,50.0,317.0,20.0,0.0,0.0,0.0,0.0,0.0,0.0,0.0,0.0,0.0,0.0,0.0,0.0,0.0,4.0,0.0,0.0,0.0,0.0,0.0,0.0,0.0,0.0,0.0,0.0,0.0,5.0,0.0,0.0,0.0,0.0,0.0,0.0,0.0,0.0
ctx-lh-paracentral,0.0,15.0,7.0,0.0,0.0,0.0,1.0,3.0,0.0,2.0,9.0,0.0,0.0,1.0,0.0,0.0,1450.0,0.0,1.0,0.0,0.0,0.0,351.0,278.0,534.0,114.0,0.0,0.0,497.0,64.0,2.0,0.0,1.0,1.0,0.0,4.0,8.0,0.0,0.0,0.0,0.0,3.0,0.0,0.0,1.0,0.0,0.0,1.0,0.0,0.0,21.0,1.0,0.0,0.0,0.0,0.0,4.0,37.0,16.0,9.0,0.0,0.0,23.0,3.0,1.0,2.0,0.0,0.0
ctx-lh-parahippocampal,2.0,0.0,0.0,5.0,122.0,0.0,189.0,2.0,36.0,6.0,51.0,12.0,0.0,211.0,0.0,16.0,0.0,445.0,0.0,0.0,0.0,7.0,0.0,0.0,0.0,16.0,0.0,0.0,0.0,2.0,11.0,0.0,7.0,1.0,0.0,0.0,0.0,0.0,0.0,0.0,1.0,1.0,0.0,0.0,0.0,0.0,0.0,1.0,0.0,0.0,0.0,0.0,0.0,0.0,0.0,1.0,0.0,0.0,0.0,1.0,0.0,0.0,0.0,0.0,0.0,0.0,0.0,0.0
ctx-lh-parsopercularis,0.0,41.0,296.0,0.0,0.0,0.0,0.0,1.0,0.0,304.0,0.0,0.0,14.0,0.0,1.0,0.0,1.0,0.0,1488.0,4.0,488.0,0.0,65.0,5.0,491.0,0.0,8.0,408.0,168.0,8.0,7.0,21.0,0.0,0.0,0.0,16.0,7.0,0.0,0.0,0.0,0.0,0.0,0.0,1.0,0.0,0.0,0.0,0.0,0.0,0.0,1.0,0.0,2.0,1.0,3.0,0.0,2.0,3.0,3.0,0.0,1.0,8.0,27.0,1.0,0.0,2.0,0.0,0.0
ctx-lh-parsorbitalis,0.0,6.0,0.0,0.0,0.0,4.0,0.0,0.0,0.0,11.0,0.0,0.0,566.0,0.0,44.0,0.0,0.0,0.0,4.0,514.0,401.0,0.0,0.0,0.0,1.0,0.0,24.0,312.0,32.0,0.0,0.0,0.0,0.0,0.0,0.0,0.0,0.0,0.0,0.0,0.0,0.0,0.0,0.0,0.0,0.0,0.0,0.0,0.0,0.0,0.0,0.0,0.0,0.0,0.0,0.0,0.0,0.0,0.0,0.0,0.0,2.0,1.0,5.0,0.0,0.0,0.0,0.0,0.0
ctx-lh-parstriangularis,0.0,23.0,23.0,0.0,0.0,4.0,0.0,0.0,0.0,152.0,0.0,0.0,347.0,0.0,45.0,0.0,0.0,0.0,488.0,401.0,1209.0,0.0,3.0,3.0,11.0,1.0,48.0,637.0,113.0,1.0,1.0,2.0,0.0,0.0,0.0,10.0,2.0,0.0,0.0,0.0,0.0,0.0,0.0,4.0,0.0,0.0,1.0,0.0,4.0,0.0,0.0,0.0,1.0,0.0,4.0,0.0,0.0,0.0,0.0,0.0,4.0,15.0,16.0,0.0,0.0,0.0,0.0,0.0
ctx-lh-pericalcarine,2.0,0.0,0.0,1224.0,0.0,0.0,101.0,30.0,9.0,2.0,17.0,627.0,0.0,920.0,0.0,7.0,0.0,7.0,0.0,0.0,0.0,511.0,0.0,0.0,1.0,115.0,0.0,0.0,0.0,165.0,9.0,2.0,0.0,4.0,0.0,0.0,0.0,2.0,0.0,0.0,0.0,0.0,0.0,0.0,4.0,2.0,0.0,53.0,0.0,0.0,0.0,0.0,0.0,0.0,0.0,3.0,0.0,2.0,0.0,11.0,0.0,0.0,0.0,2.0,0.0,0.0,0.0,0.0
ctx-lh-postcentral,16.0,4.0,82.0,1.0,1.0,0.0,1.0,81.0,1.0,319.0,3.0,1.0,0.0,0.0,0.0,4.0,351.0,0.0,65.0,0.0,3.0,0.0,6619.0,46.0,1641.0,150.0,0.0,6.0,60.0,760.0,42.0,1468.0,0.0,11.0,0.0,1.0,3.0,0.0,0.0,0.0,0.0,2.0,0.0,0.0,3.0,0.0,0.0,0.0,0.0,1.0,15.0,0.0,0.0,0.0,0.0,1.0,4.0,25.0,5.0,11.0,0.0,4.0,12.0,5.0,1.0,0.0,0.0,0.0
ctx-lh-posteriorcingulate,1.0,374.0,19.0,1.0,0.0,0.0,2.0,7.0,2.0,10.0,378.0,1.0,1.0,1.0,0.0,2.0,278.0,0.0,5.0,0.0,3.0,0.0,46.0,1429.0,112.0,432.0,10.0,6.0,297.0,35.0,8.0,18.0,0.0,3.0,4.0,21.0,8.0,1.0,0.0,0.0,1.0,5.0,5.0,5.0,17.0,1.0,0.0,2.0,0.0,4.0,72.0,1.0,5.0,0.0,1.0,0.0,10.0,93.0,33.0,58.0,1.0,3.0,54.0,20.0,5.0,5.0,0.0,3.0
ctx-lh-precentral,7.0,30.0,1081.0,0.0,0.0,1.0,0.0,42.0,0.0,352.0,4.0,1.0,3.0,3.0,0.0,2.0,534.0,0.0,491.0,1.0,11.0,1.0,1641.0,112.0,7323.0,92.0,3.0,42.0,945.0,272.0,36.0,285.0,0.0,7.0,1.0,21.0,14.0,0.0,0.0,0.0,0.0,1.0,0.0,4.0,5.0,0.0,0.0,0.0,0.0,0.0,40.0,0.0,9.0,0.0,1.0,0.0,3.0,47.0,46.0,8.0,0.0,6.0,88.0,4.0,2.0,2.0,0.0,0.0
ctx-lh-precuneus,12.0,8.0,5.0,293.0,1.0,0.0,50.0,322.0,28.0,47.0,877.0,115.0,0.0,184.0,0.0,22.0,114.0,16.0,0.0,0.0,1.0,115.0,150.0,432.0,92.0,3933.0,0.0,0.0,16.0,1944.0,75.0,99.0,0.0,32.0,4.0,2.0,4.0,9.0,0.0,0.0,7.0,15.0,4.0,4.0,54.0,8.0,0.0,20.0,0.0,10.0,10.0,1.0,0.0,1.0,0.0,6.0,7.0,47.0,11.0,123.0,0.0,0.0,5.0,37.0,12.0,11.0,0.0,3.0
ctx-lh-rostralanteriorcingulate,0.0,140.0,5.0,0.0,0.0,10.0,0.0,0.0,0.0,22.0,0.0,0.0,134.0,0.0,374.0,0.0,0.0,0.0,8.0,24.0,48.0,0.0,0.0,10.0,3.0,0.0,809.0,221.0,435.0,0.0,0.0,0.0,1.0,0.0,0.0,44.0,1.0,0.0,0.0,1.0,0.0,0.0,0.0,8.0,0.0,0.0,15.0,0.0,42.0,0.0,0.0,0.0,3.0,4.0,12.0,0.0,0.0,1.0,0.0,0.0,80.0,44.0,50.0,0.0,0.0,0.0,0.0,0.0
ctx-lh-rostralmiddlefrontal,0.0,116.0,606.0,0.0,0.0,226.0,0.0,1.0,0.0,145.0,0.0,0.0,806.0,0.0,494.0,1.0,0.0,0.0,408.0,312.0,637.0,0.0,6.0,6.0,42.0,0.0,221.0,6818.0,2727.0,0.0,1.0,0.0,0.0,0.0,0.0,62.0,13.0,0.0,0.0,1.0,0.0,0.0,0.0,13.0,0.0,0.0,8.0,0.0,10.0,0.0,3.0,0.0,13.0,1.0,14.0,0.0,0.0,0.0,5.0,0.0,21.0,50.0,115.0,0.0,0.0,0.0,0.0,0.0
ctx-lh-superiorfrontal,1.0,782.0,1348.0,0.0,0.0,102.0,0.0,1.0,0.0,99.0,1.0,0.0,119.0,0.0,391.0,0.0,497.0,0.0,168.0,32.0,113.0,0.0,60.0,297.0,945.0,16.0,435.0,2727.0,11797.0,14.0,3.0,10.0,0.0,0.0,1.0,187.0,65.0,0.0,0.0,0.0,0.0,4.0,0.0,16.0,1.0,0.0,5.0,0.0,6.0,0.0,48.0,0.0,39.0,6.0,30.0,0.0,8.0,55.0,73.0,8.0,31.0,83.0,311.0,7.0,2.0,2.0,0.0,1.0
ctx-lh-superiorparietal,16.0,0.0,23.0,1008.0,1.0,0.0,30.0,1300.0,19.0,59.0,41.0,532.0,0.0,43.0,0.0,13.0,64.0,2.0,8.0,0.0,1.0,165.0,760.0,35.0,272.0,1944.0,0.0,0.0,14.0,5764.0,46.0,368.0,0.0,17.0,3.0,1.0,0.0,1.0,0.0,0.0,1.0,0.0,3.0,3.0,20.0,3.0,0.0,4.0,0.0,1.0,3.0,0.0,0.0,0.0,0.0,2.0,1.0,22.0,10.0,35.0,0.0,0.0,5.0,13.0,3.0,3.0,0.0,1.0
ctx-lh-superiortemporal,805.0,0.0,3.0,10.0,58.0,0.0,139.0,264.0,180.0,245.0,20.0,34.0,3.0,13.0,0.0,995.0,2.0,11.0,7.0,0.0,1.0,9.0,42.0,8.0,36.0,75.0,0.0,1.0,3.0,46.0,4168.0,550.0,256.0,432.0,1.0,0.0,0.0,0.0,0.0,0.0,0.0,3.0,0.0,0.0,6.0,0.0,0.0,0.0,0.0,1.0,2.0,0.0,0.0,0.0,0.0,0.0,2.0,5.0,0.0,16.0,0.0,0.0,0.0,2.0,1.0,2.0,0.0,3.0
ctx-lh-supramarginal,241.0,0.0,18.0,2.0,1.0,0.0,10.0,1197.0,31.0,269.0,9.0,19.0,0.0,2.0,0.0,50.0,0.0,0.0,21.0,0.0,2.0,2.0,1468.0,18.0,285.0,99.0,0.0,0.0,10.0,368.0,550.0,4567.0,1.0,44.0,0.0,1.0,0.0,0.0,0.0,0.0,0.0,1.0,0.0,0.0,6.0,0.0,0.0,0.0,0.0,1.0,2.0,0.0,1.0,0.0,0.0,0.0,3.0,5.0,4.0,10.0,0.0,0.0,3.0,2.0,1.0,1.0,0.0,0.0
ctx-lh-temporalpole,2.0,0.0,0.0,0.0,181.0,0.0,123.0,2.0,170.0,24.0,0.0,0.0,1.0,1.0,0.0,317.0,1.0,7.0,0.0,0.0,0.0,0.0,0.0,0.0,0.0,0.0,1.0,0.0,0.0,0.0,256.0,1.0,348.0,0.0,0.0,0.0,0.0,0.0,0.0,0.0,0.0,0.0,0.0,0.0,0.0,0.0,0.0,0.0,0.0,0.0,0.0,0.0,0.0,0.0,0.0,0.0,0.0,0.0,0.0,0.0,0.0,0.0,0.0,0.0,0.0,0.0,0.0,0.0
ctx-lh-transversetemporal,13.0,0.0,1.0,1.0,0.0,0.0,12.0,46.0,10.0,76.0,6.0,11.0,0.0,6.0,0.0,20.0,1.0,1.0,0.0,0.0,0.0,4.0,11.0,3.0,7.0,32.0,0.0,0.0,0.0,17.0,432.0,44.0,0.0,397.0,0.0,0.0,0.0,0.0,0.0,0.0,0.0,0.0,0.0,0.0,2.0,0.0,0.0,0.0,0.0,1.0,2.0,0.0,0.0,0.0,0.0,0.0,0.0,2.0,1.0,4.0,0.0,0.0,1.0,1.0,2.0,0.0,0.0,0.0
ctx-rh-bankssts,0.0,1.0,0.0,1.0,0.0,0.0,1.0,1.0,1.0,2.0,4.0,1.0,0.0,1.0,0.0,0.0,0.0,0.0,0.0,0.0,0.0,0.0,0.0,4.0,1.0,4.0,0.0,0.0,1.0,3.0,1.0,0.0,0.0,0.0,564.0,0.0,0.0,3.0,0.0,0.0,11.0,656.0,80.0,24.0,7.0,18.0,0.0,2.0,0.0,525.0,0.0,2.0,3.0,0.0,0.0,3.0,14.0,6.0,11.0,46.0,0.0,0.0,0.0,47.0,817.0,264.0,0.0,18.0
ctx-rh-caudalanteriorcingulate,0.0,103.0,32.0,0.0,0.0,0.0,0.0,0.0,0.0,14.0,0.0,0.0,4.0,0.0,7.0,0.0,4.0,0.0,16.0,0.0,10.0,0.0,1.0,21.0,21.0,2.0,44.0,62.0,187.0,1.0,0.0,1.0,0.0,0.0,0.0,601.0,69.0,0.0,0.0,0.0,1.0,1.0,0.0,25.0,7.0,0.0,15.0,0.0,18.0,0.0,16.0,0.0,39.0,5.0,45.0,0.0,4.0,295.0,40.0,8.0,216.0,170.0,927.0,0.0,0.0,2.0,0.0,0.0
ctx-rh-caudalmiddlefrontal,0.0,26.0,30.0,0.0,0.0,0.0,0.0,0.0,0.0,2.0,0.0,0.0,0.0,0.0,1.0,0.0,8.0,0.0,7.0,0.0,2.0,0.0,3.0,8.0,14.0,4.0,1.0,13.0,65.0,0.0,0.0,0.0,0.0,0.0,0.0,69.0,2735.0,0.0,0.0,0.0,0.0,3.0,0.0,23.0,0.0,0.0,1.0,0.0,0.0,0.0,12.0,0.0,230.0,0.0,38.0,0.0,33.0,18.0,1101.0,6.0,2.0,753.0,1106.0,9.0,1.0,11.0,0.0,1.0
ctx-rh-cuneus,0.0,0.0,0.0,3.0,0.0,0.0,0.0,0.0,0.0,0.0,1.0,0.0,0.0,1.0,0.0,0.0,0.0,0.0,0.0,0.0,0.0,2.0,0.0,1.0,0.0,9.0,0.0,0.0,0.0,1.0,0.0,0.0,0.0,0.0,3.0,0.0,0.0,1205.0,1.0,0.0,52.0,46.0,11.0,2.0,7.0,595.0,0.0,231.0,0.0,15.0,0.0,3.0,0.0,0.0,0.0,1416.0,0.0,0.0,0.0,188.0,0.0,0.0,0.0,802.0,6.0,3.0,0.0,1.0
ctx-rh-entorhinal,0.0,0.0,0.0,0.0,0.0,0.0,0.0,0.0,0.0,0.0,0.0,0.0,0.0,0.0,0.0,0.0,0.0,0.0,0.0,0.0,0.0,0.0,0.0,0.0,0.0,0.0,0.0,0.0,0.0,0.0,0.0,0.0,0.0,0.0,0.0,0.0,0.0,1.0,152.0,0.0,240.0,0.0,189.0,6.0,0.0,1.0,0.0,0.0,0.0,20.0,0.0,125.0,0.0,0.0,0.0,0.0,0.0,0.0,0.0,0.0,0.0,0.0,0.0,0.0,41.0,0.0,213.0,0.0
ctx-rh-frontalpole,0.0,0.0,0.0,0.0,0.0,0.0,0.0,0.0,0.0,0.0,0.0,0.0,0.0,0.0,0.0,0.0,0.0,0.0,0.0,0.0,0.0,0.0,0.0,0.0,0.0,0.0,1.0,1.0,0.0,0.0,0.0,0.0,0.0,0.0,0.0,0.0,0.0,0.0,0.0,67.0,0.0,0.0,0.0,2.0,0.0,0.0,123.0,0.0,200.0,0.0,0.0,0.0,0.0,14.0,5.0,0.0,0.0,0.0,0.0,0.0,10.0,214.0,96.0,0.0,0.0,0.0,0.0,0.0
ctx-rh-fusiform,0.0,0.0,0.0,3.0,0.0,0.0,0.0,1.0,0.0,1.0,3.0,0.0,0.0,3.0,0.0,0.0,0.0,1.0,0.0,0.0,0.0,0.0,0.0,1.0,0.0,7.0,0.0,0.0,0.0,1.0,0.0,0.0,0.0,0.0,11.0,1.0,0.0,52.0,240.0,0.0,3581.0,62.0,1405.0,82.0,7.0,1115.0,2.0,621.0,2.0,292.0,0.0,154.0,0.0,0.0,0.0,126.0,1.0,1.0,1.0,100.0,0.0,0.0,1.0,52.0,192.0,4.0,90.0,2.0
ctx-rh-inferiorparietal,1.0,0.0,0.0,0.0,0.0,0.0,2.0,4.0,0.0,0.0,14.0,2.0,0.0,1.0,0.0,0.0,3.0,1.0,0.0,0.0,0.0,0.0,2.0,5.0,1.0,15.0,0.0,0.0,4.0,0.0,3.0,1.0,0.0,0.0,656.0,1.0,3.0,46.0,0.0,0.0,62.0,7465.0,152.0,55.0,20.0,916.0,1.0,21.0,0.0,648.0,4.0,2.0,5.0,0.0,0.0,11.0,81.0,9.0,60.0,219.0,0.0,0.0,1.0,1447.0,192.0,925.0,0.0,20.0
ctx-rh-inferiortemporal,0.0,0.0,0.0,1.0,0.0,0.0,0.0,2.0,1.0,0.0,7.0,2.0,0.0,0.0,0.0,0.0,0.0,0.0,0.0,0.0,0.0,0.0,0.0,5.0,0.0,4.0,0.0,0.0,0.0,3.0,0.0,0.0,0.0,0.0,80.0,0.0,0.0,11.0,189.0,0.0,1405.0,152.0,2508.0,94.0,8.0,294.0,4.0,59.0,0.0,2119.0,2.0,50.0,0.0,0.0,0.0,12.0,3.0,2.0,4.0,56.0,0.0,0.0,1.0,58.0,359.0,13.0,186.0,2.0
ctx-rh-insula,0.0,13.0,3.0,0.0,0.0,0.0,0.0,1.0,0.0,0.0,7.0,0.0,2.0,0.0,0.0,0.0,0.0,0.0,1.0,0.0,4.0,0.0,0.0,5.0,4.0,4.0,8.0,13.0,16.0,3.0,0.0,0.0,0.0,0.0,24.0,25.0,23.0,2.0,6.0,2.0,82.0,55.0,94.0,1593.0,7.0,11.0,501.0,3.0,58.0,74.0,14.0,5.0,178.0,20.0,225.0,0.0,245.0,16.0,250.0,55.0,23.0,108.0,92.0,69.0,318.0,281.0,23.0,91.0
ctx-rh-isthmuscingulate,1.0,2.0,0.0,4.0,0.0,0.0,4.0,13.0,2.0,2.0,52.0,7.0,0.0,4.0,0.0,0.0,1.0,0.0,0.0,0.0,0.0,4.0,3.0,17.0,5.0,54.0,0.0,0.0,1.0,20.0,6.0,6.0,0.0,2.0,7.0,7.0,0.0,7.0,0.0,0.0,7.0,20.0,8.0,7.0,547.0,5.0,0.0,116.0,0.0,9.0,19.0,78.0,0.0,0.0,0.0,15.0,6.0,322.0,5.0,792.0,0.0,0.0,5.0,50.0,16.0,8.0,0.0,1.0
ctx-rh-lateraloccipital,0.0,0.0,0.0,1.0,0.0,0.0,0.0,0.0,0.0,0.0,4.0,1.0,0.0,1.0,0.0,0.0,0.0,0.0,0.0,0.0,0.0,2.0,0.0,1.0,0.0,8.0,0.0,0.0,0.0,3.0,0.0,0.0,0.0,0.0,18.0,0.0,0.0,595.0,1.0,0.0,1115.0,916.0,294.0,11.0,5.0,6821.0,0.0,792.0,0.0,244.0,1.0,7.0,0.0,0.0,0.0,913.0,1.0,1.0,0.0,141.0,0.0,0.0,0.0,656.0,35.0,11.0,0.0,4.0
ctx-rh-lateralorbitofrontal,0.0,5.0,1.0,0.0,0.0,0.0,0.0,0.0,0.0,0.0,0.0,0.0,1.0,0.0,1.0,0.0,0.0,0.0,0.0,0.0,1.0,0.0,0.0,0.0,0.0,0.0,15.0,8.0,5.0,0.0,0.0,0.0,0.0,0.0,0.0,15.0,1.0,0.0,0.0,123.0,2.0,1.0,4.0,501.0,0.0,0.0,3063.0,0.0,1393.0,3.0,0.0,1.0,6.0,724.0,327.0,0.0,0.0,0.0,0.0,0.0,117.0,445.0,102.0,0.0,14.0,0.0,1.0,0.0
ctx-rh-lingual,0.0,0.0,0.0,44.0,0.0,0.0,2.0,0.0,1.0,2.0,3.0,2.0,0.0,67.0,0.0,4.0,1.0,1.0,0.0,0.0,0.0,53.0,0.0,2.0,0.0,20.0,0.0,0.0,0.0,4.0,0.0,0.0,0.0,0.0,2.0,0.0,0.0,231.0,0.0,0.0,621.0,21.0,59.0,3.0,116.0,792.0,0.0,3529.0,0.0,22.0,0.0,241.0,0.0,0.0,0.0,1262.0,1.0,0.0,0.0,296.0,0.0,0.0,0.0,67.0,9.0,1.0,0.0,0.0
ctx-rh-medialorbitofrontal,0.0,0.0,0.0,0.0,0.0,0.0,0.0,0.0,0.0,0.0,0.0,0.0,3.0,0.0,7.0,0.0,0.0,0.0,0.0,0.0,4.0,0.0,0.0,0.0,0.0,0.0,42.0,10.0,6.0,0.0,0.0,0.0,0.0,0.0,0.0,18.0,0.0,0.0,0.0,200.0,2.0,0.0,0.0,58.0,0.0,0.0,1393.0,0.0,1588.0,1.0,0.0,0.0,3.0,71.0,40.0,0.0,0.0,0.0,0.0,0.0,474.0,412.0,350.0,0.0,2.0,0.0,0.0,0.0
ctx-rh-middletemporal,0.0,0.0,0.0,2.0,0.0,0.0,1.0,0.0,0.0,2.0,8.0,1.0,0.0,0.0,0.0,0.0,0.0,0.0,0.0,0.0,0.0,0.0,1.0,4.0,0.0,10.0,0.0,0.0,0.0,1.0,1.0,1.0,0.0,1.0,525.0,0.0,0.0,15.0,20.0,0.0,292.0,648.0,2119.0,74.0,9.0,244.0,3.0,22.0,1.0,3940.0,1.0,25.0,0.0,1.0,0.0,7.0,4.0,4.0,3.0,70.0,0.0,1.0,1.0,85.0,618.0,33.0,79.0,14.0
ctx-rh-paracentral,0.0,10.0,12.0,0.0,0.0,0.0,0.0,3.0,1.0,4.0,6.0,0.0,0.0,0.0,0.0,0.0,21.0,0.0,1.0,0.0,0.0,0.0,15.0,72.0,40.0,10.0,0.0,3.0,48.0,3.0,2.0,2.0,0.0,2.0,0.0,16.0,12.0,0.0,0.0,0.0,0.0,4.0,2.0,14.0,19.0,1.0,0.0,0.0,0.0,1.0,1889.0,0.0,1.0,0.0,0.0,0.0,506.0,364.0,543.0,226.0,0.0,2.0,633.0,113.0,5.0,16.0,0.0,9.0
ctx-rh-parahippocampal,0.0,0.0,0.0,0.0,0.0,0.0,0.0,3.0,0.0,0.0,1.0,0.0,0.0,1.0,0.0,0.0,1.0,0.0,0.0,0.0,0.0,0.0,0.0,1.0,0.0,1.0,0.0,0.0,0.0,0.0,0.0,0.0,0.0,0.0,2.0,0.0,0.0,3.0,125.0,0.0,154.0,2.0,50.0,5.0,78.0,7.0,1.0,241.0,0.0,25.0,0.0,476.0,0.0,0.0,0.0,4.0,0.0,0.0,0.0,31.0,0.0,0.0,0.0,5.0,19.0,3.0,1.0,2.0
ctx-rh-parsopercularis,0.0,19.0,9.0,0.0,0.0,0.0,0.0,0.0,0.0,4.0,0.0,0.0,2.0,0.0,0.0,0.0,0.0,0.0,2.0,0.0,1.0,0.0,0.0,5.0,9.0,0.0,3.0,13.0,39.0,0.0,0.0,1.0,0.0,0.0,3.0,39.0,230.0,0.0,0.0,0.0,0.0,5.0,0.0,178.0,0.0,0.0,6.0,0.0,3.0,0.0,1.0,0.0,1345.0,2.0,350.0,1.0,49.0,2.0,569.0,1.0,4.0,423.0,168.0,10.0,7.0,14.0,0.0,0.0
ctx-rh-parsorbitalis,0.0,0.0,0.0,0.0,0.0,0.0,0.0,0.0,0.0,0.0,0.0,0.0,0.0,0.0,0.0,0.0,0.0,0.0,1.0,0.0,0.0,0.0,0.0,0.0,0.0,1.0,4.0,1.0,6.0,0.0,0.0,0.0,0.0,0.0,0.0,5.0,0.0,0.0,0.0,14.0,0.0,0.0,0.0,20.0,0.0,0.0,724.0,0.0,71.0,1.0,0.0,0.0,2.0,720.0,271.0,0.0,0.0,0.0,0.0,0.0,27.0,394.0,60.0,0.0,0.0,0.0,0.0,0.0
ctx-rh-parstriangularis,0.0,11.0,2.0,0.0,0.0,0.0,0.0,0.0,0.0,0.0,0.0,0.0,4.0,0.0,5.0,0.0,0.0,0.0,3.0,0.0,4.0,0.0,0.0,1.0,1.0,0.0,12.0,14.0,30.0,0.0,0.0,0.0,0.0,0.0,0.0,45.0,38.0,0.0,0.0,5.0,0.0,0.0,0.0,225.0,0.0,0.0,327.0,0.0,40.0,0.0,0.0,0.0,350.0,271.0,1461.0,0.0,5.0,3.0,22.0,0.0,47.0,961.0,215.0,0.0,0.0,1.0,0.0,0.0
ctx-rh-pericalcarine,0.0,0.0,0.0,12.0,0.0,0.0,1.0,1.0,0.0,0.0,2.0,1.0,0.0,9.0,0.0,0.0,0.0,1.0,0.0,0.0,0.0,3.0,1.0,0.0,0.0,6.0,0.0,0.0,0.0,2.0,0.0,0.0,0.0,0.0,3.0,0.0,0.0,1416.0,0.0,0.0,126.0,11.0,12.0,0.0,15.0,913.0,0.0,1262.0,0.0,7.0,0.0,4.0,1.0,0.0,0.0,717.0,0.0,0.0,0.0,191.0,0.0,0.0,0.0,109.0,5.0,1.0,0.0,1.0
ctx-rh-postcentral,0.0,4.0,4.0,0.0,0.0,0.0,0.0,1.0,0.0,0.0,3.0,0.0,0.0,1.0,0.0,0.0,4.0,0.0,2.0,0.0,0.0,0.0,4.0,10.0,3.0,7.0,0.0,0.0,8.0,1.0,2.0,3.0,0.0,0.0,14.0,4.0,33.0,0.0,0.0,0.0,1.0,81.0,3.0,245.0,6.0,1.0,0.0,1.0,0.0,4.0,506.0,0.0,49.0,0.0,5.0,0.0,4356.0,31.0,1783.0,191.0,0.0,6.0,43.0,660.0,22.0,1459.0,0.0,5.0
ctx-rh-posteriorcingulate,1.0,20.0,13.0,2.0,0.0,0.0,2.0,3.0,1.0,10.0,39.0,1.0,0.0,3.0,0.0,0.0,37.0,0.0,3.0,0.0,0.0,2.0,25.0,93.0,47.0,47.0,1.0,0.0,55.0,22.0,5.0,5.0,0.0,2.0,6.0,295.0,18.0,0.0,0.0,0.0,1.0,9.0,2.0,16.0,322.0,1.0,0.0,0.0,0.0,4.0,364.0,0.0,2.0,0.0,3.0,0.0,31.0,1170.0,73.0,389.0,2.0,9.0,356.0,47.0,15.0,15.0,0.0,7.0
ctx-rh-precentral,0.0,28.0,23.0,1.0,0.0,0.0,0.0,0.0,0.0,6.0,1.0,0.0,0.0,0.0,0.0,0.0,16.0,0.0,3.0,0.0,0.0,0.0,5.0,33.0,46.0,11.0,0.0,5.0,73.0,10.0,0.0,4.0,0.0,1.0,11.0,40.0,1101.0,0.0,0.0,0.0,1.0,60.0,4.0,250.0,5.0,0.0,0.0,0.0,0.0,3.0,543.0,0.0,569.0,0.0,22.0,0.0,1783.0,73.0,7549.0,85.0,0.0,71.0,869.0,212.0,27.0,270.0,0.0,3.0
ctx-rh-precuneus,4.0,5.0,0.0,8.0,0.0,0.0,3.0,20.0,6.0,5.0,96.0,11.0,0.0,8.0,0.0,5.0,9.0,1.0,0.0,0.0,0.0,11.0,11.0,58.0,8.0,123.0,0.0,0.0,8.0,35.0,16.0,10.0,0.0,4.0,46.0,8.0,6.0,188.0,0.0,0.0,100.0,219.0,56.0,55.0,792.0,141.0,0.0,296.0,0.0,70.0,226.0,31.0,1.0,0.0,0.0,191.0,191.0,389.0,85.0,3912.0,0.0,0.0,14.0,2664.0,77.0,65.0,0.0,22.0
ctx-rh-rostralanteriorcingulate,0.0,16.0,0.0,0.0,0.0,0.0,0.0,0.0,0.0,5.0,0.0,0.0,8.0,0.0,9.0,0.0,0.0,0.0,1.0,2.0,4.0,0.0,0.0,1.0,0.0,0.0,80.0,21.0,31.0,0.0,0.0,0.0,0.0,0.0,0.0,216.0,2.0,0.0,0.0,10.0,0.0,0.0,0.0,23.0,0.0,0.0,117.0,0.0,474.0,0.0,0.0,0.0,4.0,27.0,47.0,0.0,0.0,2.0,0.0,0.0,710.0,132.0,398.0,0.0,0.0,0.0,0.0,0.0
ctx-rh-rostralmiddlefrontal,0.0,44.0,17.0,0.0,0.0,1.0,0.0,0.0,0.0,7.0,0.0,0.0,7.0,0.0,7.0,0.0,0.0,0.0,8.0,1.0,15.0,0.0,4.0,3.0,6.0,0.0,44.0,50.0,83.0,0.0,0.0,0.0,0.0,0.0,0.0,170.0,753.0,0.0,0.0,214.0,0.0,0.0,0.0,108.0,0.0,0.0,445.0,0.0,412.0,1.0,2.0,0.0,423.0,394.0,961.0,0.0,6.0,9.0,71.0,0.0,132.0,6341.0,2827.0,0.0,1.0,3.0,0.0,0.0
ctx-rh-superiorfrontal,0.0,146.0,79.0,0.0,0.0,2.0,0.0,0.0,0.0,15.0,3.0,0.0,8.0,0.0,15.0,0.0,23.0,0.0,27.0,5.0,16.0,0.0,12.0,54.0,88.0,5.0,50.0,115.0,311.0,5.0,0.0,3.0,0.0,1.0,0.0,927.0,1106.0,0.0,0.0,96.0,1.0,1.0,1.0,92.0,5.0,0.0,102.0,0.0,350.0,1.0,633.0,0.0,168.0,60.0,215.0,0.0,43.0,356.0,869.0,14.0,398.0,2827.0,10886.0,12.0,0.0,10.0,0.0,0.0
ctx-rh-superiorparietal,0.0,2.0,0.0,0.0,0.0,0.0,1.0,6.0,1.0,2.0,20.0,3.0,0.0,6.0,0.0,0.0,3.0,0.0,1.0,0.0,0.0,2.0,5.0,20.0,4.0,37.0,0.0,0.0,7.0,13.0,2.0,2.0,0.0,1.0,47.0,0.0,9.0,802.0,0.0,0.0,52.0,1447.0,58.0,69.0,50.0,656.0,0.0,67.0,0.0,85.0,113.0,5.0,10.0,0.0,0.0,109.0,660.0,47.0,212.0,2664.0,0.0,0.0,12.0,5076.0,96.0,532.0,0.0,28.0
ctx-rh-superiortemporal,0.0,0.0,0.0,0.0,0.0,0.0,1.0,1.0,0.0,1.0,10.0,1.0,0.0,1.0,0.0,0.0,1.0,0.0,0.0,0.0,0.0,0.0,1.0,5.0,2.0,12.0,0.0,0.0,2.0,3.0,1.0,1.0,0.0,2.0,817.0,0.0,1.0,6.0,41.0,0.0,192.0,192.0,359.0,318.0,16.0,35.0,14.0,9.0,2.0,618.0,5.0,19.0,7.0,0.0,0.0,5.0,22.0,15.0,27.0,77.0,0.0,1.0,0.0,96.0,5041.0,391.0,200.0,609.0
ctx-rh-supramarginal,0.0,0.0,0.0,0.0,0.0,0.0,0.0,1.0,0.0,1.0,2.0,0.0,0.0,0.0,0.0,0.0,2.0,0.0,2.0,0.0,0.0,0.0,0.0,5.0,2.0,11.0,0.0,0.0,2.0,3.0,2.0,1.0,0.0,0.0,264.0,2.0,11.0,3.0,0.0,0.0,4.0,925.0,13.0,281.0,8.0,11.0,0.0,1.0,0.0,33.0,16.0,3.0,14.0,0.0,1.0,1.0,1459.0,15.0,270.0,65.0,0.0,3.0,10.0,532.0,391.0,4044.0,0.0,37.0
ctx-rh-temporalpole,0.0,0.0,0.0,0.0,0.0,0.0,0.0,0.0,0.0,0.0,0.0,0.0,0.0,0.0,0.0,0.0,0.0,0.0,0.0,0.0,0.0,0.0,0.0,0.0,0.0,0.0,0.0,0.0,0.0,0.0,0.0,0.0,0.0,0.0,0.0,0.0,0.0,0.0,213.0,0.0,90.0,0.0,186.0,23.0,0.0,0.0,1.0,0.0,0.0,79.0,0.0,1.0,0.0,0.0,0.0,0.0,0.0,0.0,0.0,0.0,0.0,0.0,0.0,0.0,200.0,0.0,339.0,0.0
ctx-rh-transversetemporal,1.0,0.0,0.0,0.0,0.0,0.0,0.0,0.0,0.0,0.0,3.0,0.0,0.0,1.0,0.0,0.0,0.0,0.0,0.0,0.0,0.0,0.0,0.0,3.0,0.0,3.0,0.0,0.0,1.0,1.0,3.0,0.0,0.0,0.0,18.0,0.0,1.0,1.0,0.0,0.0,2.0,20.0,2.0,91.0,1.0,4.0,0.0,0.0,0.0,14.0,9.0,2.0,0.0,0.0,0.0,1.0,5.0,7.0,3.0,22.0,0.0,0.0,0.0,28.0,609.0,37.0,0.0,259.0
