,ctx-lh-bankssts,ctx-lh-caudalanteriorcingulate,ctx-lh-caudalmiddlefrontal,ctx-lh-cuneus,ctx-lh-entorhinal,ctx-lh-frontalpole,ctx-lh-fusiform,ctx-lh-inferiorparietal,ctx-lh-inferiortemporal,ctx-lh-insula,ctx-lh-isthmuscingulate,ctx-lh-lateraloccipital,ctx-lh-lateralorbitofrontal,ctx-lh-lingual,ctx-lh-medialorbitofrontal,ctx-lh-middletemporal,ctx-lh-paracentral,ctx-lh-parahippocampal,ctx-lh-parsopercularis,ctx-lh-parsorbitalis,ctx-lh-parstriangularis,ctx-lh-pericalcarine,ctx-lh-postcentral,ctx-lh-posteriorcingulate,ctx-lh-precentral,ctx-lh-precuneus,ctx-lh-rostralanteriorcingulate,ctx-lh-rostralmiddlefrontal,ctx-lh-superiorfrontal,ctx-lh-superiorparietal,ctx-lh-superiortemporal,ctx-lh-supramarginal,ctx-lh-temporalpole,ctx-lh-transversetemporal,ctx-rh-bankssts,ctx-rh-caudalanteriorcingulate,ctx-rh-caudalmiddlefrontal,ctx-rh-cuneus,ctx-rh-entorhinal,ctx-rh-frontalpole,ctx-rh-fusiform,ctx-rh-inferiorparietal,ctx-rh-inferiortemporal,ctx-rh-insula,ctx-rh-isthmuscingulate,ctx-rh-lateraloccipital,ctx-rh-lateralorbitofrontal,ctx-rh-lingual,ctx-rh-medialorbitofrontal,ctx-rh-middletemporal,ctx-rh-paracentral,ctx-rh-parahippocampal,ctx-rh-parsopercularis,ctx-rh-parsorbitalis,ctx-rh-parstriangularis,ctx-rh-pericalcarine,ctx-rh-postcentral,ctx-rh-posteriorcingulate,ctx-rh-precentral,ctx-rh-precuneus,ctx-rh-rostralanteriorcingulate,ctx-rh-rostralmiddlefrontal,ctx-rh-superiorfrontal,ctx-rh-superiorparietal,ctx-rh-superiortemporal,ctx-rh-supramarginal,ctx-rh-temporalpole,ctx-rh-transversetemporal
ctx-lh-bankssts,730.0,0.0,4.0,4.0,1.0,0.0,82.0,365.0,933.0,22.0,9.0,37.0,0.0,21.0,0.0,688.0,1.0,4.0,4.0,0.0,0.0,10.0,13.0,2.0,10.0,36.0,0.0,1.0,2.0,44.0,784.0,257.0,0.0,17.0,0.0,0.0,0.0,0.0,0.0,0.0,2.0,0.0,0.0,1.0,2.0,0.0,0.0,0.0,0.0,1.0,1.0,0.0,0.0,0.0,0.0,0.0,1.0,3.0,0.0,5.0,0.0,0.0,0.0,1.0,1.0,0.0,0.0,1.0
ctx-lh-caudalanteriorcingulate,0.0,570.0,34.0,1.0,0.0,1.0,0.0,0.0,0.0,31.0,7.0,0.0,11.0,0.0,15.0,0.0,19.0,0.0,31.0,3.0,16.0,0.0,1.0,132.0,29.0,10.0,265.0,159.0,750.0,3.0,0.0,2.0,0.0,0.0,0.0,179.0,22.0,0.0,0.0,0.0,0.0,0.0,0.0,2.0,1.0,0.0,3.0,0.0,3.0,0.0,11.0,0.0,5.0,0.0,4.0,0.0,2.0,37.0,20.0,1.0,20.0,38.0,136.0,2.0,0.0,2.0,0.0,0.0
ctx-lh-caudalmiddlefrontal,4.0,34.0,2738.0,0.0,0.0,0.0,0.0,4.0,1.0,61.0,1.0,0.0,1.0,0.0,1.0,0.0,12.0,0.0,232.0,0.0,8.0,0.0,43.0,12.0,1009.0,5.0,6.0,974.0,761.0,12.0,0.0,21.0,0.0,2.0,0.0,26.0,3.0,0.0,0.0,0.0,0.0,0.0,0.0,2.0,0.0,0.0,0.0,0.0,0.0,0.0,3.0,0.0,2.0,0.0,0.0,0.0,0.0,2.0,2.0,0.0,2.0,0.0,21.0,0.0,0.0,1.0,0.0,0.0
ctx-lh-cuneus,4.0,1.0,0.0,1685.0,0.0,0.0,15.0,63.0,8.0,2.0,21.0,157.0,0.0,133.0,0.0,4.0,0.0,2.0,0.0,0.0,0.0,1740.0,0.0,0.0,0.0,230.0,0.0,0.0,0.0,680.0,13.0,1.0,0.0,1.0,1.0,0.0,0.0,1.0,0.0,0.0,0.0,0.0,2.0,0.0,2.0,0.0,0.0,1.0,0.0,1.0,0.0,0.0,0.0,0.0,0.0,2.0,0.0,0.0,0.0,5.0,0.0,0.0,0.0,1.0,0.0,0.0,0.0,0.0
ctx-lh-entorhinal,1.0,0.0,0.0,0.0,135.0,0.0,52.0,1.0,79.0,8.0,0.0,0.0,0.0,1.0,0.0,15.0,0.0,75.0,0.0,0.0,0.0,0.0,0.0,0.0,0.0,0.0,0.0,0.0,0.0,0.0,24.0,0.0,211.0,0.0,0.0,0.0,0.0,0.0,0.0,0.0,0.0,0.0,0.0,0.0,0.0,0.0,0.0,0.0,0.0,0.0,0.0,0.0,0.0,0.0,0.0,0.0,0.0,0.0,0.0,0.0,0.0,0.0,0.0,0.0,0.0,0.0,0.0,0.0
ctx-lh-frontalpole,0.0,1.0,0.0,0.0,0.0,63.0,0.0,0.0,0.0,0.0,0.0,0.0,52.0,0.0,208.0,0.0,0.0,0.0,0.0,1.0,1.0,0.0,0.0,0.0,0.0,0.0,7.0,139.0,68.0,0.0,0.0,0.0,0.0,0.0,0.0,0.0,0.0,0.0,0.0,0.0,0.0,0.0,0.0,0.0,0.0,0.0,0.0,0.0,0.0,0.0,0.0,0.0,0.0,0.0,0.0,0.0,0.0,0.0,0.0,0.0,0.0,0.0,0.0,0.0,0.0,0.0,0.0,0.0
ctx-lh-fusiform,82.0,0.0,0.0,15.0,52.0,0.0,3496.0,121.0,1620.0,49.0,14.0,1023.0,0.0,890.0,0.0,251.0,0.0,144.0,0.0,0.0,0.0,85.0,2.0,6.0,3.0,29.0,0.0,0.0,0.0,39.0,201.0,8.0,131.0,14.0,1.0,0.0,0.0,0.0,0.0,0.0,0.0,0.0,1.0,0.0,0.0,0.0,0.0,0.0,0.0,1.0,0.0,0.0,0.0,0.0,0.0,0.0,0.0,1.0,0.0,4.0,0.0,0.0,0.0,1.0,0.0,0.0,0.0,0.0
ctx-lh-inferiorparietal,365.0,0.0,4.0,63.0,1.0,0.0,121.0,5140.0,271.0,37.0,48.0,821.0,0.0,55.0,0.0,453.0,2.0,8.0,2.0,0.0,0.0,85.0,76.0,11.0,47.0,315.0,0.0,0.0,2.0,1321.0,164.0,1244.0,0.0,22.0,2.0,0.0,0.0,0.0,0.0,0.0,1.0,4.0,0.0,0.0,13.0,1.0,0.0,1.0,0.0,3.0,1.0,0.0,0.0,0.0,0.0,0.0,0.0,3.0,0.0,13.0,0.0,0.0,1.0,3.0,0.0,1.0,0.0,0.0
ctx-lh-inferiortemporal,933.0,0.0,1.0,8.0,79.0,0.0,1620.0,271.0,3377.0,119.0,13.0,346.0,0.0,78.0,0.0,3076.0,0.0,62.0,1.0,0.0,0.0,21.0,5.0,3.0,4.0,24.0,0.0,0.0,0.0,39.0,653.0,49.0,176.0,25.0,0.0,0.0,0.0,0.0,0.0,0.0,0.0,1.0,0.0,0.0,1.0,0.0,0.0,0.0,0.0,2.0,0.0,0.0,0.0,0.0,0.0,0.0,0.0,1.0,0.0,1.0,0.0,0.0,0.0,2.0,0.0,1.0,0.0,0.0
ctx-lh-insula,22.0,31.0,61.0,2.0,8.0,0.0,49.0,37.0,119.0,1766.0,9.0,4.0,459.0,2.0,56.0,64.0,17.0,7.0,196.0,13.0,91.0,2.0,236.0,14.0,405.0,30.0,86.0,152.0,113.0,74.0,324.0,175.0,25.0,107.0,0.0,8.0,1.0,0.0,0.0,0.0,0.0,1.0,0.0,0.0,1.0,0.0,0.0,0.0,0.0,1.0,1.0,0.0,1.0,0.0,0.0,0.0,0.0,5.0,0.0,3.0,4.0,1.0,11.0,3.0,0.0,0.0,0.0,0.0
ctx-lh-isthmuscingulate,9.0,7.0,1.0,21.0,0.0,0.0,14.0,48.0,13.0,9.0,872.0,29.0,0.0,140.0,0.0,9.0,15.0,99.0,1.0,0.0,0.0,43.0,9.0,296.0,10.0,867.0,0.0,1.0,7.0,78.0,19.0,10.0,0.0,6.0,7.0,3.0,2.0,1.0,0.0,0.0,1.0,19.0,5.0,8.0,73.0,2.0,0.0,5.0,0.0,10.0,9.0,1.0,1.0,0.0,0.0,2.0,4.0,49.0,3.0,108.0,0.0,0.0,2.0,22.0,17.0,3.0,0.0,5.0
ctx-lh-lateraloccipital,37.0,0.0,0.0,157.0,0.0,0.0,1023.0,821.0,346.0,4.0,29.0,6215.0,0.0,663.0,0.0,165.0,0.0,4.0,0.0,0.0,0.0,1034.0,1.0,2.0,1.0,82.0,0.0,0.0,1.0,428.0,17.0,10.0,0.0,2.0,0.0,0.0,0.0,1.0,0.0,0.0,0.0,0.0,1.0,0.0,2.0,0.0,0.0,1.0,0.0,1.0,0.0,0.0,0.0,0.0,0.0,1.0,0.0,1.0,0.0,6.0,0.0,0.0,0.0,1.0,0.0,0.0,0.0,1.0
ctx-lh-lateralorbitofrontal,0.0,11.0,1.0,0.0,0.0,52.0,0.0,0.0,0.0,459.0,0.0,0.0,2737.0,0.0,1654.0,0.0,0.0,0.0,17.0,416.0,358.0,0.0,0.0,1.0,2.0,0.0,297.0,782.0,64.0,1.0,2.0,0.0,1.0,0.0,0.0,6.0,0.0,0.0,0.0,0.0,0.0,0.0,0.0,0.0,0.0,0.0,0.0,0.0,0.0,0.0,1.0,0.0,0.0,0.0,0.0,0.0,0.0,0.0,0.0,0.0,1.0,2.0,1.0,0.0,0.0,0.0,0.0,0.0
ctx-lh-lingual,21.0,0.0,0.0,133.0,1.0,0.0,890.0,55.0,78.0,2.0,140.0,663.0,0.0,5045.0,0.0,16.0,0.0,201.0,0.0,0.0,0.0,1455.0,1.0,1.0,1.0,166.0,0.0,0.0,0.0,59.0,30.0,7.0,0.0,8.0,0.0,0.0,0.0,0.0,0.0,0.0,0.0,2.0,1.0,0.0,2.0,2.0,0.0,1.0,0.0,0.0,1.0,0.0,0.0,0.0,0.0,0.0,0.0,1.0,1.0,11.0,0.0,0.0,0.0,1.0,0.0,1.0,0.0,0.0
ctx-lh-medialorbitofrontal,0.0,15.0,1.0,0.0,0.0,208.0,0.0,0.0,0.0,56.0,0.0,0.0,1654.0,0.0,1326.0,0.0,0.0,0.0,1.0,36.0,47.0,0.0,0.0,0.0,1.0,0.0,646.0,845.0,210.0,0.0,2.0,0.0,0.0,0.0,0.0,5.0,0.0,0.0,0.0,0.0,0.0,0.0,0.0,0.0,0.0,0.0,0.0,0.0,0.0,0.0,0.0,0.0,0.0,0.0,0.0,0.0,0.0,0.0,0.0,0.0,6.0,0.0,2.0,0.0,0.0,0.0,0.0,0.0
ctx-lh-middletemporal,688.0,0.0,0.0,4.0,15.0,0.0,251.0,453.0,3076.0,64.0,9.0,165.0,0.0,16.0,0.0,2986.0,1.0,13.0,0.0,0.0,0.0,11.0,4.0,7.0,9.0,31.0,0.0,0.0,0.0,25.0,692.0,42.0,145.0,33.0,1.0,0.0,0.0,0.0,0.0,0.0,0.0,0.0,0.0,0.0,4.0,0.0,0.0,0.0,0.0,1.0,0.0,0.0,0.0,0.0,0.0,0.0,0.0,1.0,0.0,3.0,0.0,0.0,1.0,2.0,0.0,1.0,0.0,0.0
ctx-lh-paracentral,1.0,19.0,12.0,0.0,0.0,0.0,0.0,2.0,0.0,17.0,15.0,0.0,0.0,0.0,0.0,1.0,1609.0,0.0,2.0,0.0,0.0,0.0,548.0,182.0,890.0,197.0,0.0,3.0,572.0,150.0,2.0,3.0,0.0,0.0,0.0,5.0,1.0,0.0,0.0,0.0,2.0,2.0,0.0,0.0,3.0,0.0,0.0,0.0,0.0,2.0,13.0,0.0,1.0,0.0,0.0,0.0,4.0,30.0,5.0,11.0,0.0,1.0,15.0,3.0,4.0,2.0,0.0,0.0
ctx-lh-parahippocampal,4.0,0.0,0.0,2.0,75.0,0.0,144.0,8.0,62.0,7.0,99.0,4.0,0.0,201.0,0.0,13.0,0.0,347.0,0.0,0.0,0.0,7.0,0.0,2.0,0.0,9.0,0.0,0.0,0.0,2.0,24.0,2.0,2.0,0.0,0.0,0.0,0.0,0.0,0.0,0.0,0.0,0.0,0.0,0.0,0.0,0.0,0.0,0.0,0.0,0.0,0.0,0.0,0.0,0.0,0.0,0.0,0.0,1.0,0.0,2.0,0.0,0.0,0.0,0.0,0.0,0.0,0.0,0.0
ctx-lh-parsopercularis,4.0,31.0,232.0,0.0,0.0,0.0,0.0,2.0,1.0,196.0,1.0,0.0,17.0,0.0,1.0,0.0,2.0,0.0,1842.0,7.0,266.0,0.0,23.0,3.0,567.0,0.0,14.0,643.0,119.0,9.0,2.0,10.0,0.0,1.0,0.0,17.0,0.0,0.0,0.0,0.0,0.0,0.0,0.0,0.0,2.0,0.0,0.0,0.0,0.0,0.0,1.0,0.0,0.0,0.0,1.0,0.0,1.0,2.0,1.0,0.0,3.0,2.0,12.0,0.0,0.0,0.0,0.0,0.0
ctx-lh-parsorbitalis,0.0,3.0,0.0,0.0,0.0,1.0,0.0,0.0,0.0,13.0,0.0,0.0,416.0,0.0,36.0,0.0,0.0,0.0,7.0,411.0,301.0,0.0,0.0,0.0,1.0,0.0,19.0,424.0,16.0,0.0,0.0,0.0,0.0,0.0,0.0,0.0,0.0,0.0,0.0,0.0,0.0,0.0,0.0,0.0,0.0,0.0,0.0,0.0,0.0,0.0,0.0,0.0,0.0,0.0,0.0,0.0,0.0,0.0,0.0,0.0,0.0,0.0,0.0,0.0,0.0,0.0,0.0,0.0
ctx-lh-parstriangularis,0.0,16.0,8.0,0.0,0.0,1.0,0.0,0.0,0.0,91.0,0.0,0.0,358.0,0.0,47.0,0.0,0.0,0.0,266.0,301.0,1281.0,0.0,0.0,0.0,8.0,0.0,72.0,784.0,95.0,0.0,0.0,0.0,0.0,0.0,0.0,8.0,0.0,0.0,0.0,0.0,0.0,0.0,0.0,0.0,0.0,0.0,0.0,0.0,1.0,0.0,1.0,0.0,0.0,0.0,0.0,0.0,0.0,0.0,0.0,0.0,2.0,1.0,1.0,0.0,0.0,0.0,0.0,0.0
ctx-lh-pericalcarine,10.0,0.0,0.0,1740.0,0.0,0.0,85.0,85.0,21.0,2.0,43.0,1034.0,0.0,1455.0,0.0,11.0,0.0,7.0,0.0,0.0,0.0,1102.0,0.0,3.0,0.0,291.0,0.0,0.0,0.0,272.0,8.0,4.0,0.0,1.0,0.0,0.0,0.0,1.0,0.0,0.0,0.0,0.0,2.0,0.0,9.0,1.0,0.0,0.0,0.0,1.0,0.0,1.0,0.0,0.0,0.0,1.0,0.0,3.0,0.0,11.0,0.0,0.0,0.0,2.0,2.0,1.0,0.0,0.0
ctx-lh-postcentral,13.0,1.0,43.0,0.0,0.0,0.0,2.0,76.0,5.0,236.0,9.0,1.0,0.0,1.0,0.0,4.0,548.0,0.0,23.0,0.0,0.0,0.0,6380.0,27.0,1729.0,184.0,0.0,4.0,36.0,1032.0,28.0,1275.0,0.0,10.0,0.0,1.0,1.0,0.0,0.0,0.0,0.0,1.0,0.0,1.0,1.0,0.0,0.0,0.0,0.0,0.0,2.0,0.0,0.0,0.0,0.0,1.0,0.0,4.0,0.0,2.0,0.0,0.0,0.0,2.0,1.0,2.0,0.0,1.0
ctx-lh-posteriorcingulate,2.0,132.0,12.0,0.0,0.0,0.0,6.0,11.0,3.0,14.0,296.0,2.0,1.0,1.0,0.0,7.0,182.0,2.0,3.0,0.0,0.0,3.0,27.0,1117.0,39.0,466.0,5.0,1.0,190.0,38.0,8.0,7.0,0.0,2.0,2.0,26.0,12.0,0.0,0.0,0.0,2.0,1.0,2.0,4.0,16.0,0.0,0.0,0.0,0.0,4.0,28.0,0.0,1.0,0.0,1.0,0.0,2.0,82.0,20.0,36.0,0.0,3.0,45.0,8.0,5.0,7.0,0.0,1.0
ctx-lh-precentral,10.0,29.0,1009.0,0.0,0.0,0.0,3.0,47.0,4.0,405.0,10.0,1.0,2.0,1.0,1.0,9.0,890.0,0.0,567.0,1.0,8.0,0.0,1729.0,39.0,8034.0,70.0,4.0,85.0,914.0,269.0,26.0,311.0,0.0,9.0,2.0,17.0,5.0,0.0,0.0,0.0,0.0,3.0,0.0,2.0,1.0,2.0,0.0,0.0,0.0,0.0,7.0,0.0,1.0,0.0,0.0,0.0,4.0,14.0,11.0,9.0,0.0,1.0,17.0,2.0,0.0,0.0,0.0,3.0
ctx-lh-precuneus,36.0,10.0,5.0,230.0,0.0,0.0,29.0,315.0,24.0,30.0,867.0,82.0,0.0,166.0,0.0,31.0,197.0,9.0,0.0,0.0,0.0,291.0,184.0,466.0,70.0,4908.0,0.0,0.0,24.0,2354.0,68.0,60.0,0.0,12.0,9.0,1.0,2.0,2.0,0.0,0.0,1.0,14.0,5.0,5.0,58.0,2.0,0.0,4.0,0.0,10.0,7.0,1.0,1.0,0.0,0.0,1.0,7.0,34.0,4.0,83.0,0.0,0.0,4.0,24.0,13.0,4.0,0.0,2.0
ctx-lh-rostralanteriorcingulate,0.0,265.0,6.0,0.0,0.0,7.0,0.0,0.0,0.0,86.0,0.0,0.0,297.0,0.0,646.0,0.0,0.0,0.0,14.0,19.0,72.0,0.0,0.0,5.0,4.0,0.0,1205.0,264.0,386.0,0.0,0.0,0.0,0.0,0.0,0.0,63.0,0.0,0.0,0.0,0.0,0.0,0.0,0.0,0.0,0.0,0.0,10.0,0.0,5.0,0.0,1.0,0.0,1.0,0.0,1.0,0.0,0.0,0.0,4.0,0.0,55.0,19.0,34.0,1.0,0.0,0.0,0.0,0.0
ctx-lh-rostralmiddlefrontal,1.0,159.0,974.0,0.0,0.0,139.0,0.0,0.0,0.0,152.0,1.0,0.0,782.0,0.0,845.0,0.0,3.0,0.0,643.0,424.0,784.0,0.0,4.0,1.0,85.0,0.0,264.0,7310.0,2404.0,3.0,0.0,3.0,0.0,0.0,0.0,49.0,3.0,0.0,0.0,0.0,0.0,1.0,0.0,0.0,0.0,0.0,0.0,0.0,0.0,0.0,1.0,0.0,0.0,0.0,0.0,0.0,0.0,6.0,3.0,0.0,9.0,9.0,36.0,0.0,0.0,0.0,0.0,0.0
ctx-lh-superiorfrontal,2.0,750.0,761.0,0.0,0.0,68.0,0.0,2.0,0.0,113.0,7.0,1.0,64.0,0.0,210.0,0.0,572.0,0.0,119.0,16.0,95.0,0.0,36.0,190.0,914.0,24.0,386.0,2404.0,10301.0,19.0,2.0,13.0,0.0,1.0,0.0,154.0,19.0,0.0,0.0,1.0,0.0,0.0,0.0,5.0,3.0,0.0,1.0,0.0,1.0,0.0,25.0,0.0,9.0,0.0,6.0,0.0,6.0,58.0,41.0,3.0,17.0,26.0,148.0,4.0,1.0,4.0,0.0,1.0
ctx-lh-superiorparietal,44.0,3.0,12.0,680.0,0.0,0.0,39.0,1321.0,39.0,74.0,78.0,428.0,1.0,59.0,0.0,25.0,150.0,2.0,9.0,0.0,0.0,272.0,1032.0,38.0,269.0,2354.0,0.0,3.0,19.0,6235.0,65.0,442.0,0.0,16.0,3.0,3.0,0.0,1.0,0.0,0.0,0.0,3.0,0.0,1.0,15.0,2.0,0.0,1.0,0.0,0.0,1.0,1.0,0.0,0.0,0.0,0.0,1.0,18.0,4.0,25.0,0.0,0.0,1.0,4.0,3.0,3.0,0.0,4.0
ctx-lh-superiortemporal,784.0,0.0,0.0,13.0,24.0,0.0,201.0,164.0,653.0,324.0,19.0,17.0,2.0,30.0,2.0,692.0,2.0,24.0,2.0,0.0,0.0,8.0,28.0,8.0,26.0,68.0,0.0,0.0,2.0,65.0,5096.0,549.0,303.0,567.0,2.0,0.0,0.0,0.0,0.0,0.0,1.0,1.0,0.0,1.0,7.0,0.0,0.0,0.0,0.0,0.0,1.0,0.0,0.0,0.0,0.0,0.0,0.0,9.0,2.0,10.0,0.0,0.0,2.0,0.0,2.0,1.0,0.0,0.0
ctx-lh-supramarginal,257.0,2.0,21.0,1.0,0.0,0.0,8.0,1244.0,49.0,175.0,10.0,10.0,0.0,7.0,0.0,42.0,3.0,2.0,10.0,0.0,0.0,4.0,1275.0,7.0,311.0,60.0,0.0,3.0,13.0,442.0,549.0,5528.0,0.0,37.0,0.0,1.0,0.0,0.0,0.0,0.0,0.0,0.0,0.0,0.0,1.0,0.0,0.0,0.0,0.0,0.0,2.0,0.0,0.0,0.0,0.0,0.0,0.0,1.0,0.0,4.0,0.0,0.0,0.0,2.0,1.0,0.0,0.0,2.0
ctx-lh-temporalpole,0.0,0.0,0.0,0.0,211.0,0.0,131.0,0.0,176.0,25.0,0.0,0.0,1.0,0.0,0.0,145.0,0.0,2.0,0.0,0.0,0.0,0.0,0.0,0.0,0.0,0.0,0.0,0.0,0.0,0.0,303.0,0.0,474.0,1.0,0.0,0.0,0.0,0.0,0.0,0.0,0.0,0.0,0.0,0.0,0.0,0.0,0.0,0.0,0.0,0.0,0.0,0.0,0.0,0.0,0.0,0.0,0.0,0.0,0.0,0.0,0.0,0.0,0.0,0.0,0.0,0.0,0.0,0.0
ctx-lh-transversetemporal,17.0,0.0,2.0,1.0,0.0,0.0,14.0,22.0,25.0,107.0,6.0,2.0,0.0,8.0,0.0,33.0,0.0,0.0,1.0,0.0,0.0,1.0,10.0,2.0,9.0,12.0,0.0,0.0,1.0,16.0,567.0,37.0,1.0,420.0,0.0,1.0,0.0,0.0,0.0,0.0,0.0,1.0,1.0,1.0,2.0,0.0,0.0,0.0,0.0,0.0,0.0,0.0,0.0,0.0,0.0,0.0,0.0,1.0,0.0,7.0,0.0,0.0,0.0,1.0,1.0,1.0,0.0,0.0
ctx-rh-bankssts,0.0,0.0,0.0,1.0,0.0,0.0,1.0,2.0,0.0,0.0,7.0,0.0,0.0,0.0,0.0,1.0,0.0,0.0,0.0,0.0,0.0,0.0,0.0,2.0,2.0,9.0,0.0,0.0,0.0,3.0,2.0,0.0,0.0,0.0,543.0,0.0,0.0,5.0,0.0,0.0,43.0,363.0,176.0,20.0,14.0,13.0,1.0,7.0,0.0,735.0,2.0,7.0,1.0,0.0,0.0,6.0,16.0,9.0,12.0,44.0,0.0,0.0,1.0,46.0,773.0,224.0,0.0,30.0
ctx-rh-caudalanteriorcingulate,0.0,179.0,26.0,0.0,0.0,0.0,0.0,0.0,0.0,8.0,3.0,0.0,6.0,0.0,5.0,0.0,5.0,0.0,17.0,0.0,8.0,0.0,1.0,26.0,17.0,1.0,63.0,49.0,154.0,3.0,0.0,1.0,0.0,1.0,0.0,566.0,48.0,0.0,0.0,0.0,0.0,3.0,0.0,27.0,10.0,0.0,10.0,0.0,10.0,0.0,42.0,0.0,26.0,2.0,24.0,0.0,2.0,315.0,45.0,20.0,219.0,164.0,812.0,1.0,1.0,2.0,0.0,2.0
ctx-rh-caudalmiddlefrontal,0.0,22.0,3.0,0.0,0.0,0.0,0.0,0.0,0.0,1.0,2.0,0.0,0.0,0.0,0.0,0.0,1.0,0.0,0.0,0.0,0.0,0.0,1.0,12.0,5.0,2.0,0.0,3.0,19.0,0.0,0.0,0.0,0.0,0.0,0.0,48.0,3002.0,0.0,0.0,0.0,0.0,12.0,0.0,55.0,1.0,0.0,3.0,0.0,0.0,1.0,25.0,0.0,293.0,1.0,11.0,0.0,60.0,16.0,1140.0,5.0,3.0,975.0,688.0,13.0,1.0,13.0,0.0,0.0
ctx-rh-cuneus,0.0,0.0,0.0,1.0,0.0,0.0,0.0,0.0,0.0,0.0,1.0,1.0,0.0,0.0,0.0,0.0,0.0,0.0,0.0,0.0,0.0,1.0,0.0,0.0,0.0,2.0,0.0,0.0,0.0,1.0,0.0,0.0,0.0,0.0,5.0,0.0,0.0,1556.0,0.0,0.0,33.0,31.0,18.0,2.0,5.0,575.0,1.0,136.0,0.0,11.0,0.0,0.0,0.0,0.0,0.0,1508.0,0.0,0.0,0.0,299.0,0.0,0.0,0.0,593.0,2.0,0.0,0.0,0.0
ctx-rh-entorhinal,0.0,0.0,0.0,0.0,0.0,0.0,0.0,0.0,0.0,0.0,0.0,0.0,0.0,0.0,0.0,0.0,0.0,0.0,0.0,0.0,0.0,0.0,0.0,0.0,0.0,0.0,0.0,0.0,0.0,0.0,0.0,0.0,0.0,0.0,0.0,0.0,0.0,0.0,211.0,0.0,91.0,0.0,121.0,5.0,0.0,1.0,0.0,0.0,0.0,11.0,0.0,91.0,0.0,0.0,0.0,0.0,0.0,0.0,0.0,0.0,0.0,0.0,0.0,1.0,9.0,0.0,126.0,0.0
ctx-rh-frontalpole,0.0,0.0,0.0,0.0,0.0,0.0,0.0,0.0,0.0,0.0,0.0,0.0,0.0,0.0,0.0,0.0,0.0,0.0,0.0,0.0,0.0,0.0,0.0,0.0,0.0,0.0,0.0,0.0,1.0,0.0,0.0,0.0,0.0,0.0,0.0,0.0,0.0,0.0,0.0,55.0,0.0,0.0,0.0,0.0,0.0,0.0,63.0,0.0,251.0,0.0,0.0,0.0,0.0,1.0,1.0,0.0,0.0,0.0,0.0,0.0,2.0,95.0,120.0,0.0,0.0,0.0,0.0,0.0
ctx-rh-fusiform,2.0,0.0,0.0,0.0,0.0,0.0,0.0,1.0,0.0,0.0,1.0,0.0,0.0,0.0,0.0,0.0,2.0,0.0,0.0,0.0,0.0,0.0,0.0,2.0,0.0,1.0,0.0,0.0,0.0,0.0,1.0,0.0,0.0,0.0,43.0,0.0,0.0,33.0,91.0,0.0,4033.0,70.0,1450.0,40.0,13.0,1065.0,0.0,823.0,0.0,239.0,0.0,201.0,0.0,0.0,0.0,135.0,1.0,2.0,1.0,81.0,1.0,0.0,0.0,50.0,71.0,4.0,180.0,4.0
ctx-rh-inferiorparietal,0.0,0.0,0.0,0.0,0.0,0.0,0.0,4.0,1.0,1.0,19.0,0.0,0.0,2.0,0.0,0.0,2.0,0.0,0.0,0.0,0.0,0.0,1.0,1.0,3.0,14.0,0.0,1.0,0.0,3.0,1.0,0.0,0.0,1.0,363.0,3.0,12.0,31.0,0.0,0.0,70.0,8966.0,313.0,55.0,23.0,864.0,0.0,25.0,0.0,659.0,15.0,5.0,15.0,0.0,1.0,19.0,149.0,19.0,125.0,370.0,0.0,3.0,5.0,1585.0,159.0,1242.0,1.0,23.0
ctx-rh-inferiortemporal,0.0,0.0,0.0,2.0,0.0,0.0,1.0,0.0,0.0,0.0,5.0,1.0,0.0,1.0,0.0,0.0,0.0,0.0,0.0,0.0,0.0,2.0,0.0,2.0,0.0,5.0,0.0,0.0,0.0,0.0,0.0,0.0,0.0,1.0,176.0,0.0,0.0,18.0,121.0,0.0,1450.0,313.0,3255.0,150.0,19.0,376.0,2.0,81.0,0.0,2082.0,2.0,77.0,0.0,0.0,0.0,35.0,2.0,7.0,7.0,67.0,0.0,0.0,1.0,79.0,305.0,14.0,439.0,13.0
ctx-rh-insula,1.0,2.0,2.0,0.0,0.0,0.0,0.0,0.0,0.0,0.0,8.0,0.0,0.0,0.0,0.0,0.0,0.0,0.0,0.0,0.0,0.0,0.0,1.0,4.0,2.0,5.0,0.0,0.0,5.0,1.0,1.0,0.0,0.0,1.0,20.0,27.0,55.0,2.0,5.0,0.0,40.0,55.0,150.0,1359.0,8.0,2.0,459.0,6.0,35.0,178.0,10.0,7.0,213.0,9.0,144.0,0.0,137.0,26.0,294.0,33.0,38.0,125.0,93.0,44.0,280.0,177.0,16.0,86.0
ctx-rh-isthmuscingulate,2.0,1.0,0.0,2.0,0.0,0.0,0.0,13.0,1.0,1.0,73.0,2.0,0.0,2.0,0.0,4.0,3.0,0.0,2.0,0.0,0.0,9.0,1.0,16.0,1.0,58.0,0.0,0.0,3.0,15.0,7.0,1.0,0.0,2.0,14.0,10.0,1.0,5.0,0.0,0.0,13.0,23.0,19.0,8.0,758.0,17.0,0.0,141.0,0.0,15.0,18.0,74.0,0.0,0.0,0.0,9.0,9.0,342.0,13.0,884.0,0.0,0.0,5.0,66.0,24.0,13.0,0.0,9.0
ctx-rh-lateraloccipital,0.0,0.0,0.0,0.0,0.0,0.0,0.0,1.0,0.0,0.0,2.0,0.0,0.0,2.0,0.0,0.0,0.0,0.0,0.0,0.0,0.0,1.0,0.0,0.0,2.0,2.0,0.0,0.0,0.0,2.0,0.0,0.0,0.0,0.0,13.0,0.0,0.0,575.0,1.0,0.0,1065.0,864.0,376.0,2.0,17.0,6686.0,0.0,884.0,0.0,163.0,0.0,7.0,0.0,0.0,0.0,1200.0,1.0,1.0,2.0,176.0,0.0,0.0,0.0,585.0,14.0,4.0,0.0,0.0
ctx-rh-lateralorbitofrontal,0.0,3.0,0.0,0.0,0.0,0.0,0.0,0.0,0.0,0.0,0.0,0.0,0.0,0.0,0.0,0.0,0.0,0.0,0.0,0.0,0.0,0.0,0.0,0.0,0.0,0.0,10.0,0.0,1.0,0.0,0.0,0.0,0.0,0.0,1.0,10.0,3.0,1.0,0.0,63.0,0.0,0.0,2.0,459.0,0.0,0.0,3005.0,0.0,1591.0,2.0,0.0,0.0,5.0,400.0,244.0,0.0,0.0,1.0,0.0,0.0,449.0,707.0,97.0,0.0,3.0,0.0,0.0,0.0
ctx-rh-lingual,0.0,0.0,0.0,1.0,0.0,0.0,0.0,1.0,0.0,0.0,5.0,1.0,0.0,1.0,0.0,0.0,0.0,0.0,0.0,0.0,0.0,0.0,0.0,0.0,0.0,4.0,0.0,0.0,0.0,1.0,0.0,0.0,0.0,0.0,7.0,0.0,0.0,136.0,0.0,0.0,823.0,25.0,81.0,6.0,141.0,884.0,0.0,5212.0,0.0,25.0,0.0,244.0,0.0,0.0,0.0,1669.0,0.0,1.0,0.0,432.0,0.0,0.0,0.0,49.0,5.0,2.0,0.0,1.0
ctx-rh-medialorbitofrontal,0.0,3.0,0.0,0.0,0.0,0.0,0.0,0.0,0.0,0.0,0.0,0.0,0.0,0.0,0.0,0.0,0.0,0.0,0.0,0.0,1.0,0.0,0.0,0.0,0.0,0.0,5.0,0.0,1.0,0.0,0.0,0.0,0.0,0.0,0.0,10.0,0.0,0.0,0.0,251.0,0.0,0.0,0.0,35.0,0.0,0.0,1591.0,0.0,1835.0,0.0,0.0,0.0,3.0,66.0,29.0,0.0,0.0,0.0,0.0,0.0,317.0,871.0,203.0,0.0,0.0,0.0,0.0,0.0
ctx-rh-middletemporal,1.0,0.0,0.0,1.0,0.0,0.0,1.0,3.0,2.0,1.0,10.0,1.0,0.0,0.0,0.0,1.0,2.0,0.0,0.0,0.0,0.0,1.0,0.0,4.0,0.0,10.0,0.0,0.0,0.0,0.0,0.0,0.0,0.0,0.0,735.0,0.0,1.0,11.0,11.0,0.0,239.0,659.0,2082.0,178.0,15.0,163.0,2.0,25.0,0.0,3120.0,2.0,27.0,0.0,0.0,0.0,7.0,7.0,6.0,8.0,66.0,0.0,1.0,0.0,55.0,779.0,28.0,97.0,29.0
ctx-rh-paracentral,1.0,11.0,3.0,0.0,0.0,0.0,0.0,1.0,0.0,1.0,9.0,0.0,1.0,1.0,0.0,0.0,13.0,0.0,1.0,0.0,1.0,0.0,2.0,28.0,7.0,7.0,1.0,1.0,25.0,1.0,1.0,2.0,0.0,0.0,2.0,42.0,25.0,0.0,0.0,0.0,0.0,15.0,2.0,10.0,18.0,0.0,0.0,0.0,0.0,2.0,1839.0,0.0,1.0,0.0,0.0,1.0,474.0,316.0,893.0,280.0,0.0,6.0,587.0,109.0,1.0,8.0,0.0,4.0
ctx-rh-parahippocampal,0.0,0.0,0.0,0.0,0.0,0.0,0.0,0.0,0.0,0.0,1.0,0.0,0.0,0.0,0.0,0.0,0.0,0.0,0.0,0.0,0.0,1.0,0.0,0.0,0.0,1.0,0.0,0.0,0.0,1.0,0.0,0.0,0.0,0.0,7.0,0.0,0.0,0.0,91.0,0.0,201.0,5.0,77.0,7.0,74.0,7.0,0.0,244.0,0.0,27.0,0.0,390.0,0.0,0.0,0.0,2.0,1.0,0.0,0.0,9.0,0.0,0.0,0.0,2.0,13.0,0.0,0.0,2.0
ctx-rh-parsopercularis,0.0,5.0,2.0,0.0,0.0,0.0,0.0,0.0,0.0,1.0,1.0,0.0,0.0,0.0,0.0,0.0,1.0,0.0,0.0,0.0,0.0,0.0,0.0,1.0,1.0,1.0,1.0,0.0,9.0,0.0,0.0,0.0,0.0,0.0,1.0,26.0,293.0,0.0,0.0,0.0,0.0,15.0,0.0,213.0,0.0,0.0,5.0,0.0,3.0,0.0,1.0,0.0,1527.0,8.0,413.0,0.0,59.0,3.0,760.0,2.0,6.0,519.0,112.0,10.0,3.0,44.0,0.0,0.0
ctx-rh-parsorbitalis,0.0,0.0,0.0,0.0,0.0,0.0,0.0,0.0,0.0,0.0,0.0,0.0,0.0,0.0,0.0,0.0,0.0,0.0,0.0,0.0,0.0,0.0,0.0,0.0,0.0,0.0,0.0,0.0,0.0,0.0,0.0,0.0,0.0,0.0,0.0,2.0,1.0,0.0,0.0,1.0,0.0,0.0,0.0,9.0,0.0,0.0,400.0,0.0,66.0,0.0,0.0,0.0,8.0,394.0,361.0,0.0,0.0,1.0,0.0,0.0,20.0,616.0,33.0,0.0,0.0,0.0,0.0,0.0
ctx-rh-parstriangularis,0.0,4.0,0.0,0.0,0.0,0.0,0.0,0.0,0.0,0.0,0.0,0.0,0.0,0.0,0.0,0.0,0.0,0.0,1.0,0.0,0.0,0.0,0.0,1.0,0.0,0.0,1.0,0.0,6.0,0.0,0.0,0.0,0.0,0.0,0.0,24.0,11.0,0.0,0.0,1.0,0.0,1.0,0.0,144.0,0.0,0.0,244.0,0.0,29.0,0.0,0.0,0.0,413.0,361.0,1167.0,0.0,0.0,0.0,16.0,0.0,59.0,934.0,146.0,0.0,0.0,1.0,0.0,0.0
ctx-rh-pericalcarine,0.0,0.0,0.0,2.0,0.0,0.0,0.0,0.0,0.0,0.0,2.0,1.0,0.0,0.0,0.0,0.0,0.0,0.0,0.0,0.0,0.0,1.0,1.0,0.0,0.0,1.0,0.0,0.0,0.0,0.0,0.0,0.0,0.0,0.0,6.0,0.0,0.0,1508.0,0.0,0.0,135.0,19.0,35.0,0.0,9.0,1200.0,0.0,1669.0,0.0,7.0,1.0,2.0,0.0,0.0,0.0,1223.0,0.0,0.0,0.0,311.0,0.0,0.0,0.0,124.0,1.0,3.0,0.0,0.0
ctx-rh-postcentral,1.0,2.0,0.0,0.0,0.0,0.0,0.0,0.0,0.0,0.0,4.0,0.0,0.0,0.0,0.0,0.0,4.0,0.0,1.0,0.0,0.0,0.0,0.0,2.0,4.0,7.0,0.0,0.0,6.0,1.0,0.0,0.0,0.0,0.0,16.0,2.0,60.0,0.0,0.0,0.0,1.0,149.0,2.0,137.0,9.0,1.0,0.0,0.0,0.0,7.0,474.0,1.0,59.0,0.0,0.0,0.0,5808.0,11.0,1807.0,205.0,0.0,11.0,20.0,641.0,22.0,1360.0,0.0,6.0
ctx-rh-posteriorcingulate,3.0,37.0,2.0,0.0,0.0,0.0,1.0,3.0,1.0,5.0,49.0,1.0,0.0,1.0,0.0,1.0,30.0,1.0,2.0,0.0,0.0,3.0,4.0,82.0,14.0,34.0,0.0,6.0,58.0,18.0,9.0,1.0,0.0,1.0,9.0,315.0,16.0,0.0,0.0,0.0,2.0,19.0,7.0,26.0,342.0,1.0,1.0,1.0,0.0,6.0,316.0,0.0,3.0,1.0,0.0,0.0,11.0,1221.0,78.0,505.0,1.0,6.0,293.0,41.0,24.0,18.0,0.0,11.0
ctx-rh-precentral,0.0,20.0,2.0,0.0,0.0,0.0,0.0,0.0,0.0,0.0,3.0,0.0,0.0,1.0,0.0,0.0,5.0,0.0,1.0,0.0,0.0,0.0,0.0,20.0,11.0,4.0,4.0,3.0,41.0,4.0,2.0,0.0,0.0,0.0,12.0,45.0,1140.0,0.0,0.0,0.0,1.0,125.0,7.0,294.0,13.0,2.0,0.0,0.0,0.0,8.0,893.0,0.0,760.0,0.0,16.0,0.0,1807.0,78.0,7991.0,74.0,1.0,98.0,655.0,223.0,23.0,360.0,0.0,4.0
ctx-rh-precuneus,5.0,1.0,0.0,5.0,0.0,0.0,4.0,13.0,1.0,3.0,108.0,6.0,0.0,11.0,0.0,3.0,11.0,2.0,0.0,0.0,0.0,11.0,2.0,36.0,9.0,83.0,0.0,0.0,3.0,25.0,10.0,4.0,0.0,7.0,44.0,20.0,5.0,299.0,0.0,0.0,81.0,370.0,67.0,33.0,884.0,176.0,0.0,432.0,0.0,66.0,280.0,9.0,2.0,0.0,0.0,311.0,205.0,505.0,74.0,4903.0,0.0,2.0,19.0,3631.0,69.0,43.0,0.0,33.0
ctx-rh-rostralanteriorcingulate,0.0,20.0,2.0,0.0,0.0,0.0,0.0,0.0,0.0,4.0,0.0,0.0,1.0,0.0,6.0,0.0,0.0,0.0,3.0,0.0,2.0,0.0,0.0,0.0,0.0,0.0,55.0,9.0,17.0,0.0,0.0,0.0,0.0,0.0,0.0,219.0,3.0,0.0,0.0,2.0,1.0,0.0,0.0,38.0,0.0,0.0,449.0,0.0,317.0,0.0,0.0,0.0,6.0,20.0,59.0,0.0,0.0,1.0,1.0,0.0,844.0,191.0,292.0,0.0,1.0,0.0,0.0,0.0
ctx-rh-rostralmiddlefrontal,0.0,38.0,0.0,0.0,0.0,0.0,0.0,0.0,0.0,1.0,0.0,0.0,2.0,0.0,0.0,0.0,1.0,0.0,2.0,0.0,1.0,0.0,0.0,3.0,1.0,0.0,19.0,9.0,26.0,0.0,0.0,0.0,0.0,0.0,0.0,164.0,975.0,0.0,0.0,95.0,0.0,3.0,0.0,125.0,0.0,0.0,707.0,0.0,871.0,1.0,6.0,0.0,519.0,616.0,934.0,0.0,11.0,6.0,98.0,2.0,191.0,7514.0,2534.0,0.0,1.0,4.0,0.0,0.0
ctx-rh-superiorfrontal,0.0,136.0,21.0,0.0,0.0,0.0,0.0,1.0,0.0,11.0,2.0,0.0,1.0,0.0,2.0,1.0,15.0,0.0,12.0,0.0,1.0,0.0,0.0,45.0,17.0,4.0,34.0,36.0,148.0,1.0,2.0,0.0,0.0,0.0,1.0,812.0,688.0,0.0,0.0,120.0,0.0,5.0,1.0,93.0,5.0,0.0,97.0,0.0,203.0,0.0,587.0,0.0,112.0,33.0,146.0,0.0,20.0,293.0,655.0,19.0,292.0,2534.0,9717.0,20.0,1.0,12.0,0.0,0.0
ctx-rh-superiorparietal,1.0,2.0,0.0,1.0,0.0,0.0,1.0,3.0,2.0,3.0,22.0,1.0,0.0,1.0,0.0,2.0,3.0,0.0,0.0,0.0,0.0,2.0,2.0,8.0,2.0,24.0,1.0,0.0,4.0,4.0,0.0,2.0,0.0,1.0,46.0,1.0,13.0,593.0,1.0,0.0,50.0,1585.0,79.0,44.0,66.0,585.0,0.0,49.0,0.0,55.0,109.0,2.0,10.0,0.0,0.0,124.0,641.0,41.0,223.0,3631.0,0.0,0.0,20.0,5983.0,81.0,363.0,0.0,17.0
ctx-rh-superiortemporal,1.0,0.0,0.0,0.0,0.0,0.0,0.0,0.0,0.0,0.0,17.0,0.0,0.0,0.0,0.0,0.0,4.0,0.0,0.0,0.0,0.0,2.0,1.0,5.0,0.0,13.0,0.0,0.0,1.0,3.0,2.0,1.0,0.0,1.0,773.0,1.0,1.0,2.0,9.0,0.0,71.0,159.0,305.0,280.0,24.0,14.0,3.0,5.0,0.0,779.0,1.0,13.0,3.0,0.0,0.0,1.0,22.0,24.0,23.0,69.0,1.0,1.0,1.0,81.0,4337.0,422.0,106.0,719.0
ctx-rh-supramarginal,0.0,2.0,1.0,0.0,0.0,0.0,0.0,1.0,1.0,0.0,3.0,0.0,0.0,1.0,0.0,1.0,2.0,0.0,0.0,0.0,0.0,1.0,2.0,7.0,0.0,4.0,0.0,0.0,4.0,3.0,1.0,0.0,0.0,1.0,224.0,2.0,13.0,0.0,0.0,0.0,4.0,1242.0,14.0,177.0,13.0,4.0,0.0,2.0,0.0,28.0,8.0,0.0,44.0,0.0,1.0,3.0,1360.0,18.0,360.0,43.0,0.0,4.0,12.0,363.0,422.0,4269.0,0.0,44.0
ctx-rh-temporalpole,0.0,0.0,0.0,0.0,0.0,0.0,0.0,0.0,0.0,0.0,0.0,0.0,0.0,0.0,0.0,0.0,0.0,0.0,0.0,0.0,0.0,0.0,0.0,0.0,0.0,0.0,0.0,0.0,0.0,0.0,0.0,0.0,0.0,0.0,0.0,0.0,0.0,0.0,126.0,0.0,180.0,1.0,439.0,16.0,0.0,0.0,0.0,0.0,0.0,97.0,0.0,0.0,0.0,0.0,0.0,0.0,0.0,0.0,0.0,0.0,0.0,0.0,0.0,0.0,106.0,0.0,444.0,0.0
ctx-rh-transversetemporal,1.0,0.0,0.0,0.0,0.0,0.0,0.0,0.0,0.0,0.0,5.0,1.0,0.0,0.0,0.0,0.0,0.0,0.0,0.0,0.0,0.0,0.0,1.0,1.0,3.0,2.0,0.0,0.0,1.0,4.0,0.0,2.0,0.0,0.0,30.0,2.0,0.0,0.0,0.0,0.0,4.0,23.0,13.0,86.0,9.0,0.0,0.0,1.0,0.0,29.0,4.0,2.0,0.0,0.0,0.0,0.0,6.0,11.0,4.0,33.0,0.0,0.0,0.0,17.0,719.0,44.0,0.0,401.0
