,ctx-lh-bankssts,ctx-lh-caudalanteriorcingulate,ctx-lh-caudalmiddlefrontal,ctx-lh-cuneus,ctx-lh-entorhinal,ctx-lh-frontalpole,ctx-lh-fusiform,ctx-lh-inferiorparietal,ctx-lh-inferiortemporal,ctx-lh-insula,ctx-lh-isthmuscingulate,ctx-lh-lateraloccipital,ctx-lh-lateralorbitofrontal,ctx-lh-lingual,ctx-lh-medialorbitofrontal,ctx-lh-middletemporal,ctx-lh-paracentral,ctx-lh-parahippocampal,ctx-lh-parsopercularis,ctx-lh-parsorbitalis,ctx-lh-parstriangularis,ctx-lh-pericalcarine,ctx-lh-postcentral,ctx-lh-posteriorcingulate,ctx-lh-precentral,ctx-lh-precuneus,ctx-lh-rostralanteriorcingulate,ctx-lh-rostralmiddlefrontal,ctx-lh-superiorfrontal,ctx-lh-superiorparietal,ctx-lh-superiortemporal,ctx-lh-supramarginal,ctx-lh-temporalpole,ctx-lh-transversetemporal,ctx-rh-bankssts,ctx-rh-caudalanteriorcingulate,ctx-rh-caudalmiddlefrontal,ctx-rh-cuneus,ctx-rh-entorhinal,ctx-rh-frontalpole,ctx-rh-fusiform,ctx-rh-inferiorparietal,ctx-rh-inferiortemporal,ctx-rh-insula,ctx-rh-isthmuscingulate,ctx-rh-lateraloccipital,ctx-rh-lateralorbitofrontal,ctx-rh-lingual,ctx-rh-medialorbitofrontal,ctx-rh-middletemporal,ctx-rh-paracentral,ctx-rh-parahippocampal,ctx-rh-parsopercularis,ctx-rh-parsorbitalis,ctx-rh-parstriangularis,ctx-rh-pericalcarine,ctx-rh-postcentral,ctx-rh-posteriorcingulate,ctx-rh-precentral,ctx-rh-precuneus,ctx-rh-rostralanteriorcingulate,ctx-rh-rostralmiddlefrontal,ctx-rh-superiorfrontal,ctx-rh-superiorparietal,ctx-rh-superiortemporal,ctx-rh-supramarginal,ctx-rh-temporalpole,ctx-rh-transversetemporal
ctx-lh-bankssts,860.0,0.0,1.0,4.0,2.0,0.0,96.0,496.0,488.0,20.0,16.0,23.0,0.0,11.0,0.0,672.0,2.0,8.0,0.0,0.0,0.0,4.0,15.0,5.0,7.0,23.0,0.0,0.0,2.0,25.0,974.0,260.0,0.0,18.0,2.0,0.0,0.0,1.0,0.0,0.0,0.0,2.0,4.0,2.0,7.0,0.0,0.0,3.0,0.0,0.0,1.0,0.0,0.0,0.0,0.0,0.0,0.0,1.0,0.0,17.0,0.0,0.0,0.0,4.0,2.0,0.0,0.0,0.0
ctx-lh-caudalanteriorcingulate,0.0,704.0,48.0,0.0,0.0,1.0,0.0,0.0,0.0,28.0,3.0,0.0,4.0,0.0,26.0,0.0,14.0,0.0,54.0,0.0,25.0,0.0,2.0,204.0,44.0,2.0,302.0,149.0,805.0,3.0,0.0,3.0,0.0,0.0,0.0,167.0,37.0,0.0,0.0,0.0,0.0,0.0,0.0,15.0,0.0,0.0,3.0,0.0,3.0,0.0,11.0,0.0,10.0,1.0,8.0,0.0,3.0,36.0,25.0,0.0,23.0,16.0,161.0,5.0,0.0,1.0,0.0,0.0
ctx-lh-caudalmiddlefrontal,1.0,48.0,2398.0,1.0,0.0,0.0,0.0,2.0,0.0,53.0,0.0,0.0,3.0,0.0,0.0,0.0,17.0,0.0,341.0,0.0,15.0,0.0,80.0,15.0,1193.0,2.0,4.0,728.0,1062.0,4.0,0.0,19.0,0.0,0.0,0.0,24.0,12.0,0.0,0.0,0.0,0.0,0.0,0.0,1.0,0.0,0.0,0.0,0.0,0.0,0.0,3.0,0.0,3.0,0.0,0.0,0.0,0.0,13.0,11.0,2.0,2.0,3.0,43.0,1.0,0.0,0.0,0.0,0.0
ctx-lh-cuneus,4.0,0.0,1.0,1386.0,1.0,0.0,27.0,126.0,16.0,2.0,85.0,410.0,0.0,95.0,0.0,5.0,0.0,0.0,0.0,0.0,0.0,1106.0,0.0,1.0,1.0,345.0,0.0,0.0,0.0,1230.0,3.0,6.0,0.0,1.0,1.0,0.0,1.0,30.0,0.0,0.0,5.0,6.0,3.0,0.0,20.0,18.0,0.0,15.0,0.0,6.0,2.0,2.0,0.0,0.0,0.0,19.0,0.0,0.0,0.0,33.0,0.0,0.0,0.0,8.0,2.0,1.0,0.0,0.0
ctx-lh-entorhinal,2.0,0.0,0.0,1.0,283.0,0.0,283.0,1.0,109.0,17.0,0.0,0.0,0.0,0.0,0.0,58.0,0.0,94.0,0.0,0.0,0.0,0.0,1.0,0.0,0.0,0.0,0.0,0.0,0.0,0.0,47.0,0.0,290.0,1.0,0.0,0.0,0.0,1.0,0.0,0.0,0.0,0.0,0.0,0.0,0.0,0.0,0.0,0.0,0.0,0.0,0.0,0.0,0.0,0.0,0.0,0.0,0.0,0.0,0.0,0.0,0.0,0.0,0.0,0.0,0.0,0.0,0.0,0.0
ctx-lh-frontalpole,0.0,1.0,0.0,0.0,0.0,18.0,0.0,0.0,0.0,0.0,0.0,0.0,39.0,0.0,148.0,0.0,0.0,0.0,0.0,0.0,0.0,0.0,0.0,0.0,0.0,0.0,2.0,108.0,90.0,0.0,0.0,0.0,0.0,0.0,0.0,0.0,0.0,0.0,0.0,0.0,0.0,0.0,0.0,0.0,0.0,0.0,0.0,0.0,0.0,0.0,0.0,0.0,0.0,0.0,0.0,0.0,0.0,0.0,0.0,0.0,0.0,0.0,0.0,0.0,0.0,0.0,0.0,0.0
ctx-lh-fusiform,96.0,0.0,0.0,27.0,283.0,0.0,3705.0,117.0,1700.0,76.0,20.0,1001.0,2.0,744.0,0.0,353.0,1.0,246.0,0.0,0.0,0.0,80.0,2.0,2.0,1.0,28.0,0.0,0.0,0.0,21.0,241.0,17.0,215.0,13.0,1.0,0.0,0.0,2.0,0.0,0.0,3.0,3.0,2.0,5.0,13.0,5.0,0.0,2.0,0.0,4.0,1.0,1.0,0.0,0.0,0.0,1.0,1.0,3.0,0.0,22.0,0.0,0.0,0.0,7.0,4.0,0.0,0.0,0.0
ctx-lh-inferiorparietal,496.0,0.0,2.0,126.0,1.0,0.0,117.0,5509.0,378.0,27.0,45.0,1070.0,0.0,54.0,0.0,298.0,4.0,3.0,0.0,0.0,0.0,61.0,51.0,7.0,24.0,247.0,0.0,0.0,0.0,1155.0,154.0,945.0,0.0,15.0,3.0,0.0,0.0,4.0,0.0,0.0,3.0,7.0,2.0,6.0,30.0,7.0,0.0,11.0,0.0,7.0,3.0,2.0,0.0,0.0,0.0,0.0,1.0,12.0,0.0,43.0,0.0,0.0,1.0,10.0,10.0,10.0,0.0,2.0
ctx-lh-inferiortemporal,488.0,0.0,0.0,16.0,109.0,0.0,1700.0,378.0,3387.0,61.0,19.0,364.0,1.0,113.0,0.0,2408.0,0.0,62.0,0.0,0.0,0.0,24.0,1.0,2.0,1.0,28.0,0.0,0.0,0.0,32.0,364.0,26.0,203.0,16.0,1.0,0.0,0.0,1.0,0.0,0.0,5.0,2.0,4.0,1.0,12.0,11.0,0.0,8.0,0.0,3.0,0.0,1.0,1.0,0.0,0.0,1.0,0.0,4.0,0.0,15.0,0.0,0.0,0.0,3.0,4.0,0.0,0.0,0.0
ctx-lh-insula,20.0,28.0,53.0,2.0,17.0,0.0,76.0,27.0,61.0,1813.0,4.0,4.0,571.0,10.0,48.0,75.0,28.0,6.0,215.0,4.0,91.0,3.0,354.0,22.0,360.0,17.0,28.0,106.0,77.0,58.0,186.0,252.0,15.0,64.0,0.0,12.0,1.0,0.0,0.0,0.0,1.0,3.0,0.0,3.0,5.0,0.0,1.0,2.0,1.0,0.0,8.0,0.0,1.0,0.0,1.0,1.0,2.0,15.0,2.0,9.0,1.0,0.0,14.0,1.0,1.0,1.0,0.0,1.0
ctx-lh-isthmuscingulate,16.0,3.0,0.0,85.0,0.0,0.0,20.0,45.0,19.0,4.0,616.0,21.0,0.0,194.0,0.0,4.0,6.0,46.0,0.0,0.0,0.0,33.0,9.0,296.0,3.0,782.0,1.0,0.0,2.0,112.0,17.0,12.0,0.0,6.0,10.0,3.0,0.0,3.0,0.0,0.0,17.0,21.0,15.0,7.0,131.0,21.0,0.0,25.0,0.0,15.0,5.0,0.0,0.0,0.0,0.0,2.0,4.0,54.0,3.0,125.0,0.0,0.0,2.0,41.0,24.0,15.0,0.0,5.0
ctx-lh-lateraloccipital,23.0,0.0,0.0,410.0,0.0,0.0,1001.0,1070.0,364.0,4.0,21.0,6944.0,0.0,1022.0,0.0,88.0,0.0,3.0,0.0,0.0,0.0,887.0,3.0,1.0,1.0,68.0,0.0,0.0,1.0,422.0,13.0,11.0,0.0,2.0,0.0,0.0,0.0,2.0,0.0,0.0,2.0,2.0,1.0,2.0,11.0,4.0,0.0,7.0,0.0,2.0,2.0,2.0,0.0,0.0,0.0,2.0,0.0,2.0,0.0,23.0,0.0,0.0,0.0,2.0,3.0,1.0,0.0,1.0
ctx-lh-lateralorbitofrontal,0.0,4.0,3.0,0.0,0.0,39.0,2.0,0.0,1.0,571.0,0.0,0.0,3607.0,0.0,1313.0,1.0,0.0,0.0,22.0,497.0,414.0,0.0,0.0,1.0,1.0,0.0,171.0,706.0,60.0,0.0,5.0,0.0,1.0,1.0,0.0,2.0,0.0,0.0,0.0,0.0,0.0,0.0,0.0,0.0,0.0,0.0,0.0,0.0,1.0,0.0,0.0,0.0,0.0,0.0,0.0,0.0,0.0,0.0,0.0,0.0,3.0,0.0,1.0,0.0,0.0,0.0,0.0,0.0
ctx-lh-lingual,11.0,0.0,0.0,95.0,0.0,0.0,744.0,54.0,113.0,10.0,194.0,1022.0,0.0,4470.0,0.0,39.0,1.0,186.0,0.0,0.0,0.0,1176.0,1.0,3.0,0.0,153.0,0.0,0.0,0.0,35.0,22.0,2.0,1.0,3.0,1.0,0.0,0.0,6.0,0.0,0.0,12.0,6.0,7.0,1.0,30.0,18.0,0.0,75.0,0.0,5.0,2.0,3.0,0.0,0.0,0.0,12.0,2.0,1.0,0.0,40.0,0.0,0.0,1.0,11.0,4.0,1.0,0.0,0.0
ctx-lh-medialorbitofrontal,0.0,26.0,0.0,0.0,0.0,148.0,0.0,0.0,0.0,48.0,0.0,0.0,1313.0,0.0,1576.0,0.0,0.0,0.0,9.0,69.0,89.0,0.0,0.0,1.0,0.0,0.0,594.0,986.0,265.0,0.0,1.0,0.0,0.0,0.0,0.0,8.0,0.0,0.0,0.0,0.0,0.0,0.0,0.0,0.0,0.0,0.0,3.0,0.0,52.0,0.0,0.0,0.0,2.0,0.0,0.0,0.0,0.0,0.0,0.0,0.0,12.0,0.0,5.0,0.0,0.0,0.0,0.0,0.0
ctx-lh-middletemporal,672.0,0.0,0.0,5.0,58.0,0.0,353.0,298.0,2408.0,75.0,4.0,88.0,1.0,39.0,0.0,2605.0,1.0,15.0,0.0,0.0,0.0,4.0,3.0,2.0,1.0,21.0,0.0,0.0,0.0,17.0,1439.0,35.0,253.0,21.0,1.0,0.0,0.0,1.0,0.0,0.0,1.0,3.0,1.0,0.0,8.0,1.0,0.0,2.0,0.0,4.0,1.0,0.0,0.0,0.0,0.0,0.0,0.0,3.0,0.0,11.0,0.0,0.0,0.0,3.0,1.0,2.0,0.0,0.0
ctx-lh-paracentral,2.0,14.0,17.0,0.0,0.0,0.0,1.0,4.0,0.0,28.0,6.0,0.0,0.0,1.0,0.0,1.0,1708.0,0.0,4.0,0.0,1.0,2.0,374.0,336.0,502.0,172.0,0.0,3.0,446.0,186.0,1.0,21.0,0.0,1.0,0.0,7.0,5.0,1.0,0.0,0.0,1.0,5.0,0.0,7.0,3.0,1.0,0.0,0.0,0.0,0.0,32.0,0.0,1.0,0.0,0.0,0.0,9.0,57.0,27.0,6.0,0.0,1.0,36.0,16.0,3.0,6.0,0.0,3.0
ctx-lh-parahippocampal,8.0,0.0,0.0,0.0,94.0,0.0,246.0,3.0,62.0,6.0,46.0,3.0,0.0,186.0,0.0,15.0,0.0,739.0,0.0,0.0,1.0,4.0,0.0,0.0,0.0,2.0,0.0,0.0,0.0,1.0,27.0,0.0,3.0,6.0,0.0,0.0,0.0,0.0,0.0,0.0,0.0,0.0,0.0,0.0,4.0,0.0,0.0,0.0,0.0,0.0,0.0,1.0,0.0,0.0,0.0,0.0,0.0,0.0,0.0,5.0,0.0,0.0,0.0,1.0,0.0,0.0,0.0,0.0
ctx-lh-parsopercularis,0.0,54.0,341.0,0.0,0.0,0.0,0.0,0.0,0.0,215.0,0.0,0.0,22.0,0.0,9.0,0.0,4.0,0.0,2125.0,9.0,576.0,0.0,41.0,6.0,691.0,0.0,15.0,640.0,187.0,3.0,1.0,6.0,0.0,0.0,0.0,21.0,8.0,0.0,0.0,0.0,0.0,0.0,0.0,2.0,0.0,0.0,0.0,0.0,0.0,0.0,2.0,0.0,3.0,0.0,2.0,0.0,2.0,1.0,1.0,0.0,4.0,0.0,32.0,0.0,0.0,0.0,0.0,0.0
ctx-lh-parsorbitalis,0.0,0.0,0.0,0.0,0.0,0.0,0.0,0.0,0.0,4.0,0.0,0.0,497.0,0.0,69.0,0.0,0.0,0.0,9.0,663.0,439.0,0.0,0.0,0.0,0.0,0.0,18.0,362.0,7.0,0.0,0.0,0.0,0.0,0.0,0.0,1.0,0.0,0.0,0.0,0.0,0.0,0.0,0.0,0.0,0.0,0.0,0.0,0.0,0.0,0.0,0.0,0.0,0.0,0.0,0.0,0.0,0.0,0.0,0.0,0.0,0.0,0.0,0.0,0.0,0.0,0.0,0.0,0.0
ctx-lh-parstriangularis,0.0,25.0,15.0,0.0,0.0,0.0,0.0,0.0,0.0,91.0,0.0,0.0,414.0,0.0,89.0,0.0,1.0,1.0,576.0,439.0,1646.0,0.0,1.0,2.0,9.0,0.0,72.0,912.0,107.0,0.0,0.0,0.0,0.0,0.0,0.0,5.0,0.0,0.0,0.0,0.0,0.0,0.0,0.0,0.0,0.0,0.0,0.0,0.0,0.0,0.0,0.0,0.0,1.0,0.0,1.0,0.0,0.0,0.0,0.0,0.0,5.0,2.0,4.0,0.0,0.0,0.0,0.0,0.0
ctx-lh-pericalcarine,4.0,0.0,0.0,1106.0,0.0,0.0,80.0,61.0,24.0,3.0,33.0,887.0,0.0,1176.0,0.0,4.0,2.0,4.0,0.0,0.0,0.0,1009.0,1.0,0.0,0.0,100.0,0.0,0.0,0.0,227.0,5.0,2.0,0.0,2.0,0.0,0.0,0.0,1.0,0.0,0.0,1.0,4.0,1.0,1.0,16.0,9.0,0.0,8.0,0.0,4.0,0.0,1.0,0.0,0.0,0.0,1.0,0.0,1.0,0.0,17.0,0.0,0.0,0.0,2.0,6.0,0.0,0.0,0.0
ctx-lh-postcentral,15.0,2.0,80.0,0.0,1.0,0.0,2.0,51.0,1.0,354.0,9.0,3.0,0.0,1.0,0.0,3.0,374.0,0.0,41.0,0.0,1.0,1.0,6358.0,52.0,1946.0,112.0,0.0,3.0,64.0,769.0,30.0,1346.0,0.0,3.0,2.0,3.0,2.0,0.0,0.0,0.0,0.0,3.0,0.0,4.0,8.0,2.0,0.0,3.0,0.0,0.0,17.0,0.0,0.0,0.0,1.0,1.0,7.0,24.0,6.0,9.0,0.0,0.0,14.0,14.0,1.0,8.0,0.0,0.0
ctx-lh-posteriorcingulate,5.0,204.0,15.0,1.0,0.0,0.0,2.0,7.0,2.0,22.0,296.0,1.0,1.0,3.0,1.0,2.0,336.0,0.0,6.0,0.0,2.0,0.0,52.0,1131.0,89.0,363.0,8.0,10.0,286.0,75.0,8.0,31.0,0.0,3.0,6.0,28.0,11.0,2.0,0.0,0.0,3.0,16.0,3.0,19.0,18.0,2.0,0.0,2.0,0.0,8.0,74.0,0.0,2.0,0.0,1.0,0.0,29.0,197.0,44.0,45.0,2.0,0.0,68.0,41.0,15.0,20.0,0.0,4.0
ctx-lh-precentral,7.0,44.0,1193.0,1.0,0.0,0.0,1.0,24.0,1.0,360.0,3.0,1.0,1.0,0.0,0.0,1.0,502.0,0.0,691.0,0.0,9.0,0.0,1946.0,89.0,7051.0,33.0,1.0,58.0,862.0,156.0,15.0,204.0,0.0,2.0,0.0,16.0,11.0,1.0,0.0,0.0,1.0,0.0,1.0,2.0,4.0,0.0,0.0,0.0,0.0,1.0,21.0,1.0,2.0,0.0,0.0,1.0,8.0,45.0,34.0,6.0,1.0,2.0,68.0,7.0,2.0,4.0,0.0,0.0
ctx-lh-precuneus,23.0,2.0,2.0,345.0,0.0,0.0,28.0,247.0,28.0,17.0,782.0,68.0,0.0,153.0,0.0,21.0,172.0,2.0,0.0,0.0,0.0,100.0,112.0,363.0,33.0,3306.0,0.0,1.0,14.0,1823.0,37.0,58.0,0.0,10.0,11.0,0.0,1.0,5.0,0.0,0.0,13.0,24.0,19.0,12.0,81.0,26.0,0.0,23.0,0.0,13.0,22.0,2.0,0.0,0.0,0.0,11.0,8.0,37.0,7.0,122.0,0.0,0.0,2.0,35.0,17.0,16.0,0.0,4.0
ctx-lh-rostralanteriorcingulate,0.0,302.0,4.0,0.0,0.0,2.0,0.0,0.0,0.0,28.0,1.0,0.0,171.0,0.0,594.0,0.0,0.0,0.0,15.0,18.0,72.0,0.0,0.0,8.0,1.0,0.0,1358.0,251.0,436.0,0.0,0.0,0.0,0.0,0.0,0.0,53.0,4.0,0.0,0.0,0.0,0.0,0.0,0.0,1.0,0.0,0.0,4.0,0.0,3.0,0.0,0.0,0.0,1.0,3.0,4.0,0.0,0.0,1.0,0.0,0.0,65.0,2.0,42.0,0.0,0.0,0.0,0.0,0.0
ctx-lh-rostralmiddlefrontal,0.0,149.0,728.0,0.0,0.0,108.0,0.0,0.0,0.0,106.0,0.0,0.0,706.0,0.0,986.0,0.0,3.0,0.0,640.0,362.0,912.0,0.0,3.0,10.0,58.0,1.0,251.0,7240.0,2968.0,0.0,0.0,1.0,0.0,0.0,0.0,38.0,3.0,0.0,0.0,0.0,0.0,0.0,0.0,3.0,0.0,0.0,0.0,0.0,1.0,0.0,0.0,0.0,3.0,0.0,2.0,0.0,0.0,3.0,0.0,0.0,10.0,12.0,35.0,0.0,0.0,0.0,0.0,0.0
ctx-lh-superiorfrontal,2.0,805.0,1062.0,0.0,0.0,90.0,0.0,0.0,0.0,77.0,2.0,1.0,60.0,0.0,265.0,0.0,446.0,0.0,187.0,7.0,107.0,0.0,64.0,286.0,862.0,14.0,436.0,2968.0,11272.0,16.0,0.0,3.0,0.0,0.0,0.0,129.0,50.0,0.0,0.0,0.0,0.0,1.0,0.0,10.0,2.0,0.0,1.0,0.0,2.0,0.0,37.0,0.0,20.0,2.0,5.0,0.0,21.0,72.0,60.0,2.0,19.0,13.0,213.0,4.0,1.0,4.0,0.0,0.0
ctx-lh-superiorparietal,25.0,3.0,4.0,1230.0,0.0,0.0,21.0,1155.0,32.0,58.0,112.0,422.0,0.0,35.0,0.0,17.0,186.0,1.0,3.0,0.0,0.0,227.0,769.0,75.0,156.0,1823.0,0.0,0.0,16.0,6415.0,57.0,494.0,0.0,16.0,7.0,0.0,1.0,6.0,0.0,0.0,3.0,15.0,6.0,5.0,37.0,8.0,0.0,10.0,0.0,7.0,15.0,4.0,0.0,0.0,0.0,4.0,2.0,51.0,10.0,53.0,0.0,0.0,2.0,27.0,16.0,6.0,0.0,3.0
ctx-lh-superiortemporal,974.0,0.0,0.0,3.0,47.0,0.0,241.0,154.0,364.0,186.0,17.0,13.0,5.0,22.0,1.0,1439.0,1.0,27.0,1.0,0.0,0.0,5.0,30.0,8.0,15.0,37.0,0.0,0.0,0.0,57.0,4562.0,421.0,298.0,477.0,2.0,0.0,0.0,2.0,0.0,0.0,1.0,5.0,2.0,1.0,9.0,4.0,0.0,5.0,0.0,3.0,0.0,0.0,0.0,0.0,0.0,2.0,1.0,9.0,0.0,28.0,0.0,0.0,1.0,7.0,3.0,2.0,0.0,1.0
ctx-lh-supramarginal,260.0,3.0,19.0,6.0,0.0,0.0,17.0,945.0,26.0,252.0,12.0,11.0,0.0,2.0,0.0,35.0,21.0,0.0,6.0,0.0,0.0,2.0,1346.0,31.0,204.0,58.0,0.0,1.0,3.0,494.0,421.0,5646.0,1.0,21.0,3.0,1.0,0.0,1.0,0.0,0.0,2.0,5.0,4.0,6.0,9.0,3.0,0.0,2.0,0.0,0.0,4.0,0.0,1.0,0.0,0.0,2.0,2.0,20.0,1.0,12.0,0.0,0.0,2.0,12.0,8.0,5.0,0.0,2.0
ctx-lh-temporalpole,0.0,0.0,0.0,0.0,290.0,0.0,215.0,0.0,203.0,15.0,0.0,0.0,1.0,1.0,0.0,253.0,0.0,3.0,0.0,0.0,0.0,0.0,0.0,0.0,0.0,0.0,0.0,0.0,0.0,0.0,298.0,1.0,286.0,0.0,0.0,0.0,0.0,0.0,0.0,0.0,0.0,0.0,0.0,0.0,0.0,0.0,0.0,0.0,0.0,0.0,0.0,0.0,0.0,0.0,0.0,0.0,0.0,0.0,0.0,0.0,0.0,0.0,0.0,0.0,0.0,0.0,0.0,0.0
ctx-lh-transversetemporal,18.0,0.0,0.0,1.0,1.0,0.0,13.0,15.0,16.0,64.0,6.0,2.0,1.0,3.0,0.0,21.0,1.0,6.0,0.0,0.0,0.0,2.0,3.0,3.0,2.0,10.0,0.0,0.0,0.0,16.0,477.0,21.0,0.0,504.0,0.0,0.0,0.0,0.0,0.0,0.0,1.0,1.0,2.0,2.0,2.0,1.0,0.0,2.0,0.0,0.0,2.0,0.0,0.0,0.0,0.0,0.0,0.0,4.0,0.0,3.0,0.0,0.0,0.0,0.0,0.0,1.0,0.0,0.0
ctx-rh-bankssts,2.0,0.0,0.0,1.0,0.0,0.0,1.0,3.0,1.0,0.0,10.0,0.0,0.0,1.0,0.0,1.0,0.0,0.0,0.0,0.0,0.0,0.0,2.0,6.0,0.0,11.0,0.0,0.0,0.0,7.0,2.0,3.0,0.0,0.0,709.0,0.0,1.0,2.0,0.0,0.0,40.0,613.0,198.0,20.0,13.0,25.0,0.0,6.0,0.0,806.0,3.0,0.0,0.0,0.0,0.0,2.0,14.0,7.0,7.0,34.0,0.0,0.0,1.0,41.0,769.0,362.0,0.0,24.0
ctx-rh-caudalanteriorcingulate,0.0,167.0,24.0,0.0,0.0,0.0,0.0,0.0,0.0,12.0,3.0,0.0,2.0,0.0,8.0,0.0,7.0,0.0,21.0,1.0,5.0,0.0,3.0,28.0,16.0,0.0,53.0,38.0,129.0,0.0,0.0,1.0,0.0,0.0,0.0,741.0,59.0,0.0,0.0,0.0,0.0,2.0,0.0,26.0,1.0,0.0,21.0,0.0,17.0,0.0,16.0,0.0,38.0,7.0,54.0,0.0,3.0,311.0,22.0,3.0,293.0,98.0,709.0,0.0,1.0,0.0,0.0,0.0
ctx-rh-caudalmiddlefrontal,0.0,37.0,12.0,1.0,0.0,0.0,0.0,0.0,0.0,1.0,0.0,0.0,0.0,0.0,0.0,0.0,5.0,0.0,8.0,0.0,0.0,0.0,2.0,11.0,11.0,1.0,4.0,3.0,50.0,1.0,0.0,0.0,0.0,0.0,1.0,59.0,2613.0,0.0,0.0,0.0,0.0,1.0,0.0,32.0,1.0,0.0,2.0,0.0,1.0,0.0,13.0,0.0,303.0,1.0,45.0,0.0,61.0,27.0,877.0,1.0,2.0,644.0,939.0,15.0,0.0,14.0,0.0,1.0
ctx-rh-cuneus,1.0,0.0,0.0,30.0,1.0,0.0,2.0,4.0,1.0,0.0,3.0,2.0,0.0,6.0,0.0,1.0,1.0,0.0,0.0,0.0,0.0,1.0,0.0,2.0,1.0,5.0,0.0,0.0,0.0,6.0,2.0,1.0,0.0,0.0,2.0,0.0,0.0,1136.0,0.0,0.0,48.0,36.0,16.0,0.0,16.0,689.0,0.0,154.0,0.0,10.0,0.0,0.0,0.0,0.0,0.0,1054.0,1.0,1.0,0.0,241.0,0.0,0.0,0.0,728.0,4.0,0.0,0.0,1.0
ctx-rh-entorhinal,0.0,0.0,0.0,0.0,0.0,0.0,0.0,0.0,0.0,0.0,0.0,0.0,0.0,0.0,0.0,0.0,0.0,0.0,0.0,0.0,0.0,0.0,0.0,0.0,0.0,0.0,0.0,0.0,0.0,0.0,0.0,0.0,0.0,0.0,0.0,0.0,0.0,0.0,333.0,0.0,301.0,0.0,108.0,3.0,0.0,0.0,0.0,0.0,0.0,12.0,0.0,69.0,0.0,0.0,0.0,0.0,0.0,0.0,0.0,0.0,0.0,0.0,0.0,0.0,20.0,0.0,215.0,0.0
ctx-rh-frontalpole,0.0,0.0,0.0,0.0,0.0,0.0,0.0,0.0,0.0,0.0,0.0,0.0,0.0,0.0,0.0,0.0,0.0,0.0,0.0,0.0,0.0,0.0,0.0,0.0,0.0,0.0,0.0,0.0,0.0,0.0,0.0,0.0,0.0,0.0,0.0,0.0,0.0,0.0,0.0,29.0,0.0,0.0,0.0,0.0,0.0,0.0,32.0,0.0,137.0,0.0,0.0,0.0,0.0,3.0,0.0,0.0,0.0,0.0,0.0,0.0,2.0,119.0,55.0,0.0,0.0,0.0,0.0,0.0
ctx-rh-fusiform,0.0,0.0,0.0,5.0,0.0,0.0,3.0,3.0,5.0,1.0,17.0,2.0,0.0,12.0,0.0,1.0,1.0,0.0,0.0,0.0,0.0,1.0,0.0,3.0,1.0,13.0,0.0,0.0,0.0,3.0,1.0,2.0,0.0,1.0,40.0,0.0,0.0,48.0,301.0,0.0,3659.0,42.0,1178.0,69.0,26.0,1396.0,2.0,670.0,0.0,253.0,4.0,353.0,0.0,0.0,0.0,99.0,0.0,2.0,0.0,66.0,0.0,0.0,0.0,29.0,210.0,4.0,176.0,6.0
ctx-rh-inferiorparietal,2.0,0.0,0.0,6.0,0.0,0.0,3.0,7.0,2.0,3.0,21.0,2.0,0.0,6.0,0.0,3.0,5.0,0.0,0.0,0.0,0.0,4.0,3.0,16.0,0.0,24.0,0.0,0.0,1.0,15.0,5.0,5.0,0.0,1.0,613.0,2.0,1.0,36.0,0.0,0.0,42.0,7257.0,200.0,59.0,48.0,728.0,0.0,15.0,0.0,396.0,10.0,1.0,3.0,0.0,0.0,7.0,134.0,19.0,57.0,268.0,0.0,0.0,2.0,1298.0,129.0,1238.0,0.0,28.0
ctx-rh-inferiortemporal,4.0,0.0,0.0,3.0,0.0,0.0,2.0,2.0,4.0,0.0,15.0,1.0,0.0,7.0,0.0,1.0,0.0,0.0,0.0,0.0,0.0,1.0,0.0,3.0,1.0,19.0,0.0,0.0,0.0,6.0,2.0,4.0,0.0,2.0,198.0,0.0,0.0,16.0,108.0,0.0,1178.0,200.0,2595.0,101.0,26.0,312.0,1.0,83.0,0.0,2301.0,3.0,34.0,0.0,0.0,0.0,9.0,5.0,2.0,3.0,49.0,0.0,0.0,0.0,49.0,623.0,19.0,198.0,8.0
ctx-rh-insula,2.0,15.0,1.0,0.0,0.0,0.0,5.0,6.0,1.0,3.0,7.0,2.0,0.0,1.0,0.0,0.0,7.0,0.0,2.0,0.0,0.0,1.0,4.0,19.0,2.0,12.0,1.0,3.0,10.0,5.0,1.0,6.0,0.0,2.0,20.0,26.0,32.0,0.0,3.0,0.0,69.0,59.0,101.0,2047.0,15.0,7.0,431.0,6.0,19.0,76.0,19.0,4.0,202.0,18.0,125.0,0.0,230.0,21.0,303.0,47.0,20.0,93.0,123.0,68.0,259.0,287.0,19.0,44.0
ctx-rh-isthmuscingulate,7.0,0.0,0.0,20.0,0.0,0.0,13.0,30.0,12.0,5.0,131.0,11.0,0.0,30.0,0.0,8.0,3.0,4.0,0.0,0.0,0.0,16.0,8.0,18.0,4.0,81.0,0.0,0.0,2.0,37.0,9.0,9.0,0.0,2.0,13.0,1.0,1.0,16.0,0.0,0.0,26.0,48.0,26.0,15.0,625.0,44.0,0.0,184.0,0.0,17.0,11.0,113.0,0.0,0.0,0.0,9.0,5.0,155.0,3.0,978.0,0.0,0.0,3.0,75.0,16.0,15.0,0.0,11.0
ctx-rh-lateraloccipital,0.0,0.0,0.0,18.0,0.0,0.0,5.0,7.0,11.0,0.0,21.0,4.0,0.0,18.0,0.0,1.0,1.0,0.0,0.0,0.0,0.0,9.0,2.0,2.0,0.0,26.0,0.0,0.0,0.0,8.0,4.0,3.0,0.0,1.0,25.0,0.0,0.0,689.0,0.0,0.0,1396.0,728.0,312.0,7.0,44.0,8475.0,1.0,1004.0,0.0,105.0,3.0,10.0,0.0,0.0,0.0,1039.0,3.0,0.0,1.0,324.0,0.0,0.0,0.0,743.0,19.0,6.0,0.0,1.0
ctx-rh-lateralorbitofrontal,0.0,3.0,0.0,0.0,0.0,0.0,0.0,0.0,0.0,1.0,0.0,0.0,0.0,0.0,3.0,0.0,0.0,0.0,0.0,0.0,0.0,0.0,0.0,0.0,0.0,0.0,4.0,0.0,1.0,0.0,0.0,0.0,0.0,0.0,0.0,21.0,2.0,0.0,0.0,32.0,2.0,0.0,1.0,431.0,0.0,1.0,2856.0,0.0,1327.0,1.0,0.0,0.0,8.0,720.0,179.0,0.0,1.0,0.0,0.0,0.0,210.0,620.0,164.0,0.0,1.0,0.0,0.0,0.0
ctx-rh-lingual,3.0,0.0,0.0,15.0,0.0,0.0,2.0,11.0,8.0,2.0,25.0,7.0,0.0,75.0,0.0,2.0,0.0,0.0,0.0,0.0,0.0,8.0,3.0,2.0,0.0,23.0,0.0,0.0,0.0,10.0,5.0,2.0,0.0,2.0,6.0,0.0,0.0,154.0,0.0,0.0,670.0,15.0,83.0,6.0,184.0,1004.0,0.0,3652.0,0.0,27.0,3.0,240.0,0.0,0.0,0.0,1210.0,1.0,2.0,0.0,189.0,0.0,0.0,0.0,29.0,12.0,4.0,1.0,5.0
ctx-rh-medialorbitofrontal,0.0,3.0,0.0,0.0,0.0,0.0,0.0,0.0,0.0,1.0,0.0,0.0,1.0,0.0,52.0,0.0,0.0,0.0,0.0,0.0,0.0,0.0,0.0,0.0,0.0,0.0,3.0,1.0,2.0,0.0,0.0,0.0,0.0,0.0,0.0,17.0,1.0,0.0,0.0,137.0,0.0,0.0,0.0,19.0,0.0,0.0,1327.0,0.0,1897.0,0.0,0.0,0.0,1.0,100.0,24.0,0.0,0.0,0.0,0.0,0.0,503.0,766.0,320.0,0.0,0.0,0.0,0.0,0.0
ctx-rh-middletemporal,0.0,0.0,0.0,6.0,0.0,0.0,4.0,7.0,3.0,0.0,15.0,2.0,0.0,5.0,0.0,4.0,0.0,0.0,0.0,0.0,0.0,4.0,0.0,8.0,1.0,13.0,0.0,0.0,0.0,7.0,3.0,0.0,0.0,0.0,806.0,0.0,0.0,10.0,12.0,0.0,253.0,396.0,2301.0,76.0,17.0,105.0,1.0,27.0,0.0,3410.0,1.0,7.0,0.0,0.0,0.0,6.0,8.0,1.0,0.0,57.0,0.0,0.0,1.0,35.0,731.0,37.0,99.0,5.0
ctx-rh-paracentral,1.0,11.0,3.0,2.0,0.0,0.0,1.0,3.0,0.0,8.0,5.0,2.0,0.0,2.0,0.0,1.0,32.0,0.0,2.0,0.0,0.0,0.0,17.0,74.0,21.0,22.0,0.0,0.0,37.0,15.0,0.0,4.0,0.0,2.0,3.0,16.0,13.0,0.0,0.0,0.0,4.0,10.0,3.0,19.0,11.0,3.0,0.0,3.0,0.0,1.0,2082.0,0.0,1.0,0.0,3.0,1.0,445.0,396.0,609.0,315.0,0.0,1.0,531.0,268.0,9.0,27.0,0.0,6.0
ctx-rh-parahippocampal,0.0,0.0,0.0,2.0,0.0,0.0,1.0,2.0,1.0,0.0,0.0,2.0,0.0,3.0,0.0,0.0,0.0,1.0,0.0,0.0,0.0,1.0,0.0,0.0,1.0,2.0,0.0,0.0,0.0,4.0,0.0,0.0,0.0,0.0,0.0,0.0,0.0,0.0,69.0,0.0,353.0,1.0,34.0,4.0,113.0,10.0,0.0,240.0,0.0,7.0,0.0,494.0,0.0,0.0,0.0,6.0,0.0,0.0,0.0,24.0,0.0,0.0,0.0,2.0,16.0,0.0,1.0,0.0
ctx-rh-parsopercularis,0.0,10.0,3.0,0.0,0.0,0.0,0.0,0.0,1.0,1.0,0.0,0.0,0.0,0.0,2.0,0.0,1.0,0.0,3.0,0.0,1.0,0.0,0.0,2.0,2.0,0.0,1.0,3.0,20.0,0.0,0.0,1.0,0.0,0.0,0.0,38.0,303.0,0.0,0.0,0.0,0.0,3.0,0.0,202.0,0.0,0.0,8.0,0.0,1.0,0.0,1.0,0.0,1872.0,11.0,592.0,0.0,44.0,5.0,640.0,0.0,11.0,425.0,187.0,3.0,1.0,5.0,0.0,0.0
ctx-rh-parsorbitalis,0.0,1.0,0.0,0.0,0.0,0.0,0.0,0.0,0.0,0.0,0.0,0.0,0.0,0.0,0.0,0.0,0.0,0.0,0.0,0.0,0.0,0.0,0.0,0.0,0.0,0.0,3.0,0.0,2.0,0.0,0.0,0.0,0.0,0.0,0.0,7.0,1.0,0.0,0.0,3.0,0.0,0.0,0.0,18.0,0.0,0.0,720.0,0.0,100.0,0.0,0.0,0.0,11.0,799.0,420.0,0.0,0.0,0.0,0.0,0.0,36.0,527.0,97.0,0.0,1.0,0.0,0.0,0.0
ctx-rh-parstriangularis,0.0,8.0,0.0,0.0,0.0,0.0,0.0,0.0,0.0,1.0,0.0,0.0,0.0,0.0,0.0,0.0,0.0,0.0,2.0,0.0,1.0,0.0,1.0,1.0,0.0,0.0,4.0,2.0,5.0,0.0,0.0,0.0,0.0,0.0,0.0,54.0,45.0,0.0,0.0,0.0,0.0,0.0,0.0,125.0,0.0,0.0,179.0,0.0,24.0,0.0,3.0,0.0,592.0,420.0,1687.0,0.0,7.0,0.0,16.0,0.0,54.0,1121.0,229.0,0.0,1.0,1.0,0.0,0.0
ctx-rh-pericalcarine,0.0,0.0,0.0,19.0,0.0,0.0,1.0,0.0,1.0,1.0,2.0,2.0,0.0,12.0,0.0,0.0,0.0,0.0,0.0,0.0,0.0,1.0,1.0,0.0,1.0,11.0,0.0,0.0,0.0,4.0,2.0,2.0,0.0,0.0,2.0,0.0,0.0,1054.0,0.0,0.0,99.0,7.0,9.0,0.0,9.0,1039.0,0.0,1210.0,0.0,6.0,1.0,6.0,0.0,0.0,0.0,556.0,1.0,1.0,0.0,130.0,0.0,0.0,0.0,49.0,1.0,0.0,0.0,1.0
ctx-rh-postcentral,0.0,3.0,0.0,0.0,0.0,0.0,1.0,1.0,0.0,2.0,4.0,0.0,0.0,2.0,0.0,0.0,9.0,0.0,2.0,0.0,0.0,0.0,7.0,29.0,8.0,8.0,0.0,0.0,21.0,2.0,1.0,2.0,0.0,0.0,14.0,3.0,61.0,1.0,0.0,0.0,0.0,134.0,5.0,230.0,5.0,3.0,1.0,1.0,0.0,8.0,445.0,0.0,44.0,0.0,7.0,1.0,6169.0,47.0,2101.0,84.0,0.0,3.0,68.0,592.0,15.0,1355.0,0.0,5.0
ctx-rh-posteriorcingulate,1.0,36.0,13.0,0.0,0.0,0.0,3.0,12.0,4.0,15.0,54.0,2.0,0.0,1.0,0.0,3.0,57.0,0.0,1.0,0.0,0.0,1.0,24.0,197.0,45.0,37.0,1.0,3.0,72.0,51.0,9.0,20.0,0.0,4.0,7.0,311.0,27.0,1.0,0.0,0.0,2.0,19.0,2.0,21.0,155.0,0.0,0.0,2.0,0.0,1.0,396.0,0.0,5.0,0.0,0.0,1.0,47.0,1369.0,99.0,313.0,5.0,5.0,325.0,113.0,13.0,23.0,0.0,10.0
ctx-rh-precentral,0.0,25.0,11.0,0.0,0.0,0.0,0.0,0.0,0.0,2.0,3.0,0.0,0.0,0.0,0.0,0.0,27.0,0.0,1.0,0.0,0.0,0.0,6.0,44.0,34.0,7.0,0.0,0.0,60.0,10.0,0.0,1.0,0.0,0.0,7.0,22.0,877.0,0.0,0.0,0.0,0.0,57.0,3.0,303.0,3.0,1.0,0.0,0.0,0.0,0.0,609.0,0.0,640.0,0.0,16.0,0.0,2101.0,99.0,6511.0,35.0,0.0,52.0,851.0,217.0,6.0,275.0,0.0,2.0
ctx-rh-precuneus,17.0,0.0,2.0,33.0,0.0,0.0,22.0,43.0,15.0,9.0,125.0,23.0,0.0,40.0,0.0,11.0,6.0,5.0,0.0,0.0,0.0,17.0,9.0,45.0,6.0,122.0,0.0,0.0,2.0,53.0,28.0,12.0,0.0,3.0,34.0,3.0,1.0,241.0,0.0,0.0,66.0,268.0,49.0,47.0,978.0,324.0,0.0,189.0,0.0,57.0,315.0,24.0,0.0,0.0,0.0,130.0,84.0,313.0,35.0,4407.0,0.0,0.0,11.0,2145.0,74.0,60.0,0.0,18.0
ctx-rh-rostralanteriorcingulate,0.0,23.0,2.0,0.0,0.0,0.0,0.0,0.0,0.0,1.0,0.0,0.0,3.0,0.0,12.0,0.0,0.0,0.0,4.0,0.0,5.0,0.0,0.0,2.0,1.0,0.0,65.0,10.0,19.0,0.0,0.0,0.0,0.0,0.0,0.0,293.0,2.0,0.0,0.0,2.0,0.0,0.0,0.0,20.0,0.0,0.0,210.0,0.0,503.0,0.0,0.0,0.0,11.0,36.0,54.0,0.0,0.0,5.0,0.0,0.0,738.0,89.0,315.0,0.0,0.0,0.0,0.0,0.0
ctx-rh-rostralmiddlefrontal,0.0,16.0,3.0,0.0,0.0,0.0,0.0,0.0,0.0,0.0,0.0,0.0,0.0,0.0,0.0,0.0,1.0,0.0,0.0,0.0,2.0,0.0,0.0,0.0,2.0,0.0,2.0,12.0,13.0,0.0,0.0,0.0,0.0,0.0,0.0,98.0,644.0,0.0,0.0,119.0,0.0,0.0,0.0,93.0,0.0,0.0,620.0,0.0,766.0,0.0,1.0,0.0,425.0,527.0,1121.0,0.0,3.0,5.0,52.0,0.0,89.0,6242.0,2970.0,3.0,0.0,6.0,1.0,0.0
ctx-rh-superiorfrontal,0.0,161.0,43.0,0.0,0.0,0.0,0.0,1.0,0.0,14.0,2.0,0.0,1.0,1.0,5.0,0.0,36.0,0.0,32.0,0.0,4.0,0.0,14.0,68.0,68.0,2.0,42.0,35.0,213.0,2.0,1.0,2.0,0.0,0.0,1.0,709.0,939.0,0.0,0.0,55.0,0.0,2.0,0.0,123.0,3.0,0.0,164.0,0.0,320.0,1.0,531.0,0.0,187.0,97.0,229.0,0.0,68.0,325.0,851.0,11.0,315.0,2970.0,12944.0,22.0,0.0,6.0,0.0,1.0
ctx-rh-superiorparietal,4.0,5.0,1.0,8.0,0.0,0.0,7.0,10.0,3.0,1.0,41.0,2.0,0.0,11.0,0.0,3.0,16.0,1.0,0.0,0.0,0.0,2.0,14.0,41.0,7.0,35.0,0.0,0.0,4.0,27.0,7.0,12.0,0.0,0.0,41.0,0.0,15.0,728.0,0.0,0.0,29.0,1298.0,49.0,68.0,75.0,743.0,0.0,29.0,0.0,35.0,268.0,2.0,3.0,0.0,0.0,49.0,592.0,113.0,217.0,2145.0,0.0,3.0,22.0,6228.0,56.0,388.0,1.0,30.0
ctx-rh-superiortemporal,2.0,0.0,0.0,2.0,0.0,0.0,4.0,10.0,4.0,1.0,24.0,3.0,0.0,4.0,0.0,1.0,3.0,0.0,0.0,0.0,0.0,6.0,1.0,15.0,2.0,17.0,0.0,0.0,1.0,16.0,3.0,8.0,0.0,0.0,769.0,1.0,0.0,4.0,20.0,0.0,210.0,129.0,623.0,259.0,16.0,19.0,1.0,12.0,0.0,731.0,9.0,16.0,1.0,1.0,1.0,1.0,15.0,13.0,6.0,74.0,0.0,0.0,0.0,56.0,5856.0,375.0,182.0,726.0
ctx-rh-supramarginal,0.0,1.0,0.0,1.0,0.0,0.0,0.0,10.0,0.0,1.0,15.0,1.0,0.0,1.0,0.0,2.0,6.0,0.0,0.0,0.0,0.0,0.0,8.0,20.0,4.0,16.0,0.0,0.0,4.0,6.0,2.0,5.0,0.0,1.0,362.0,0.0,14.0,0.0,0.0,0.0,4.0,1238.0,19.0,287.0,15.0,6.0,0.0,4.0,0.0,37.0,27.0,0.0,5.0,0.0,1.0,0.0,1355.0,23.0,275.0,60.0,0.0,6.0,6.0,388.0,375.0,4783.0,0.0,42.0
ctx-rh-temporalpole,0.0,0.0,0.0,0.0,0.0,0.0,0.0,0.0,0.0,0.0,0.0,0.0,0.0,0.0,0.0,0.0,0.0,0.0,0.0,0.0,0.0,0.0,0.0,0.0,0.0,0.0,0.0,0.0,0.0,0.0,0.0,0.0,0.0,0.0,0.0,0.0,0.0,0.0,215.0,0.0,176.0,0.0,198.0,19.0,0.0,0.0,0.0,1.0,0.0,99.0,0.0,1.0,0.0,0.0,0.0,0.0,0.0,0.0,0.0,0.0,0.0,1.0,0.0,1.0,182.0,0.0,309.0,0.0
ctx-rh-transversetemporal,0.0,0.0,0.0,0.0,0.0,0.0,0.0,2.0,0.0,1.0,5.0,1.0,0.0,0.0,0.0,0.0,3.0,0.0,0.0,0.0,0.0,0.0,0.0,4.0,0.0,4.0,0.0,0.0,0.0,3.0,1.0,2.0,0.0,0.0,24.0,0.0,1.0,1.0,0.0,0.0,6.0,28.0,8.0,44.0,11.0,1.0,0.0,5.0,0.0,5.0,6.0,0.0,0.0,0.0,0.0,1.0,5.0,10.0,2.0,18.0,0.0,0.0,1.0,30.0,726.0,42.0,0.0,338.0
