,ctx-lh-bankssts,ctx-lh-caudalanteriorcingulate,ctx-lh-caudalmiddlefrontal,ctx-lh-cuneus,ctx-lh-entorhinal,ctx-lh-frontalpole,ctx-lh-fusiform,ctx-lh-inferiorparietal,ctx-lh-inferiortemporal,ctx-lh-insula,ctx-lh-isthmuscingulate,ctx-lh-lateraloccipital,ctx-lh-lateralorbitofrontal,ctx-lh-lingual,ctx-lh-medialorbitofrontal,ctx-lh-middletemporal,ctx-lh-paracentral,ctx-lh-parahippocampal,ctx-lh-parsopercularis,ctx-lh-parsorbitalis,ctx-lh-parstriangularis,ctx-lh-pericalcarine,ctx-lh-postcentral,ctx-lh-posteriorcingulate,ctx-lh-precentral,ctx-lh-precuneus,ctx-lh-rostralanteriorcingulate,ctx-lh-rostralmiddlefrontal,ctx-lh-superiorfrontal,ctx-lh-superiorparietal,ctx-lh-superiortemporal,ctx-lh-supramarginal,ctx-lh-temporalpole,ctx-lh-transversetemporal,ctx-rh-bankssts,ctx-rh-caudalanteriorcingulate,ctx-rh-caudalmiddlefrontal,ctx-rh-cuneus,ctx-rh-entorhinal,ctx-rh-frontalpole,ctx-rh-fusiform,ctx-rh-inferiorparietal,ctx-rh-inferiortemporal,ctx-rh-insula,ctx-rh-isthmuscingulate,ctx-rh-lateraloccipital,ctx-rh-lateralorbitofrontal,ctx-rh-lingual,ctx-rh-medialorbitofrontal,ctx-rh-middletemporal,ctx-rh-paracentral,ctx-rh-parahippocampal,ctx-rh-parsopercularis,ctx-rh-parsorbitalis,ctx-rh-parstriangularis,ctx-rh-pericalcarine,ctx-rh-postcentral,ctx-rh-posteriorcingulate,ctx-rh-precentral,ctx-rh-precuneus,ctx-rh-rostralanteriorcingulate,ctx-rh-rostralmiddlefrontal,ctx-rh-superiorfrontal,ctx-rh-superiorparietal,ctx-rh-superiortemporal,ctx-rh-supramarginal,ctx-rh-temporalpole,ctx-rh-transversetemporal
ctx-lh-bankssts,667.0,0.0,0.0,2.0,0.0,0.0,50.0,324.0,241.0,42.0,10.0,19.0,0.0,60.0,0.0,871.0,1.0,5.0,2.0,0.0,0.0,7.0,10.0,5.0,3.0,24.0,0.0,0.0,1.0,28.0,974.0,248.0,0.0,54.0,3.0,1.0,0.0,1.0,0.0,0.0,0.0,0.0,0.0,2.0,4.0,1.0,0.0,1.0,0.0,0.0,2.0,0.0,0.0,0.0,0.0,0.0,0.0,5.0,1.0,12.0,0.0,0.0,0.0,2.0,5.0,2.0,0.0,1.0
ctx-lh-caudalanteriorcingulate,0.0,485.0,77.0,0.0,0.0,0.0,0.0,0.0,0.0,9.0,20.0,0.0,1.0,0.0,17.0,0.0,23.0,0.0,35.0,3.0,21.0,0.0,6.0,328.0,13.0,17.0,120.0,173.0,701.0,5.0,0.0,1.0,0.0,0.0,1.0,63.0,19.0,0.0,0.0,0.0,0.0,1.0,0.0,4.0,5.0,0.0,1.0,0.0,1.0,0.0,5.0,0.0,10.0,2.0,10.0,0.0,2.0,33.0,8.0,1.0,4.0,22.0,98.0,0.0,0.0,0.0,0.0,0.0
ctx-lh-caudalmiddlefrontal,0.0,77.0,2843.0,0.0,0.0,0.0,0.0,0.0,0.0,45.0,4.0,0.0,1.0,0.0,2.0,0.0,18.0,0.0,524.0,0.0,30.0,0.0,40.0,38.0,833.0,3.0,3.0,792.0,1254.0,5.0,0.0,17.0,0.0,0.0,0.0,31.0,14.0,0.0,0.0,0.0,0.0,0.0,0.0,5.0,0.0,0.0,0.0,0.0,1.0,0.0,7.0,0.0,7.0,0.0,3.0,0.0,3.0,30.0,9.0,1.0,2.0,6.0,56.0,0.0,1.0,1.0,0.0,0.0
ctx-lh-cuneus,2.0,0.0,0.0,1330.0,0.0,0.0,9.0,141.0,4.0,0.0,65.0,279.0,0.0,102.0,0.0,3.0,0.0,1.0,0.0,0.0,0.0,1405.0,2.0,0.0,0.0,268.0,0.0,0.0,0.0,673.0,2.0,3.0,0.0,0.0,1.0,0.0,0.0,6.0,0.0,0.0,1.0,1.0,1.0,0.0,13.0,1.0,0.0,10.0,0.0,3.0,0.0,2.0,0.0,0.0,0.0,2.0,0.0,1.0,0.0,14.0,0.0,0.0,0.0,0.0,1.0,1.0,0.0,0.0
ctx-lh-entorhinal,0.0,0.0,0.0,0.0,254.0,0.0,320.0,1.0,70.0,20.0,0.0,0.0,0.0,0.0,1.0,61.0,0.0,125.0,0.0,0.0,0.0,0.0,0.0,0.0,0.0,0.0,0.0,0.0,0.0,0.0,27.0,1.0,224.0,0.0,0.0,0.0,0.0,0.0,0.0,0.0,0.0,0.0,0.0,0.0,0.0,0.0,0.0,0.0,0.0,0.0,0.0,0.0,0.0,0.0,0.0,0.0,0.0,0.0,0.0,0.0,0.0,0.0,0.0,0.0,0.0,0.0,0.0,0.0
ctx-lh-frontalpole,0.0,0.0,0.0,0.0,0.0,29.0,0.0,0.0,0.0,0.0,0.0,0.0,37.0,0.0,178.0,0.0,0.0,0.0,0.0,0.0,1.0,0.0,0.0,0.0,0.0,0.0,1.0,161.0,134.0,0.0,0.0,0.0,0.0,0.0,0.0,0.0,0.0,0.0,0.0,0.0,0.0,0.0,0.0,0.0,0.0,0.0,0.0,0.0,0.0,0.0,0.0,0.0,0.0,0.0,0.0,0.0,0.0,0.0,0.0,0.0,0.0,0.0,0.0,0.0,0.0,0.0,0.0,0.0
ctx-lh-fusiform,50.0,0.0,0.0,9.0,320.0,0.0,3018.0,86.0,1763.0,40.0,9.0,1085.0,3.0,589.0,1.0,432.0,0.0,156.0,1.0,0.0,0.0,66.0,1.0,0.0,1.0,16.0,0.0,0.0,0.0,16.0,100.0,14.0,187.0,0.0,0.0,0.0,0.0,2.0,0.0,0.0,0.0,1.0,1.0,0.0,3.0,0.0,0.0,0.0,0.0,0.0,0.0,0.0,0.0,0.0,0.0,2.0,0.0,1.0,0.0,6.0,0.0,0.0,0.0,0.0,0.0,0.0,0.0,0.0
ctx-lh-inferiorparietal,324.0,0.0,0.0,141.0,1.0,0.0,86.0,5196.0,213.0,30.0,79.0,1073.0,0.0,80.0,0.0,476.0,4.0,0.0,3.0,0.0,0.0,99.0,33.0,14.0,18.0,506.0,0.0,0.0,3.0,1467.0,130.0,758.0,0.0,9.0,5.0,1.0,0.0,4.0,0.0,0.0,0.0,13.0,4.0,3.0,24.0,0.0,0.0,3.0,0.0,6.0,5.0,0.0,0.0,0.0,0.0,9.0,3.0,17.0,2.0,48.0,0.0,0.0,0.0,11.0,12.0,6.0,0.0,0.0
ctx-lh-inferiortemporal,241.0,0.0,0.0,4.0,70.0,0.0,1763.0,213.0,3338.0,30.0,14.0,285.0,0.0,198.0,0.0,2055.0,1.0,67.0,1.0,0.0,0.0,25.0,3.0,0.0,0.0,15.0,0.0,0.0,0.0,21.0,212.0,30.0,102.0,4.0,2.0,0.0,0.0,0.0,0.0,0.0,0.0,1.0,1.0,0.0,3.0,0.0,0.0,0.0,0.0,2.0,2.0,0.0,0.0,0.0,0.0,0.0,0.0,2.0,0.0,3.0,0.0,0.0,1.0,2.0,0.0,0.0,0.0,0.0
ctx-lh-insula,42.0,9.0,45.0,0.0,20.0,0.0,40.0,30.0,30.0,1558.0,7.0,5.0,590.0,3.0,74.0,157.0,9.0,7.0,290.0,16.0,100.0,3.0,288.0,15.0,285.0,17.0,18.0,68.0,64.0,45.0,213.0,340.0,30.0,69.0,0.0,7.0,4.0,2.0,0.0,0.0,0.0,2.0,0.0,2.0,4.0,1.0,0.0,1.0,0.0,0.0,3.0,1.0,1.0,0.0,1.0,0.0,1.0,7.0,1.0,7.0,0.0,2.0,12.0,1.0,0.0,4.0,0.0,1.0
ctx-lh-isthmuscingulate,10.0,20.0,4.0,65.0,0.0,0.0,9.0,79.0,14.0,7.0,793.0,25.0,1.0,156.0,0.0,12.0,10.0,80.0,1.0,0.0,0.0,52.0,9.0,380.0,15.0,1159.0,0.0,1.0,11.0,114.0,12.0,19.0,0.0,7.0,17.0,4.0,0.0,6.0,0.0,0.0,1.0,20.0,4.0,6.0,73.0,2.0,0.0,3.0,0.0,12.0,19.0,1.0,0.0,0.0,0.0,4.0,1.0,55.0,1.0,81.0,1.0,0.0,1.0,17.0,17.0,7.0,0.0,0.0
ctx-lh-lateraloccipital,19.0,0.0,0.0,279.0,0.0,0.0,1085.0,1073.0,285.0,5.0,25.0,6388.0,0.0,781.0,0.0,118.0,0.0,7.0,0.0,0.0,0.0,924.0,2.0,0.0,0.0,63.0,0.0,0.0,0.0,636.0,8.0,5.0,0.0,0.0,3.0,0.0,0.0,0.0,0.0,0.0,1.0,3.0,1.0,0.0,3.0,3.0,0.0,2.0,0.0,2.0,0.0,0.0,0.0,0.0,0.0,0.0,0.0,1.0,1.0,8.0,0.0,0.0,0.0,3.0,0.0,0.0,0.0,0.0
ctx-lh-lateralorbitofrontal,0.0,1.0,1.0,0.0,0.0,37.0,3.0,0.0,0.0,590.0,1.0,0.0,3150.0,0.0,1752.0,6.0,0.0,0.0,8.0,589.0,404.0,0.0,0.0,2.0,1.0,0.0,139.0,845.0,59.0,0.0,7.0,0.0,0.0,0.0,0.0,8.0,0.0,0.0,0.0,0.0,0.0,0.0,0.0,0.0,0.0,0.0,0.0,0.0,0.0,0.0,0.0,0.0,0.0,0.0,1.0,0.0,0.0,0.0,0.0,0.0,6.0,1.0,2.0,0.0,0.0,0.0,0.0,0.0
ctx-lh-lingual,60.0,0.0,0.0,102.0,0.0,0.0,589.0,80.0,198.0,3.0,156.0,781.0,0.0,4600.0,0.0,105.0,0.0,172.0,0.0,0.0,0.0,1022.0,0.0,0.0,0.0,149.0,0.0,0.0,0.0,36.0,14.0,7.0,0.0,0.0,2.0,0.0,0.0,0.0,0.0,0.0,1.0,5.0,2.0,0.0,7.0,3.0,0.0,109.0,0.0,6.0,1.0,2.0,0.0,0.0,0.0,30.0,0.0,2.0,0.0,14.0,0.0,0.0,0.0,2.0,1.0,1.0,0.0,0.0
ctx-lh-medialorbitofrontal,0.0,17.0,2.0,0.0,1.0,178.0,1.0,0.0,0.0,74.0,0.0,0.0,1752.0,0.0,1430.0,1.0,1.0,0.0,5.0,77.0,60.0,0.0,0.0,1.0,0.0,1.0,488.0,826.0,341.0,0.0,1.0,0.0,0.0,0.0,0.0,4.0,0.0,0.0,0.0,0.0,0.0,0.0,0.0,0.0,0.0,0.0,0.0,0.0,2.0,0.0,0.0,0.0,0.0,0.0,3.0,0.0,0.0,1.0,0.0,0.0,13.0,9.0,8.0,0.0,0.0,0.0,0.0,0.0
ctx-lh-middletemporal,871.0,0.0,0.0,3.0,61.0,0.0,432.0,476.0,2055.0,157.0,12.0,118.0,6.0,105.0,1.0,2690.0,0.0,25.0,1.0,0.0,0.0,17.0,9.0,3.0,5.0,23.0,1.0,0.0,0.0,30.0,1112.0,69.0,96.0,27.0,3.0,0.0,0.0,0.0,0.0,0.0,0.0,3.0,1.0,1.0,9.0,0.0,0.0,1.0,0.0,2.0,0.0,0.0,0.0,0.0,0.0,0.0,0.0,7.0,0.0,16.0,0.0,0.0,1.0,2.0,3.0,0.0,0.0,0.0
ctx-lh-paracentral,1.0,23.0,18.0,0.0,0.0,0.0,0.0,4.0,1.0,9.0,10.0,0.0,0.0,0.0,1.0,0.0,1432.0,0.0,7.0,0.0,1.0,0.0,492.0,271.0,1177.0,231.0,0.0,5.0,463.0,170.0,1.0,6.0,0.0,1.0,1.0,8.0,5.0,0.0,0.0,0.0,0.0,5.0,0.0,3.0,2.0,0.0,0.0,0.0,0.0,0.0,20.0,0.0,0.0,0.0,0.0,0.0,4.0,48.0,23.0,8.0,0.0,0.0,20.0,2.0,2.0,1.0,0.0,0.0
ctx-lh-parahippocampal,5.0,0.0,0.0,1.0,125.0,0.0,156.0,0.0,67.0,7.0,80.0,7.0,0.0,172.0,0.0,25.0,0.0,563.0,0.0,0.0,0.0,10.0,0.0,0.0,0.0,12.0,0.0,0.0,0.0,2.0,1.0,0.0,3.0,0.0,0.0,0.0,0.0,0.0,0.0,0.0,0.0,0.0,0.0,0.0,0.0,0.0,0.0,0.0,0.0,0.0,0.0,0.0,0.0,0.0,0.0,0.0,0.0,0.0,0.0,2.0,0.0,0.0,1.0,0.0,0.0,0.0,0.0,0.0
ctx-lh-parsopercularis,2.0,35.0,524.0,0.0,0.0,0.0,1.0,3.0,1.0,290.0,1.0,0.0,8.0,0.0,5.0,1.0,7.0,0.0,1908.0,3.0,411.0,0.0,58.0,20.0,593.0,5.0,6.0,364.0,161.0,5.0,2.0,24.0,0.0,0.0,0.0,12.0,5.0,0.0,0.0,0.0,0.0,0.0,0.0,0.0,0.0,0.0,0.0,0.0,0.0,1.0,5.0,0.0,4.0,0.0,2.0,0.0,0.0,9.0,4.0,1.0,4.0,9.0,20.0,0.0,0.0,1.0,0.0,0.0
ctx-lh-parsorbitalis,0.0,3.0,0.0,0.0,0.0,0.0,0.0,0.0,0.0,16.0,0.0,0.0,589.0,0.0,77.0,0.0,0.0,0.0,3.0,418.0,298.0,0.0,0.0,0.0,0.0,0.0,40.0,322.0,21.0,0.0,0.0,0.0,0.0,0.0,0.0,2.0,0.0,0.0,0.0,0.0,0.0,0.0,0.0,0.0,0.0,0.0,0.0,0.0,0.0,0.0,0.0,0.0,0.0,0.0,1.0,0.0,0.0,0.0,0.0,0.0,2.0,2.0,1.0,0.0,0.0,0.0,0.0,0.0
ctx-lh-parstriangularis,0.0,21.0,30.0,0.0,0.0,1.0,0.0,0.0,0.0,100.0,0.0,0.0,404.0,0.0,60.0,0.0,1.0,0.0,411.0,298.0,1369.0,0.0,0.0,2.0,4.0,1.0,66.0,588.0,63.0,0.0,0.0,0.0,0.0,0.0,0.0,20.0,1.0,0.0,0.0,0.0,0.0,0.0,0.0,3.0,0.0,0.0,0.0,0.0,1.0,0.0,0.0,0.0,1.0,0.0,2.0,0.0,0.0,3.0,1.0,0.0,5.0,9.0,13.0,0.0,0.0,0.0,0.0,0.0
ctx-lh-pericalcarine,7.0,0.0,0.0,1405.0,0.0,0.0,66.0,99.0,25.0,3.0,52.0,924.0,0.0,1022.0,0.0,17.0,0.0,10.0,0.0,0.0,0.0,1057.0,0.0,0.0,1.0,141.0,0.0,0.0,0.0,231.0,5.0,3.0,0.0,0.0,0.0,0.0,0.0,3.0,0.0,0.0,0.0,6.0,1.0,0.0,11.0,0.0,0.0,15.0,0.0,5.0,0.0,1.0,0.0,0.0,0.0,13.0,0.0,0.0,0.0,12.0,0.0,0.0,0.0,3.0,0.0,1.0,0.0,1.0
ctx-lh-postcentral,10.0,6.0,40.0,2.0,0.0,0.0,1.0,33.0,3.0,288.0,9.0,2.0,0.0,0.0,0.0,9.0,492.0,0.0,58.0,0.0,0.0,0.0,5619.0,39.0,1633.0,195.0,0.0,2.0,36.0,657.0,18.0,950.0,0.0,2.0,2.0,4.0,1.0,0.0,0.0,0.0,0.0,1.0,0.0,2.0,7.0,0.0,0.0,0.0,0.0,1.0,2.0,0.0,0.0,0.0,0.0,0.0,3.0,22.0,6.0,4.0,0.0,0.0,6.0,1.0,2.0,3.0,0.0,0.0
ctx-lh-posteriorcingulate,5.0,328.0,38.0,0.0,0.0,0.0,0.0,14.0,0.0,15.0,380.0,0.0,2.0,0.0,1.0,3.0,271.0,0.0,20.0,0.0,2.0,0.0,39.0,1031.0,92.0,423.0,11.0,18.0,482.0,81.0,3.0,25.0,0.0,2.0,3.0,36.0,16.0,0.0,0.0,0.0,0.0,10.0,0.0,8.0,18.0,0.0,2.0,0.0,0.0,0.0,58.0,0.0,6.0,1.0,0.0,0.0,12.0,130.0,33.0,7.0,1.0,4.0,51.0,10.0,3.0,13.0,0.0,3.0
ctx-lh-precentral,3.0,13.0,833.0,0.0,0.0,0.0,1.0,18.0,0.0,285.0,15.0,0.0,1.0,0.0,0.0,5.0,1177.0,0.0,593.0,0.0,4.0,1.0,1633.0,92.0,6776.0,59.0,0.0,24.0,826.0,166.0,9.0,204.0,0.0,4.0,1.0,22.0,12.0,0.0,0.0,0.0,0.0,1.0,0.0,5.0,7.0,0.0,0.0,0.0,0.0,1.0,35.0,0.0,1.0,0.0,0.0,0.0,4.0,67.0,22.0,8.0,0.0,1.0,43.0,5.0,2.0,1.0,0.0,0.0
ctx-lh-precuneus,24.0,17.0,3.0,268.0,0.0,0.0,16.0,506.0,15.0,17.0,1159.0,63.0,0.0,149.0,1.0,23.0,231.0,12.0,5.0,0.0,1.0,141.0,195.0,423.0,59.0,4336.0,2.0,2.0,23.0,2622.0,19.0,54.0,0.0,9.0,19.0,1.0,0.0,8.0,0.0,0.0,3.0,23.0,11.0,11.0,78.0,5.0,0.0,9.0,0.0,13.0,15.0,2.0,1.0,0.0,0.0,10.0,3.0,56.0,8.0,97.0,1.0,1.0,8.0,20.0,23.0,17.0,0.0,4.0
ctx-lh-rostralanteriorcingulate,0.0,120.0,3.0,0.0,0.0,1.0,0.0,0.0,0.0,18.0,0.0,0.0,139.0,0.0,488.0,1.0,0.0,0.0,6.0,40.0,66.0,0.0,0.0,11.0,0.0,2.0,721.0,406.0,422.0,0.0,0.0,0.0,0.0,0.0,0.0,35.0,2.0,0.0,0.0,0.0,0.0,0.0,0.0,2.0,0.0,0.0,3.0,0.0,3.0,0.0,0.0,0.0,2.0,0.0,7.0,0.0,0.0,2.0,0.0,0.0,48.0,21.0,31.0,0.0,0.0,0.0,0.0,0.0
ctx-lh-rostralmiddlefrontal,0.0,173.0,792.0,0.0,0.0,161.0,0.0,0.0,0.0,68.0,1.0,0.0,845.0,0.0,826.0,0.0,5.0,0.0,364.0,322.0,588.0,0.0,2.0,18.0,24.0,2.0,406.0,6669.0,3402.0,1.0,0.0,0.0,0.0,0.0,1.0,78.0,14.0,0.0,0.0,0.0,0.0,0.0,0.0,5.0,1.0,0.0,3.0,0.0,0.0,0.0,5.0,0.0,5.0,1.0,15.0,0.0,0.0,11.0,4.0,2.0,28.0,51.0,73.0,0.0,0.0,0.0,0.0,0.0
ctx-lh-superiorfrontal,1.0,701.0,1254.0,0.0,0.0,134.0,0.0,3.0,0.0,64.0,11.0,0.0,59.0,0.0,341.0,0.0,463.0,0.0,161.0,21.0,63.0,0.0,36.0,482.0,826.0,23.0,422.0,3402.0,9235.0,20.0,2.0,9.0,0.0,0.0,0.0,141.0,35.0,0.0,0.0,0.0,0.0,1.0,0.0,11.0,1.0,0.0,3.0,0.0,0.0,0.0,41.0,0.0,23.0,0.0,12.0,0.0,3.0,100.0,48.0,5.0,21.0,40.0,156.0,4.0,0.0,5.0,0.0,1.0
ctx-lh-superiorparietal,28.0,5.0,5.0,673.0,0.0,0.0,16.0,1467.0,21.0,45.0,114.0,636.0,0.0,36.0,0.0,30.0,170.0,2.0,5.0,0.0,0.0,231.0,657.0,81.0,166.0,2622.0,0.0,1.0,20.0,6887.0,23.0,449.0,0.0,2.0,14.0,1.0,1.0,3.0,0.0,0.0,1.0,18.0,6.0,6.0,37.0,2.0,0.0,1.0,0.0,7.0,13.0,1.0,1.0,0.0,0.0,2.0,1.0,38.0,11.0,70.0,0.0,0.0,7.0,13.0,10.0,9.0,0.0,2.0
ctx-lh-superiortemporal,974.0,0.0,0.0,2.0,27.0,0.0,100.0,130.0,212.0,213.0,12.0,8.0,7.0,14.0,1.0,1112.0,1.0,1.0,2.0,0.0,0.0,5.0,18.0,3.0,9.0,19.0,0.0,0.0,2.0,23.0,4239.0,440.0,225.0,608.0,1.0,0.0,0.0,0.0,0.0,0.0,1.0,3.0,3.0,0.0,3.0,0.0,0.0,0.0,0.0,1.0,3.0,0.0,0.0,0.0,0.0,0.0,0.0,5.0,3.0,10.0,0.0,0.0,0.0,2.0,3.0,1.0,0.0,2.0
ctx-lh-supramarginal,248.0,1.0,17.0,3.0,1.0,0.0,14.0,758.0,30.0,340.0,19.0,5.0,0.0,7.0,0.0,69.0,6.0,0.0,24.0,0.0,0.0,3.0,950.0,25.0,204.0,54.0,0.0,0.0,9.0,449.0,440.0,4287.0,0.0,15.0,3.0,1.0,0.0,0.0,0.0,0.0,0.0,8.0,2.0,2.0,13.0,0.0,0.0,3.0,0.0,2.0,17.0,1.0,0.0,0.0,0.0,1.0,0.0,24.0,6.0,27.0,0.0,0.0,0.0,9.0,4.0,6.0,0.0,0.0
ctx-lh-temporalpole,0.0,0.0,0.0,0.0,224.0,0.0,187.0,0.0,102.0,30.0,0.0,0.0,0.0,0.0,0.0,96.0,0.0,3.0,0.0,0.0,0.0,0.0,0.0,0.0,0.0,0.0,0.0,0.0,0.0,0.0,225.0,0.0,366.0,0.0,0.0,0.0,0.0,0.0,0.0,0.0,0.0,0.0,0.0,0.0,0.0,0.0,0.0,0.0,0.0,0.0,0.0,0.0,0.0,0.0,0.0,0.0,0.0,0.0,0.0,0.0,0.0,0.0,0.0,0.0,0.0,0.0,0.0,0.0
ctx-lh-transversetemporal,54.0,0.0,0.0,0.0,0.0,0.0,0.0,9.0,4.0,69.0,7.0,0.0,0.0,0.0,0.0,27.0,1.0,0.0,0.0,0.0,0.0,0.0,2.0,2.0,4.0,9.0,0.0,0.0,0.0,2.0,608.0,15.0,0.0,474.0,0.0,0.0,0.0,0.0,0.0,0.0,0.0,0.0,0.0,3.0,2.0,0.0,0.0,0.0,0.0,1.0,1.0,0.0,0.0,0.0,0.0,0.0,0.0,4.0,0.0,2.0,0.0,0.0,0.0,2.0,2.0,1.0,0.0,1.0
ctx-rh-bankssts,3.0,1.0,0.0,1.0,0.0,0.0,0.0,5.0,2.0,0.0,17.0,3.0,0.0,2.0,0.0,3.0,1.0,0.0,0.0,0.0,0.0,0.0,2.0,3.0,1.0,19.0,0.0,1.0,0.0,14.0,1.0,3.0,0.0,0.0,817.0,0.0,2.0,12.0,0.0,0.0,35.0,747.0,139.0,31.0,43.0,33.0,0.0,34.0,0.0,613.0,14.0,6.0,3.0,0.0,0.0,8.0,17.0,18.0,24.0,107.0,0.0,0.0,0.0,65.0,703.0,201.0,0.0,12.0
ctx-rh-caudalanteriorcingulate,1.0,63.0,31.0,0.0,0.0,0.0,0.0,1.0,0.0,7.0,4.0,0.0,8.0,0.0,4.0,0.0,8.0,0.0,12.0,2.0,20.0,0.0,4.0,36.0,22.0,1.0,35.0,78.0,141.0,1.0,0.0,1.0,0.0,0.0,0.0,739.0,75.0,0.0,0.0,0.0,0.0,1.0,0.0,28.0,7.0,0.0,6.0,0.0,7.0,1.0,23.0,0.0,63.0,6.0,50.0,0.0,1.0,372.0,29.0,11.0,285.0,241.0,824.0,1.0,1.0,6.0,0.0,0.0
ctx-rh-caudalmiddlefrontal,0.0,19.0,14.0,0.0,0.0,0.0,0.0,0.0,0.0,4.0,0.0,0.0,0.0,0.0,0.0,0.0,5.0,0.0,5.0,0.0,1.0,0.0,1.0,16.0,12.0,0.0,2.0,14.0,35.0,1.0,0.0,0.0,0.0,0.0,2.0,75.0,2808.0,0.0,0.0,0.0,0.0,3.0,0.0,41.0,2.0,0.0,1.0,0.0,0.0,1.0,59.0,0.0,404.0,0.0,25.0,0.0,35.0,35.0,1152.0,2.0,6.0,928.0,1075.0,5.0,0.0,12.0,0.0,0.0
ctx-rh-cuneus,1.0,0.0,0.0,6.0,0.0,0.0,2.0,4.0,0.0,2.0,6.0,0.0,0.0,0.0,0.0,0.0,0.0,0.0,0.0,0.0,0.0,3.0,0.0,0.0,0.0,8.0,0.0,0.0,0.0,3.0,0.0,0.0,0.0,0.0,12.0,0.0,0.0,1540.0,0.0,0.0,21.0,66.0,17.0,0.0,34.0,568.0,0.0,108.0,0.0,21.0,0.0,0.0,0.0,0.0,0.0,1391.0,0.0,0.0,0.0,368.0,0.0,0.0,0.0,372.0,0.0,2.0,0.0,0.0
ctx-rh-entorhinal,0.0,0.0,0.0,0.0,0.0,0.0,0.0,0.0,0.0,0.0,0.0,0.0,0.0,0.0,0.0,0.0,0.0,0.0,0.0,0.0,0.0,0.0,0.0,0.0,0.0,0.0,0.0,0.0,0.0,0.0,0.0,0.0,0.0,0.0,0.0,0.0,0.0,0.0,262.0,0.0,405.0,0.0,256.0,4.0,0.0,0.0,0.0,1.0,0.0,25.0,0.0,113.0,0.0,0.0,0.0,0.0,0.0,0.0,0.0,0.0,0.0,0.0,0.0,0.0,15.0,0.0,100.0,0.0
ctx-rh-frontalpole,0.0,0.0,0.0,0.0,0.0,0.0,0.0,0.0,0.0,0.0,0.0,0.0,0.0,0.0,0.0,0.0,0.0,0.0,0.0,0.0,0.0,0.0,0.0,0.0,0.0,0.0,0.0,0.0,0.0,0.0,0.0,0.0,0.0,0.0,0.0,0.0,0.0,0.0,0.0,51.0,0.0,0.0,0.0,1.0,0.0,0.0,96.0,0.0,404.0,0.0,0.0,0.0,1.0,4.0,1.0,0.0,0.0,0.0,0.0,0.0,2.0,235.0,97.0,0.0,0.0,0.0,0.0,0.0
ctx-rh-fusiform,0.0,0.0,0.0,1.0,0.0,0.0,0.0,0.0,0.0,0.0,1.0,1.0,0.0,1.0,0.0,0.0,0.0,0.0,0.0,0.0,0.0,0.0,0.0,0.0,0.0,3.0,0.0,0.0,0.0,1.0,1.0,0.0,0.0,0.0,35.0,0.0,0.0,21.0,405.0,0.0,3192.0,34.0,1786.0,46.0,12.0,1145.0,3.0,657.0,1.0,409.0,0.0,307.0,0.0,0.0,0.0,145.0,0.0,1.0,0.0,36.0,0.0,0.0,0.0,10.0,84.0,1.0,74.0,1.0
ctx-rh-inferiorparietal,0.0,1.0,0.0,1.0,0.0,0.0,1.0,13.0,1.0,2.0,20.0,3.0,0.0,5.0,0.0,3.0,5.0,0.0,0.0,0.0,0.0,6.0,1.0,10.0,1.0,23.0,0.0,0.0,1.0,18.0,3.0,8.0,0.0,0.0,747.0,1.0,3.0,66.0,0.0,0.0,34.0,7266.0,136.0,30.0,64.0,711.0,0.0,40.0,0.0,604.0,36.0,1.0,6.0,0.0,0.0,60.0,99.0,21.0,94.0,615.0,0.0,1.0,4.0,1668.0,135.0,840.0,0.0,7.0
ctx-rh-inferiortemporal,0.0,0.0,0.0,1.0,0.0,0.0,1.0,4.0,1.0,0.0,4.0,1.0,0.0,2.0,0.0,1.0,0.0,0.0,0.0,0.0,0.0,1.0,0.0,0.0,0.0,11.0,0.0,0.0,0.0,6.0,3.0,2.0,0.0,0.0,139.0,0.0,0.0,17.0,256.0,0.0,1786.0,136.0,3534.0,81.0,18.0,223.0,4.0,194.0,2.0,2100.0,0.0,50.0,0.0,1.0,0.0,58.0,2.0,6.0,4.0,75.0,0.0,0.0,1.0,30.0,303.0,6.0,133.0,5.0
ctx-rh-insula,2.0,4.0,5.0,0.0,0.0,0.0,0.0,3.0,0.0,2.0,6.0,0.0,0.0,0.0,0.0,1.0,3.0,0.0,0.0,0.0,3.0,0.0,2.0,8.0,5.0,11.0,2.0,5.0,11.0,6.0,0.0,2.0,0.0,3.0,31.0,28.0,41.0,0.0,4.0,1.0,46.0,30.0,81.0,1310.0,13.0,3.0,532.0,7.0,74.0,158.0,41.0,1.0,202.0,44.0,154.0,4.0,223.0,36.0,255.0,37.0,37.0,109.0,91.0,39.0,277.0,264.0,17.0,69.0
ctx-rh-isthmuscingulate,4.0,5.0,0.0,13.0,0.0,0.0,3.0,24.0,3.0,4.0,73.0,3.0,0.0,7.0,0.0,9.0,2.0,0.0,0.0,0.0,0.0,11.0,7.0,18.0,7.0,78.0,0.0,1.0,1.0,37.0,3.0,13.0,0.0,2.0,43.0,7.0,2.0,34.0,0.0,0.0,12.0,64.0,18.0,13.0,600.0,23.0,0.0,125.0,0.0,37.0,25.0,101.0,0.0,0.0,0.0,26.0,4.0,296.0,7.0,895.0,0.0,1.0,12.0,67.0,41.0,15.0,0.0,6.0
ctx-rh-lateraloccipital,1.0,0.0,0.0,1.0,0.0,0.0,0.0,0.0,0.0,1.0,2.0,3.0,0.0,3.0,0.0,0.0,0.0,0.0,0.0,0.0,0.0,0.0,0.0,0.0,0.0,5.0,0.0,0.0,0.0,2.0,0.0,0.0,0.0,0.0,33.0,0.0,0.0,568.0,0.0,0.0,1145.0,711.0,223.0,3.0,23.0,6571.0,0.0,926.0,0.0,159.0,0.0,3.0,0.0,0.0,0.0,1362.0,0.0,2.0,2.0,133.0,0.0,0.0,0.0,488.0,9.0,1.0,0.0,1.0
ctx-rh-lateralorbitofrontal,0.0,1.0,0.0,0.0,0.0,0.0,0.0,0.0,0.0,0.0,0.0,0.0,0.0,0.0,0.0,0.0,0.0,0.0,0.0,0.0,0.0,0.0,0.0,2.0,0.0,0.0,3.0,3.0,3.0,0.0,0.0,0.0,0.0,0.0,0.0,6.0,1.0,0.0,0.0,96.0,3.0,0.0,4.0,532.0,0.0,0.0,2732.0,0.0,1546.0,8.0,0.0,0.0,2.0,450.0,267.0,0.0,0.0,2.0,1.0,0.0,143.0,517.0,56.0,0.0,3.0,0.0,2.0,0.0
ctx-rh-lingual,1.0,0.0,0.0,10.0,0.0,0.0,0.0,3.0,0.0,1.0,3.0,2.0,0.0,109.0,0.0,1.0,0.0,0.0,0.0,0.0,0.0,15.0,0.0,0.0,0.0,9.0,0.0,0.0,0.0,1.0,0.0,3.0,0.0,0.0,34.0,0.0,0.0,108.0,1.0,0.0,657.0,40.0,194.0,7.0,125.0,926.0,0.0,4908.0,1.0,129.0,0.0,259.0,0.0,0.0,0.0,1319.0,0.0,2.0,0.0,129.0,0.0,0.0,0.0,12.0,20.0,1.0,0.0,0.0
ctx-rh-medialorbitofrontal,0.0,1.0,1.0,0.0,0.0,0.0,0.0,0.0,0.0,0.0,0.0,0.0,0.0,0.0,2.0,0.0,0.0,0.0,0.0,0.0,1.0,0.0,0.0,0.0,0.0,0.0,3.0,0.0,0.0,0.0,0.0,0.0,0.0,0.0,0.0,7.0,0.0,0.0,0.0,404.0,1.0,0.0,2.0,74.0,0.0,0.0,1546.0,1.0,1784.0,1.0,0.0,0.0,0.0,114.0,34.0,0.0,0.0,0.0,0.0,0.0,338.0,989.0,296.0,0.0,1.0,0.0,0.0,0.0
ctx-rh-middletemporal,0.0,0.0,0.0,3.0,0.0,0.0,0.0,6.0,2.0,0.0,12.0,2.0,0.0,6.0,0.0,2.0,0.0,0.0,1.0,0.0,0.0,5.0,1.0,0.0,1.0,13.0,0.0,0.0,0.0,7.0,1.0,2.0,0.0,1.0,613.0,1.0,1.0,21.0,25.0,0.0,409.0,604.0,2100.0,158.0,37.0,159.0,8.0,129.0,1.0,3081.0,4.0,20.0,0.0,0.0,1.0,59.0,10.0,8.0,7.0,130.0,0.0,0.0,1.0,69.0,1350.0,20.0,49.0,19.0
ctx-rh-paracentral,2.0,5.0,7.0,0.0,0.0,0.0,0.0,5.0,2.0,3.0,19.0,0.0,0.0,1.0,0.0,0.0,20.0,0.0,5.0,0.0,0.0,0.0,2.0,58.0,35.0,15.0,0.0,5.0,41.0,13.0,3.0,17.0,0.0,1.0,14.0,23.0,59.0,0.0,0.0,0.0,0.0,36.0,0.0,41.0,25.0,0.0,0.0,0.0,0.0,4.0,1806.0,0.0,13.0,0.0,1.0,0.0,595.0,440.0,1259.0,213.0,0.0,2.0,427.0,395.0,7.0,64.0,0.0,6.0
ctx-rh-parahippocampal,0.0,0.0,0.0,2.0,0.0,0.0,0.0,0.0,0.0,1.0,1.0,0.0,0.0,2.0,0.0,0.0,0.0,0.0,0.0,0.0,0.0,1.0,0.0,0.0,0.0,2.0,0.0,0.0,0.0,1.0,0.0,1.0,0.0,0.0,6.0,0.0,0.0,0.0,113.0,0.0,307.0,1.0,50.0,1.0,101.0,3.0,0.0,259.0,0.0,20.0,0.0,476.0,0.0,0.0,0.0,5.0,0.0,1.0,0.0,11.0,0.0,0.0,0.0,1.0,10.0,0.0,0.0,1.0
ctx-rh-parsopercularis,0.0,10.0,7.0,0.0,0.0,0.0,0.0,0.0,0.0,1.0,0.0,0.0,0.0,0.0,0.0,0.0,0.0,0.0,4.0,0.0,1.0,0.0,0.0,6.0,1.0,1.0,2.0,5.0,23.0,1.0,0.0,0.0,0.0,0.0,3.0,63.0,404.0,0.0,0.0,1.0,0.0,6.0,0.0,202.0,0.0,0.0,2.0,0.0,0.0,0.0,13.0,0.0,1416.0,6.0,344.0,0.0,52.0,23.0,541.0,3.0,6.0,397.0,200.0,7.0,1.0,22.0,0.0,1.0
ctx-rh-parsorbitalis,0.0,2.0,0.0,0.0,0.0,0.0,0.0,0.0,0.0,0.0,0.0,0.0,0.0,0.0,0.0,0.0,0.0,0.0,0.0,0.0,0.0,0.0,0.0,1.0,0.0,0.0,0.0,1.0,0.0,0.0,0.0,0.0,0.0,0.0,0.0,6.0,0.0,0.0,0.0,4.0,0.0,0.0,1.0,44.0,0.0,0.0,450.0,0.0,114.0,0.0,0.0,0.0,6.0,511.0,279.0,0.0,0.0,0.0,0.0,0.0,55.0,420.0,51.0,0.0,0.0,0.0,0.0,0.0
ctx-rh-parstriangularis,0.0,10.0,3.0,0.0,0.0,0.0,0.0,0.0,0.0,1.0,0.0,0.0,1.0,0.0,3.0,0.0,0.0,0.0,2.0,1.0,2.0,0.0,0.0,0.0,0.0,0.0,7.0,15.0,12.0,0.0,0.0,0.0,0.0,0.0,0.0,50.0,25.0,0.0,0.0,1.0,0.0,0.0,0.0,154.0,0.0,0.0,267.0,0.0,34.0,1.0,1.0,0.0,344.0,279.0,1233.0,0.0,3.0,6.0,11.0,0.0,65.0,818.0,184.0,0.0,2.0,1.0,0.0,0.0
ctx-rh-pericalcarine,0.0,0.0,0.0,2.0,0.0,0.0,2.0,9.0,0.0,0.0,4.0,0.0,0.0,30.0,0.0,0.0,0.0,0.0,0.0,0.0,0.0,13.0,0.0,0.0,0.0,10.0,0.0,0.0,0.0,2.0,0.0,1.0,0.0,0.0,8.0,0.0,0.0,1391.0,0.0,0.0,145.0,60.0,58.0,4.0,26.0,1362.0,0.0,1319.0,0.0,59.0,0.0,5.0,0.0,0.0,0.0,1172.0,0.0,0.0,0.0,195.0,0.0,0.0,0.0,72.0,12.0,1.0,0.0,0.0
ctx-rh-postcentral,0.0,2.0,3.0,0.0,0.0,0.0,0.0,3.0,0.0,1.0,1.0,0.0,0.0,0.0,0.0,0.0,4.0,0.0,0.0,0.0,0.0,0.0,3.0,12.0,4.0,3.0,0.0,0.0,3.0,1.0,0.0,0.0,0.0,0.0,17.0,1.0,35.0,0.0,0.0,0.0,0.0,99.0,2.0,223.0,4.0,0.0,0.0,0.0,0.0,10.0,595.0,0.0,52.0,0.0,3.0,0.0,5402.0,41.0,1569.0,91.0,0.0,1.0,38.0,675.0,17.0,1081.0,0.0,2.0
ctx-rh-posteriorcingulate,5.0,33.0,30.0,1.0,0.0,0.0,1.0,17.0,2.0,7.0,55.0,1.0,0.0,2.0,1.0,7.0,48.0,0.0,9.0,0.0,3.0,0.0,22.0,130.0,67.0,56.0,2.0,11.0,100.0,38.0,5.0,24.0,0.0,4.0,18.0,372.0,35.0,0.0,0.0,0.0,1.0,21.0,6.0,36.0,296.0,2.0,2.0,2.0,0.0,8.0,440.0,1.0,23.0,0.0,6.0,0.0,41.0,1040.0,117.0,294.0,10.0,21.0,459.0,46.0,16.0,30.0,0.0,4.0
ctx-rh-precentral,1.0,8.0,9.0,0.0,0.0,0.0,0.0,2.0,0.0,1.0,1.0,1.0,0.0,0.0,0.0,0.0,23.0,0.0,4.0,0.0,1.0,0.0,6.0,33.0,22.0,8.0,0.0,4.0,48.0,11.0,3.0,6.0,0.0,0.0,24.0,29.0,1152.0,0.0,0.0,0.0,0.0,94.0,4.0,255.0,7.0,2.0,1.0,0.0,0.0,7.0,1259.0,0.0,541.0,0.0,11.0,0.0,1569.0,117.0,6627.0,33.0,2.0,43.0,518.0,197.0,14.0,304.0,0.0,3.0
ctx-rh-precuneus,12.0,1.0,1.0,14.0,0.0,0.0,6.0,48.0,3.0,7.0,81.0,8.0,0.0,14.0,0.0,16.0,8.0,2.0,1.0,0.0,0.0,12.0,4.0,7.0,8.0,97.0,0.0,2.0,5.0,70.0,10.0,27.0,0.0,2.0,107.0,11.0,2.0,368.0,0.0,0.0,36.0,615.0,75.0,37.0,895.0,133.0,0.0,129.0,0.0,130.0,213.0,11.0,3.0,0.0,0.0,195.0,91.0,294.0,33.0,3872.0,0.0,3.0,9.0,2911.0,77.0,81.0,0.0,11.0
ctx-rh-rostralanteriorcingulate,0.0,4.0,2.0,0.0,0.0,0.0,0.0,0.0,0.0,0.0,1.0,0.0,6.0,0.0,13.0,0.0,0.0,0.0,4.0,2.0,5.0,0.0,0.0,1.0,0.0,1.0,48.0,28.0,21.0,0.0,0.0,0.0,0.0,0.0,0.0,285.0,6.0,0.0,0.0,2.0,0.0,0.0,0.0,37.0,0.0,0.0,143.0,0.0,338.0,0.0,0.0,0.0,6.0,55.0,65.0,0.0,0.0,10.0,2.0,0.0,801.0,266.0,325.0,0.0,0.0,0.0,0.0,0.0
ctx-rh-rostralmiddlefrontal,0.0,22.0,6.0,0.0,0.0,0.0,0.0,0.0,0.0,2.0,0.0,0.0,1.0,0.0,9.0,0.0,0.0,0.0,9.0,2.0,9.0,0.0,0.0,4.0,1.0,1.0,21.0,51.0,40.0,0.0,0.0,0.0,0.0,0.0,0.0,241.0,928.0,0.0,0.0,235.0,0.0,1.0,0.0,109.0,1.0,0.0,517.0,0.0,989.0,0.0,2.0,0.0,397.0,420.0,818.0,0.0,1.0,21.0,43.0,3.0,266.0,6422.0,3544.0,1.0,0.0,2.0,0.0,0.0
ctx-rh-superiorfrontal,0.0,98.0,56.0,0.0,0.0,0.0,0.0,0.0,1.0,12.0,1.0,0.0,2.0,0.0,8.0,1.0,20.0,1.0,20.0,1.0,13.0,0.0,6.0,51.0,43.0,8.0,31.0,73.0,156.0,7.0,0.0,0.0,0.0,0.0,0.0,824.0,1075.0,0.0,0.0,97.0,0.0,4.0,1.0,91.0,12.0,0.0,56.0,0.0,296.0,1.0,427.0,0.0,200.0,51.0,184.0,0.0,38.0,459.0,518.0,9.0,325.0,3544.0,10208.0,12.0,0.0,9.0,0.0,0.0
ctx-rh-superiorparietal,2.0,0.0,0.0,0.0,0.0,0.0,0.0,11.0,2.0,1.0,17.0,3.0,0.0,2.0,0.0,2.0,2.0,0.0,0.0,0.0,0.0,3.0,1.0,10.0,5.0,20.0,0.0,0.0,4.0,13.0,2.0,9.0,0.0,2.0,65.0,1.0,5.0,372.0,0.0,0.0,10.0,1668.0,30.0,39.0,67.0,488.0,0.0,12.0,0.0,69.0,395.0,1.0,7.0,0.0,0.0,72.0,675.0,46.0,197.0,2911.0,0.0,1.0,12.0,6056.0,32.0,457.0,0.0,7.0
ctx-rh-superiortemporal,5.0,0.0,1.0,1.0,0.0,0.0,0.0,12.0,0.0,0.0,17.0,0.0,0.0,1.0,0.0,3.0,2.0,0.0,0.0,0.0,0.0,0.0,2.0,3.0,2.0,23.0,0.0,0.0,0.0,10.0,3.0,4.0,0.0,2.0,703.0,1.0,0.0,0.0,15.0,0.0,84.0,135.0,303.0,277.0,41.0,9.0,3.0,20.0,1.0,1350.0,7.0,10.0,1.0,0.0,2.0,12.0,17.0,16.0,14.0,77.0,0.0,0.0,0.0,32.0,4351.0,331.0,72.0,726.0
ctx-rh-supramarginal,2.0,0.0,1.0,1.0,0.0,0.0,0.0,6.0,0.0,4.0,7.0,0.0,0.0,1.0,0.0,0.0,1.0,0.0,1.0,0.0,0.0,1.0,3.0,13.0,1.0,17.0,0.0,0.0,5.0,9.0,1.0,6.0,0.0,1.0,201.0,6.0,12.0,2.0,0.0,0.0,1.0,840.0,6.0,264.0,15.0,1.0,0.0,1.0,0.0,20.0,64.0,0.0,22.0,0.0,1.0,1.0,1081.0,30.0,304.0,81.0,0.0,2.0,9.0,457.0,331.0,4012.0,0.0,36.0
ctx-rh-temporalpole,0.0,0.0,0.0,0.0,0.0,0.0,0.0,0.0,0.0,0.0,0.0,0.0,0.0,0.0,0.0,0.0,0.0,0.0,0.0,0.0,0.0,0.0,0.0,0.0,0.0,0.0,0.0,0.0,0.0,0.0,0.0,0.0,0.0,0.0,0.0,0.0,0.0,0.0,100.0,0.0,74.0,0.0,133.0,17.0,0.0,0.0,2.0,0.0,0.0,49.0,0.0,0.0,0.0,0.0,0.0,0.0,0.0,0.0,0.0,0.0,0.0,0.0,0.0,0.0,72.0,0.0,215.0,0.0
ctx-rh-transversetemporal,1.0,0.0,0.0,0.0,0.0,0.0,0.0,0.0,0.0,1.0,0.0,0.0,0.0,0.0,0.0,0.0,0.0,0.0,0.0,0.0,0.0,1.0,0.0,3.0,0.0,4.0,0.0,0.0,1.0,2.0,2.0,0.0,0.0,1.0,12.0,0.0,0.0,0.0,0.0,0.0,1.0,7.0,5.0,69.0,6.0,1.0,0.0,0.0,0.0,19.0,6.0,1.0,1.0,0.0,0.0,0.0,2.0,4.0,3.0,11.0,0.0,0.0,0.0,7.0,726.0,36.0,0.0,234.0
