,ctx-lh-bankssts,ctx-lh-caudalanteriorcingulate,ctx-lh-caudalmiddlefrontal,ctx-lh-cuneus,ctx-lh-entorhinal,ctx-lh-frontalpole,ctx-lh-fusiform,ctx-lh-inferiorparietal,ctx-lh-inferiortemporal,ctx-lh-insula,ctx-lh-isthmuscingulate,ctx-lh-lateraloccipital,ctx-lh-lateralorbitofrontal,ctx-lh-lingual,ctx-lh-medialorbitofrontal,ctx-lh-middletemporal,ctx-lh-paracentral,ctx-lh-parahippocampal,ctx-lh-parsopercularis,ctx-lh-parsorbitalis,ctx-lh-parstriangularis,ctx-lh-pericalcarine,ctx-lh-postcentral,ctx-lh-posteriorcingulate,ctx-lh-precentral,ctx-lh-precuneus,ctx-lh-rostralanteriorcingulate,ctx-lh-rostralmiddlefrontal,ctx-lh-superiorfrontal,ctx-lh-superiorparietal,ctx-lh-superiortemporal,ctx-lh-supramarginal,ctx-lh-temporalpole,ctx-lh-transversetemporal,ctx-rh-bankssts,ctx-rh-caudalanteriorcingulate,ctx-rh-caudalmiddlefrontal,ctx-rh-cuneus,ctx-rh-entorhinal,ctx-rh-frontalpole,ctx-rh-fusiform,ctx-rh-inferiorparietal,ctx-rh-inferiortemporal,ctx-rh-insula,ctx-rh-isthmuscingulate,ctx-rh-lateraloccipital,ctx-rh-lateralorbitofrontal,ctx-rh-lingual,ctx-rh-medialorbitofrontal,ctx-rh-middletemporal,ctx-rh-paracentral,ctx-rh-parahippocampal,ctx-rh-parsopercularis,ctx-rh-parsorbitalis,ctx-rh-parstriangularis,ctx-rh-pericalcarine,ctx-rh-postcentral,ctx-rh-posteriorcingulate,ctx-rh-precentral,ctx-rh-precuneus,ctx-rh-rostralanteriorcingulate,ctx-rh-rostralmiddlefrontal,ctx-rh-superiorfrontal,ctx-rh-superiorparietal,ctx-rh-superiortemporal,ctx-rh-supramarginal,ctx-rh-temporalpole,ctx-rh-transversetemporal
ctx-lh-bankssts,919.0,0.0,0.0,3.0,1.0,0.0,14.0,561.0,173.0,37.0,3.0,15.0,0.0,9.0,0.0,950.0,0.0,3.0,0.0,0.0,0.0,7.0,23.0,0.0,9.0,23.0,0.0,0.0,1.0,26.0,1024.0,296.0,0.0,25.0,0.0,0.0,0.0,1.0,0.0,0.0,0.0,3.0,0.0,4.0,1.0,0.0,0.0,1.0,0.0,0.0,0.0,0.0,0.0,0.0,0.0,0.0,1.0,0.0,0.0,4.0,0.0,0.0,0.0,1.0,0.0,0.0,0.0,0.0
ctx-lh-caudalanteriorcingulate,0.0,627.0,115.0,0.0,0.0,1.0,0.0,0.0,0.0,17.0,19.0,0.0,13.0,0.0,8.0,0.0,26.0,0.0,44.0,2.0,11.0,0.0,9.0,370.0,44.0,8.0,305.0,118.0,926.0,1.0,0.0,0.0,0.0,0.0,0.0,88.0,27.0,0.0,0.0,0.0,0.0,0.0,0.0,11.0,0.0,0.0,2.0,0.0,2.0,0.0,14.0,0.0,8.0,2.0,7.0,0.0,1.0,16.0,12.0,2.0,37.0,25.0,136.0,0.0,0.0,1.0,0.0,0.0
ctx-lh-caudalmiddlefrontal,0.0,115.0,3254.0,0.0,0.0,0.0,0.0,1.0,0.0,90.0,0.0,0.0,7.0,0.0,2.0,0.0,13.0,0.0,456.0,1.0,15.0,0.0,53.0,11.0,1358.0,2.0,15.0,703.0,1191.0,8.0,2.0,11.0,0.0,1.0,0.0,57.0,18.0,0.0,0.0,0.0,0.0,1.0,0.0,3.0,0.0,0.0,0.0,0.0,1.0,0.0,12.0,0.0,4.0,0.0,6.0,0.0,2.0,20.0,11.0,0.0,5.0,18.0,95.0,0.0,0.0,0.0,0.0,0.0
ctx-lh-cuneus,3.0,0.0,0.0,1752.0,0.0,0.0,54.0,125.0,17.0,6.0,41.0,666.0,0.0,217.0,0.0,10.0,0.0,6.0,0.0,0.0,0.0,1433.0,1.0,1.0,1.0,340.0,0.0,0.0,0.0,644.0,6.0,6.0,0.0,1.0,0.0,0.0,0.0,36.0,0.0,0.0,0.0,0.0,0.0,1.0,2.0,8.0,0.0,5.0,0.0,1.0,0.0,0.0,0.0,0.0,0.0,26.0,0.0,0.0,0.0,10.0,0.0,0.0,0.0,5.0,1.0,0.0,0.0,0.0
ctx-lh-entorhinal,1.0,0.0,0.0,0.0,201.0,0.0,236.0,1.0,97.0,17.0,0.0,0.0,0.0,1.0,0.0,66.0,0.0,150.0,0.0,0.0,0.0,0.0,0.0,0.0,1.0,0.0,0.0,0.0,0.0,0.0,96.0,0.0,322.0,0.0,0.0,0.0,0.0,0.0,0.0,0.0,0.0,0.0,0.0,0.0,0.0,0.0,0.0,0.0,0.0,0.0,0.0,0.0,0.0,0.0,0.0,0.0,0.0,0.0,0.0,0.0,0.0,0.0,0.0,0.0,0.0,0.0,0.0,0.0
ctx-lh-frontalpole,0.0,1.0,0.0,0.0,0.0,40.0,0.0,0.0,0.0,0.0,0.0,0.0,48.0,0.0,442.0,0.0,0.0,0.0,2.0,3.0,3.0,0.0,0.0,0.0,0.0,0.0,13.0,260.0,116.0,0.0,0.0,0.0,0.0,0.0,0.0,0.0,0.0,0.0,0.0,0.0,0.0,0.0,0.0,0.0,0.0,0.0,0.0,0.0,0.0,0.0,0.0,0.0,0.0,0.0,0.0,0.0,0.0,0.0,0.0,0.0,1.0,0.0,0.0,0.0,0.0,0.0,0.0,0.0
ctx-lh-fusiform,14.0,0.0,0.0,54.0,236.0,0.0,3861.0,99.0,1606.0,51.0,12.0,1654.0,2.0,754.0,0.0,401.0,0.0,142.0,0.0,0.0,0.0,86.0,2.0,1.0,1.0,47.0,0.0,1.0,0.0,19.0,242.0,7.0,196.0,4.0,0.0,0.0,0.0,1.0,0.0,0.0,1.0,0.0,0.0,0.0,2.0,0.0,0.0,1.0,0.0,0.0,0.0,0.0,0.0,0.0,0.0,0.0,0.0,0.0,0.0,9.0,0.0,0.0,1.0,4.0,0.0,1.0,0.0,0.0
ctx-lh-inferiorparietal,561.0,0.0,1.0,125.0,1.0,0.0,99.0,7896.0,370.0,68.0,47.0,1058.0,0.0,43.0,0.0,714.0,1.0,3.0,2.0,0.0,0.0,28.0,74.0,10.0,43.0,590.0,0.0,0.0,5.0,1456.0,180.0,1545.0,1.0,40.0,2.0,0.0,0.0,7.0,0.0,0.0,0.0,8.0,1.0,1.0,14.0,2.0,0.0,3.0,0.0,2.0,2.0,1.0,0.0,0.0,0.0,3.0,0.0,3.0,2.0,33.0,0.0,0.0,1.0,13.0,4.0,2.0,0.0,0.0
ctx-lh-inferiortemporal,173.0,0.0,0.0,17.0,97.0,0.0,1606.0,370.0,4307.0,75.0,10.0,371.0,0.0,159.0,0.0,2963.0,0.0,57.0,0.0,0.0,0.0,18.0,3.0,2.0,4.0,41.0,0.0,0.0,0.0,22.0,419.0,26.0,317.0,14.0,0.0,0.0,0.0,1.0,0.0,0.0,2.0,2.0,1.0,0.0,5.0,0.0,0.0,1.0,0.0,1.0,1.0,0.0,0.0,0.0,0.0,0.0,0.0,1.0,0.0,14.0,0.0,0.0,0.0,6.0,1.0,2.0,0.0,0.0
ctx-lh-insula,37.0,17.0,90.0,6.0,17.0,0.0,51.0,68.0,75.0,1886.0,13.0,15.0,348.0,5.0,31.0,71.0,12.0,8.0,251.0,8.0,62.0,5.0,375.0,12.0,473.0,65.0,28.0,71.0,80.0,105.0,320.0,350.0,50.0,96.0,1.0,4.0,4.0,0.0,0.0,0.0,0.0,4.0,0.0,1.0,11.0,1.0,0.0,1.0,2.0,0.0,3.0,0.0,2.0,0.0,2.0,0.0,1.0,7.0,2.0,11.0,1.0,2.0,13.0,5.0,2.0,1.0,0.0,1.0
ctx-lh-isthmuscingulate,3.0,19.0,0.0,41.0,0.0,0.0,12.0,47.0,10.0,13.0,1183.0,30.0,0.0,121.0,0.0,6.0,6.0,42.0,0.0,0.0,0.0,23.0,17.0,501.0,9.0,1126.0,0.0,0.0,10.0,67.0,10.0,10.0,0.0,7.0,5.0,0.0,1.0,7.0,0.0,0.0,1.0,25.0,4.0,7.0,93.0,6.0,0.0,6.0,0.0,6.0,14.0,1.0,1.0,0.0,0.0,6.0,9.0,52.0,4.0,163.0,0.0,0.0,3.0,34.0,11.0,11.0,1.0,5.0
ctx-lh-lateraloccipital,15.0,0.0,0.0,666.0,0.0,0.0,1654.0,1058.0,371.0,15.0,30.0,7987.0,0.0,693.0,0.0,127.0,1.0,6.0,0.0,0.0,0.0,875.0,2.0,1.0,1.0,149.0,0.0,0.0,0.0,427.0,25.0,12.0,0.0,3.0,0.0,0.0,0.0,2.0,0.0,0.0,1.0,4.0,3.0,2.0,3.0,0.0,0.0,5.0,0.0,1.0,0.0,0.0,0.0,0.0,0.0,0.0,0.0,0.0,0.0,9.0,0.0,0.0,0.0,2.0,0.0,0.0,0.0,1.0
ctx-lh-lateralorbitofrontal,0.0,13.0,7.0,0.0,0.0,48.0,2.0,0.0,0.0,348.0,0.0,0.0,3446.0,0.0,2332.0,0.0,0.0,0.0,45.0,571.0,483.0,0.0,0.0,0.0,2.0,1.0,299.0,794.0,151.0,0.0,1.0,0.0,0.0,1.0,0.0,1.0,0.0,0.0,0.0,0.0,0.0,0.0,0.0,0.0,0.0,0.0,0.0,0.0,3.0,0.0,0.0,0.0,0.0,0.0,0.0,0.0,0.0,0.0,0.0,0.0,5.0,1.0,2.0,0.0,0.0,0.0,0.0,0.0
ctx-lh-lingual,9.0,0.0,0.0,217.0,1.0,0.0,754.0,43.0,159.0,5.0,121.0,693.0,0.0,4033.0,0.0,29.0,0.0,220.0,0.0,0.0,0.0,1341.0,0.0,0.0,0.0,175.0,0.0,0.0,1.0,17.0,23.0,2.0,2.0,1.0,0.0,0.0,0.0,1.0,0.0,0.0,1.0,2.0,3.0,1.0,1.0,11.0,0.0,134.0,0.0,1.0,0.0,0.0,0.0,0.0,0.0,40.0,1.0,0.0,0.0,9.0,0.0,0.0,0.0,3.0,0.0,0.0,0.0,0.0
ctx-lh-medialorbitofrontal,0.0,8.0,2.0,0.0,0.0,442.0,0.0,0.0,0.0,31.0,0.0,0.0,2332.0,0.0,1468.0,0.0,0.0,0.0,5.0,53.0,41.0,0.0,0.0,0.0,1.0,0.0,345.0,761.0,168.0,0.0,0.0,0.0,0.0,0.0,0.0,5.0,0.0,0.0,0.0,0.0,0.0,0.0,0.0,0.0,0.0,0.0,0.0,0.0,0.0,0.0,0.0,0.0,0.0,0.0,0.0,0.0,0.0,0.0,0.0,0.0,2.0,2.0,1.0,0.0,0.0,0.0,0.0,0.0
ctx-lh-middletemporal,950.0,0.0,0.0,10.0,66.0,0.0,401.0,714.0,2963.0,71.0,6.0,127.0,0.0,29.0,0.0,3656.0,0.0,22.0,0.0,0.0,0.0,9.0,10.0,0.0,6.0,37.0,0.0,0.0,0.0,30.0,979.0,61.0,205.0,14.0,0.0,0.0,0.0,2.0,0.0,0.0,0.0,2.0,2.0,1.0,5.0,0.0,0.0,1.0,0.0,0.0,1.0,0.0,0.0,0.0,0.0,0.0,0.0,0.0,0.0,7.0,0.0,0.0,0.0,3.0,1.0,0.0,0.0,0.0
ctx-lh-paracentral,0.0,26.0,13.0,0.0,0.0,0.0,0.0,1.0,0.0,12.0,6.0,1.0,0.0,0.0,0.0,0.0,2025.0,0.0,0.0,0.0,1.0,0.0,337.0,309.0,914.0,227.0,0.0,3.0,650.0,110.0,0.0,2.0,0.0,0.0,0.0,5.0,5.0,1.0,0.0,0.0,0.0,2.0,0.0,2.0,2.0,0.0,0.0,0.0,0.0,1.0,60.0,0.0,2.0,0.0,0.0,0.0,10.0,33.0,17.0,8.0,0.0,2.0,49.0,7.0,1.0,3.0,0.0,0.0
ctx-lh-parahippocampal,3.0,0.0,0.0,6.0,150.0,0.0,142.0,3.0,57.0,8.0,42.0,6.0,0.0,220.0,0.0,22.0,0.0,261.0,0.0,0.0,0.0,6.0,0.0,0.0,0.0,13.0,0.0,0.0,0.0,2.0,19.0,0.0,0.0,0.0,0.0,0.0,0.0,0.0,0.0,0.0,0.0,0.0,0.0,0.0,1.0,0.0,0.0,0.0,0.0,0.0,0.0,0.0,0.0,0.0,0.0,0.0,0.0,0.0,0.0,1.0,0.0,0.0,0.0,0.0,0.0,0.0,0.0,0.0
ctx-lh-parsopercularis,0.0,44.0,456.0,0.0,0.0,2.0,0.0,2.0,0.0,251.0,0.0,0.0,45.0,0.0,5.0,0.0,0.0,0.0,1825.0,18.0,606.0,0.0,63.0,6.0,852.0,1.0,49.0,706.0,270.0,9.0,1.0,17.0,0.0,0.0,0.0,22.0,4.0,0.0,0.0,0.0,0.0,1.0,0.0,1.0,0.0,0.0,0.0,0.0,0.0,0.0,2.0,0.0,5.0,0.0,2.0,0.0,1.0,1.0,3.0,1.0,6.0,11.0,32.0,1.0,0.0,1.0,0.0,0.0
ctx-lh-parsorbitalis,0.0,2.0,1.0,0.0,0.0,3.0,0.0,0.0,0.0,8.0,0.0,0.0,571.0,0.0,53.0,0.0,0.0,0.0,18.0,500.0,482.0,0.0,0.0,0.0,0.0,0.0,29.0,452.0,26.0,0.0,0.0,0.0,0.0,0.0,0.0,0.0,0.0,0.0,0.0,0.0,0.0,0.0,0.0,0.0,0.0,0.0,0.0,0.0,0.0,0.0,0.0,0.0,0.0,0.0,0.0,0.0,0.0,0.0,0.0,0.0,0.0,0.0,0.0,0.0,0.0,0.0,0.0,0.0
ctx-lh-parstriangularis,0.0,11.0,15.0,0.0,0.0,3.0,0.0,0.0,0.0,62.0,0.0,0.0,483.0,0.0,41.0,0.0,1.0,0.0,606.0,482.0,1085.0,0.0,4.0,0.0,23.0,0.0,70.0,722.0,111.0,1.0,0.0,0.0,0.0,0.0,0.0,0.0,0.0,0.0,0.0,0.0,0.0,0.0,0.0,0.0,0.0,0.0,1.0,0.0,0.0,0.0,0.0,0.0,0.0,0.0,0.0,0.0,0.0,0.0,0.0,0.0,2.0,2.0,4.0,0.0,0.0,0.0,0.0,0.0
ctx-lh-pericalcarine,7.0,0.0,0.0,1433.0,0.0,0.0,86.0,28.0,18.0,5.0,23.0,875.0,0.0,1341.0,0.0,9.0,0.0,6.0,0.0,0.0,0.0,1008.0,1.0,0.0,0.0,122.0,0.0,0.0,0.0,59.0,8.0,2.0,0.0,1.0,0.0,0.0,0.0,35.0,0.0,0.0,1.0,2.0,1.0,1.0,2.0,4.0,0.0,17.0,0.0,0.0,0.0,0.0,0.0,0.0,0.0,41.0,1.0,2.0,0.0,12.0,0.0,0.0,0.0,2.0,0.0,0.0,0.0,0.0
ctx-lh-postcentral,23.0,9.0,53.0,1.0,0.0,0.0,2.0,74.0,3.0,375.0,17.0,2.0,0.0,0.0,0.0,10.0,337.0,0.0,63.0,0.0,4.0,1.0,7466.0,43.0,2314.0,213.0,0.0,4.0,65.0,942.0,24.0,1480.0,0.0,10.0,0.0,2.0,1.0,0.0,0.0,0.0,0.0,5.0,0.0,0.0,7.0,0.0,0.0,0.0,0.0,1.0,9.0,1.0,0.0,0.0,0.0,0.0,3.0,12.0,4.0,10.0,0.0,0.0,10.0,3.0,1.0,1.0,0.0,0.0
ctx-lh-posteriorcingulate,0.0,370.0,11.0,1.0,0.0,0.0,1.0,10.0,2.0,12.0,501.0,1.0,0.0,0.0,0.0,0.0,309.0,0.0,6.0,0.0,0.0,0.0,43.0,1425.0,55.0,493.0,4.0,7.0,353.0,55.0,1.0,7.0,0.0,1.0,2.0,29.0,8.0,0.0,0.0,0.0,0.0,4.0,0.0,3.0,22.0,0.0,0.0,1.0,0.0,2.0,75.0,0.0,4.0,0.0,0.0,1.0,16.0,146.0,29.0,43.0,0.0,4.0,91.0,19.0,5.0,6.0,0.0,2.0
ctx-lh-precentral,9.0,44.0,1358.0,1.0,1.0,0.0,1.0,43.0,4.0,473.0,9.0,1.0,2.0,0.0,1.0,6.0,914.0,0.0,852.0,0.0,23.0,0.0,2314.0,55.0,9358.0,81.0,3.0,34.0,909.0,259.0,14.0,274.0,0.0,5.0,1.0,22.0,15.0,0.0,0.0,0.0,0.0,1.0,0.0,0.0,4.0,1.0,0.0,0.0,0.0,0.0,20.0,0.0,3.0,0.0,1.0,0.0,3.0,46.0,24.0,8.0,0.0,14.0,81.0,4.0,3.0,2.0,0.0,0.0
ctx-lh-precuneus,23.0,8.0,2.0,340.0,0.0,0.0,47.0,590.0,41.0,65.0,1126.0,149.0,1.0,175.0,0.0,37.0,227.0,13.0,1.0,0.0,0.0,122.0,213.0,493.0,81.0,4794.0,1.0,1.0,39.0,3223.0,33.0,62.0,0.0,15.0,7.0,0.0,0.0,12.0,0.0,0.0,2.0,41.0,13.0,10.0,92.0,16.0,0.0,20.0,0.0,11.0,17.0,1.0,0.0,0.0,0.0,6.0,7.0,43.0,11.0,194.0,0.0,1.0,11.0,62.0,14.0,15.0,0.0,7.0
ctx-lh-rostralanteriorcingulate,0.0,305.0,15.0,0.0,0.0,13.0,0.0,0.0,0.0,28.0,0.0,0.0,299.0,0.0,345.0,0.0,0.0,0.0,49.0,29.0,70.0,0.0,0.0,4.0,3.0,1.0,1103.0,419.0,648.0,1.0,0.0,0.0,0.0,0.0,0.0,60.0,1.0,0.0,0.0,0.0,0.0,0.0,0.0,5.0,0.0,0.0,1.0,0.0,11.0,0.0,0.0,0.0,6.0,2.0,2.0,0.0,0.0,1.0,1.0,0.0,107.0,12.0,55.0,0.0,0.0,0.0,0.0,0.0
ctx-lh-rostralmiddlefrontal,0.0,118.0,703.0,0.0,0.0,260.0,1.0,0.0,0.0,71.0,0.0,0.0,794.0,0.0,761.0,0.0,3.0,0.0,706.0,452.0,722.0,0.0,4.0,7.0,34.0,1.0,419.0,6692.0,2402.0,0.0,0.0,0.0,0.0,0.0,0.0,37.0,4.0,0.0,0.0,0.0,0.0,0.0,0.0,3.0,0.0,0.0,3.0,0.0,2.0,0.0,0.0,0.0,10.0,0.0,5.0,0.0,1.0,2.0,1.0,1.0,29.0,12.0,61.0,0.0,0.0,0.0,0.0,0.0
ctx-lh-superiorfrontal,1.0,926.0,1191.0,0.0,0.0,116.0,0.0,5.0,0.0,80.0,10.0,0.0,151.0,1.0,168.0,0.0,650.0,0.0,270.0,26.0,111.0,0.0,65.0,353.0,909.0,39.0,648.0,2402.0,11879.0,23.0,3.0,10.0,0.0,1.0,0.0,227.0,67.0,0.0,0.0,0.0,0.0,1.0,0.0,11.0,2.0,0.0,4.0,0.0,6.0,0.0,45.0,0.0,26.0,0.0,11.0,0.0,14.0,100.0,46.0,6.0,32.0,31.0,361.0,8.0,0.0,1.0,0.0,0.0
ctx-lh-superiorparietal,26.0,1.0,8.0,644.0,0.0,0.0,19.0,1456.0,22.0,105.0,67.0,427.0,0.0,17.0,0.0,30.0,110.0,2.0,9.0,0.0,1.0,59.0,942.0,55.0,259.0,3223.0,1.0,0.0,23.0,8484.0,43.0,558.0,0.0,23.0,3.0,0.0,0.0,0.0,0.0,0.0,2.0,13.0,3.0,1.0,19.0,7.0,0.0,4.0,0.0,8.0,11.0,0.0,0.0,0.0,0.0,2.0,6.0,21.0,5.0,54.0,0.0,0.0,6.0,19.0,9.0,4.0,0.0,0.0
ctx-lh-superiortemporal,1024.0,0.0,2.0,6.0,96.0,0.0,242.0,180.0,419.0,320.0,10.0,25.0,1.0,23.0,0.0,979.0,0.0,19.0,1.0,0.0,0.0,8.0,24.0,1.0,14.0,33.0,0.0,0.0,3.0,43.0,5560.0,394.0,313.0,678.0,1.0,0.0,1.0,1.0,0.0,0.0,0.0,1.0,0.0,0.0,5.0,1.0,0.0,2.0,0.0,1.0,0.0,0.0,0.0,0.0,0.0,0.0,0.0,0.0,0.0,10.0,0.0,0.0,0.0,1.0,3.0,0.0,0.0,0.0
ctx-lh-supramarginal,296.0,0.0,11.0,6.0,0.0,0.0,7.0,1545.0,26.0,350.0,10.0,12.0,0.0,2.0,0.0,61.0,2.0,0.0,17.0,0.0,0.0,2.0,1480.0,7.0,274.0,62.0,0.0,0.0,10.0,558.0,394.0,5355.0,0.0,40.0,0.0,0.0,0.0,2.0,0.0,0.0,0.0,4.0,0.0,0.0,6.0,0.0,0.0,2.0,0.0,1.0,0.0,0.0,0.0,0.0,0.0,0.0,0.0,2.0,1.0,15.0,0.0,0.0,1.0,3.0,4.0,1.0,0.0,1.0
ctx-lh-temporalpole,0.0,0.0,0.0,0.0,322.0,0.0,196.0,1.0,317.0,50.0,0.0,0.0,0.0,2.0,0.0,205.0,0.0,0.0,0.0,0.0,0.0,0.0,0.0,0.0,0.0,0.0,0.0,0.0,0.0,0.0,313.0,0.0,502.0,0.0,0.0,0.0,0.0,0.0,0.0,0.0,0.0,0.0,0.0,0.0,2.0,0.0,0.0,0.0,0.0,0.0,0.0,0.0,0.0,0.0,0.0,0.0,0.0,0.0,0.0,0.0,0.0,0.0,0.0,0.0,0.0,0.0,0.0,0.0
ctx-lh-transversetemporal,25.0,0.0,1.0,1.0,0.0,0.0,4.0,40.0,14.0,96.0,7.0,3.0,1.0,1.0,0.0,14.0,0.0,0.0,0.0,0.0,0.0,1.0,10.0,1.0,5.0,15.0,0.0,0.0,1.0,23.0,678.0,40.0,0.0,365.0,0.0,0.0,0.0,0.0,0.0,0.0,0.0,1.0,0.0,0.0,4.0,1.0,0.0,0.0,0.0,0.0,0.0,0.0,0.0,0.0,0.0,0.0,0.0,0.0,0.0,6.0,0.0,0.0,0.0,3.0,0.0,0.0,0.0,0.0
ctx-rh-bankssts,0.0,0.0,0.0,0.0,0.0,0.0,0.0,2.0,0.0,1.0,5.0,0.0,0.0,0.0,0.0,0.0,0.0,0.0,0.0,0.0,0.0,0.0,0.0,2.0,1.0,7.0,0.0,0.0,0.0,3.0,1.0,0.0,0.0,0.0,849.0,0.0,0.0,9.0,0.0,0.0,13.0,646.0,237.0,24.0,7.0,27.0,0.0,5.0,0.0,904.0,3.0,1.0,1.0,0.0,0.0,4.0,17.0,0.0,7.0,34.0,0.0,0.0,3.0,56.0,1032.0,324.0,1.0,33.0
ctx-rh-caudalanteriorcingulate,0.0,88.0,57.0,0.0,0.0,0.0,0.0,0.0,0.0,4.0,0.0,0.0,1.0,0.0,5.0,0.0,5.0,0.0,22.0,0.0,0.0,0.0,2.0,29.0,22.0,0.0,60.0,37.0,227.0,0.0,0.0,0.0,0.0,0.0,0.0,623.0,64.0,0.0,0.0,0.0,0.0,0.0,0.0,17.0,8.0,0.0,14.0,0.0,7.0,0.0,27.0,0.0,46.0,8.0,37.0,0.0,5.0,405.0,34.0,7.0,177.0,154.0,1435.0,3.0,0.0,1.0,0.0,0.0
ctx-rh-caudalmiddlefrontal,0.0,27.0,18.0,0.0,0.0,0.0,0.0,0.0,0.0,4.0,1.0,0.0,0.0,0.0,0.0,0.0,5.0,0.0,4.0,0.0,0.0,0.0,1.0,8.0,15.0,0.0,1.0,4.0,67.0,0.0,1.0,0.0,0.0,0.0,0.0,64.0,2331.0,0.0,0.0,0.0,0.0,8.0,0.0,25.0,0.0,0.0,0.0,0.0,1.0,1.0,17.0,0.0,208.0,0.0,20.0,0.0,85.0,18.0,1161.0,1.0,3.0,986.0,962.0,7.0,1.0,27.0,0.0,0.0
ctx-rh-cuneus,1.0,0.0,0.0,36.0,0.0,0.0,1.0,7.0,1.0,0.0,7.0,2.0,0.0,1.0,0.0,2.0,1.0,0.0,0.0,0.0,0.0,35.0,0.0,0.0,0.0,12.0,0.0,0.0,0.0,0.0,1.0,2.0,0.0,0.0,9.0,0.0,0.0,1631.0,0.0,0.0,29.0,69.0,53.0,5.0,28.0,1125.0,0.0,142.0,0.0,18.0,1.0,4.0,0.0,0.0,0.0,1633.0,1.0,2.0,0.0,540.0,0.0,0.0,0.0,579.0,9.0,0.0,0.0,2.0
ctx-rh-entorhinal,0.0,0.0,0.0,0.0,0.0,0.0,0.0,0.0,0.0,0.0,0.0,0.0,0.0,0.0,0.0,0.0,0.0,0.0,0.0,0.0,0.0,0.0,0.0,0.0,0.0,0.0,0.0,0.0,0.0,0.0,0.0,0.0,0.0,0.0,0.0,0.0,0.0,0.0,234.0,0.0,303.0,1.0,114.0,6.0,0.0,0.0,0.0,1.0,0.0,72.0,0.0,136.0,0.0,0.0,0.0,0.0,0.0,0.0,0.0,0.0,0.0,0.0,0.0,1.0,47.0,0.0,140.0,0.0
ctx-rh-frontalpole,0.0,0.0,0.0,0.0,0.0,0.0,0.0,0.0,0.0,0.0,0.0,0.0,0.0,0.0,0.0,0.0,0.0,0.0,0.0,0.0,0.0,0.0,0.0,0.0,0.0,0.0,0.0,0.0,0.0,0.0,0.0,0.0,0.0,0.0,0.0,0.0,0.0,0.0,0.0,30.0,0.0,0.0,0.0,0.0,0.0,0.0,96.0,0.0,292.0,0.0,0.0,0.0,0.0,4.0,2.0,0.0,0.0,0.0,0.0,0.0,4.0,123.0,58.0,0.0,0.0,0.0,0.0,0.0
ctx-rh-fusiform,0.0,0.0,0.0,0.0,0.0,0.0,1.0,0.0,2.0,0.0,1.0,1.0,0.0,1.0,0.0,0.0,0.0,0.0,0.0,0.0,0.0,1.0,0.0,0.0,0.0,2.0,0.0,0.0,0.0,2.0,0.0,0.0,0.0,0.0,13.0,0.0,0.0,29.0,303.0,0.0,3534.0,25.0,1275.0,25.0,7.0,1328.0,0.0,641.0,0.0,213.0,0.0,219.0,0.0,0.0,0.0,97.0,0.0,2.0,0.0,33.0,0.0,0.0,0.0,13.0,82.0,0.0,116.0,1.0
ctx-rh-inferiorparietal,3.0,0.0,1.0,0.0,0.0,0.0,0.0,8.0,2.0,4.0,25.0,4.0,0.0,2.0,0.0,2.0,2.0,0.0,1.0,0.0,0.0,2.0,5.0,4.0,1.0,41.0,0.0,0.0,1.0,13.0,1.0,4.0,0.0,1.0,646.0,0.0,8.0,69.0,1.0,0.0,25.0,9838.0,280.0,77.0,34.0,925.0,0.0,13.0,0.0,592.0,12.0,1.0,6.0,0.0,1.0,16.0,163.0,17.0,84.0,357.0,0.0,4.0,4.0,1958.0,290.0,1303.0,0.0,30.0
ctx-rh-inferiortemporal,0.0,0.0,0.0,0.0,0.0,0.0,0.0,1.0,1.0,0.0,4.0,3.0,0.0,3.0,0.0,2.0,0.0,0.0,0.0,0.0,0.0,1.0,0.0,0.0,0.0,13.0,0.0,0.0,0.0,3.0,0.0,0.0,0.0,0.0,237.0,0.0,0.0,53.0,114.0,0.0,1275.0,280.0,3398.0,96.0,8.0,504.0,0.0,121.0,0.0,2655.0,0.0,43.0,1.0,0.0,0.0,32.0,1.0,2.0,2.0,60.0,0.0,0.0,1.0,57.0,315.0,10.0,231.0,8.0
ctx-rh-insula,4.0,11.0,3.0,1.0,0.0,0.0,0.0,1.0,0.0,1.0,7.0,2.0,0.0,1.0,0.0,1.0,2.0,0.0,1.0,0.0,0.0,1.0,0.0,3.0,0.0,10.0,5.0,3.0,11.0,1.0,0.0,0.0,0.0,0.0,24.0,17.0,25.0,5.0,6.0,0.0,25.0,77.0,96.0,1672.0,8.0,9.0,301.0,9.0,16.0,131.0,14.0,3.0,219.0,18.0,118.0,1.0,214.0,12.0,220.0,23.0,10.0,92.0,89.0,56.0,300.0,211.0,22.0,103.0
ctx-rh-isthmuscingulate,1.0,0.0,0.0,2.0,0.0,0.0,2.0,14.0,5.0,11.0,93.0,3.0,0.0,1.0,0.0,5.0,2.0,1.0,0.0,0.0,0.0,2.0,7.0,22.0,4.0,92.0,0.0,0.0,2.0,19.0,5.0,6.0,2.0,4.0,7.0,8.0,0.0,28.0,0.0,0.0,7.0,34.0,8.0,8.0,800.0,27.0,0.0,102.0,0.0,10.0,18.0,75.0,0.0,0.0,0.0,14.0,14.0,362.0,4.0,1110.0,0.0,0.0,4.0,74.0,18.0,14.0,0.0,5.0
ctx-rh-lateraloccipital,0.0,0.0,0.0,8.0,0.0,0.0,0.0,2.0,0.0,1.0,6.0,0.0,0.0,11.0,0.0,0.0,0.0,0.0,0.0,0.0,0.0,4.0,0.0,0.0,1.0,16.0,0.0,0.0,0.0,7.0,1.0,0.0,0.0,1.0,27.0,0.0,0.0,1125.0,0.0,0.0,1328.0,925.0,504.0,9.0,27.0,7802.0,0.0,742.0,0.0,331.0,0.0,9.0,0.0,0.0,0.0,1028.0,2.0,1.0,2.0,193.0,0.0,0.0,3.0,483.0,38.0,4.0,0.0,4.0
ctx-rh-lateralorbitofrontal,0.0,2.0,0.0,0.0,0.0,0.0,0.0,0.0,0.0,0.0,0.0,0.0,0.0,0.0,0.0,0.0,0.0,0.0,0.0,0.0,1.0,0.0,0.0,0.0,0.0,0.0,1.0,3.0,4.0,0.0,0.0,0.0,0.0,0.0,0.0,14.0,0.0,0.0,0.0,96.0,0.0,0.0,0.0,301.0,0.0,0.0,3062.0,0.0,1224.0,1.0,0.0,0.0,13.0,615.0,151.0,0.0,1.0,0.0,2.0,0.0,155.0,735.0,170.0,0.0,0.0,0.0,0.0,0.0
ctx-rh-lingual,1.0,0.0,0.0,5.0,0.0,0.0,1.0,3.0,1.0,1.0,6.0,5.0,0.0,134.0,0.0,1.0,0.0,0.0,0.0,0.0,0.0,17.0,0.0,1.0,0.0,20.0,0.0,0.0,0.0,4.0,2.0,2.0,0.0,0.0,5.0,0.0,0.0,142.0,1.0,0.0,641.0,13.0,121.0,9.0,102.0,742.0,0.0,4506.0,0.0,26.0,0.0,371.0,0.0,0.0,0.0,1466.0,0.0,0.0,0.0,159.0,0.0,0.0,0.0,4.0,18.0,1.0,0.0,0.0
ctx-rh-medialorbitofrontal,0.0,2.0,1.0,0.0,0.0,0.0,0.0,0.0,0.0,2.0,0.0,0.0,3.0,0.0,0.0,0.0,0.0,0.0,0.0,0.0,0.0,0.0,0.0,0.0,0.0,0.0,11.0,2.0,6.0,0.0,0.0,0.0,0.0,0.0,0.0,7.0,1.0,0.0,0.0,292.0,0.0,0.0,0.0,16.0,0.0,0.0,1224.0,0.0,1823.0,0.0,0.0,0.0,1.0,74.0,22.0,0.0,0.0,0.0,1.0,0.0,477.0,612.0,416.0,0.0,0.0,0.0,0.0,0.0
ctx-rh-middletemporal,0.0,0.0,0.0,1.0,0.0,0.0,0.0,2.0,1.0,0.0,6.0,1.0,0.0,1.0,0.0,0.0,1.0,0.0,0.0,0.0,0.0,0.0,1.0,2.0,0.0,11.0,0.0,0.0,0.0,8.0,1.0,1.0,0.0,0.0,904.0,0.0,1.0,18.0,72.0,0.0,213.0,592.0,2655.0,131.0,10.0,331.0,1.0,26.0,0.0,4680.0,2.0,6.0,0.0,0.0,0.0,14.0,7.0,2.0,5.0,63.0,0.0,1.0,1.0,80.0,621.0,35.0,305.0,12.0
ctx-rh-paracentral,0.0,14.0,12.0,0.0,0.0,0.0,0.0,2.0,1.0,3.0,14.0,0.0,0.0,0.0,0.0,1.0,60.0,0.0,2.0,0.0,0.0,0.0,9.0,75.0,20.0,17.0,0.0,0.0,45.0,11.0,0.0,0.0,0.0,0.0,3.0,27.0,17.0,1.0,0.0,0.0,0.0,12.0,0.0,14.0,18.0,0.0,0.0,0.0,0.0,2.0,2147.0,0.0,4.0,0.0,0.0,1.0,468.0,445.0,880.0,400.0,0.0,6.0,550.0,264.0,6.0,20.0,0.0,7.0
ctx-rh-parahippocampal,0.0,0.0,0.0,0.0,0.0,0.0,0.0,1.0,0.0,0.0,1.0,0.0,0.0,0.0,0.0,0.0,0.0,0.0,0.0,0.0,0.0,0.0,1.0,0.0,0.0,1.0,0.0,0.0,0.0,0.0,0.0,0.0,0.0,0.0,1.0,0.0,0.0,4.0,136.0,0.0,219.0,1.0,43.0,3.0,75.0,9.0,0.0,371.0,0.0,6.0,0.0,430.0,0.0,0.0,0.0,5.0,0.0,0.0,0.0,29.0,0.0,0.0,0.0,1.0,16.0,0.0,7.0,0.0
ctx-rh-parsopercularis,0.0,8.0,4.0,0.0,0.0,0.0,0.0,0.0,0.0,2.0,1.0,0.0,0.0,0.0,0.0,0.0,2.0,0.0,5.0,0.0,0.0,0.0,0.0,4.0,3.0,0.0,6.0,10.0,26.0,0.0,0.0,0.0,0.0,0.0,1.0,46.0,208.0,0.0,0.0,0.0,0.0,6.0,1.0,219.0,0.0,0.0,13.0,0.0,1.0,0.0,4.0,0.0,1252.0,9.0,460.0,0.0,94.0,6.0,721.0,1.0,4.0,568.0,216.0,7.0,0.0,29.0,0.0,1.0
ctx-rh-parsorbitalis,0.0,2.0,0.0,0.0,0.0,0.0,0.0,0.0,0.0,0.0,0.0,0.0,0.0,0.0,0.0,0.0,0.0,0.0,0.0,0.0,0.0,0.0,0.0,0.0,0.0,0.0,2.0,0.0,0.0,0.0,0.0,0.0,0.0,0.0,0.0,8.0,0.0,0.0,0.0,4.0,0.0,0.0,0.0,18.0,0.0,0.0,615.0,0.0,74.0,0.0,0.0,0.0,9.0,567.0,388.0,0.0,0.0,0.0,1.0,0.0,23.0,599.0,89.0,0.0,0.0,0.0,0.0,0.0
ctx-rh-parstriangularis,0.0,7.0,6.0,0.0,0.0,0.0,0.0,0.0,0.0,2.0,0.0,0.0,0.0,0.0,0.0,0.0,0.0,0.0,2.0,0.0,0.0,0.0,0.0,0.0,1.0,0.0,2.0,5.0,11.0,0.0,0.0,0.0,0.0,0.0,0.0,37.0,20.0,0.0,0.0,2.0,0.0,1.0,0.0,118.0,0.0,0.0,151.0,0.0,22.0,0.0,0.0,0.0,460.0,388.0,1220.0,0.0,8.0,1.0,20.0,0.0,14.0,963.0,168.0,0.0,0.0,1.0,0.0,0.0
ctx-rh-pericalcarine,0.0,0.0,0.0,26.0,0.0,0.0,0.0,3.0,0.0,0.0,6.0,0.0,0.0,40.0,0.0,0.0,0.0,0.0,0.0,0.0,0.0,41.0,0.0,1.0,0.0,6.0,0.0,0.0,0.0,2.0,0.0,0.0,0.0,0.0,4.0,0.0,0.0,1633.0,0.0,0.0,97.0,16.0,32.0,1.0,14.0,1028.0,0.0,1466.0,0.0,14.0,1.0,5.0,0.0,0.0,0.0,985.0,1.0,0.0,0.0,197.0,0.0,0.0,0.0,28.0,6.0,0.0,0.0,1.0
ctx-rh-postcentral,1.0,1.0,2.0,0.0,0.0,0.0,0.0,0.0,0.0,1.0,9.0,0.0,0.0,1.0,0.0,0.0,10.0,0.0,1.0,0.0,0.0,1.0,3.0,16.0,3.0,7.0,0.0,1.0,14.0,6.0,0.0,0.0,0.0,0.0,17.0,5.0,85.0,1.0,0.0,0.0,0.0,163.0,1.0,214.0,14.0,2.0,1.0,0.0,0.0,7.0,468.0,0.0,94.0,0.0,8.0,1.0,6477.0,37.0,2282.0,121.0,1.0,18.0,72.0,942.0,38.0,1878.0,0.0,16.0
ctx-rh-posteriorcingulate,0.0,16.0,20.0,0.0,0.0,0.0,0.0,3.0,1.0,7.0,52.0,0.0,0.0,0.0,0.0,0.0,33.0,0.0,1.0,0.0,0.0,2.0,12.0,146.0,46.0,43.0,1.0,2.0,100.0,21.0,0.0,2.0,0.0,0.0,0.0,405.0,18.0,2.0,0.0,0.0,2.0,17.0,2.0,12.0,362.0,1.0,0.0,0.0,0.0,2.0,445.0,0.0,6.0,0.0,1.0,0.0,37.0,1622.0,73.0,402.0,1.0,9.0,534.0,63.0,12.0,11.0,0.0,6.0
ctx-rh-precentral,0.0,12.0,11.0,0.0,0.0,0.0,0.0,2.0,0.0,2.0,4.0,0.0,0.0,0.0,0.0,0.0,17.0,0.0,3.0,0.0,0.0,0.0,4.0,29.0,24.0,11.0,1.0,1.0,46.0,5.0,0.0,1.0,0.0,0.0,7.0,34.0,1161.0,0.0,0.0,0.0,0.0,84.0,2.0,220.0,4.0,2.0,2.0,0.0,1.0,5.0,880.0,0.0,721.0,1.0,20.0,0.0,2282.0,73.0,8204.0,46.0,3.0,127.0,855.0,226.0,12.0,313.0,0.0,5.0
ctx-rh-precuneus,4.0,2.0,0.0,10.0,0.0,0.0,9.0,33.0,14.0,11.0,163.0,9.0,0.0,9.0,0.0,7.0,8.0,1.0,1.0,0.0,0.0,12.0,10.0,43.0,8.0,194.0,0.0,1.0,6.0,54.0,10.0,15.0,0.0,6.0,34.0,7.0,1.0,540.0,0.0,0.0,33.0,357.0,60.0,23.0,1110.0,193.0,0.0,159.0,0.0,63.0,400.0,29.0,1.0,0.0,0.0,197.0,121.0,402.0,46.0,4770.0,0.0,1.0,12.0,2279.0,39.0,63.0,0.0,22.0
ctx-rh-rostralanteriorcingulate,0.0,37.0,5.0,0.0,0.0,1.0,0.0,0.0,0.0,1.0,0.0,0.0,5.0,0.0,2.0,0.0,0.0,0.0,6.0,0.0,2.0,0.0,0.0,0.0,0.0,0.0,107.0,29.0,32.0,0.0,0.0,0.0,0.0,0.0,0.0,177.0,3.0,0.0,0.0,4.0,0.0,0.0,0.0,10.0,0.0,0.0,155.0,0.0,477.0,0.0,0.0,0.0,4.0,23.0,14.0,0.0,1.0,1.0,3.0,0.0,621.0,100.0,351.0,0.0,0.0,0.0,0.0,0.0
ctx-rh-rostralmiddlefrontal,0.0,25.0,18.0,0.0,0.0,0.0,0.0,0.0,0.0,2.0,0.0,0.0,1.0,0.0,2.0,0.0,2.0,0.0,11.0,0.0,2.0,0.0,0.0,4.0,14.0,1.0,12.0,12.0,31.0,0.0,0.0,0.0,0.0,0.0,0.0,154.0,986.0,0.0,0.0,123.0,0.0,4.0,0.0,92.0,0.0,0.0,735.0,0.0,612.0,1.0,6.0,0.0,568.0,599.0,963.0,0.0,18.0,9.0,127.0,1.0,100.0,6257.0,2589.0,3.0,0.0,9.0,0.0,0.0
ctx-rh-superiorfrontal,0.0,136.0,95.0,0.0,0.0,0.0,1.0,1.0,0.0,13.0,3.0,0.0,2.0,0.0,1.0,0.0,49.0,0.0,32.0,0.0,4.0,0.0,10.0,91.0,81.0,11.0,55.0,61.0,361.0,6.0,0.0,1.0,0.0,0.0,3.0,1435.0,962.0,0.0,0.0,58.0,0.0,4.0,1.0,89.0,4.0,3.0,170.0,0.0,416.0,1.0,550.0,0.0,216.0,89.0,168.0,0.0,72.0,534.0,855.0,12.0,351.0,2589.0,8444.0,17.0,1.0,12.0,0.0,1.0
ctx-rh-superiorparietal,1.0,0.0,0.0,5.0,0.0,0.0,4.0,13.0,6.0,5.0,34.0,2.0,0.0,3.0,0.0,3.0,7.0,0.0,1.0,0.0,0.0,2.0,3.0,19.0,4.0,62.0,0.0,0.0,8.0,19.0,1.0,3.0,0.0,3.0,56.0,3.0,7.0,579.0,1.0,0.0,13.0,1958.0,57.0,56.0,74.0,483.0,0.0,4.0,0.0,80.0,264.0,1.0,7.0,0.0,0.0,28.0,942.0,63.0,226.0,2279.0,0.0,3.0,17.0,7290.0,77.0,334.0,1.0,28.0
ctx-rh-superiortemporal,0.0,0.0,0.0,1.0,0.0,0.0,0.0,4.0,1.0,2.0,11.0,0.0,0.0,0.0,0.0,1.0,1.0,0.0,0.0,0.0,0.0,0.0,1.0,5.0,3.0,14.0,0.0,0.0,0.0,9.0,3.0,4.0,0.0,0.0,1032.0,0.0,1.0,9.0,47.0,0.0,82.0,290.0,315.0,300.0,18.0,38.0,0.0,18.0,0.0,621.0,6.0,16.0,0.0,0.0,0.0,6.0,38.0,12.0,12.0,39.0,0.0,0.0,1.0,77.0,5993.0,387.0,211.0,543.0
ctx-rh-supramarginal,0.0,1.0,0.0,0.0,0.0,0.0,1.0,2.0,2.0,1.0,11.0,0.0,0.0,0.0,0.0,0.0,3.0,0.0,1.0,0.0,0.0,0.0,1.0,6.0,2.0,15.0,0.0,0.0,1.0,4.0,0.0,1.0,0.0,0.0,324.0,1.0,27.0,0.0,0.0,0.0,0.0,1303.0,10.0,211.0,14.0,4.0,0.0,1.0,0.0,35.0,20.0,0.0,29.0,0.0,1.0,0.0,1878.0,11.0,313.0,63.0,0.0,9.0,12.0,334.0,387.0,5208.0,0.0,57.0
ctx-rh-temporalpole,0.0,0.0,0.0,0.0,0.0,0.0,0.0,0.0,0.0,0.0,1.0,0.0,0.0,0.0,0.0,0.0,0.0,0.0,0.0,0.0,0.0,0.0,0.0,0.0,0.0,0.0,0.0,0.0,0.0,0.0,0.0,0.0,0.0,0.0,1.0,0.0,0.0,0.0,140.0,0.0,116.0,0.0,231.0,22.0,0.0,0.0,0.0,0.0,0.0,305.0,0.0,7.0,0.0,0.0,0.0,0.0,0.0,0.0,0.0,0.0,0.0,0.0,0.0,1.0,211.0,0.0,280.0,0.0
ctx-rh-transversetemporal,0.0,0.0,0.0,0.0,0.0,0.0,0.0,0.0,0.0,1.0,5.0,1.0,0.0,0.0,0.0,0.0,0.0,0.0,0.0,0.0,0.0,0.0,0.0,2.0,0.0,7.0,0.0,0.0,0.0,0.0,0.0,1.0,0.0,0.0,33.0,0.0,0.0,2.0,0.0,0.0,1.0,30.0,8.0,103.0,5.0,4.0,0.0,0.0,0.0,12.0,7.0,0.0,1.0,0.0,0.0,1.0,16.0,6.0,5.0,22.0,0.0,0.0,1.0,28.0,543.0,57.0,0.0,358.0
