,ctx-lh-bankssts,ctx-lh-caudalanteriorcingulate,ctx-lh-caudalmiddlefrontal,ctx-lh-cuneus,ctx-lh-entorhinal,ctx-lh-frontalpole,ctx-lh-fusiform,ctx-lh-inferiorparietal,ctx-lh-inferiortemporal,ctx-lh-insula,ctx-lh-isthmuscingulate,ctx-lh-lateraloccipital,ctx-lh-lateralorbitofrontal,ctx-lh-lingual,ctx-lh-medialorbitofrontal,ctx-lh-middletemporal,ctx-lh-paracentral,ctx-lh-parahippocampal,ctx-lh-parsopercularis,ctx-lh-parsorbitalis,ctx-lh-parstriangularis,ctx-lh-pericalcarine,ctx-lh-postcentral,ctx-lh-posteriorcingulate,ctx-lh-precentral,ctx-lh-precuneus,ctx-lh-rostralanteriorcingulate,ctx-lh-rostralmiddlefrontal,ctx-lh-superiorfrontal,ctx-lh-superiorparietal,ctx-lh-superiortemporal,ctx-lh-supramarginal,ctx-lh-temporalpole,ctx-lh-transversetemporal,ctx-rh-bankssts,ctx-rh-caudalanteriorcingulate,ctx-rh-caudalmiddlefrontal,ctx-rh-cuneus,ctx-rh-entorhinal,ctx-rh-frontalpole,ctx-rh-fusiform,ctx-rh-inferiorparietal,ctx-rh-inferiortemporal,ctx-rh-insula,ctx-rh-isthmuscingulate,ctx-rh-lateraloccipital,ctx-rh-lateralorbitofrontal,ctx-rh-lingual,ctx-rh-medialorbitofrontal,ctx-rh-middletemporal,ctx-rh-paracentral,ctx-rh-parahippocampal,ctx-rh-parsopercularis,ctx-rh-parsorbitalis,ctx-rh-parstriangularis,ctx-rh-pericalcarine,ctx-rh-postcentral,ctx-rh-posteriorcingulate,ctx-rh-precentral,ctx-rh-precuneus,ctx-rh-rostralanteriorcingulate,ctx-rh-rostralmiddlefrontal,ctx-rh-superiorfrontal,ctx-rh-superiorparietal,ctx-rh-superiortemporal,ctx-rh-supramarginal,ctx-rh-temporalpole,ctx-rh-transversetemporal
ctx-lh-bankssts,514.0,0.0,0.0,0.0,2.0,0.0,23.0,311.0,173.0,19.0,2.0,11.0,0.0,6.0,0.0,607.0,0.0,1.0,1.0,0.0,0.0,0.0,3.0,2.0,2.0,3.0,0.0,0.0,0.0,17.0,617.0,205.0,1.0,19.0,0.0,0.0,0.0,0.0,0.0,0.0,0.0,1.0,1.0,0.0,2.0,0.0,0.0,0.0,0.0,0.0,0.0,0.0,0.0,0.0,0.0,0.0,0.0,1.0,0.0,2.0,0.0,0.0,0.0,1.0,0.0,0.0,0.0,1.0
ctx-lh-caudalanteriorcingulate,0.0,618.0,83.0,0.0,0.0,0.0,0.0,2.0,0.0,16.0,26.0,0.0,7.0,0.0,20.0,0.0,23.0,0.0,26.0,2.0,7.0,0.0,6.0,316.0,34.0,9.0,323.0,155.0,955.0,10.0,0.0,1.0,0.0,0.0,0.0,98.0,13.0,0.0,0.0,1.0,0.0,2.0,0.0,5.0,0.0,0.0,3.0,0.0,2.0,0.0,10.0,0.0,3.0,2.0,8.0,0.0,0.0,18.0,9.0,3.0,13.0,54.0,169.0,1.0,0.0,0.0,0.0,0.0
ctx-lh-caudalmiddlefrontal,0.0,83.0,3848.0,0.0,0.0,0.0,0.0,2.0,0.0,46.0,1.0,0.0,4.0,0.0,0.0,0.0,23.0,0.0,396.0,2.0,45.0,0.0,58.0,14.0,1216.0,3.0,11.0,1240.0,1271.0,21.0,0.0,12.0,0.0,0.0,0.0,39.0,3.0,0.0,0.0,0.0,0.0,0.0,0.0,5.0,0.0,0.0,1.0,0.0,0.0,0.0,2.0,0.0,7.0,0.0,1.0,0.0,1.0,12.0,8.0,2.0,4.0,6.0,61.0,0.0,0.0,0.0,0.0,0.0
ctx-lh-cuneus,0.0,0.0,0.0,1334.0,0.0,0.0,24.0,31.0,5.0,0.0,13.0,370.0,0.0,190.0,0.0,3.0,0.0,3.0,0.0,0.0,0.0,1263.0,0.0,0.0,0.0,147.0,0.0,1.0,0.0,914.0,0.0,1.0,0.0,0.0,0.0,0.0,0.0,27.0,0.0,0.0,0.0,1.0,1.0,0.0,3.0,19.0,0.0,29.0,0.0,0.0,0.0,0.0,0.0,0.0,0.0,37.0,0.0,0.0,0.0,6.0,0.0,0.0,0.0,5.0,2.0,0.0,0.0,0.0
ctx-lh-entorhinal,2.0,0.0,0.0,0.0,380.0,0.0,317.0,3.0,167.0,30.0,0.0,2.0,3.0,3.0,0.0,56.0,0.0,172.0,0.0,0.0,0.0,0.0,0.0,0.0,0.0,1.0,0.0,0.0,0.0,0.0,28.0,2.0,247.0,1.0,0.0,0.0,0.0,0.0,0.0,0.0,0.0,0.0,0.0,0.0,0.0,0.0,0.0,0.0,0.0,0.0,0.0,0.0,0.0,0.0,0.0,0.0,0.0,0.0,0.0,0.0,0.0,0.0,0.0,0.0,0.0,0.0,0.0,0.0
ctx-lh-frontalpole,0.0,0.0,0.0,0.0,0.0,70.0,0.0,0.0,0.0,0.0,0.0,0.0,95.0,0.0,259.0,0.0,0.0,0.0,1.0,6.0,3.0,0.0,0.0,0.0,0.0,0.0,11.0,186.0,146.0,0.0,0.0,0.0,0.0,0.0,0.0,0.0,0.0,0.0,0.0,0.0,0.0,0.0,0.0,1.0,1.0,0.0,4.0,0.0,1.0,0.0,0.0,0.0,0.0,0.0,0.0,0.0,0.0,0.0,0.0,0.0,1.0,3.0,1.0,0.0,0.0,0.0,0.0,0.0
ctx-lh-fusiform,23.0,0.0,0.0,24.0,317.0,0.0,3390.0,216.0,1523.0,40.0,5.0,1780.0,5.0,694.0,1.0,256.0,0.0,356.0,0.0,0.0,0.0,102.0,2.0,2.0,1.0,66.0,0.0,0.0,0.0,53.0,79.0,14.0,141.0,4.0,0.0,0.0,0.0,1.0,0.0,0.0,0.0,1.0,0.0,1.0,2.0,1.0,0.0,2.0,0.0,0.0,0.0,1.0,0.0,0.0,0.0,0.0,0.0,2.0,0.0,11.0,0.0,0.0,0.0,4.0,0.0,1.0,0.0,2.0
ctx-lh-inferiorparietal,311.0,2.0,2.0,31.0,3.0,0.0,216.0,4994.0,400.0,67.0,42.0,1112.0,4.0,60.0,0.0,485.0,3.0,13.0,2.0,0.0,0.0,28.0,45.0,16.0,22.0,188.0,0.0,1.0,1.0,1188.0,231.0,898.0,1.0,24.0,0.0,0.0,0.0,3.0,0.0,0.0,1.0,6.0,1.0,2.0,17.0,3.0,0.0,3.0,0.0,0.0,3.0,1.0,0.0,0.0,0.0,3.0,0.0,4.0,0.0,41.0,0.0,0.0,0.0,18.0,5.0,0.0,0.0,1.0
ctx-lh-inferiortemporal,173.0,0.0,0.0,5.0,167.0,0.0,1523.0,400.0,4238.0,55.0,11.0,538.0,3.0,100.0,0.0,1752.0,0.0,36.0,0.0,1.0,0.0,23.0,2.0,1.0,1.0,28.0,0.0,0.0,0.0,53.0,188.0,42.0,247.0,10.0,0.0,0.0,0.0,1.0,0.0,0.0,0.0,1.0,0.0,1.0,1.0,2.0,0.0,1.0,0.0,1.0,0.0,1.0,0.0,0.0,0.0,0.0,1.0,2.0,0.0,11.0,0.0,0.0,0.0,5.0,0.0,0.0,0.0,0.0
ctx-lh-insula,19.0,16.0,46.0,0.0,30.0,0.0,40.0,67.0,55.0,1569.0,7.0,12.0,429.0,9.0,21.0,74.0,4.0,3.0,253.0,24.0,123.0,0.0,321.0,9.0,316.0,16.0,11.0,145.0,85.0,86.0,182.0,358.0,58.0,71.0,0.0,4.0,0.0,2.0,0.0,0.0,0.0,1.0,0.0,4.0,4.0,1.0,2.0,1.0,1.0,0.0,4.0,0.0,2.0,0.0,0.0,0.0,1.0,7.0,1.0,8.0,3.0,2.0,10.0,2.0,0.0,0.0,0.0,0.0
ctx-lh-isthmuscingulate,2.0,26.0,1.0,13.0,0.0,0.0,5.0,42.0,11.0,7.0,728.0,19.0,1.0,100.0,0.0,7.0,5.0,65.0,0.0,0.0,0.0,9.0,1.0,333.0,1.0,939.0,0.0,0.0,5.0,125.0,5.0,11.0,0.0,6.0,3.0,0.0,0.0,2.0,0.0,0.0,2.0,16.0,2.0,7.0,41.0,5.0,0.0,15.0,0.0,8.0,6.0,0.0,0.0,0.0,0.0,3.0,1.0,24.0,2.0,76.0,0.0,0.0,3.0,34.0,5.0,3.0,0.0,2.0
ctx-lh-lateraloccipital,11.0,0.0,0.0,370.0,2.0,0.0,1780.0,1112.0,538.0,12.0,19.0,7526.0,2.0,1043.0,0.0,98.0,0.0,11.0,0.0,0.0,0.0,699.0,2.0,0.0,0.0,152.0,0.0,0.0,0.0,639.0,13.0,8.0,3.0,3.0,0.0,0.0,0.0,2.0,0.0,0.0,0.0,4.0,1.0,1.0,7.0,2.0,0.0,4.0,0.0,2.0,0.0,0.0,0.0,0.0,0.0,1.0,0.0,0.0,0.0,21.0,0.0,0.0,0.0,20.0,1.0,1.0,0.0,0.0
ctx-lh-lateralorbitofrontal,0.0,7.0,4.0,0.0,3.0,95.0,5.0,4.0,3.0,429.0,1.0,2.0,3268.0,1.0,1054.0,9.0,0.0,0.0,24.0,564.0,358.0,0.0,1.0,0.0,2.0,1.0,107.0,872.0,106.0,1.0,7.0,1.0,2.0,1.0,0.0,9.0,0.0,0.0,0.0,1.0,0.0,0.0,0.0,3.0,0.0,0.0,10.0,0.0,26.0,0.0,0.0,0.0,0.0,2.0,0.0,0.0,0.0,0.0,0.0,0.0,33.0,14.0,8.0,0.0,0.0,0.0,0.0,0.0
ctx-lh-lingual,6.0,0.0,0.0,190.0,3.0,0.0,694.0,60.0,100.0,9.0,100.0,1043.0,1.0,4850.0,0.0,26.0,0.0,264.0,0.0,0.0,0.0,1348.0,0.0,2.0,0.0,217.0,0.0,0.0,0.0,110.0,8.0,2.0,2.0,2.0,1.0,0.0,0.0,5.0,0.0,0.0,4.0,1.0,2.0,2.0,3.0,13.0,0.0,215.0,0.0,0.0,0.0,0.0,0.0,0.0,0.0,51.0,0.0,0.0,0.0,22.0,0.0,0.0,0.0,4.0,0.0,0.0,0.0,0.0
ctx-lh-medialorbitofrontal,0.0,20.0,0.0,0.0,0.0,259.0,1.0,0.0,0.0,21.0,0.0,0.0,1054.0,0.0,1786.0,0.0,0.0,0.0,4.0,32.0,26.0,0.0,0.0,2.0,0.0,0.0,540.0,543.0,378.0,0.0,0.0,0.0,0.0,0.0,0.0,14.0,2.0,0.0,0.0,1.0,0.0,0.0,0.0,4.0,0.0,0.0,25.0,0.0,83.0,0.0,0.0,0.0,0.0,5.0,2.0,0.0,0.0,0.0,0.0,0.0,82.0,23.0,20.0,0.0,0.0,0.0,0.0,0.0
ctx-lh-middletemporal,607.0,0.0,0.0,3.0,56.0,0.0,256.0,485.0,1752.0,74.0,7.0,98.0,9.0,26.0,0.0,3244.0,0.0,10.0,0.0,0.0,0.0,11.0,14.0,1.0,5.0,22.0,0.0,0.0,3.0,27.0,751.0,79.0,145.0,27.0,0.0,0.0,0.0,0.0,0.0,0.0,0.0,0.0,0.0,0.0,1.0,1.0,0.0,1.0,0.0,0.0,0.0,0.0,0.0,0.0,0.0,0.0,0.0,1.0,0.0,8.0,0.0,0.0,0.0,5.0,0.0,0.0,0.0,0.0
ctx-lh-paracentral,0.0,23.0,23.0,0.0,0.0,0.0,0.0,3.0,0.0,4.0,5.0,0.0,0.0,0.0,0.0,0.0,1591.0,0.0,6.0,0.0,0.0,1.0,447.0,251.0,1046.0,180.0,0.0,0.0,576.0,194.0,1.0,3.0,0.0,0.0,0.0,7.0,4.0,0.0,0.0,0.0,0.0,1.0,0.0,1.0,4.0,1.0,0.0,0.0,0.0,0.0,145.0,0.0,1.0,0.0,0.0,0.0,14.0,52.0,24.0,9.0,0.0,0.0,43.0,9.0,0.0,2.0,0.0,0.0
ctx-lh-parahippocampal,1.0,0.0,0.0,3.0,172.0,0.0,356.0,13.0,36.0,3.0,65.0,11.0,0.0,264.0,0.0,10.0,0.0,537.0,0.0,0.0,0.0,2.0,0.0,0.0,0.0,13.0,0.0,0.0,0.0,10.0,3.0,0.0,3.0,0.0,0.0,0.0,0.0,1.0,0.0,0.0,0.0,0.0,1.0,0.0,2.0,1.0,0.0,0.0,0.0,0.0,0.0,0.0,0.0,0.0,0.0,0.0,0.0,0.0,0.0,2.0,0.0,0.0,0.0,1.0,0.0,0.0,0.0,0.0
ctx-lh-parsopercularis,1.0,26.0,396.0,0.0,0.0,1.0,0.0,2.0,0.0,253.0,0.0,0.0,24.0,0.0,4.0,0.0,6.0,0.0,1695.0,5.0,610.0,0.0,80.0,2.0,621.0,2.0,7.0,428.0,146.0,8.0,4.0,31.0,0.0,0.0,0.0,13.0,1.0,0.0,0.0,0.0,0.0,0.0,0.0,1.0,0.0,0.0,0.0,0.0,2.0,0.0,0.0,0.0,0.0,0.0,3.0,0.0,0.0,1.0,1.0,0.0,3.0,11.0,20.0,0.0,0.0,0.0,0.0,0.0
ctx-lh-parsorbitalis,0.0,2.0,2.0,0.0,0.0,6.0,0.0,0.0,1.0,24.0,0.0,0.0,564.0,0.0,32.0,0.0,0.0,0.0,5.0,476.0,402.0,0.0,0.0,0.0,0.0,0.0,14.0,420.0,27.0,0.0,0.0,0.0,0.0,0.0,0.0,1.0,0.0,0.0,0.0,1.0,0.0,0.0,0.0,1.0,0.0,0.0,3.0,0.0,6.0,0.0,0.0,0.0,0.0,0.0,1.0,0.0,0.0,0.0,0.0,0.0,5.0,7.0,5.0,0.0,0.0,0.0,0.0,0.0
ctx-lh-parstriangularis,0.0,7.0,45.0,0.0,0.0,3.0,0.0,0.0,0.0,123.0,0.0,0.0,358.0,0.0,26.0,0.0,0.0,0.0,610.0,402.0,1156.0,0.0,3.0,0.0,22.0,0.0,18.0,599.0,68.0,0.0,0.0,0.0,0.0,0.0,0.0,7.0,0.0,0.0,0.0,0.0,0.0,0.0,0.0,1.0,0.0,0.0,2.0,0.0,3.0,0.0,0.0,0.0,0.0,1.0,1.0,0.0,0.0,0.0,0.0,0.0,8.0,8.0,12.0,0.0,0.0,0.0,0.0,0.0
ctx-lh-pericalcarine,0.0,0.0,0.0,1263.0,0.0,0.0,102.0,28.0,23.0,0.0,9.0,699.0,0.0,1348.0,0.0,11.0,1.0,2.0,0.0,0.0,0.0,763.0,0.0,0.0,1.0,125.0,0.0,0.0,0.0,235.0,5.0,0.0,2.0,0.0,0.0,1.0,0.0,15.0,0.0,0.0,1.0,1.0,1.0,1.0,2.0,2.0,0.0,11.0,0.0,1.0,0.0,0.0,0.0,0.0,0.0,14.0,0.0,0.0,0.0,9.0,0.0,0.0,0.0,1.0,0.0,0.0,0.0,0.0
ctx-lh-postcentral,3.0,6.0,58.0,0.0,0.0,0.0,2.0,45.0,2.0,321.0,1.0,2.0,1.0,0.0,0.0,14.0,447.0,0.0,80.0,0.0,3.0,0.0,5799.0,37.0,2170.0,96.0,0.0,4.0,63.0,893.0,10.0,1240.0,0.0,5.0,0.0,3.0,0.0,0.0,0.0,0.0,0.0,0.0,0.0,2.0,5.0,1.0,0.0,0.0,0.0,0.0,14.0,0.0,0.0,0.0,0.0,0.0,0.0,23.0,2.0,11.0,0.0,0.0,14.0,7.0,1.0,1.0,0.0,0.0
ctx-lh-posteriorcingulate,2.0,316.0,14.0,0.0,0.0,0.0,2.0,16.0,1.0,9.0,333.0,0.0,0.0,2.0,2.0,1.0,251.0,0.0,2.0,0.0,0.0,0.0,37.0,1131.0,75.0,364.0,5.0,2.0,360.0,149.0,6.0,11.0,0.0,2.0,2.0,35.0,4.0,2.0,0.0,0.0,1.0,6.0,1.0,8.0,64.0,1.0,0.0,1.0,1.0,1.0,70.0,0.0,2.0,0.0,0.0,0.0,10.0,275.0,24.0,70.0,1.0,3.0,60.0,37.0,4.0,7.0,0.0,1.0
ctx-lh-precentral,2.0,34.0,1216.0,0.0,0.0,0.0,1.0,22.0,1.0,316.0,1.0,0.0,2.0,0.0,0.0,5.0,1046.0,0.0,621.0,0.0,22.0,1.0,2170.0,75.0,7738.0,52.0,1.0,63.0,856.0,278.0,6.0,239.0,0.0,0.0,0.0,10.0,5.0,0.0,0.0,0.0,0.0,0.0,0.0,0.0,3.0,0.0,0.0,0.0,0.0,1.0,22.0,0.0,2.0,1.0,0.0,0.0,3.0,48.0,19.0,9.0,5.0,2.0,67.0,7.0,0.0,4.0,0.0,0.0
ctx-lh-precuneus,3.0,9.0,3.0,147.0,1.0,0.0,66.0,188.0,28.0,16.0,939.0,152.0,1.0,217.0,0.0,22.0,180.0,13.0,2.0,0.0,0.0,125.0,96.0,364.0,52.0,3915.0,1.0,0.0,26.0,2234.0,18.0,26.0,2.0,6.0,3.0,0.0,2.0,5.0,0.0,0.0,8.0,25.0,5.0,4.0,38.0,13.0,0.0,99.0,0.0,4.0,13.0,4.0,0.0,0.0,0.0,11.0,4.0,41.0,5.0,146.0,0.0,0.0,6.0,53.0,17.0,3.0,0.0,4.0
ctx-lh-rostralanteriorcingulate,0.0,323.0,11.0,0.0,0.0,11.0,0.0,0.0,0.0,11.0,0.0,0.0,107.0,0.0,540.0,0.0,0.0,0.0,7.0,14.0,18.0,0.0,0.0,5.0,1.0,1.0,1103.0,266.0,558.0,0.0,1.0,0.0,0.0,0.0,0.0,56.0,3.0,0.0,0.0,4.0,0.0,0.0,0.0,8.0,0.0,0.0,33.0,0.0,85.0,0.0,0.0,0.0,1.0,4.0,15.0,0.0,0.0,3.0,1.0,0.0,193.0,47.0,68.0,0.0,0.0,0.0,0.0,0.0
ctx-lh-rostralmiddlefrontal,0.0,155.0,1240.0,1.0,0.0,186.0,0.0,1.0,0.0,145.0,0.0,0.0,872.0,0.0,543.0,0.0,0.0,0.0,428.0,420.0,599.0,0.0,4.0,2.0,63.0,0.0,266.0,8121.0,2254.0,2.0,0.0,2.0,0.0,0.0,0.0,57.0,6.0,0.0,0.0,3.0,0.0,0.0,0.0,8.0,0.0,0.0,26.0,0.0,16.0,0.0,0.0,0.0,8.0,4.0,18.0,0.0,0.0,1.0,5.0,0.0,62.0,72.0,144.0,0.0,0.0,0.0,0.0,0.0
ctx-lh-superiorfrontal,0.0,955.0,1271.0,0.0,0.0,146.0,0.0,1.0,0.0,85.0,5.0,0.0,106.0,0.0,378.0,3.0,576.0,0.0,146.0,27.0,68.0,0.0,63.0,360.0,856.0,26.0,558.0,2254.0,11558.0,43.0,0.0,15.0,0.0,0.0,0.0,160.0,40.0,0.0,0.0,2.0,0.0,1.0,0.0,11.0,1.0,0.0,14.0,0.0,20.0,0.0,46.0,0.0,15.0,10.0,24.0,0.0,12.0,77.0,43.0,7.0,73.0,95.0,357.0,4.0,1.0,1.0,0.0,0.0
ctx-lh-superiorparietal,17.0,10.0,21.0,914.0,0.0,0.0,53.0,1188.0,53.0,86.0,125.0,639.0,1.0,110.0,0.0,27.0,194.0,10.0,8.0,0.0,0.0,235.0,893.0,149.0,278.0,2234.0,0.0,2.0,43.0,6630.0,47.0,535.0,1.0,30.0,5.0,3.0,3.0,13.0,0.0,0.0,0.0,21.0,6.0,9.0,45.0,7.0,0.0,9.0,0.0,8.0,17.0,0.0,0.0,0.0,0.0,3.0,3.0,52.0,5.0,97.0,0.0,0.0,7.0,49.0,13.0,6.0,0.0,5.0
ctx-lh-superiortemporal,617.0,0.0,0.0,0.0,28.0,0.0,79.0,231.0,188.0,182.0,5.0,13.0,7.0,8.0,0.0,751.0,1.0,3.0,4.0,0.0,0.0,5.0,10.0,6.0,6.0,18.0,1.0,0.0,0.0,47.0,4350.0,495.0,354.0,658.0,0.0,0.0,0.0,0.0,0.0,0.0,0.0,1.0,0.0,2.0,3.0,0.0,0.0,1.0,0.0,1.0,2.0,0.0,0.0,0.0,0.0,1.0,0.0,2.0,0.0,5.0,0.0,0.0,0.0,5.0,3.0,1.0,0.0,0.0
ctx-lh-supramarginal,205.0,1.0,12.0,1.0,2.0,0.0,14.0,898.0,42.0,358.0,11.0,8.0,1.0,2.0,0.0,79.0,3.0,0.0,31.0,0.0,0.0,0.0,1240.0,11.0,239.0,26.0,0.0,2.0,15.0,535.0,495.0,4659.0,0.0,40.0,0.0,0.0,0.0,1.0,0.0,0.0,1.0,1.0,0.0,0.0,1.0,0.0,0.0,2.0,0.0,1.0,4.0,0.0,0.0,0.0,0.0,1.0,1.0,6.0,0.0,15.0,1.0,1.0,4.0,7.0,4.0,0.0,0.0,0.0
ctx-lh-temporalpole,1.0,0.0,0.0,0.0,247.0,0.0,141.0,1.0,247.0,58.0,0.0,3.0,2.0,2.0,0.0,145.0,0.0,3.0,0.0,0.0,0.0,2.0,0.0,0.0,0.0,2.0,0.0,0.0,0.0,1.0,354.0,0.0,487.0,2.0,0.0,0.0,0.0,0.0,0.0,0.0,0.0,0.0,0.0,0.0,2.0,1.0,0.0,0.0,0.0,0.0,0.0,0.0,0.0,0.0,0.0,0.0,0.0,0.0,0.0,1.0,0.0,0.0,0.0,0.0,0.0,0.0,0.0,0.0
ctx-lh-transversetemporal,19.0,0.0,0.0,0.0,1.0,0.0,4.0,24.0,10.0,71.0,6.0,3.0,1.0,2.0,0.0,27.0,0.0,0.0,0.0,0.0,0.0,0.0,5.0,2.0,0.0,6.0,0.0,0.0,0.0,30.0,658.0,40.0,2.0,418.0,0.0,0.0,0.0,0.0,0.0,0.0,0.0,2.0,1.0,0.0,2.0,0.0,0.0,0.0,0.0,0.0,0.0,0.0,0.0,0.0,0.0,0.0,0.0,0.0,1.0,4.0,0.0,0.0,0.0,6.0,1.0,0.0,0.0,1.0
ctx-rh-bankssts,0.0,0.0,0.0,0.0,0.0,0.0,0.0,0.0,0.0,0.0,3.0,0.0,0.0,1.0,0.0,0.0,0.0,0.0,0.0,0.0,0.0,0.0,0.0,2.0,0.0,3.0,0.0,0.0,0.0,5.0,0.0,0.0,0.0,0.0,810.0,0.0,0.0,3.0,0.0,0.0,5.0,446.0,86.0,13.0,5.0,5.0,0.0,4.0,0.0,675.0,0.0,0.0,1.0,0.0,0.0,2.0,7.0,3.0,4.0,20.0,0.0,0.0,1.0,35.0,758.0,217.0,0.0,10.0
ctx-rh-caudalanteriorcingulate,0.0,98.0,39.0,0.0,0.0,0.0,0.0,0.0,0.0,4.0,0.0,0.0,9.0,0.0,14.0,0.0,7.0,0.0,13.0,1.0,7.0,1.0,3.0,35.0,10.0,0.0,56.0,57.0,160.0,3.0,0.0,0.0,0.0,0.0,0.0,512.0,66.0,0.0,0.0,3.0,0.0,0.0,0.0,28.0,9.0,0.0,7.0,0.0,18.0,0.0,43.0,0.0,37.0,2.0,21.0,0.0,6.0,388.0,41.0,10.0,189.0,141.0,949.0,4.0,0.0,3.0,0.0,0.0
ctx-rh-caudalmiddlefrontal,0.0,13.0,3.0,0.0,0.0,0.0,0.0,0.0,0.0,0.0,0.0,0.0,0.0,0.0,2.0,0.0,4.0,0.0,1.0,0.0,0.0,0.0,0.0,4.0,5.0,2.0,3.0,6.0,40.0,3.0,0.0,0.0,0.0,0.0,0.0,66.0,3469.0,0.0,0.0,0.0,0.0,2.0,0.0,45.0,0.0,0.0,4.0,0.0,0.0,0.0,16.0,0.0,349.0,1.0,59.0,0.0,44.0,17.0,1048.0,4.0,3.0,1051.0,1124.0,12.0,2.0,12.0,0.0,0.0
ctx-rh-cuneus,0.0,0.0,0.0,27.0,0.0,0.0,1.0,3.0,1.0,2.0,2.0,2.0,0.0,5.0,0.0,0.0,0.0,1.0,0.0,0.0,0.0,15.0,0.0,2.0,0.0,5.0,0.0,0.0,0.0,13.0,0.0,1.0,0.0,0.0,3.0,0.0,0.0,1359.0,0.0,0.0,18.0,26.0,21.0,1.0,9.0,550.0,0.0,192.0,0.0,8.0,0.0,2.0,0.0,0.0,0.0,1277.0,0.0,1.0,0.0,383.0,0.0,0.0,0.0,645.0,4.0,0.0,0.0,0.0
ctx-rh-entorhinal,0.0,0.0,0.0,0.0,0.0,0.0,0.0,0.0,0.0,0.0,0.0,0.0,0.0,0.0,0.0,0.0,0.0,0.0,0.0,0.0,0.0,0.0,0.0,0.0,0.0,0.0,0.0,0.0,0.0,0.0,0.0,0.0,0.0,0.0,0.0,0.0,0.0,0.0,181.0,0.0,348.0,1.0,133.0,5.0,2.0,1.0,2.0,0.0,0.0,30.0,0.0,134.0,0.0,0.0,0.0,1.0,0.0,0.0,0.0,0.0,0.0,0.0,0.0,0.0,5.0,0.0,178.0,0.0
ctx-rh-frontalpole,0.0,1.0,0.0,0.0,0.0,0.0,0.0,0.0,0.0,0.0,0.0,0.0,1.0,0.0,1.0,0.0,0.0,0.0,0.0,1.0,0.0,0.0,0.0,0.0,0.0,0.0,4.0,3.0,2.0,0.0,0.0,0.0,0.0,0.0,0.0,3.0,0.0,0.0,0.0,35.0,0.0,0.0,0.0,4.0,0.0,0.0,88.0,0.0,256.0,0.0,0.0,0.0,0.0,5.0,1.0,0.0,0.0,0.0,0.0,0.0,6.0,136.0,98.0,0.0,0.0,0.0,0.0,0.0
ctx-rh-fusiform,0.0,0.0,0.0,0.0,0.0,0.0,0.0,1.0,0.0,0.0,2.0,0.0,0.0,4.0,0.0,0.0,0.0,0.0,0.0,0.0,0.0,1.0,0.0,1.0,0.0,8.0,0.0,0.0,0.0,0.0,0.0,1.0,0.0,0.0,5.0,0.0,0.0,18.0,348.0,0.0,3328.0,88.0,1610.0,14.0,13.0,1139.0,3.0,880.0,0.0,140.0,0.0,316.0,0.0,0.0,1.0,126.0,0.0,0.0,0.0,46.0,1.0,0.0,0.0,47.0,38.0,0.0,92.0,2.0
ctx-rh-inferiorparietal,1.0,2.0,0.0,1.0,0.0,0.0,1.0,6.0,1.0,1.0,16.0,4.0,0.0,1.0,0.0,0.0,1.0,0.0,0.0,0.0,0.0,1.0,0.0,6.0,0.0,25.0,0.0,0.0,1.0,21.0,1.0,1.0,0.0,2.0,446.0,0.0,2.0,26.0,1.0,0.0,88.0,7408.0,374.0,106.0,15.0,790.0,2.0,45.0,0.0,757.0,13.0,3.0,8.0,0.0,0.0,19.0,127.0,29.0,52.0,280.0,0.0,0.0,1.0,1702.0,260.0,1135.0,1.0,28.0
ctx-rh-inferiortemporal,1.0,0.0,0.0,1.0,0.0,0.0,0.0,1.0,0.0,0.0,2.0,1.0,0.0,2.0,0.0,0.0,0.0,1.0,0.0,0.0,0.0,1.0,0.0,1.0,0.0,5.0,0.0,0.0,0.0,6.0,0.0,0.0,0.0,1.0,86.0,0.0,0.0,21.0,133.0,0.0,1610.0,374.0,4553.0,48.0,8.0,477.0,14.0,126.0,0.0,1829.0,1.0,22.0,0.0,0.0,0.0,37.0,0.0,1.0,1.0,57.0,0.0,1.0,1.0,85.0,176.0,14.0,235.0,4.0
ctx-rh-insula,0.0,5.0,5.0,0.0,0.0,1.0,1.0,2.0,1.0,4.0,7.0,1.0,3.0,2.0,4.0,0.0,1.0,0.0,1.0,1.0,1.0,1.0,2.0,8.0,0.0,4.0,8.0,8.0,11.0,9.0,2.0,0.0,0.0,0.0,13.0,28.0,45.0,1.0,5.0,4.0,14.0,106.0,48.0,1302.0,9.0,3.0,379.0,9.0,25.0,110.0,39.0,2.0,209.0,45.0,184.0,3.0,308.0,22.0,296.0,46.0,14.0,144.0,124.0,115.0,221.0,344.0,26.0,53.0
ctx-rh-isthmuscingulate,2.0,0.0,0.0,3.0,0.0,1.0,2.0,17.0,1.0,4.0,41.0,7.0,0.0,3.0,0.0,1.0,4.0,2.0,0.0,0.0,0.0,2.0,5.0,64.0,3.0,38.0,0.0,0.0,1.0,45.0,3.0,1.0,2.0,2.0,5.0,9.0,0.0,9.0,2.0,0.0,13.0,15.0,8.0,9.0,524.0,12.0,0.0,86.0,0.0,2.0,14.0,69.0,1.0,0.0,0.0,5.0,2.0,335.0,1.0,966.0,0.0,0.0,8.0,72.0,9.0,6.0,0.0,5.0
ctx-rh-lateraloccipital,0.0,0.0,0.0,19.0,0.0,0.0,1.0,3.0,2.0,1.0,5.0,2.0,0.0,13.0,0.0,1.0,1.0,1.0,0.0,0.0,0.0,2.0,1.0,1.0,0.0,13.0,0.0,0.0,0.0,7.0,0.0,0.0,1.0,0.0,5.0,0.0,0.0,550.0,1.0,0.0,1139.0,790.0,477.0,3.0,12.0,6304.0,2.0,778.0,0.0,121.0,0.0,9.0,0.0,1.0,0.0,895.0,3.0,0.0,0.0,107.0,0.0,0.0,0.0,441.0,13.0,1.0,1.0,1.0
ctx-rh-lateralorbitofrontal,0.0,3.0,1.0,0.0,0.0,4.0,0.0,0.0,0.0,2.0,0.0,0.0,10.0,0.0,25.0,0.0,0.0,0.0,0.0,3.0,2.0,0.0,0.0,0.0,0.0,0.0,33.0,26.0,14.0,0.0,0.0,0.0,0.0,0.0,0.0,7.0,4.0,0.0,2.0,88.0,3.0,2.0,14.0,379.0,0.0,2.0,2954.0,1.0,870.0,17.0,0.0,0.0,4.0,590.0,242.0,0.0,0.0,2.0,0.0,0.0,91.0,656.0,89.0,2.0,10.0,0.0,9.0,1.0
ctx-rh-lingual,0.0,0.0,0.0,29.0,0.0,0.0,2.0,3.0,1.0,1.0,15.0,4.0,0.0,215.0,0.0,1.0,0.0,0.0,0.0,0.0,0.0,11.0,0.0,1.0,0.0,99.0,0.0,0.0,0.0,9.0,1.0,2.0,0.0,0.0,4.0,0.0,0.0,192.0,0.0,0.0,880.0,45.0,126.0,9.0,86.0,778.0,1.0,4677.0,0.0,38.0,0.0,258.0,0.0,0.0,0.0,1665.0,0.0,1.0,0.0,300.0,0.0,0.0,0.0,77.0,16.0,0.0,0.0,0.0
ctx-rh-medialorbitofrontal,0.0,2.0,0.0,0.0,0.0,1.0,0.0,0.0,0.0,1.0,0.0,0.0,26.0,0.0,83.0,0.0,0.0,0.0,2.0,6.0,3.0,0.0,0.0,1.0,0.0,0.0,85.0,16.0,20.0,0.0,0.0,0.0,0.0,0.0,0.0,18.0,0.0,0.0,0.0,256.0,0.0,0.0,0.0,25.0,0.0,0.0,870.0,0.0,1868.0,2.0,0.0,0.0,0.0,25.0,20.0,0.0,0.0,1.0,0.0,0.0,473.0,493.0,435.0,0.0,0.0,0.0,2.0,0.0
ctx-rh-middletemporal,0.0,0.0,0.0,0.0,0.0,0.0,0.0,0.0,1.0,0.0,8.0,2.0,0.0,0.0,0.0,0.0,0.0,0.0,0.0,0.0,0.0,1.0,0.0,1.0,1.0,4.0,0.0,0.0,0.0,8.0,1.0,1.0,0.0,0.0,675.0,0.0,0.0,8.0,30.0,0.0,140.0,757.0,1829.0,110.0,2.0,121.0,17.0,38.0,2.0,4698.0,3.0,7.0,0.0,0.0,1.0,18.0,3.0,3.0,4.0,46.0,0.0,1.0,1.0,96.0,761.0,49.0,133.0,16.0
ctx-rh-paracentral,0.0,10.0,2.0,0.0,0.0,0.0,0.0,3.0,0.0,4.0,6.0,0.0,0.0,0.0,0.0,0.0,145.0,0.0,0.0,0.0,0.0,0.0,14.0,70.0,22.0,13.0,0.0,0.0,46.0,17.0,2.0,4.0,0.0,0.0,0.0,43.0,16.0,0.0,0.0,0.0,0.0,13.0,1.0,39.0,14.0,0.0,0.0,0.0,0.0,3.0,1870.0,0.0,8.0,0.0,0.0,0.0,515.0,396.0,779.0,248.0,0.0,3.0,569.0,284.0,1.0,16.0,0.0,4.0
ctx-rh-parahippocampal,0.0,0.0,0.0,0.0,0.0,0.0,1.0,1.0,1.0,0.0,0.0,0.0,0.0,0.0,0.0,0.0,0.0,0.0,0.0,0.0,0.0,0.0,0.0,0.0,0.0,4.0,0.0,0.0,0.0,0.0,0.0,0.0,0.0,0.0,0.0,0.0,0.0,2.0,134.0,0.0,316.0,3.0,22.0,2.0,69.0,9.0,0.0,258.0,0.0,7.0,0.0,422.0,0.0,0.0,0.0,8.0,0.0,0.0,0.0,35.0,0.0,0.0,0.0,10.0,2.0,0.0,2.0,0.0
ctx-rh-parsopercularis,0.0,3.0,7.0,0.0,0.0,0.0,0.0,0.0,0.0,2.0,0.0,0.0,0.0,0.0,0.0,0.0,1.0,0.0,0.0,0.0,0.0,0.0,0.0,2.0,2.0,0.0,1.0,8.0,15.0,0.0,0.0,0.0,0.0,0.0,1.0,37.0,349.0,0.0,0.0,0.0,0.0,8.0,0.0,209.0,1.0,0.0,4.0,0.0,0.0,0.0,8.0,0.0,1297.0,12.0,503.0,0.0,53.0,5.0,450.0,1.0,5.0,421.0,157.0,8.0,1.0,12.0,0.0,0.0
ctx-rh-parsorbitalis,0.0,2.0,0.0,0.0,0.0,0.0,0.0,0.0,0.0,0.0,0.0,0.0,2.0,0.0,5.0,0.0,0.0,0.0,0.0,0.0,1.0,0.0,0.0,0.0,1.0,0.0,4.0,4.0,10.0,0.0,0.0,0.0,0.0,0.0,0.0,2.0,1.0,0.0,0.0,5.0,0.0,0.0,0.0,45.0,0.0,1.0,590.0,0.0,25.0,0.0,0.0,0.0,12.0,547.0,506.0,0.0,0.0,0.0,0.0,0.0,20.0,543.0,33.0,0.0,0.0,0.0,0.0,0.0
ctx-rh-parstriangularis,0.0,8.0,1.0,0.0,0.0,0.0,0.0,0.0,0.0,0.0,0.0,0.0,0.0,0.0,2.0,0.0,0.0,0.0,3.0,1.0,1.0,0.0,0.0,0.0,0.0,0.0,15.0,18.0,24.0,0.0,0.0,0.0,0.0,0.0,0.0,21.0,59.0,0.0,0.0,1.0,1.0,0.0,0.0,184.0,0.0,0.0,242.0,0.0,20.0,1.0,0.0,0.0,503.0,506.0,1582.0,0.0,6.0,3.0,30.0,0.0,32.0,948.0,139.0,0.0,1.0,0.0,0.0,0.0
ctx-rh-pericalcarine,0.0,0.0,0.0,37.0,0.0,0.0,0.0,3.0,0.0,0.0,3.0,1.0,0.0,51.0,0.0,0.0,0.0,0.0,0.0,0.0,0.0,14.0,0.0,0.0,0.0,11.0,0.0,0.0,0.0,3.0,1.0,1.0,0.0,0.0,2.0,0.0,0.0,1277.0,1.0,0.0,126.0,19.0,37.0,3.0,5.0,895.0,0.0,1665.0,0.0,18.0,0.0,8.0,0.0,0.0,0.0,1173.0,0.0,1.0,0.0,223.0,0.0,0.0,0.0,147.0,5.0,1.0,0.0,1.0
ctx-rh-postcentral,0.0,0.0,1.0,0.0,0.0,0.0,0.0,0.0,1.0,1.0,1.0,0.0,0.0,0.0,0.0,0.0,14.0,0.0,0.0,0.0,0.0,0.0,0.0,10.0,3.0,4.0,0.0,0.0,12.0,3.0,0.0,1.0,0.0,0.0,7.0,6.0,44.0,0.0,0.0,0.0,0.0,127.0,0.0,308.0,2.0,3.0,0.0,0.0,0.0,3.0,515.0,0.0,53.0,0.0,6.0,0.0,4951.0,28.0,2367.0,93.0,0.0,3.0,76.0,884.0,17.0,1348.0,0.0,1.0
ctx-rh-posteriorcingulate,1.0,18.0,12.0,0.0,0.0,0.0,2.0,4.0,2.0,7.0,24.0,0.0,0.0,0.0,0.0,1.0,52.0,0.0,1.0,0.0,0.0,0.0,23.0,275.0,48.0,41.0,3.0,1.0,77.0,52.0,2.0,6.0,0.0,0.0,3.0,388.0,17.0,1.0,0.0,0.0,0.0,29.0,1.0,22.0,335.0,0.0,2.0,1.0,1.0,3.0,396.0,0.0,5.0,0.0,3.0,1.0,28.0,906.0,68.0,416.0,9.0,7.0,433.0,95.0,8.0,19.0,0.0,4.0
ctx-rh-precentral,0.0,9.0,8.0,0.0,0.0,0.0,0.0,0.0,0.0,1.0,2.0,0.0,0.0,0.0,0.0,0.0,24.0,0.0,1.0,0.0,0.0,0.0,2.0,24.0,19.0,5.0,1.0,5.0,43.0,5.0,0.0,0.0,0.0,1.0,4.0,41.0,1048.0,0.0,0.0,0.0,0.0,52.0,1.0,296.0,1.0,0.0,0.0,0.0,0.0,4.0,779.0,0.0,450.0,0.0,30.0,0.0,2367.0,68.0,8153.0,31.0,4.0,96.0,1229.0,236.0,3.0,275.0,0.0,0.0
ctx-rh-precuneus,2.0,3.0,2.0,6.0,0.0,0.0,11.0,41.0,11.0,8.0,76.0,21.0,0.0,22.0,0.0,8.0,9.0,2.0,0.0,0.0,0.0,9.0,11.0,70.0,9.0,146.0,0.0,0.0,7.0,97.0,5.0,15.0,1.0,4.0,20.0,10.0,4.0,383.0,0.0,0.0,46.0,280.0,57.0,46.0,966.0,107.0,0.0,300.0,0.0,46.0,248.0,35.0,1.0,0.0,0.0,223.0,93.0,416.0,31.0,4264.0,0.0,0.0,12.0,2250.0,57.0,34.0,0.0,25.0
ctx-rh-rostralanteriorcingulate,0.0,13.0,4.0,0.0,0.0,1.0,0.0,0.0,0.0,3.0,0.0,0.0,33.0,0.0,82.0,0.0,0.0,0.0,3.0,5.0,8.0,0.0,0.0,1.0,5.0,0.0,193.0,62.0,73.0,0.0,0.0,1.0,0.0,0.0,0.0,189.0,3.0,0.0,0.0,6.0,1.0,0.0,0.0,14.0,0.0,0.0,91.0,0.0,473.0,0.0,0.0,0.0,5.0,20.0,32.0,0.0,0.0,9.0,4.0,0.0,783.0,180.0,508.0,0.0,0.0,0.0,0.0,0.0
ctx-rh-rostralmiddlefrontal,0.0,54.0,6.0,0.0,0.0,3.0,0.0,0.0,0.0,2.0,0.0,0.0,14.0,0.0,23.0,0.0,0.0,0.0,11.0,7.0,8.0,0.0,0.0,3.0,2.0,0.0,47.0,72.0,95.0,0.0,0.0,1.0,0.0,0.0,0.0,141.0,1051.0,0.0,0.0,136.0,0.0,0.0,1.0,144.0,0.0,0.0,656.0,0.0,493.0,1.0,3.0,0.0,421.0,543.0,948.0,0.0,3.0,7.0,96.0,0.0,180.0,7879.0,2409.0,1.0,0.0,2.0,0.0,0.0
ctx-rh-superiorfrontal,0.0,169.0,61.0,0.0,0.0,1.0,0.0,0.0,0.0,10.0,3.0,0.0,8.0,0.0,20.0,0.0,43.0,0.0,20.0,5.0,12.0,0.0,14.0,60.0,67.0,6.0,68.0,144.0,357.0,7.0,0.0,4.0,0.0,0.0,1.0,949.0,1124.0,0.0,0.0,98.0,0.0,1.0,1.0,124.0,8.0,0.0,89.0,0.0,435.0,1.0,569.0,0.0,157.0,33.0,139.0,0.0,76.0,433.0,1229.0,12.0,508.0,2409.0,10797.0,35.0,0.0,15.0,0.0,0.0
ctx-rh-superiorparietal,1.0,1.0,0.0,5.0,0.0,0.0,4.0,18.0,5.0,2.0,34.0,20.0,0.0,4.0,0.0,5.0,9.0,1.0,0.0,0.0,0.0,1.0,7.0,37.0,7.0,53.0,0.0,0.0,4.0,49.0,5.0,7.0,0.0,6.0,35.0,4.0,12.0,645.0,0.0,0.0,47.0,1702.0,85.0,115.0,72.0,441.0,2.0,77.0,0.0,96.0,284.0,10.0,8.0,0.0,0.0,147.0,884.0,95.0,236.0,2250.0,0.0,1.0,35.0,6430.0,77.0,351.0,0.0,21.0
ctx-rh-superiortemporal,0.0,0.0,0.0,2.0,0.0,0.0,0.0,5.0,0.0,0.0,5.0,1.0,0.0,0.0,0.0,0.0,0.0,0.0,0.0,0.0,0.0,0.0,1.0,4.0,0.0,17.0,0.0,0.0,1.0,13.0,3.0,4.0,0.0,1.0,758.0,0.0,2.0,4.0,5.0,0.0,38.0,260.0,176.0,221.0,9.0,13.0,10.0,16.0,0.0,761.0,1.0,2.0,1.0,0.0,1.0,5.0,17.0,8.0,3.0,57.0,0.0,0.0,0.0,77.0,4920.0,377.0,107.0,653.0
ctx-rh-supramarginal,0.0,0.0,0.0,0.0,0.0,0.0,1.0,0.0,0.0,0.0,3.0,1.0,0.0,0.0,0.0,0.0,2.0,0.0,0.0,0.0,0.0,0.0,1.0,7.0,4.0,3.0,0.0,0.0,1.0,6.0,1.0,0.0,0.0,0.0,217.0,3.0,12.0,0.0,0.0,0.0,0.0,1135.0,14.0,344.0,6.0,1.0,0.0,0.0,0.0,49.0,16.0,0.0,12.0,0.0,0.0,1.0,1348.0,19.0,275.0,34.0,0.0,2.0,15.0,351.0,377.0,3612.0,0.0,27.0
ctx-rh-temporalpole,0.0,0.0,0.0,0.0,0.0,0.0,0.0,0.0,0.0,0.0,0.0,0.0,0.0,0.0,0.0,0.0,0.0,0.0,0.0,0.0,0.0,0.0,0.0,0.0,0.0,0.0,0.0,0.0,0.0,0.0,0.0,0.0,0.0,0.0,0.0,0.0,0.0,0.0,178.0,0.0,92.0,1.0,235.0,26.0,0.0,1.0,9.0,0.0,2.0,133.0,0.0,2.0,0.0,0.0,0.0,0.0,0.0,0.0,0.0,0.0,0.0,0.0,0.0,0.0,107.0,0.0,357.0,0.0
ctx-rh-transversetemporal,1.0,0.0,0.0,0.0,0.0,0.0,2.0,1.0,0.0,0.0,2.0,0.0,0.0,0.0,0.0,0.0,0.0,0.0,0.0,0.0,0.0,0.0,0.0,1.0,0.0,4.0,0.0,0.0,0.0,5.0,0.0,0.0,0.0,1.0,10.0,0.0,0.0,0.0,0.0,0.0,2.0,28.0,4.0,53.0,5.0,1.0,1.0,0.0,0.0,16.0,4.0,0.0,0.0,0.0,0.0,1.0,1.0,4.0,0.0,25.0,0.0,0.0,0.0,21.0,653.0,27.0,0.0,259.0
