,ctx-lh-bankssts,ctx-lh-caudalanteriorcingulate,ctx-lh-caudalmiddlefrontal,ctx-lh-cuneus,ctx-lh-entorhinal,ctx-lh-frontalpole,ctx-lh-fusiform,ctx-lh-inferiorparietal,ctx-lh-inferiortemporal,ctx-lh-insula,ctx-lh-isthmuscingulate,ctx-lh-lateraloccipital,ctx-lh-lateralorbitofrontal,ctx-lh-lingual,ctx-lh-medialorbitofrontal,ctx-lh-middletemporal,ctx-lh-paracentral,ctx-lh-parahippocampal,ctx-lh-parsopercularis,ctx-lh-parsorbitalis,ctx-lh-parstriangularis,ctx-lh-pericalcarine,ctx-lh-postcentral,ctx-lh-posteriorcingulate,ctx-lh-precentral,ctx-lh-precuneus,ctx-lh-rostralanteriorcingulate,ctx-lh-rostralmiddlefrontal,ctx-lh-superiorfrontal,ctx-lh-superiorparietal,ctx-lh-superiortemporal,ctx-lh-supramarginal,ctx-lh-temporalpole,ctx-lh-transversetemporal,ctx-rh-bankssts,ctx-rh-caudalanteriorcingulate,ctx-rh-caudalmiddlefrontal,ctx-rh-cuneus,ctx-rh-entorhinal,ctx-rh-frontalpole,ctx-rh-fusiform,ctx-rh-inferiorparietal,ctx-rh-inferiortemporal,ctx-rh-insula,ctx-rh-isthmuscingulate,ctx-rh-lateraloccipital,ctx-rh-lateralorbitofrontal,ctx-rh-lingual,ctx-rh-medialorbitofrontal,ctx-rh-middletemporal,ctx-rh-paracentral,ctx-rh-parahippocampal,ctx-rh-parsopercularis,ctx-rh-parsorbitalis,ctx-rh-parstriangularis,ctx-rh-pericalcarine,ctx-rh-postcentral,ctx-rh-posteriorcingulate,ctx-rh-precentral,ctx-rh-precuneus,ctx-rh-rostralanteriorcingulate,ctx-rh-rostralmiddlefrontal,ctx-rh-superiorfrontal,ctx-rh-superiorparietal,ctx-rh-superiortemporal,ctx-rh-supramarginal,ctx-rh-temporalpole,ctx-rh-transversetemporal
ctx-lh-bankssts,643.0,0.0,1.0,6.0,1.0,0.0,15.0,386.0,247.0,37.0,6.0,37.0,0.0,3.0,0.0,679.0,1.0,3.0,1.0,0.0,0.0,3.0,22.0,4.0,11.0,17.0,0.0,0.0,1.0,42.0,771.0,258.0,0.0,20.0,1.0,0.0,0.0,0.0,0.0,0.0,1.0,3.0,2.0,1.0,1.0,2.0,0.0,3.0,0.0,1.0,0.0,1.0,0.0,0.0,0.0,0.0,0.0,0.0,0.0,10.0,0.0,0.0,0.0,5.0,1.0,0.0,0.0,0.0
ctx-lh-caudalanteriorcingulate,0.0,389.0,55.0,0.0,0.0,0.0,0.0,0.0,0.0,7.0,10.0,1.0,10.0,0.0,12.0,0.0,20.0,0.0,14.0,0.0,14.0,0.0,2.0,288.0,23.0,30.0,207.0,76.0,630.0,0.0,1.0,0.0,0.0,0.0,0.0,100.0,11.0,0.0,0.0,1.0,0.0,1.0,0.0,4.0,1.0,0.0,2.0,0.0,8.0,0.0,7.0,0.0,7.0,0.0,7.0,0.0,5.0,12.0,25.0,4.0,30.0,38.0,144.0,1.0,0.0,0.0,0.0,1.0
ctx-lh-caudalmiddlefrontal,1.0,55.0,2602.0,0.0,0.0,0.0,0.0,3.0,1.0,38.0,0.0,0.0,4.0,0.0,1.0,0.0,19.0,0.0,309.0,0.0,18.0,0.0,51.0,10.0,1047.0,3.0,3.0,808.0,871.0,19.0,4.0,8.0,0.0,0.0,0.0,38.0,22.0,0.0,0.0,0.0,0.0,0.0,0.0,2.0,1.0,0.0,0.0,0.0,0.0,0.0,7.0,0.0,8.0,0.0,3.0,0.0,1.0,13.0,17.0,4.0,1.0,16.0,98.0,2.0,0.0,0.0,0.0,1.0
ctx-lh-cuneus,6.0,0.0,0.0,1676.0,0.0,0.0,45.0,36.0,27.0,1.0,77.0,535.0,0.0,176.0,0.0,12.0,0.0,4.0,0.0,0.0,0.0,1201.0,1.0,1.0,0.0,207.0,0.0,0.0,0.0,954.0,7.0,4.0,0.0,1.0,1.0,0.0,0.0,17.0,0.0,0.0,3.0,3.0,6.0,1.0,13.0,7.0,0.0,29.0,0.0,0.0,0.0,0.0,0.0,0.0,0.0,20.0,0.0,0.0,0.0,20.0,0.0,0.0,0.0,16.0,4.0,1.0,0.0,0.0
ctx-lh-entorhinal,1.0,0.0,0.0,0.0,131.0,0.0,221.0,0.0,102.0,7.0,0.0,0.0,0.0,0.0,0.0,9.0,0.0,75.0,0.0,0.0,0.0,0.0,0.0,0.0,0.0,0.0,1.0,0.0,0.0,0.0,26.0,1.0,187.0,0.0,0.0,0.0,0.0,0.0,0.0,0.0,0.0,0.0,0.0,0.0,0.0,0.0,0.0,0.0,0.0,0.0,0.0,0.0,0.0,0.0,0.0,0.0,0.0,0.0,0.0,0.0,0.0,0.0,0.0,0.0,0.0,0.0,0.0,0.0
ctx-lh-frontalpole,0.0,0.0,0.0,0.0,0.0,58.0,0.0,0.0,0.0,1.0,0.0,0.0,34.0,0.0,183.0,0.0,0.0,0.0,0.0,3.0,4.0,0.0,0.0,0.0,0.0,0.0,2.0,262.0,95.0,0.0,0.0,0.0,0.0,0.0,0.0,0.0,0.0,0.0,0.0,0.0,0.0,0.0,0.0,0.0,0.0,0.0,0.0,0.0,0.0,0.0,0.0,0.0,0.0,0.0,0.0,0.0,0.0,0.0,0.0,0.0,1.0,0.0,1.0,0.0,0.0,0.0,0.0,0.0
ctx-lh-fusiform,15.0,0.0,0.0,45.0,221.0,0.0,3147.0,71.0,1502.0,62.0,30.0,1312.0,1.0,937.0,0.0,137.0,1.0,207.0,0.0,0.0,1.0,76.0,0.0,0.0,0.0,29.0,0.0,0.0,0.0,46.0,120.0,3.0,136.0,4.0,0.0,0.0,0.0,5.0,0.0,0.0,8.0,3.0,4.0,6.0,2.0,9.0,0.0,6.0,0.0,5.0,0.0,1.0,0.0,0.0,0.0,5.0,0.0,0.0,0.0,16.0,0.0,0.0,0.0,12.0,3.0,1.0,0.0,2.0
ctx-lh-inferiorparietal,386.0,0.0,3.0,36.0,0.0,0.0,71.0,5352.0,186.0,36.0,25.0,1012.0,1.0,31.0,0.0,411.0,0.0,7.0,1.0,0.0,0.0,18.0,82.0,7.0,43.0,176.0,0.0,0.0,1.0,1112.0,209.0,1071.0,1.0,21.0,4.0,0.0,0.0,8.0,0.0,0.0,8.0,4.0,1.0,1.0,14.0,7.0,0.0,9.0,0.0,5.0,0.0,0.0,0.0,0.0,0.0,5.0,1.0,2.0,1.0,49.0,0.0,0.0,0.0,14.0,6.0,1.0,0.0,2.0
ctx-lh-inferiortemporal,247.0,0.0,1.0,27.0,102.0,0.0,1502.0,186.0,3291.0,86.0,14.0,381.0,8.0,122.0,0.0,2021.0,0.0,68.0,0.0,0.0,1.0,15.0,3.0,0.0,3.0,40.0,0.0,1.0,0.0,82.0,405.0,36.0,158.0,27.0,1.0,0.0,0.0,8.0,0.0,0.0,7.0,6.0,11.0,2.0,13.0,10.0,0.0,7.0,0.0,1.0,0.0,2.0,0.0,0.0,0.0,7.0,2.0,1.0,1.0,17.0,0.0,0.0,0.0,8.0,5.0,1.0,0.0,1.0
ctx-lh-insula,37.0,7.0,38.0,1.0,7.0,1.0,62.0,36.0,86.0,1675.0,7.0,7.0,494.0,8.0,59.0,89.0,1.0,11.0,244.0,11.0,145.0,1.0,281.0,3.0,311.0,23.0,27.0,87.0,65.0,57.0,261.0,278.0,11.0,88.0,0.0,6.0,2.0,2.0,0.0,1.0,1.0,0.0,0.0,2.0,8.0,1.0,0.0,1.0,2.0,1.0,5.0,0.0,1.0,0.0,0.0,0.0,2.0,0.0,5.0,14.0,7.0,7.0,13.0,4.0,3.0,2.0,0.0,2.0
ctx-lh-isthmuscingulate,6.0,10.0,0.0,77.0,0.0,0.0,30.0,25.0,14.0,7.0,711.0,50.0,0.0,173.0,0.0,9.0,5.0,63.0,0.0,0.0,0.0,37.0,3.0,301.0,1.0,1012.0,0.0,0.0,14.0,105.0,12.0,9.0,0.0,7.0,3.0,0.0,0.0,8.0,0.0,0.0,5.0,9.0,11.0,6.0,95.0,8.0,0.0,9.0,0.0,10.0,8.0,2.0,0.0,0.0,0.0,7.0,5.0,13.0,4.0,117.0,0.0,0.0,2.0,42.0,13.0,5.0,0.0,3.0
ctx-lh-lateraloccipital,37.0,1.0,0.0,535.0,0.0,0.0,1312.0,1012.0,381.0,7.0,50.0,7258.0,0.0,842.0,1.0,228.0,0.0,8.0,0.0,0.0,0.0,679.0,2.0,0.0,4.0,73.0,0.0,0.0,0.0,537.0,27.0,8.0,1.0,3.0,1.0,0.0,0.0,17.0,0.0,0.0,8.0,3.0,12.0,1.0,10.0,19.0,0.0,12.0,0.0,5.0,0.0,1.0,0.0,0.0,0.0,4.0,1.0,1.0,0.0,39.0,0.0,0.0,0.0,15.0,7.0,1.0,0.0,0.0
ctx-lh-lateralorbitofrontal,0.0,10.0,4.0,0.0,0.0,34.0,1.0,1.0,8.0,494.0,0.0,0.0,3164.0,0.0,1313.0,2.0,0.0,0.0,25.0,520.0,411.0,0.0,1.0,2.0,0.0,0.0,163.0,617.0,58.0,0.0,6.0,0.0,2.0,0.0,0.0,6.0,1.0,0.0,0.0,0.0,0.0,0.0,0.0,2.0,0.0,0.0,2.0,0.0,5.0,0.0,0.0,0.0,0.0,0.0,0.0,0.0,0.0,0.0,0.0,1.0,15.0,4.0,5.0,0.0,0.0,0.0,0.0,0.0
ctx-lh-lingual,3.0,0.0,0.0,176.0,0.0,0.0,937.0,31.0,122.0,8.0,173.0,842.0,0.0,4487.0,0.0,37.0,1.0,201.0,0.0,0.0,0.0,1005.0,0.0,1.0,2.0,115.0,0.0,0.0,1.0,44.0,24.0,1.0,1.0,4.0,2.0,0.0,0.0,16.0,0.0,0.0,11.0,4.0,9.0,4.0,8.0,15.0,0.0,104.0,0.0,3.0,0.0,1.0,0.0,0.0,0.0,11.0,0.0,0.0,1.0,26.0,0.0,0.0,0.0,19.0,1.0,2.0,0.0,0.0
ctx-lh-medialorbitofrontal,0.0,12.0,1.0,0.0,0.0,183.0,0.0,0.0,0.0,59.0,0.0,1.0,1313.0,0.0,1611.0,0.0,0.0,0.0,3.0,60.0,60.0,0.0,0.0,3.0,0.0,0.0,436.0,936.0,197.0,0.0,1.0,0.0,0.0,0.0,0.0,8.0,0.0,0.0,0.0,0.0,0.0,0.0,0.0,1.0,0.0,0.0,2.0,0.0,8.0,0.0,0.0,0.0,1.0,2.0,3.0,0.0,0.0,0.0,0.0,0.0,18.0,6.0,5.0,0.0,0.0,0.0,0.0,0.0
ctx-lh-middletemporal,679.0,0.0,0.0,12.0,9.0,0.0,137.0,411.0,2021.0,89.0,9.0,228.0,2.0,37.0,0.0,2298.0,0.0,11.0,2.0,1.0,0.0,12.0,10.0,0.0,6.0,27.0,0.0,0.0,0.0,54.0,988.0,56.0,49.0,26.0,0.0,0.0,0.0,1.0,0.0,0.0,1.0,5.0,0.0,1.0,9.0,2.0,0.0,3.0,0.0,1.0,0.0,0.0,0.0,0.0,0.0,4.0,2.0,0.0,0.0,21.0,0.0,0.0,0.0,9.0,5.0,1.0,0.0,0.0
ctx-lh-paracentral,1.0,20.0,19.0,0.0,0.0,0.0,1.0,0.0,0.0,1.0,5.0,0.0,0.0,1.0,0.0,0.0,1594.0,0.0,3.0,0.0,1.0,0.0,459.0,310.0,676.0,133.0,1.0,1.0,517.0,107.0,1.0,4.0,0.0,0.0,0.0,12.0,8.0,0.0,0.0,0.0,0.0,0.0,0.0,7.0,7.0,0.0,0.0,0.0,0.0,0.0,49.0,0.0,2.0,0.0,0.0,0.0,10.0,65.0,55.0,18.0,0.0,0.0,52.0,18.0,0.0,1.0,0.0,2.0
ctx-lh-parahippocampal,3.0,0.0,0.0,4.0,75.0,0.0,207.0,7.0,68.0,11.0,63.0,8.0,0.0,201.0,0.0,11.0,0.0,507.0,0.0,0.0,0.0,4.0,0.0,0.0,0.0,10.0,0.0,0.0,0.0,1.0,17.0,1.0,0.0,2.0,0.0,0.0,0.0,0.0,0.0,0.0,1.0,2.0,0.0,1.0,2.0,2.0,0.0,0.0,0.0,1.0,0.0,0.0,0.0,0.0,0.0,0.0,1.0,0.0,0.0,4.0,0.0,0.0,0.0,1.0,2.0,0.0,0.0,0.0
ctx-lh-parsopercularis,1.0,14.0,309.0,0.0,0.0,0.0,0.0,1.0,0.0,244.0,0.0,0.0,25.0,0.0,3.0,2.0,3.0,0.0,1535.0,5.0,364.0,0.0,82.0,5.0,606.0,6.0,3.0,531.0,102.0,17.0,2.0,31.0,0.0,0.0,0.0,12.0,1.0,0.0,0.0,0.0,0.0,0.0,0.0,3.0,0.0,0.0,0.0,0.0,0.0,0.0,1.0,0.0,3.0,0.0,3.0,0.0,0.0,0.0,4.0,0.0,2.0,6.0,24.0,0.0,0.0,0.0,0.0,0.0
ctx-lh-parsorbitalis,0.0,0.0,0.0,0.0,0.0,3.0,0.0,0.0,0.0,11.0,0.0,0.0,520.0,0.0,60.0,1.0,0.0,0.0,5.0,365.0,294.0,0.0,0.0,0.0,0.0,0.0,14.0,351.0,25.0,0.0,0.0,0.0,0.0,0.0,0.0,1.0,0.0,0.0,0.0,0.0,0.0,0.0,0.0,0.0,0.0,0.0,0.0,0.0,0.0,0.0,0.0,0.0,0.0,0.0,0.0,0.0,0.0,0.0,0.0,0.0,1.0,2.0,2.0,0.0,0.0,0.0,0.0,0.0
ctx-lh-parstriangularis,0.0,14.0,18.0,0.0,0.0,4.0,1.0,0.0,1.0,145.0,0.0,0.0,411.0,0.0,60.0,0.0,1.0,0.0,364.0,294.0,1027.0,0.0,2.0,2.0,10.0,0.0,46.0,673.0,92.0,0.0,2.0,0.0,0.0,0.0,0.0,11.0,3.0,0.0,0.0,0.0,0.0,0.0,0.0,0.0,0.0,0.0,3.0,0.0,3.0,0.0,0.0,0.0,1.0,1.0,2.0,0.0,0.0,0.0,0.0,0.0,11.0,12.0,20.0,0.0,0.0,0.0,0.0,0.0
ctx-lh-pericalcarine,3.0,0.0,0.0,1201.0,0.0,0.0,76.0,18.0,15.0,1.0,37.0,679.0,0.0,1005.0,0.0,12.0,0.0,4.0,0.0,0.0,0.0,804.0,0.0,0.0,0.0,67.0,0.0,0.0,0.0,58.0,3.0,1.0,2.0,0.0,0.0,0.0,0.0,8.0,0.0,0.0,2.0,0.0,4.0,0.0,9.0,11.0,0.0,23.0,0.0,0.0,1.0,0.0,0.0,0.0,0.0,11.0,0.0,0.0,0.0,8.0,0.0,0.0,0.0,5.0,1.0,1.0,0.0,0.0
ctx-lh-postcentral,22.0,2.0,51.0,1.0,0.0,0.0,0.0,82.0,3.0,281.0,3.0,2.0,1.0,0.0,0.0,10.0,459.0,0.0,82.0,0.0,2.0,0.0,5760.0,25.0,2326.0,117.0,1.0,11.0,47.0,788.0,46.0,1258.0,0.0,35.0,0.0,3.0,5.0,0.0,0.0,0.0,1.0,3.0,0.0,3.0,9.0,1.0,0.0,0.0,0.0,3.0,22.0,0.0,0.0,0.0,0.0,1.0,3.0,25.0,18.0,25.0,0.0,0.0,14.0,13.0,5.0,4.0,0.0,1.0
ctx-lh-posteriorcingulate,4.0,288.0,10.0,1.0,0.0,0.0,0.0,7.0,0.0,3.0,301.0,0.0,2.0,1.0,3.0,0.0,310.0,0.0,5.0,0.0,2.0,0.0,25.0,942.0,58.0,538.0,16.0,8.0,344.0,49.0,6.0,6.0,0.0,0.0,3.0,17.0,4.0,1.0,0.0,0.0,1.0,2.0,2.0,3.0,41.0,2.0,2.0,2.0,0.0,2.0,66.0,0.0,5.0,0.0,0.0,0.0,12.0,111.0,46.0,73.0,2.0,3.0,79.0,25.0,6.0,7.0,0.0,6.0
ctx-lh-precentral,11.0,23.0,1047.0,0.0,0.0,0.0,0.0,43.0,3.0,311.0,1.0,4.0,0.0,2.0,0.0,6.0,676.0,0.0,606.0,0.0,10.0,0.0,2326.0,58.0,6647.0,41.0,1.0,89.0,917.0,231.0,24.0,195.0,0.0,10.0,0.0,22.0,15.0,0.0,0.0,0.0,0.0,3.0,0.0,3.0,5.0,0.0,0.0,0.0,1.0,0.0,61.0,0.0,4.0,0.0,2.0,0.0,3.0,62.0,68.0,19.0,1.0,5.0,102.0,14.0,2.0,5.0,0.0,1.0
ctx-lh-precuneus,17.0,30.0,3.0,207.0,0.0,0.0,29.0,176.0,40.0,23.0,1012.0,73.0,0.0,115.0,0.0,27.0,133.0,10.0,6.0,0.0,0.0,67.0,117.0,538.0,41.0,3396.0,3.0,0.0,26.0,1818.0,43.0,39.0,0.0,19.0,5.0,2.0,0.0,28.0,1.0,0.0,17.0,19.0,15.0,14.0,113.0,26.0,0.0,24.0,0.0,15.0,31.0,7.0,0.0,0.0,0.0,11.0,19.0,58.0,20.0,206.0,0.0,1.0,11.0,104.0,24.0,16.0,0.0,10.0
ctx-lh-rostralanteriorcingulate,0.0,207.0,3.0,0.0,1.0,2.0,0.0,0.0,0.0,27.0,0.0,0.0,163.0,0.0,436.0,0.0,1.0,0.0,3.0,14.0,46.0,0.0,1.0,16.0,1.0,3.0,921.0,190.0,450.0,0.0,0.0,0.0,0.0,0.0,0.0,49.0,0.0,0.0,0.0,1.0,0.0,0.0,0.0,5.0,0.0,0.0,5.0,0.0,22.0,0.0,1.0,0.0,0.0,6.0,8.0,0.0,0.0,2.0,1.0,0.0,125.0,25.0,56.0,0.0,0.0,0.0,0.0,0.0
ctx-lh-rostralmiddlefrontal,0.0,76.0,808.0,0.0,0.0,262.0,0.0,0.0,1.0,87.0,0.0,0.0,617.0,0.0,936.0,0.0,1.0,0.0,531.0,351.0,673.0,0.0,11.0,8.0,89.0,0.0,190.0,5720.0,2284.0,2.0,0.0,6.0,0.0,0.0,0.0,81.0,9.0,0.0,0.0,1.0,0.0,0.0,0.0,1.0,0.0,0.0,4.0,0.0,9.0,0.0,0.0,0.0,10.0,5.0,21.0,0.0,0.0,5.0,15.0,0.0,39.0,65.0,146.0,1.0,0.0,0.0,0.0,0.0
ctx-lh-superiorfrontal,1.0,630.0,871.0,0.0,0.0,95.0,0.0,1.0,0.0,65.0,14.0,0.0,58.0,1.0,197.0,0.0,517.0,0.0,102.0,25.0,92.0,0.0,47.0,344.0,917.0,26.0,450.0,2284.0,8849.0,12.0,2.0,1.0,0.0,0.0,0.0,178.0,66.0,0.0,0.0,1.0,0.0,1.0,0.0,19.0,2.0,0.0,1.0,0.0,14.0,0.0,37.0,0.0,20.0,5.0,18.0,0.0,4.0,63.0,109.0,4.0,45.0,117.0,498.0,10.0,1.0,1.0,0.0,0.0
ctx-lh-superiorparietal,42.0,0.0,19.0,954.0,0.0,0.0,46.0,1112.0,82.0,57.0,105.0,537.0,0.0,44.0,0.0,54.0,107.0,1.0,17.0,0.0,0.0,58.0,788.0,49.0,231.0,1818.0,0.0,2.0,12.0,6281.0,70.0,559.0,2.0,35.0,6.0,0.0,0.0,19.0,0.0,0.0,12.0,21.0,16.0,9.0,67.0,23.0,0.0,15.0,0.0,5.0,20.0,2.0,1.0,0.0,0.0,5.0,16.0,27.0,17.0,141.0,0.0,0.0,8.0,40.0,14.0,5.0,0.0,5.0
ctx-lh-superiortemporal,771.0,1.0,4.0,7.0,26.0,0.0,120.0,209.0,405.0,261.0,12.0,27.0,6.0,24.0,1.0,988.0,1.0,17.0,2.0,0.0,2.0,3.0,46.0,6.0,24.0,43.0,0.0,0.0,2.0,70.0,3971.0,401.0,163.0,700.0,1.0,0.0,0.0,1.0,0.0,0.0,3.0,1.0,2.0,2.0,10.0,4.0,0.0,2.0,0.0,1.0,1.0,0.0,0.0,0.0,0.0,0.0,1.0,4.0,1.0,24.0,0.0,0.0,0.0,19.0,5.0,2.0,0.0,2.0
ctx-lh-supramarginal,258.0,0.0,8.0,4.0,1.0,0.0,3.0,1071.0,36.0,278.0,9.0,8.0,0.0,1.0,0.0,56.0,4.0,1.0,31.0,0.0,0.0,1.0,1258.0,6.0,195.0,39.0,0.0,6.0,1.0,559.0,401.0,3983.0,0.0,54.0,3.0,1.0,0.0,1.0,0.0,0.0,0.0,1.0,0.0,0.0,6.0,2.0,0.0,1.0,0.0,0.0,5.0,0.0,0.0,0.0,0.0,0.0,1.0,1.0,1.0,14.0,0.0,0.0,6.0,11.0,3.0,2.0,0.0,2.0
ctx-lh-temporalpole,0.0,0.0,0.0,0.0,187.0,0.0,136.0,1.0,158.0,11.0,0.0,1.0,2.0,1.0,0.0,49.0,0.0,0.0,0.0,0.0,0.0,2.0,0.0,0.0,0.0,0.0,0.0,0.0,0.0,2.0,163.0,0.0,429.0,1.0,0.0,0.0,0.0,0.0,0.0,0.0,0.0,0.0,0.0,0.0,1.0,0.0,0.0,1.0,0.0,0.0,0.0,0.0,0.0,0.0,0.0,0.0,0.0,0.0,0.0,0.0,0.0,0.0,0.0,0.0,0.0,0.0,0.0,0.0
ctx-lh-transversetemporal,20.0,0.0,0.0,1.0,0.0,0.0,4.0,21.0,27.0,88.0,7.0,3.0,0.0,4.0,0.0,26.0,0.0,2.0,0.0,0.0,0.0,0.0,35.0,0.0,10.0,19.0,0.0,0.0,0.0,35.0,700.0,54.0,1.0,508.0,1.0,0.0,0.0,0.0,0.0,0.0,2.0,1.0,0.0,1.0,6.0,2.0,0.0,1.0,0.0,0.0,0.0,0.0,0.0,0.0,0.0,0.0,0.0,0.0,0.0,11.0,0.0,0.0,1.0,4.0,0.0,2.0,0.0,1.0
ctx-rh-bankssts,1.0,0.0,0.0,1.0,0.0,0.0,0.0,4.0,1.0,0.0,3.0,1.0,0.0,2.0,0.0,0.0,0.0,0.0,0.0,0.0,0.0,0.0,0.0,3.0,0.0,5.0,0.0,0.0,0.0,6.0,1.0,3.0,0.0,1.0,808.0,0.0,0.0,2.0,0.0,0.0,24.0,326.0,233.0,28.0,11.0,20.0,0.0,6.0,0.0,611.0,1.0,1.0,2.0,0.0,1.0,3.0,27.0,0.0,15.0,48.0,0.0,0.0,0.0,53.0,860.0,421.0,0.0,17.0
ctx-rh-caudalanteriorcingulate,0.0,100.0,38.0,0.0,0.0,0.0,0.0,0.0,0.0,6.0,0.0,0.0,6.0,0.0,8.0,0.0,12.0,0.0,12.0,1.0,11.0,0.0,3.0,17.0,22.0,2.0,49.0,81.0,178.0,0.0,0.0,1.0,0.0,0.0,0.0,600.0,20.0,0.0,0.0,2.0,0.0,0.0,0.0,18.0,5.0,0.0,10.0,0.0,17.0,0.0,20.0,0.0,21.0,6.0,29.0,0.0,2.0,265.0,20.0,7.0,229.0,141.0,714.0,4.0,1.0,3.0,0.0,1.0
ctx-rh-caudalmiddlefrontal,0.0,11.0,22.0,0.0,0.0,0.0,0.0,0.0,0.0,2.0,0.0,0.0,1.0,0.0,0.0,0.0,8.0,0.0,1.0,0.0,3.0,0.0,5.0,4.0,15.0,0.0,0.0,9.0,66.0,0.0,0.0,0.0,0.0,0.0,0.0,20.0,1954.0,0.0,0.0,0.0,0.0,9.0,0.0,29.0,0.0,0.0,0.0,0.0,0.0,0.0,9.0,0.0,295.0,0.0,41.0,0.0,47.0,6.0,1053.0,0.0,3.0,806.0,718.0,14.0,0.0,6.0,0.0,0.0
ctx-rh-cuneus,0.0,0.0,0.0,17.0,0.0,0.0,5.0,8.0,8.0,2.0,8.0,17.0,0.0,16.0,0.0,1.0,0.0,0.0,0.0,0.0,0.0,8.0,0.0,1.0,0.0,28.0,0.0,0.0,0.0,19.0,1.0,1.0,0.0,0.0,2.0,0.0,0.0,1917.0,0.0,0.0,43.0,28.0,17.0,2.0,62.0,813.0,0.0,238.0,0.0,12.0,1.0,10.0,0.0,0.0,0.0,1767.0,2.0,1.0,0.0,415.0,0.0,0.0,0.0,696.0,10.0,3.0,0.0,2.0
ctx-rh-entorhinal,0.0,0.0,0.0,0.0,0.0,0.0,0.0,0.0,0.0,0.0,0.0,0.0,0.0,0.0,0.0,0.0,0.0,0.0,0.0,0.0,0.0,0.0,0.0,0.0,0.0,1.0,0.0,0.0,0.0,0.0,0.0,0.0,0.0,0.0,0.0,0.0,0.0,0.0,123.0,0.0,174.0,1.0,190.0,3.0,0.0,0.0,1.0,1.0,0.0,10.0,0.0,106.0,0.0,0.0,0.0,0.0,0.0,0.0,0.0,1.0,0.0,0.0,0.0,0.0,5.0,0.0,243.0,0.0
ctx-rh-frontalpole,0.0,1.0,0.0,0.0,0.0,0.0,0.0,0.0,0.0,1.0,0.0,0.0,0.0,0.0,0.0,0.0,0.0,0.0,0.0,0.0,0.0,0.0,0.0,0.0,0.0,0.0,1.0,1.0,1.0,0.0,0.0,0.0,0.0,0.0,0.0,2.0,0.0,0.0,0.0,64.0,0.0,0.0,0.0,4.0,0.0,0.0,120.0,0.0,310.0,1.0,0.0,0.0,0.0,13.0,4.0,0.0,0.0,0.0,0.0,0.0,6.0,181.0,43.0,0.0,0.0,0.0,0.0,0.0
ctx-rh-fusiform,1.0,0.0,0.0,3.0,0.0,0.0,8.0,8.0,7.0,1.0,5.0,8.0,0.0,11.0,0.0,1.0,0.0,1.0,0.0,0.0,0.0,2.0,1.0,1.0,0.0,17.0,0.0,0.0,0.0,12.0,3.0,0.0,0.0,2.0,24.0,0.0,0.0,43.0,174.0,0.0,3118.0,33.0,1385.0,58.0,17.0,1289.0,8.0,698.0,1.0,250.0,0.0,141.0,0.0,0.0,0.0,90.0,2.0,1.0,0.0,41.0,0.0,1.0,0.0,37.0,122.0,3.0,133.0,0.0
ctx-rh-inferiorparietal,3.0,1.0,0.0,3.0,0.0,0.0,3.0,4.0,6.0,0.0,9.0,3.0,0.0,4.0,0.0,5.0,0.0,2.0,0.0,0.0,0.0,0.0,3.0,2.0,3.0,19.0,0.0,0.0,1.0,21.0,1.0,1.0,0.0,1.0,326.0,0.0,9.0,28.0,1.0,0.0,33.0,5322.0,147.0,52.0,18.0,665.0,1.0,12.0,0.0,612.0,5.0,3.0,14.0,0.0,0.0,14.0,144.0,2.0,58.0,141.0,0.0,0.0,4.0,1249.0,132.0,1418.0,0.0,16.0
ctx-rh-inferiortemporal,2.0,0.0,0.0,6.0,0.0,0.0,4.0,1.0,11.0,0.0,11.0,12.0,0.0,9.0,0.0,0.0,0.0,0.0,0.0,0.0,0.0,4.0,0.0,2.0,0.0,15.0,0.0,0.0,0.0,16.0,2.0,0.0,0.0,0.0,233.0,0.0,0.0,17.0,190.0,0.0,1385.0,147.0,2591.0,88.0,9.0,297.0,9.0,64.0,0.0,1713.0,0.0,45.0,0.0,0.0,0.0,18.0,4.0,3.0,2.0,45.0,0.0,0.0,0.0,69.0,320.0,20.0,254.0,3.0
ctx-rh-insula,1.0,4.0,2.0,1.0,0.0,0.0,6.0,1.0,2.0,2.0,6.0,1.0,2.0,4.0,1.0,1.0,7.0,1.0,3.0,0.0,0.0,0.0,3.0,3.0,3.0,14.0,5.0,1.0,19.0,9.0,2.0,0.0,0.0,1.0,28.0,18.0,29.0,2.0,3.0,4.0,58.0,52.0,88.0,1663.0,10.0,15.0,456.0,10.0,35.0,168.0,7.0,12.0,174.0,33.0,221.0,2.0,224.0,5.0,233.0,37.0,14.0,157.0,89.0,96.0,362.0,302.0,21.0,79.0
ctx-rh-isthmuscingulate,1.0,1.0,1.0,13.0,0.0,0.0,2.0,14.0,13.0,8.0,95.0,10.0,0.0,8.0,0.0,9.0,7.0,2.0,0.0,0.0,0.0,9.0,9.0,41.0,5.0,113.0,0.0,0.0,2.0,67.0,10.0,6.0,1.0,6.0,11.0,5.0,0.0,62.0,0.0,0.0,17.0,18.0,9.0,10.0,862.0,36.0,0.0,118.0,0.0,10.0,14.0,84.0,1.0,0.0,0.0,15.0,7.0,218.0,2.0,1080.0,0.0,0.0,2.0,74.0,15.0,13.0,0.0,2.0
ctx-rh-lateraloccipital,2.0,0.0,0.0,7.0,0.0,0.0,9.0,7.0,10.0,1.0,8.0,19.0,0.0,15.0,0.0,2.0,0.0,2.0,0.0,0.0,0.0,11.0,1.0,2.0,0.0,26.0,0.0,0.0,0.0,23.0,4.0,2.0,0.0,2.0,20.0,0.0,0.0,813.0,0.0,0.0,1289.0,665.0,297.0,15.0,36.0,7419.0,1.0,925.0,0.0,168.0,1.0,7.0,0.0,0.0,0.0,1058.0,3.0,0.0,1.0,146.0,0.0,0.0,0.0,787.0,30.0,12.0,1.0,2.0
ctx-rh-lateralorbitofrontal,0.0,2.0,0.0,0.0,0.0,0.0,0.0,0.0,0.0,0.0,0.0,0.0,2.0,0.0,2.0,0.0,0.0,0.0,0.0,0.0,3.0,0.0,0.0,2.0,0.0,0.0,5.0,4.0,1.0,0.0,0.0,0.0,0.0,0.0,0.0,10.0,0.0,0.0,1.0,120.0,8.0,1.0,9.0,456.0,0.0,1.0,2718.0,1.0,1096.0,3.0,0.0,1.0,10.0,592.0,245.0,0.0,1.0,1.0,1.0,2.0,59.0,478.0,49.0,0.0,17.0,0.0,1.0,0.0
ctx-rh-lingual,3.0,0.0,0.0,29.0,0.0,0.0,6.0,9.0,7.0,1.0,9.0,12.0,0.0,104.0,0.0,3.0,0.0,0.0,0.0,0.0,0.0,23.0,0.0,2.0,0.0,24.0,0.0,0.0,0.0,15.0,2.0,1.0,1.0,1.0,6.0,0.0,0.0,238.0,1.0,0.0,698.0,12.0,64.0,10.0,118.0,925.0,1.0,4775.0,0.0,25.0,1.0,175.0,0.0,0.0,0.0,1301.0,1.0,1.0,0.0,167.0,0.0,1.0,0.0,30.0,9.0,3.0,0.0,0.0
ctx-rh-medialorbitofrontal,0.0,8.0,0.0,0.0,0.0,0.0,0.0,0.0,0.0,2.0,0.0,0.0,5.0,0.0,8.0,0.0,0.0,0.0,0.0,0.0,3.0,0.0,0.0,0.0,1.0,0.0,22.0,9.0,14.0,0.0,0.0,0.0,0.0,0.0,0.0,17.0,0.0,0.0,0.0,310.0,1.0,0.0,0.0,35.0,0.0,0.0,1096.0,0.0,1405.0,1.0,0.0,0.0,0.0,71.0,39.0,0.0,0.0,0.0,0.0,0.0,338.0,655.0,222.0,0.0,2.0,0.0,0.0,0.0
ctx-rh-middletemporal,1.0,0.0,0.0,0.0,0.0,0.0,5.0,5.0,1.0,1.0,10.0,5.0,0.0,3.0,0.0,1.0,0.0,1.0,0.0,0.0,0.0,0.0,3.0,2.0,0.0,15.0,0.0,0.0,0.0,5.0,1.0,0.0,0.0,0.0,611.0,0.0,0.0,12.0,10.0,1.0,250.0,612.0,1713.0,168.0,10.0,168.0,3.0,25.0,1.0,2731.0,0.0,15.0,0.0,1.0,0.0,3.0,8.0,2.0,7.0,33.0,0.0,1.0,2.0,72.0,1054.0,65.0,103.0,13.0
ctx-rh-paracentral,0.0,7.0,7.0,0.0,0.0,0.0,0.0,0.0,0.0,5.0,8.0,0.0,0.0,0.0,0.0,0.0,49.0,0.0,1.0,0.0,0.0,1.0,22.0,66.0,61.0,31.0,1.0,0.0,37.0,20.0,1.0,5.0,0.0,0.0,1.0,20.0,9.0,1.0,0.0,0.0,0.0,5.0,0.0,7.0,14.0,1.0,0.0,1.0,0.0,0.0,1587.0,0.0,2.0,0.0,0.0,0.0,432.0,349.0,577.0,334.0,0.0,2.0,460.0,104.0,6.0,7.0,0.0,0.0
ctx-rh-parahippocampal,1.0,0.0,0.0,0.0,0.0,0.0,1.0,0.0,2.0,0.0,2.0,1.0,0.0,1.0,0.0,0.0,0.0,0.0,0.0,0.0,0.0,0.0,0.0,0.0,0.0,7.0,0.0,0.0,0.0,2.0,0.0,0.0,0.0,0.0,1.0,0.0,0.0,10.0,106.0,0.0,141.0,3.0,45.0,12.0,84.0,7.0,1.0,175.0,0.0,15.0,0.0,457.0,0.0,0.0,0.0,7.0,0.0,0.0,0.0,29.0,0.0,0.0,0.0,4.0,9.0,0.0,4.0,1.0
ctx-rh-parsopercularis,0.0,7.0,8.0,0.0,0.0,0.0,0.0,0.0,0.0,1.0,0.0,0.0,0.0,0.0,1.0,0.0,2.0,0.0,3.0,0.0,1.0,0.0,0.0,5.0,4.0,0.0,0.0,10.0,20.0,1.0,0.0,0.0,0.0,0.0,2.0,21.0,295.0,0.0,0.0,0.0,0.0,14.0,0.0,174.0,1.0,0.0,10.0,0.0,0.0,0.0,2.0,0.0,1691.0,4.0,419.0,0.0,78.0,0.0,568.0,1.0,1.0,441.0,109.0,9.0,2.0,38.0,0.0,1.0
ctx-rh-parsorbitalis,0.0,0.0,0.0,0.0,0.0,0.0,0.0,0.0,0.0,0.0,0.0,0.0,0.0,0.0,2.0,0.0,0.0,0.0,0.0,0.0,1.0,0.0,0.0,0.0,0.0,0.0,6.0,5.0,5.0,0.0,0.0,0.0,0.0,0.0,0.0,6.0,0.0,0.0,0.0,13.0,0.0,0.0,0.0,33.0,0.0,0.0,592.0,0.0,71.0,1.0,0.0,0.0,4.0,479.0,422.0,0.0,0.0,0.0,0.0,0.0,20.0,412.0,39.0,0.0,2.0,0.0,0.0,0.0
ctx-rh-parstriangularis,0.0,7.0,3.0,0.0,0.0,0.0,0.0,0.0,0.0,0.0,0.0,0.0,0.0,0.0,3.0,0.0,0.0,0.0,3.0,0.0,2.0,0.0,0.0,0.0,2.0,0.0,8.0,21.0,18.0,0.0,0.0,0.0,0.0,0.0,1.0,29.0,41.0,0.0,0.0,4.0,0.0,0.0,0.0,221.0,0.0,0.0,245.0,0.0,39.0,0.0,0.0,0.0,419.0,422.0,1702.0,0.0,3.0,2.0,24.0,0.0,21.0,1058.0,178.0,1.0,1.0,4.0,0.0,0.0
ctx-rh-pericalcarine,0.0,0.0,0.0,20.0,0.0,0.0,5.0,5.0,7.0,0.0,7.0,4.0,0.0,11.0,0.0,4.0,0.0,0.0,0.0,0.0,0.0,11.0,1.0,0.0,0.0,11.0,0.0,0.0,0.0,5.0,0.0,0.0,0.0,0.0,3.0,0.0,0.0,1767.0,0.0,0.0,90.0,14.0,18.0,2.0,15.0,1058.0,0.0,1301.0,0.0,3.0,0.0,7.0,0.0,0.0,0.0,1159.0,0.0,0.0,0.0,106.0,0.0,0.0,0.0,40.0,5.0,0.0,0.0,0.0
ctx-rh-postcentral,0.0,5.0,1.0,0.0,0.0,0.0,0.0,1.0,2.0,2.0,5.0,1.0,0.0,0.0,0.0,2.0,10.0,1.0,0.0,0.0,0.0,0.0,3.0,12.0,3.0,19.0,0.0,0.0,4.0,16.0,1.0,1.0,0.0,0.0,27.0,2.0,47.0,2.0,0.0,0.0,2.0,144.0,4.0,224.0,7.0,3.0,1.0,1.0,0.0,8.0,432.0,0.0,78.0,0.0,3.0,0.0,4458.0,28.0,2272.0,128.0,0.0,15.0,51.0,682.0,23.0,1394.0,0.0,31.0
ctx-rh-posteriorcingulate,0.0,12.0,13.0,0.0,0.0,0.0,0.0,2.0,1.0,0.0,13.0,1.0,0.0,0.0,0.0,0.0,65.0,0.0,0.0,0.0,0.0,0.0,25.0,111.0,62.0,58.0,2.0,5.0,63.0,27.0,4.0,1.0,0.0,0.0,0.0,265.0,6.0,1.0,0.0,0.0,1.0,2.0,3.0,5.0,218.0,0.0,1.0,1.0,0.0,2.0,349.0,0.0,0.0,0.0,2.0,0.0,28.0,1052.0,67.0,368.0,0.0,10.0,408.0,39.0,3.0,9.0,0.0,1.0
ctx-rh-precentral,0.0,25.0,17.0,0.0,0.0,0.0,0.0,1.0,1.0,5.0,4.0,0.0,0.0,1.0,0.0,0.0,55.0,0.0,4.0,0.0,0.0,0.0,18.0,46.0,68.0,20.0,1.0,15.0,109.0,17.0,1.0,1.0,0.0,0.0,15.0,20.0,1053.0,0.0,0.0,0.0,0.0,58.0,2.0,233.0,2.0,1.0,1.0,0.0,0.0,7.0,577.0,0.0,568.0,0.0,24.0,0.0,2272.0,67.0,7064.0,49.0,3.0,82.0,902.0,233.0,6.0,270.0,0.0,5.0
ctx-rh-precuneus,10.0,4.0,4.0,20.0,0.0,0.0,16.0,49.0,17.0,14.0,117.0,39.0,1.0,26.0,0.0,21.0,18.0,4.0,0.0,0.0,0.0,8.0,25.0,73.0,19.0,206.0,0.0,0.0,4.0,141.0,24.0,14.0,0.0,11.0,48.0,7.0,0.0,415.0,1.0,0.0,41.0,141.0,45.0,37.0,1080.0,146.0,2.0,167.0,0.0,33.0,334.0,29.0,1.0,0.0,0.0,106.0,128.0,368.0,49.0,4565.0,0.0,0.0,22.0,1730.0,69.0,55.0,1.0,18.0
ctx-rh-rostralanteriorcingulate,0.0,30.0,1.0,0.0,0.0,1.0,0.0,0.0,0.0,7.0,0.0,0.0,15.0,0.0,18.0,0.0,0.0,0.0,2.0,1.0,11.0,0.0,0.0,2.0,1.0,0.0,125.0,39.0,45.0,0.0,0.0,0.0,0.0,0.0,0.0,229.0,3.0,0.0,0.0,6.0,0.0,0.0,0.0,14.0,0.0,0.0,59.0,0.0,338.0,0.0,0.0,0.0,1.0,20.0,21.0,0.0,0.0,0.0,3.0,0.0,718.0,123.0,278.0,0.0,0.0,0.0,0.0,0.0
ctx-rh-rostralmiddlefrontal,0.0,38.0,16.0,0.0,0.0,0.0,0.0,0.0,0.0,7.0,0.0,0.0,4.0,0.0,6.0,0.0,0.0,0.0,6.0,2.0,12.0,0.0,0.0,3.0,5.0,1.0,25.0,65.0,117.0,0.0,0.0,0.0,0.0,0.0,0.0,141.0,806.0,0.0,0.0,181.0,1.0,0.0,0.0,157.0,0.0,0.0,478.0,1.0,655.0,1.0,2.0,0.0,441.0,412.0,1058.0,0.0,15.0,10.0,82.0,0.0,123.0,5372.0,2533.0,1.0,1.0,13.0,0.0,0.0
ctx-rh-superiorfrontal,0.0,144.0,98.0,0.0,0.0,1.0,0.0,0.0,0.0,13.0,2.0,0.0,5.0,0.0,5.0,0.0,52.0,0.0,24.0,2.0,20.0,0.0,14.0,79.0,102.0,11.0,56.0,146.0,498.0,8.0,0.0,6.0,0.0,1.0,0.0,714.0,718.0,0.0,0.0,43.0,0.0,4.0,0.0,89.0,2.0,0.0,49.0,0.0,222.0,2.0,460.0,0.0,109.0,39.0,178.0,0.0,51.0,408.0,902.0,22.0,278.0,2533.0,8466.0,16.0,0.0,8.0,0.0,0.0
ctx-rh-superiorparietal,5.0,1.0,2.0,16.0,0.0,0.0,12.0,14.0,8.0,4.0,42.0,15.0,0.0,19.0,0.0,9.0,18.0,1.0,0.0,0.0,0.0,5.0,13.0,25.0,14.0,104.0,0.0,1.0,10.0,40.0,19.0,11.0,0.0,4.0,53.0,4.0,14.0,696.0,0.0,0.0,37.0,1249.0,69.0,96.0,74.0,787.0,0.0,30.0,0.0,72.0,104.0,4.0,9.0,0.0,1.0,40.0,682.0,39.0,233.0,1730.0,0.0,1.0,16.0,5896.0,115.0,608.0,1.0,36.0
ctx-rh-superiortemporal,1.0,0.0,0.0,4.0,0.0,0.0,3.0,6.0,5.0,3.0,13.0,7.0,0.0,1.0,0.0,5.0,0.0,2.0,0.0,0.0,0.0,1.0,5.0,6.0,2.0,24.0,0.0,0.0,1.0,14.0,5.0,3.0,0.0,0.0,860.0,1.0,0.0,10.0,5.0,0.0,122.0,132.0,320.0,362.0,15.0,30.0,17.0,9.0,2.0,1054.0,6.0,9.0,2.0,2.0,1.0,5.0,23.0,3.0,6.0,69.0,0.0,1.0,0.0,115.0,4993.0,326.0,123.0,779.0
ctx-rh-supramarginal,0.0,0.0,0.0,1.0,0.0,0.0,1.0,1.0,1.0,2.0,5.0,1.0,0.0,2.0,0.0,1.0,1.0,0.0,0.0,0.0,0.0,1.0,4.0,7.0,5.0,16.0,0.0,0.0,1.0,5.0,2.0,2.0,0.0,2.0,421.0,3.0,6.0,3.0,0.0,0.0,3.0,1418.0,20.0,302.0,13.0,12.0,0.0,3.0,0.0,65.0,7.0,0.0,38.0,0.0,4.0,0.0,1394.0,9.0,270.0,55.0,0.0,13.0,8.0,608.0,326.0,5068.0,0.0,72.0
ctx-rh-temporalpole,0.0,0.0,0.0,0.0,0.0,0.0,0.0,0.0,0.0,0.0,0.0,0.0,0.0,0.0,0.0,0.0,0.0,0.0,0.0,0.0,0.0,0.0,0.0,0.0,0.0,0.0,0.0,0.0,0.0,0.0,0.0,0.0,0.0,0.0,0.0,0.0,0.0,0.0,243.0,0.0,133.0,0.0,254.0,21.0,0.0,1.0,1.0,0.0,0.0,103.0,0.0,4.0,0.0,0.0,0.0,0.0,0.0,0.0,0.0,1.0,0.0,0.0,0.0,1.0,123.0,0.0,424.0,0.0
ctx-rh-transversetemporal,0.0,1.0,1.0,0.0,0.0,0.0,2.0,2.0,1.0,2.0,3.0,0.0,0.0,0.0,0.0,0.0,2.0,0.0,0.0,0.0,0.0,0.0,1.0,6.0,1.0,10.0,0.0,0.0,0.0,5.0,2.0,2.0,0.0,1.0,17.0,1.0,0.0,2.0,0.0,0.0,0.0,16.0,3.0,79.0,2.0,2.0,0.0,0.0,0.0,13.0,0.0,1.0,1.0,0.0,0.0,0.0,31.0,1.0,5.0,18.0,0.0,0.0,0.0,36.0,779.0,72.0,0.0,272.0
