,ctx-lh-bankssts,ctx-lh-caudalanteriorcingulate,ctx-lh-caudalmiddlefrontal,ctx-lh-cuneus,ctx-lh-entorhinal,ctx-lh-frontalpole,ctx-lh-fusiform,ctx-lh-inferiorparietal,ctx-lh-inferiortemporal,ctx-lh-insula,ctx-lh-isthmuscingulate,ctx-lh-lateraloccipital,ctx-lh-lateralorbitofrontal,ctx-lh-lingual,ctx-lh-medialorbitofrontal,ctx-lh-middletemporal,ctx-lh-paracentral,ctx-lh-parahippocampal,ctx-lh-parsopercularis,ctx-lh-parsorbitalis,ctx-lh-parstriangularis,ctx-lh-pericalcarine,ctx-lh-postcentral,ctx-lh-posteriorcingulate,ctx-lh-precentral,ctx-lh-precuneus,ctx-lh-rostralanteriorcingulate,ctx-lh-rostralmiddlefrontal,ctx-lh-superiorfrontal,ctx-lh-superiorparietal,ctx-lh-superiortemporal,ctx-lh-supramarginal,ctx-lh-temporalpole,ctx-lh-transversetemporal,ctx-rh-bankssts,ctx-rh-caudalanteriorcingulate,ctx-rh-caudalmiddlefrontal,ctx-rh-cuneus,ctx-rh-entorhinal,ctx-rh-frontalpole,ctx-rh-fusiform,ctx-rh-inferiorparietal,ctx-rh-inferiortemporal,ctx-rh-insula,ctx-rh-isthmuscingulate,ctx-rh-lateraloccipital,ctx-rh-lateralorbitofrontal,ctx-rh-lingual,ctx-rh-medialorbitofrontal,ctx-rh-middletemporal,ctx-rh-paracentral,ctx-rh-parahippocampal,ctx-rh-parsopercularis,ctx-rh-parsorbitalis,ctx-rh-parstriangularis,ctx-rh-pericalcarine,ctx-rh-postcentral,ctx-rh-posteriorcingulate,ctx-rh-precentral,ctx-rh-precuneus,ctx-rh-rostralanteriorcingulate,ctx-rh-rostralmiddlefrontal,ctx-rh-superiorfrontal,ctx-rh-superiorparietal,ctx-rh-superiortemporal,ctx-rh-supramarginal,ctx-rh-temporalpole,ctx-rh-transversetemporal
ctx-lh-bankssts,725.0,0.0,5.0,0.0,2.0,0.0,56.0,285.0,157.0,30.0,4.0,12.0,0.0,9.0,0.0,643.0,0.0,5.0,3.0,0.0,0.0,1.0,23.0,2.0,15.0,3.0,0.0,0.0,1.0,19.0,891.0,210.0,2.0,32.0,0.0,0.0,0.0,0.0,0.0,0.0,0.0,0.0,1.0,1.0,3.0,0.0,0.0,0.0,0.0,1.0,0.0,0.0,0.0,0.0,0.0,0.0,0.0,0.0,0.0,0.0,0.0,0.0,0.0,0.0,0.0,0.0,0.0,0.0
ctx-lh-caudalanteriorcingulate,0.0,460.0,78.0,0.0,0.0,0.0,0.0,1.0,0.0,16.0,10.0,0.0,16.0,0.0,9.0,0.0,19.0,0.0,28.0,4.0,15.0,0.0,7.0,166.0,24.0,18.0,301.0,133.0,620.0,3.0,0.0,0.0,0.0,0.0,0.0,158.0,26.0,0.0,0.0,0.0,0.0,0.0,0.0,12.0,0.0,0.0,2.0,0.0,7.0,0.0,6.0,0.0,7.0,1.0,3.0,0.0,1.0,43.0,22.0,1.0,57.0,66.0,212.0,0.0,0.0,2.0,0.0,0.0
ctx-lh-caudalmiddlefrontal,5.0,78.0,3778.0,0.0,0.0,0.0,1.0,9.0,0.0,116.0,2.0,0.0,5.0,0.0,0.0,2.0,29.0,0.0,328.0,0.0,29.0,0.0,90.0,53.0,1386.0,14.0,4.0,910.0,1064.0,43.0,5.0,39.0,0.0,3.0,0.0,34.0,13.0,0.0,0.0,0.0,0.0,0.0,0.0,5.0,4.0,0.0,0.0,0.0,0.0,0.0,11.0,0.0,1.0,0.0,0.0,0.0,2.0,38.0,15.0,1.0,5.0,14.0,64.0,0.0,0.0,0.0,0.0,0.0
ctx-lh-cuneus,0.0,0.0,0.0,1539.0,0.0,0.0,9.0,45.0,4.0,0.0,11.0,315.0,0.0,139.0,0.0,2.0,0.0,1.0,0.0,0.0,0.0,2020.0,0.0,1.0,0.0,204.0,0.0,0.0,0.0,1442.0,1.0,1.0,0.0,0.0,0.0,0.0,0.0,19.0,0.0,0.0,1.0,1.0,2.0,0.0,5.0,2.0,0.0,4.0,0.0,0.0,0.0,0.0,0.0,0.0,0.0,30.0,0.0,3.0,0.0,9.0,0.0,0.0,0.0,12.0,0.0,1.0,0.0,0.0
ctx-lh-entorhinal,2.0,0.0,0.0,0.0,194.0,0.0,190.0,6.0,116.0,11.0,4.0,0.0,0.0,1.0,0.0,21.0,0.0,216.0,0.0,0.0,0.0,0.0,0.0,0.0,0.0,1.0,0.0,0.0,0.0,1.0,42.0,1.0,208.0,2.0,0.0,0.0,0.0,0.0,0.0,0.0,0.0,0.0,0.0,0.0,0.0,0.0,0.0,0.0,0.0,0.0,0.0,0.0,0.0,0.0,0.0,0.0,0.0,0.0,0.0,0.0,0.0,0.0,0.0,1.0,0.0,0.0,0.0,0.0
ctx-lh-frontalpole,0.0,0.0,0.0,0.0,0.0,92.0,0.0,0.0,0.0,0.0,0.0,0.0,120.0,0.0,294.0,0.0,0.0,0.0,0.0,5.0,2.0,0.0,0.0,0.0,0.0,0.0,15.0,214.0,118.0,0.0,0.0,0.0,0.0,0.0,0.0,0.0,0.0,0.0,0.0,0.0,0.0,0.0,0.0,0.0,0.0,0.0,0.0,0.0,0.0,0.0,0.0,0.0,0.0,0.0,0.0,0.0,0.0,0.0,0.0,0.0,0.0,0.0,0.0,0.0,0.0,0.0,0.0,0.0
ctx-lh-fusiform,56.0,0.0,1.0,9.0,190.0,0.0,2834.0,327.0,936.0,47.0,16.0,1197.0,1.0,1052.0,0.0,189.0,0.0,257.0,1.0,0.0,0.0,106.0,6.0,3.0,7.0,31.0,0.0,0.0,0.0,71.0,104.0,35.0,141.0,11.0,0.0,0.0,0.0,0.0,0.0,0.0,0.0,0.0,0.0,0.0,5.0,1.0,0.0,0.0,0.0,0.0,0.0,0.0,0.0,0.0,0.0,0.0,0.0,2.0,0.0,5.0,0.0,0.0,0.0,3.0,0.0,0.0,0.0,0.0
ctx-lh-inferiorparietal,285.0,1.0,9.0,45.0,6.0,0.0,327.0,5484.0,585.0,72.0,51.0,1407.0,0.0,96.0,0.0,527.0,5.0,13.0,7.0,0.0,0.0,115.0,71.0,12.0,69.0,238.0,0.0,2.0,2.0,1734.0,215.0,993.0,4.0,27.0,1.0,0.0,0.0,0.0,0.0,0.0,1.0,5.0,2.0,1.0,29.0,4.0,0.0,2.0,0.0,0.0,5.0,2.0,0.0,0.0,0.0,0.0,0.0,4.0,3.0,42.0,0.0,0.0,1.0,16.0,2.0,3.0,0.0,0.0
ctx-lh-inferiortemporal,157.0,0.0,0.0,4.0,116.0,0.0,936.0,585.0,3001.0,64.0,10.0,236.0,2.0,30.0,0.0,2216.0,0.0,56.0,1.0,0.0,0.0,13.0,16.0,3.0,9.0,16.0,0.0,0.0,0.0,54.0,405.0,70.0,181.0,24.0,1.0,0.0,0.0,0.0,0.0,0.0,0.0,0.0,0.0,0.0,4.0,0.0,0.0,0.0,0.0,0.0,0.0,0.0,0.0,0.0,0.0,0.0,0.0,1.0,0.0,4.0,0.0,0.0,0.0,4.0,0.0,1.0,0.0,0.0
ctx-lh-insula,30.0,16.0,116.0,0.0,11.0,0.0,47.0,72.0,64.0,1776.0,15.0,8.0,526.0,4.0,11.0,69.0,10.0,5.0,358.0,4.0,92.0,3.0,308.0,27.0,446.0,29.0,12.0,143.0,103.0,94.0,346.0,272.0,27.0,109.0,0.0,11.0,5.0,0.0,0.0,0.0,0.0,2.0,0.0,1.0,13.0,0.0,0.0,0.0,0.0,0.0,2.0,1.0,0.0,0.0,1.0,0.0,1.0,10.0,5.0,7.0,2.0,5.0,14.0,2.0,0.0,0.0,0.0,0.0
ctx-lh-isthmuscingulate,4.0,10.0,2.0,11.0,4.0,0.0,16.0,51.0,10.0,15.0,611.0,12.0,0.0,90.0,0.0,3.0,12.0,102.0,0.0,0.0,0.0,25.0,11.0,457.0,10.0,943.0,0.0,0.0,15.0,177.0,15.0,5.0,0.0,8.0,2.0,0.0,4.0,1.0,0.0,0.0,5.0,24.0,3.0,11.0,126.0,11.0,0.0,12.0,0.0,1.0,6.0,2.0,0.0,0.0,0.0,2.0,6.0,38.0,12.0,149.0,0.0,0.0,3.0,62.0,5.0,5.0,0.0,1.0
ctx-lh-lateraloccipital,12.0,0.0,0.0,315.0,0.0,0.0,1197.0,1407.0,236.0,8.0,12.0,6783.0,0.0,753.0,0.0,103.0,0.0,16.0,0.0,0.0,0.0,1402.0,4.0,2.0,2.0,56.0,0.0,0.0,0.0,544.0,9.0,17.0,0.0,3.0,0.0,0.0,0.0,1.0,0.0,0.0,0.0,0.0,1.0,0.0,5.0,0.0,0.0,0.0,0.0,1.0,0.0,1.0,0.0,0.0,0.0,0.0,0.0,2.0,1.0,11.0,0.0,0.0,0.0,3.0,1.0,0.0,0.0,1.0
ctx-lh-lateralorbitofrontal,0.0,16.0,5.0,0.0,0.0,120.0,1.0,0.0,2.0,526.0,0.0,0.0,3826.0,0.0,1245.0,0.0,0.0,0.0,21.0,551.0,381.0,0.0,0.0,1.0,2.0,0.0,187.0,1194.0,222.0,0.0,1.0,0.0,0.0,0.0,0.0,10.0,0.0,0.0,0.0,0.0,0.0,0.0,0.0,1.0,0.0,0.0,2.0,0.0,2.0,0.0,0.0,0.0,1.0,0.0,0.0,0.0,0.0,0.0,0.0,0.0,9.0,4.0,4.0,0.0,0.0,0.0,0.0,0.0
ctx-lh-lingual,9.0,0.0,0.0,139.0,1.0,0.0,1052.0,96.0,30.0,4.0,90.0,753.0,0.0,4855.0,0.0,8.0,0.0,225.0,0.0,0.0,0.0,1406.0,1.0,0.0,2.0,76.0,0.0,0.0,0.0,135.0,8.0,2.0,0.0,0.0,0.0,0.0,0.0,0.0,0.0,0.0,0.0,5.0,0.0,2.0,10.0,2.0,0.0,3.0,0.0,1.0,1.0,0.0,0.0,0.0,0.0,0.0,1.0,3.0,0.0,26.0,0.0,0.0,0.0,10.0,0.0,0.0,0.0,0.0
ctx-lh-medialorbitofrontal,0.0,9.0,0.0,0.0,0.0,294.0,0.0,0.0,0.0,11.0,0.0,0.0,1245.0,0.0,1546.0,0.0,0.0,0.0,1.0,17.0,14.0,0.0,0.0,0.0,0.0,0.0,643.0,358.0,336.0,0.0,0.0,0.0,0.0,0.0,0.0,6.0,0.0,0.0,0.0,0.0,0.0,0.0,0.0,0.0,0.0,0.0,1.0,0.0,5.0,0.0,0.0,0.0,0.0,0.0,0.0,0.0,0.0,0.0,0.0,0.0,11.0,3.0,8.0,0.0,0.0,0.0,0.0,0.0
ctx-lh-middletemporal,643.0,0.0,2.0,2.0,21.0,0.0,189.0,527.0,2216.0,69.0,3.0,103.0,0.0,8.0,0.0,2957.0,0.0,12.0,1.0,0.0,0.0,3.0,17.0,1.0,17.0,5.0,0.0,0.0,0.0,29.0,1032.0,79.0,84.0,38.0,1.0,0.0,0.0,0.0,0.0,0.0,0.0,1.0,0.0,1.0,8.0,1.0,0.0,0.0,0.0,0.0,1.0,0.0,0.0,0.0,0.0,0.0,1.0,1.0,0.0,2.0,0.0,0.0,0.0,3.0,0.0,0.0,0.0,0.0
ctx-lh-paracentral,0.0,19.0,29.0,0.0,0.0,0.0,0.0,5.0,0.0,10.0,12.0,0.0,0.0,0.0,0.0,0.0,1508.0,0.0,1.0,0.0,0.0,0.0,493.0,210.0,1346.0,150.0,1.0,3.0,624.0,171.0,0.0,5.0,0.0,0.0,0.0,4.0,6.0,0.0,0.0,0.0,0.0,0.0,0.0,4.0,4.0,0.0,0.0,0.0,0.0,0.0,37.0,0.0,1.0,0.0,0.0,0.0,12.0,46.0,34.0,8.0,1.0,2.0,15.0,8.0,0.0,0.0,0.0,0.0
ctx-lh-parahippocampal,5.0,0.0,0.0,1.0,216.0,0.0,257.0,13.0,56.0,5.0,102.0,16.0,0.0,225.0,0.0,12.0,0.0,488.0,0.0,0.0,0.0,4.0,0.0,0.0,1.0,13.0,0.0,0.0,0.0,5.0,5.0,1.0,5.0,1.0,0.0,0.0,0.0,0.0,0.0,0.0,0.0,0.0,0.0,0.0,3.0,0.0,0.0,1.0,0.0,0.0,0.0,0.0,0.0,0.0,0.0,0.0,0.0,1.0,0.0,4.0,0.0,0.0,0.0,1.0,0.0,0.0,0.0,1.0
ctx-lh-parsopercularis,3.0,28.0,328.0,0.0,0.0,0.0,1.0,7.0,1.0,358.0,0.0,0.0,21.0,0.0,1.0,1.0,1.0,0.0,2009.0,1.0,613.0,0.0,69.0,6.0,699.0,3.0,7.0,565.0,141.0,7.0,4.0,30.0,0.0,0.0,0.0,11.0,1.0,0.0,0.0,0.0,0.0,0.0,0.0,2.0,0.0,0.0,1.0,0.0,2.0,0.0,0.0,0.0,0.0,0.0,0.0,0.0,0.0,3.0,2.0,3.0,3.0,5.0,14.0,0.0,0.0,1.0,0.0,0.0
ctx-lh-parsorbitalis,0.0,4.0,0.0,0.0,0.0,5.0,0.0,0.0,0.0,4.0,0.0,0.0,551.0,0.0,17.0,0.0,0.0,0.0,1.0,372.0,358.0,0.0,0.0,0.0,0.0,0.0,8.0,409.0,20.0,0.0,0.0,0.0,0.0,0.0,0.0,1.0,0.0,0.0,0.0,0.0,0.0,0.0,0.0,0.0,0.0,0.0,0.0,0.0,0.0,0.0,0.0,0.0,0.0,0.0,0.0,0.0,0.0,0.0,0.0,0.0,4.0,1.0,1.0,0.0,0.0,0.0,0.0,0.0
ctx-lh-parstriangularis,0.0,15.0,29.0,0.0,0.0,2.0,0.0,0.0,0.0,92.0,0.0,0.0,381.0,0.0,14.0,0.0,0.0,0.0,613.0,358.0,1028.0,0.0,1.0,0.0,10.0,1.0,17.0,1051.0,94.0,1.0,0.0,0.0,0.0,0.0,0.0,11.0,1.0,0.0,0.0,0.0,0.0,0.0,0.0,1.0,0.0,0.0,1.0,0.0,1.0,0.0,1.0,0.0,0.0,0.0,1.0,0.0,0.0,2.0,0.0,0.0,4.0,6.0,12.0,0.0,0.0,0.0,0.0,0.0
ctx-lh-pericalcarine,1.0,0.0,0.0,2020.0,0.0,0.0,106.0,115.0,13.0,3.0,25.0,1402.0,0.0,1406.0,0.0,3.0,0.0,4.0,0.0,0.0,0.0,1300.0,0.0,2.0,0.0,170.0,0.0,0.0,0.0,658.0,6.0,2.0,0.0,1.0,0.0,0.0,0.0,5.0,0.0,0.0,0.0,4.0,0.0,0.0,10.0,1.0,0.0,0.0,0.0,0.0,0.0,0.0,0.0,0.0,0.0,5.0,0.0,2.0,0.0,29.0,0.0,0.0,1.0,10.0,0.0,2.0,0.0,0.0
ctx-lh-postcentral,23.0,7.0,90.0,0.0,0.0,0.0,6.0,71.0,16.0,308.0,11.0,4.0,0.0,1.0,0.0,17.0,493.0,0.0,69.0,0.0,1.0,0.0,5834.0,66.0,2053.0,112.0,0.0,2.0,69.0,586.0,58.0,1242.0,0.0,19.0,1.0,3.0,5.0,0.0,0.0,0.0,0.0,1.0,1.0,3.0,8.0,1.0,0.0,0.0,0.0,1.0,4.0,0.0,0.0,0.0,0.0,0.0,0.0,15.0,8.0,9.0,0.0,0.0,8.0,5.0,0.0,1.0,0.0,0.0
ctx-lh-posteriorcingulate,2.0,166.0,53.0,1.0,0.0,0.0,3.0,12.0,3.0,27.0,457.0,2.0,1.0,0.0,0.0,1.0,210.0,0.0,6.0,0.0,0.0,2.0,66.0,946.0,160.0,673.0,4.0,9.0,296.0,149.0,6.0,10.0,0.0,4.0,1.0,27.0,22.0,0.0,0.0,0.0,1.0,5.0,1.0,11.0,39.0,0.0,0.0,1.0,0.0,0.0,42.0,1.0,4.0,0.0,0.0,0.0,16.0,143.0,56.0,37.0,1.0,4.0,71.0,29.0,1.0,12.0,0.0,0.0
ctx-lh-precentral,15.0,24.0,1386.0,0.0,0.0,0.0,7.0,69.0,9.0,446.0,10.0,2.0,2.0,2.0,0.0,17.0,1346.0,1.0,699.0,0.0,10.0,0.0,2053.0,160.0,7815.0,80.0,0.0,44.0,992.0,390.0,61.0,514.0,0.0,19.0,0.0,17.0,15.0,0.0,0.0,0.0,0.0,3.0,1.0,7.0,8.0,0.0,0.0,0.0,0.0,0.0,19.0,1.0,2.0,0.0,0.0,0.0,9.0,70.0,21.0,13.0,0.0,3.0,35.0,5.0,1.0,4.0,0.0,0.0
ctx-lh-precuneus,3.0,18.0,14.0,204.0,1.0,0.0,31.0,238.0,16.0,29.0,943.0,56.0,0.0,76.0,0.0,5.0,150.0,13.0,3.0,0.0,1.0,170.0,112.0,673.0,80.0,5265.0,0.0,0.0,38.0,2697.0,20.0,31.0,1.0,7.0,4.0,2.0,3.0,4.0,0.0,0.0,5.0,36.0,5.0,10.0,125.0,12.0,0.0,17.0,0.0,4.0,13.0,2.0,0.0,0.0,0.0,2.0,12.0,54.0,13.0,167.0,0.0,1.0,4.0,52.0,7.0,7.0,0.0,2.0
ctx-lh-rostralanteriorcingulate,0.0,301.0,4.0,0.0,0.0,15.0,0.0,0.0,0.0,12.0,0.0,0.0,187.0,0.0,643.0,0.0,1.0,0.0,7.0,8.0,17.0,0.0,0.0,4.0,0.0,0.0,953.0,129.0,599.0,0.0,0.0,0.0,0.0,0.0,0.0,41.0,0.0,0.0,0.0,0.0,0.0,0.0,0.0,2.0,0.0,0.0,14.0,0.0,35.0,0.0,0.0,0.0,1.0,2.0,4.0,0.0,0.0,1.0,0.0,0.0,126.0,39.0,63.0,0.0,0.0,0.0,0.0,0.0
ctx-lh-rostralmiddlefrontal,0.0,133.0,910.0,0.0,0.0,214.0,0.0,2.0,0.0,143.0,0.0,0.0,1194.0,0.0,358.0,0.0,3.0,0.0,565.0,409.0,1051.0,0.0,2.0,9.0,44.0,0.0,129.0,7237.0,1940.0,0.0,1.0,0.0,0.0,0.0,0.0,60.0,5.0,0.0,0.0,1.0,0.0,0.0,0.0,4.0,0.0,0.0,3.0,0.0,10.0,0.0,0.0,0.0,5.0,0.0,2.0,0.0,0.0,4.0,3.0,0.0,33.0,31.0,74.0,0.0,0.0,0.0,0.0,1.0
ctx-lh-superiorfrontal,1.0,620.0,1064.0,0.0,0.0,118.0,0.0,2.0,0.0,103.0,15.0,0.0,222.0,0.0,336.0,0.0,624.0,0.0,141.0,20.0,94.0,0.0,69.0,296.0,992.0,38.0,599.0,1940.0,11628.0,43.0,1.0,15.0,0.0,0.0,1.0,201.0,55.0,0.0,0.0,0.0,0.0,0.0,0.0,20.0,1.0,0.0,10.0,0.0,13.0,0.0,30.0,0.0,12.0,1.0,11.0,0.0,5.0,116.0,53.0,6.0,67.0,86.0,364.0,4.0,1.0,7.0,0.0,0.0
ctx-lh-superiorparietal,19.0,3.0,43.0,1442.0,1.0,0.0,71.0,1734.0,54.0,94.0,177.0,544.0,0.0,135.0,0.0,29.0,171.0,5.0,7.0,0.0,1.0,658.0,586.0,149.0,390.0,2697.0,0.0,0.0,43.0,7563.0,54.0,858.0,1.0,23.0,1.0,1.0,0.0,5.0,0.0,0.0,0.0,16.0,4.0,8.0,85.0,6.0,0.0,18.0,0.0,0.0,8.0,0.0,1.0,0.0,0.0,0.0,4.0,52.0,10.0,114.0,0.0,0.0,7.0,51.0,5.0,13.0,0.0,1.0
ctx-lh-superiortemporal,891.0,0.0,5.0,1.0,42.0,0.0,104.0,215.0,405.0,346.0,15.0,9.0,1.0,8.0,0.0,1032.0,0.0,5.0,4.0,0.0,0.0,6.0,58.0,6.0,61.0,20.0,0.0,1.0,1.0,54.0,4108.0,455.0,354.0,588.0,0.0,0.0,0.0,0.0,0.0,0.0,0.0,1.0,1.0,0.0,10.0,0.0,0.0,1.0,0.0,0.0,1.0,0.0,0.0,0.0,0.0,0.0,1.0,2.0,0.0,7.0,0.0,0.0,0.0,0.0,0.0,0.0,0.0,0.0
ctx-lh-supramarginal,210.0,0.0,39.0,1.0,1.0,0.0,35.0,993.0,70.0,272.0,5.0,17.0,0.0,2.0,0.0,79.0,5.0,1.0,30.0,0.0,0.0,2.0,1242.0,10.0,514.0,31.0,0.0,0.0,15.0,858.0,455.0,6431.0,2.0,22.0,0.0,1.0,1.0,1.0,0.0,0.0,0.0,2.0,1.0,0.0,7.0,0.0,0.0,1.0,0.0,0.0,0.0,0.0,0.0,0.0,0.0,0.0,0.0,8.0,0.0,3.0,0.0,0.0,2.0,3.0,0.0,0.0,0.0,1.0
ctx-lh-temporalpole,2.0,0.0,0.0,0.0,208.0,0.0,141.0,4.0,181.0,27.0,0.0,0.0,0.0,0.0,0.0,84.0,0.0,5.0,0.0,0.0,0.0,0.0,0.0,0.0,0.0,1.0,0.0,0.0,0.0,1.0,354.0,2.0,304.0,1.0,1.0,0.0,0.0,0.0,0.0,0.0,0.0,0.0,0.0,0.0,0.0,0.0,0.0,0.0,0.0,0.0,0.0,0.0,0.0,0.0,0.0,0.0,0.0,0.0,0.0,0.0,0.0,0.0,0.0,0.0,0.0,0.0,0.0,0.0
ctx-lh-transversetemporal,32.0,0.0,3.0,0.0,2.0,0.0,11.0,27.0,24.0,109.0,8.0,3.0,0.0,0.0,0.0,38.0,0.0,1.0,0.0,0.0,0.0,1.0,19.0,4.0,19.0,7.0,0.0,0.0,0.0,23.0,588.0,22.0,1.0,338.0,0.0,0.0,0.0,0.0,0.0,0.0,0.0,1.0,0.0,0.0,4.0,0.0,0.0,0.0,0.0,0.0,1.0,0.0,0.0,0.0,0.0,0.0,0.0,1.0,0.0,2.0,0.0,0.0,0.0,1.0,0.0,0.0,0.0,0.0
ctx-rh-bankssts,0.0,0.0,0.0,0.0,0.0,0.0,0.0,1.0,1.0,0.0,2.0,0.0,0.0,0.0,0.0,1.0,0.0,0.0,0.0,0.0,0.0,0.0,1.0,1.0,0.0,4.0,0.0,0.0,1.0,1.0,0.0,0.0,1.0,0.0,647.0,0.0,2.0,2.0,0.0,0.0,17.0,363.0,177.0,36.0,4.0,11.0,1.0,2.0,0.0,666.0,2.0,1.0,0.0,0.0,0.0,0.0,15.0,5.0,28.0,11.0,0.0,0.0,0.0,25.0,1057.0,396.0,0.0,52.0
ctx-rh-caudalanteriorcingulate,0.0,158.0,34.0,0.0,0.0,0.0,0.0,0.0,0.0,11.0,0.0,0.0,10.0,0.0,6.0,0.0,4.0,0.0,11.0,1.0,11.0,0.0,3.0,27.0,17.0,2.0,41.0,60.0,201.0,1.0,0.0,1.0,0.0,0.0,0.0,859.0,51.0,0.0,0.0,2.0,0.0,0.0,0.0,21.0,10.0,0.0,10.0,0.0,23.0,0.0,18.0,0.0,15.0,2.0,8.0,0.0,6.0,333.0,25.0,7.0,295.0,125.0,827.0,2.0,0.0,3.0,0.0,0.0
ctx-rh-caudalmiddlefrontal,0.0,26.0,13.0,0.0,0.0,0.0,0.0,0.0,0.0,5.0,4.0,0.0,0.0,0.0,0.0,0.0,6.0,0.0,1.0,0.0,1.0,0.0,5.0,22.0,15.0,3.0,0.0,5.0,55.0,0.0,0.0,1.0,0.0,0.0,2.0,51.0,3094.0,0.0,0.0,0.0,0.0,20.0,3.0,79.0,4.0,0.0,0.0,0.0,1.0,2.0,14.0,0.0,241.0,0.0,11.0,0.0,92.0,60.0,1395.0,5.0,7.0,737.0,782.0,18.0,11.0,79.0,0.0,1.0
ctx-rh-cuneus,0.0,0.0,0.0,19.0,0.0,0.0,0.0,0.0,0.0,0.0,1.0,1.0,0.0,0.0,0.0,0.0,0.0,0.0,0.0,0.0,0.0,5.0,0.0,0.0,0.0,4.0,0.0,0.0,0.0,5.0,0.0,1.0,0.0,0.0,2.0,0.0,0.0,1833.0,0.0,0.0,20.0,9.0,2.0,1.0,12.0,452.0,0.0,234.0,0.0,2.0,0.0,3.0,0.0,0.0,0.0,2011.0,0.0,0.0,0.0,301.0,0.0,0.0,0.0,693.0,0.0,0.0,0.0,1.0
ctx-rh-entorhinal,0.0,0.0,0.0,0.0,0.0,0.0,0.0,0.0,0.0,0.0,0.0,0.0,0.0,0.0,0.0,0.0,0.0,0.0,0.0,0.0,0.0,0.0,0.0,0.0,0.0,0.0,0.0,0.0,0.0,0.0,0.0,0.0,0.0,0.0,0.0,0.0,0.0,0.0,119.0,0.0,128.0,3.0,130.0,16.0,1.0,1.0,0.0,1.0,0.0,13.0,0.0,211.0,0.0,0.0,0.0,0.0,1.0,0.0,0.0,0.0,0.0,0.0,0.0,0.0,37.0,0.0,239.0,0.0
ctx-rh-frontalpole,0.0,0.0,0.0,0.0,0.0,0.0,0.0,0.0,0.0,0.0,0.0,0.0,0.0,0.0,0.0,0.0,0.0,0.0,0.0,0.0,0.0,0.0,0.0,0.0,0.0,0.0,0.0,1.0,0.0,0.0,0.0,0.0,0.0,0.0,0.0,2.0,0.0,0.0,0.0,156.0,0.0,0.0,0.0,1.0,0.0,0.0,118.0,0.0,526.0,0.0,0.0,0.0,0.0,9.0,4.0,0.0,0.0,0.0,0.0,0.0,6.0,249.0,165.0,0.0,0.0,0.0,0.0,0.0
ctx-rh-fusiform,0.0,0.0,0.0,1.0,0.0,0.0,0.0,1.0,0.0,0.0,5.0,0.0,0.0,0.0,0.0,0.0,0.0,0.0,0.0,0.0,0.0,0.0,0.0,1.0,0.0,5.0,0.0,0.0,0.0,0.0,0.0,0.0,0.0,0.0,17.0,0.0,0.0,20.0,128.0,0.0,2817.0,210.0,1245.0,40.0,17.0,1228.0,1.0,894.0,0.0,114.0,0.0,173.0,0.0,0.0,0.0,79.0,2.0,0.0,2.0,57.0,0.0,0.0,1.0,76.0,74.0,10.0,76.0,4.0
ctx-rh-inferiorparietal,0.0,0.0,0.0,1.0,0.0,0.0,0.0,5.0,0.0,2.0,24.0,0.0,0.0,5.0,0.0,1.0,0.0,0.0,0.0,0.0,0.0,4.0,1.0,5.0,3.0,36.0,0.0,0.0,0.0,16.0,1.0,2.0,0.0,1.0,363.0,0.0,20.0,9.0,3.0,0.0,210.0,8695.0,492.0,81.0,52.0,1073.0,0.0,59.0,0.0,627.0,8.0,5.0,12.0,0.0,1.0,26.0,191.0,23.0,183.0,206.0,1.0,5.0,13.0,2035.0,149.0,1217.0,2.0,28.0
ctx-rh-inferiortemporal,1.0,0.0,0.0,2.0,0.0,0.0,0.0,2.0,0.0,0.0,3.0,1.0,0.0,0.0,0.0,0.0,0.0,0.0,0.0,0.0,0.0,0.0,1.0,1.0,1.0,5.0,0.0,0.0,0.0,4.0,1.0,1.0,0.0,0.0,177.0,0.0,3.0,2.0,130.0,0.0,1245.0,492.0,2865.0,178.0,10.0,271.0,5.0,42.0,0.0,1975.0,1.0,51.0,1.0,0.0,0.0,5.0,12.0,0.0,11.0,26.0,0.0,0.0,1.0,50.0,542.0,42.0,279.0,24.0
ctx-rh-insula,1.0,12.0,5.0,0.0,0.0,0.0,0.0,1.0,0.0,1.0,11.0,0.0,1.0,2.0,0.0,1.0,4.0,0.0,2.0,0.0,1.0,0.0,3.0,11.0,7.0,10.0,2.0,4.0,20.0,8.0,0.0,0.0,0.0,0.0,36.0,21.0,79.0,1.0,16.0,1.0,40.0,81.0,178.0,1787.0,19.0,11.0,274.0,8.0,17.0,98.0,25.0,5.0,298.0,16.0,140.0,2.0,205.0,71.0,290.0,19.0,6.0,221.0,115.0,76.0,271.0,251.0,42.0,104.0
ctx-rh-isthmuscingulate,3.0,0.0,4.0,5.0,0.0,0.0,5.0,29.0,4.0,13.0,126.0,5.0,0.0,10.0,0.0,8.0,4.0,3.0,0.0,0.0,0.0,10.0,8.0,39.0,8.0,125.0,0.0,0.0,1.0,85.0,10.0,7.0,0.0,4.0,4.0,10.0,4.0,12.0,1.0,0.0,17.0,52.0,10.0,19.0,757.0,24.0,0.0,98.0,0.0,7.0,14.0,97.0,1.0,0.0,0.0,7.0,16.0,379.0,19.0,1165.0,0.0,1.0,11.0,151.0,14.0,17.0,0.0,5.0
ctx-rh-lateraloccipital,0.0,0.0,0.0,2.0,0.0,0.0,1.0,4.0,0.0,0.0,11.0,0.0,0.0,2.0,0.0,1.0,0.0,0.0,0.0,0.0,0.0,1.0,1.0,0.0,0.0,12.0,0.0,0.0,0.0,6.0,0.0,0.0,0.0,0.0,11.0,0.0,0.0,452.0,1.0,0.0,1228.0,1073.0,271.0,11.0,24.0,6809.0,0.0,860.0,0.0,74.0,0.0,12.0,0.0,0.0,0.0,1153.0,2.0,1.0,3.0,199.0,0.0,0.0,0.0,548.0,21.0,16.0,2.0,3.0
ctx-rh-lateralorbitofrontal,0.0,2.0,0.0,0.0,0.0,0.0,0.0,0.0,0.0,0.0,0.0,0.0,2.0,0.0,1.0,0.0,0.0,0.0,1.0,0.0,1.0,0.0,0.0,0.0,0.0,0.0,14.0,3.0,10.0,0.0,0.0,0.0,0.0,0.0,1.0,10.0,0.0,0.0,0.0,118.0,1.0,0.0,5.0,274.0,0.0,0.0,2902.0,0.0,1412.0,0.0,0.0,1.0,11.0,549.0,363.0,0.0,1.0,0.0,2.0,0.0,156.0,1008.0,180.0,0.0,5.0,0.0,1.0,0.0
ctx-rh-lingual,0.0,0.0,0.0,4.0,0.0,0.0,0.0,2.0,0.0,0.0,12.0,0.0,0.0,3.0,0.0,0.0,0.0,1.0,0.0,0.0,0.0,0.0,0.0,1.0,0.0,17.0,0.0,0.0,0.0,18.0,1.0,1.0,0.0,0.0,2.0,0.0,0.0,234.0,1.0,0.0,894.0,59.0,42.0,8.0,98.0,860.0,0.0,4798.0,0.0,6.0,0.0,227.0,0.0,0.0,0.0,1440.0,4.0,1.0,0.0,254.0,0.0,0.0,1.0,92.0,8.0,5.0,0.0,1.0
ctx-rh-medialorbitofrontal,0.0,7.0,0.0,0.0,0.0,0.0,0.0,0.0,0.0,0.0,0.0,0.0,2.0,0.0,5.0,0.0,0.0,0.0,2.0,0.0,1.0,0.0,0.0,0.0,0.0,0.0,35.0,10.0,13.0,0.0,0.0,0.0,0.0,0.0,0.0,23.0,1.0,0.0,0.0,526.0,0.0,0.0,0.0,17.0,0.0,0.0,1412.0,0.0,1878.0,0.0,0.0,0.0,1.0,31.0,16.0,0.0,0.0,1.0,0.0,0.0,478.0,569.0,334.0,0.0,0.0,0.0,0.0,0.0
ctx-rh-middletemporal,1.0,0.0,0.0,0.0,0.0,0.0,0.0,0.0,0.0,0.0,1.0,1.0,0.0,1.0,0.0,0.0,0.0,0.0,0.0,0.0,0.0,0.0,1.0,0.0,0.0,4.0,0.0,0.0,0.0,0.0,0.0,0.0,0.0,0.0,666.0,0.0,2.0,2.0,13.0,0.0,114.0,627.0,1975.0,98.0,7.0,74.0,0.0,6.0,0.0,4235.0,1.0,6.0,0.0,0.0,1.0,3.0,13.0,1.0,20.0,17.0,0.0,0.0,1.0,23.0,1010.0,76.0,59.0,17.0
ctx-rh-paracentral,0.0,6.0,11.0,0.0,0.0,0.0,0.0,5.0,0.0,2.0,6.0,0.0,0.0,1.0,0.0,1.0,37.0,0.0,0.0,0.0,1.0,0.0,4.0,42.0,19.0,13.0,0.0,0.0,30.0,8.0,1.0,0.0,0.0,1.0,2.0,18.0,14.0,0.0,0.0,0.0,0.0,8.0,1.0,25.0,14.0,0.0,0.0,0.0,0.0,1.0,1821.0,0.0,4.0,0.0,0.0,0.0,535.0,355.0,916.0,183.0,0.0,6.0,471.0,196.0,2.0,10.0,0.0,0.0
ctx-rh-parahippocampal,0.0,0.0,0.0,0.0,0.0,0.0,0.0,2.0,0.0,1.0,2.0,1.0,0.0,0.0,0.0,0.0,0.0,0.0,0.0,0.0,0.0,0.0,0.0,1.0,1.0,2.0,0.0,0.0,0.0,0.0,0.0,0.0,0.0,0.0,1.0,0.0,0.0,3.0,211.0,0.0,173.0,5.0,51.0,5.0,97.0,12.0,1.0,227.0,0.0,6.0,0.0,337.0,0.0,0.0,0.0,5.0,0.0,0.0,0.0,39.0,0.0,0.0,0.0,6.0,2.0,1.0,3.0,0.0
ctx-rh-parsopercularis,0.0,7.0,1.0,0.0,0.0,0.0,0.0,0.0,0.0,0.0,0.0,0.0,1.0,0.0,0.0,0.0,1.0,0.0,0.0,0.0,0.0,0.0,0.0,4.0,2.0,0.0,1.0,5.0,12.0,1.0,0.0,0.0,0.0,0.0,0.0,15.0,241.0,0.0,0.0,0.0,0.0,12.0,1.0,298.0,1.0,0.0,11.0,0.0,1.0,0.0,4.0,0.0,1722.0,6.0,490.0,0.0,103.0,19.0,821.0,3.0,0.0,414.0,80.0,7.0,3.0,51.0,0.0,2.0
ctx-rh-parsorbitalis,0.0,1.0,0.0,0.0,0.0,0.0,0.0,0.0,0.0,0.0,0.0,0.0,0.0,0.0,0.0,0.0,0.0,0.0,0.0,0.0,0.0,0.0,0.0,0.0,0.0,0.0,2.0,0.0,1.0,0.0,0.0,0.0,0.0,0.0,0.0,2.0,0.0,0.0,0.0,9.0,0.0,0.0,0.0,16.0,0.0,0.0,549.0,0.0,31.0,0.0,0.0,0.0,6.0,772.0,431.0,0.0,0.0,0.0,1.0,0.0,9.0,632.0,33.0,0.0,1.0,0.0,0.0,0.0
ctx-rh-parstriangularis,0.0,3.0,0.0,0.0,0.0,0.0,0.0,0.0,0.0,1.0,0.0,0.0,0.0,0.0,0.0,0.0,0.0,0.0,0.0,0.0,1.0,0.0,0.0,0.0,0.0,0.0,4.0,2.0,11.0,0.0,0.0,0.0,0.0,0.0,0.0,8.0,11.0,0.0,0.0,4.0,0.0,1.0,0.0,140.0,0.0,0.0,363.0,0.0,16.0,1.0,0.0,0.0,490.0,431.0,1565.0,0.0,7.0,4.0,29.0,1.0,8.0,1025.0,88.0,1.0,0.0,1.0,0.0,0.0
ctx-rh-pericalcarine,0.0,0.0,0.0,30.0,0.0,0.0,0.0,0.0,0.0,0.0,2.0,0.0,0.0,0.0,0.0,0.0,0.0,0.0,0.0,0.0,0.0,5.0,0.0,0.0,0.0,2.0,0.0,0.0,0.0,0.0,0.0,0.0,0.0,0.0,0.0,0.0,0.0,2011.0,0.0,0.0,79.0,26.0,5.0,2.0,7.0,1153.0,0.0,1440.0,0.0,3.0,0.0,5.0,0.0,0.0,0.0,1208.0,1.0,0.0,0.0,242.0,0.0,0.0,0.0,227.0,0.0,1.0,0.0,1.0
ctx-rh-postcentral,0.0,1.0,2.0,0.0,0.0,0.0,0.0,0.0,0.0,1.0,6.0,0.0,0.0,1.0,0.0,1.0,12.0,0.0,0.0,0.0,0.0,0.0,0.0,16.0,9.0,12.0,0.0,0.0,5.0,4.0,1.0,0.0,0.0,0.0,15.0,6.0,92.0,0.0,1.0,0.0,2.0,191.0,12.0,205.0,16.0,2.0,1.0,4.0,0.0,13.0,535.0,0.0,103.0,0.0,7.0,1.0,5794.0,84.0,2306.0,100.0,0.0,13.0,45.0,816.0,22.0,1624.0,0.0,4.0
ctx-rh-posteriorcingulate,0.0,43.0,38.0,3.0,0.0,0.0,2.0,4.0,1.0,10.0,38.0,2.0,0.0,3.0,0.0,1.0,46.0,1.0,3.0,0.0,2.0,2.0,15.0,143.0,70.0,54.0,1.0,4.0,116.0,52.0,2.0,8.0,0.0,1.0,5.0,333.0,60.0,0.0,0.0,0.0,0.0,23.0,0.0,71.0,379.0,1.0,0.0,1.0,1.0,1.0,355.0,0.0,19.0,0.0,4.0,0.0,84.0,1474.0,270.0,506.0,6.0,22.0,524.0,135.0,9.0,35.0,0.0,8.0
ctx-rh-precentral,0.0,22.0,15.0,0.0,0.0,0.0,0.0,3.0,0.0,5.0,12.0,1.0,0.0,0.0,0.0,0.0,34.0,0.0,2.0,0.0,0.0,0.0,8.0,56.0,21.0,13.0,0.0,3.0,53.0,10.0,0.0,0.0,0.0,0.0,28.0,25.0,1395.0,0.0,0.0,0.0,2.0,183.0,11.0,290.0,19.0,3.0,2.0,0.0,0.0,20.0,916.0,0.0,821.0,1.0,29.0,0.0,2306.0,270.0,7927.0,64.0,0.0,71.0,773.0,320.0,33.0,754.0,0.0,7.0
ctx-rh-precuneus,0.0,1.0,1.0,9.0,0.0,0.0,5.0,42.0,4.0,7.0,149.0,11.0,0.0,26.0,0.0,2.0,8.0,4.0,3.0,0.0,0.0,29.0,9.0,37.0,13.0,167.0,0.0,0.0,6.0,114.0,7.0,3.0,0.0,2.0,11.0,7.0,5.0,301.0,0.0,0.0,57.0,206.0,26.0,19.0,1165.0,199.0,0.0,254.0,0.0,17.0,183.0,39.0,3.0,0.0,1.0,242.0,100.0,506.0,64.0,5582.0,0.0,0.0,22.0,2711.0,13.0,30.0,0.0,6.0
ctx-rh-rostralanteriorcingulate,0.0,57.0,5.0,0.0,0.0,0.0,0.0,0.0,0.0,2.0,0.0,0.0,9.0,0.0,11.0,0.0,1.0,0.0,3.0,4.0,4.0,0.0,0.0,1.0,0.0,0.0,126.0,33.0,67.0,0.0,0.0,0.0,0.0,0.0,0.0,295.0,7.0,0.0,0.0,6.0,0.0,1.0,0.0,6.0,0.0,0.0,156.0,0.0,478.0,0.0,0.0,0.0,0.0,9.0,8.0,0.0,0.0,6.0,0.0,0.0,701.0,120.0,339.0,0.0,0.0,0.0,0.0,0.0
ctx-rh-rostralmiddlefrontal,0.0,66.0,14.0,0.0,0.0,0.0,0.0,0.0,0.0,5.0,0.0,0.0,4.0,0.0,3.0,0.0,2.0,0.0,5.0,1.0,6.0,0.0,0.0,4.0,3.0,1.0,39.0,31.0,86.0,0.0,0.0,0.0,0.0,0.0,0.0,125.0,737.0,0.0,0.0,249.0,0.0,5.0,0.0,221.0,1.0,0.0,1008.0,0.0,569.0,0.0,6.0,0.0,414.0,632.0,1025.0,0.0,13.0,22.0,71.0,0.0,120.0,7238.0,1820.0,1.0,1.0,10.0,0.0,1.0
ctx-rh-superiorfrontal,0.0,212.0,64.0,0.0,0.0,0.0,0.0,1.0,0.0,14.0,3.0,0.0,4.0,0.0,8.0,0.0,15.0,0.0,14.0,1.0,12.0,1.0,8.0,71.0,35.0,4.0,63.0,74.0,364.0,7.0,0.0,2.0,0.0,0.0,0.0,827.0,782.0,0.0,0.0,165.0,1.0,13.0,1.0,115.0,11.0,0.0,180.0,1.0,334.0,1.0,471.0,0.0,80.0,33.0,88.0,0.0,45.0,524.0,773.0,22.0,339.0,1820.0,9120.0,20.0,2.0,13.0,0.0,0.0
ctx-rh-superiorparietal,0.0,0.0,0.0,12.0,1.0,0.0,3.0,16.0,4.0,2.0,62.0,3.0,0.0,10.0,0.0,3.0,8.0,1.0,0.0,0.0,0.0,10.0,5.0,29.0,5.0,52.0,0.0,0.0,4.0,51.0,0.0,3.0,0.0,1.0,25.0,2.0,18.0,693.0,0.0,0.0,76.0,2035.0,50.0,76.0,151.0,548.0,0.0,92.0,0.0,23.0,196.0,6.0,7.0,0.0,1.0,227.0,816.0,135.0,320.0,2711.0,0.0,1.0,20.0,7216.0,33.0,476.0,0.0,18.0
ctx-rh-superiortemporal,0.0,0.0,0.0,0.0,0.0,0.0,0.0,2.0,0.0,0.0,5.0,1.0,0.0,0.0,0.0,0.0,0.0,0.0,0.0,0.0,0.0,0.0,0.0,1.0,1.0,7.0,0.0,0.0,1.0,5.0,0.0,0.0,0.0,0.0,1057.0,0.0,11.0,0.0,37.0,0.0,74.0,149.0,542.0,271.0,14.0,21.0,5.0,8.0,0.0,1010.0,2.0,2.0,3.0,1.0,0.0,0.0,22.0,9.0,33.0,13.0,0.0,1.0,2.0,33.0,4856.0,447.0,171.0,646.0
ctx-rh-supramarginal,0.0,2.0,0.0,1.0,0.0,0.0,0.0,3.0,1.0,0.0,5.0,0.0,0.0,0.0,0.0,0.0,0.0,0.0,1.0,0.0,0.0,2.0,1.0,12.0,4.0,7.0,0.0,0.0,7.0,13.0,0.0,0.0,0.0,0.0,396.0,3.0,79.0,0.0,0.0,0.0,10.0,1217.0,42.0,251.0,17.0,16.0,0.0,5.0,0.0,76.0,10.0,1.0,51.0,0.0,1.0,1.0,1624.0,35.0,754.0,30.0,0.0,10.0,13.0,476.0,447.0,6135.0,3.0,65.0
ctx-rh-temporalpole,0.0,0.0,0.0,0.0,0.0,0.0,0.0,0.0,0.0,0.0,0.0,0.0,0.0,0.0,0.0,0.0,0.0,0.0,0.0,0.0,0.0,0.0,0.0,0.0,0.0,0.0,0.0,0.0,0.0,0.0,0.0,0.0,0.0,0.0,0.0,0.0,0.0,0.0,239.0,0.0,76.0,2.0,279.0,42.0,0.0,2.0,1.0,0.0,0.0,59.0,0.0,3.0,0.0,0.0,0.0,0.0,0.0,0.0,0.0,0.0,0.0,0.0,0.0,0.0,171.0,3.0,258.0,0.0
ctx-rh-transversetemporal,0.0,0.0,0.0,0.0,0.0,0.0,0.0,0.0,0.0,0.0,1.0,1.0,0.0,0.0,0.0,0.0,0.0,1.0,0.0,0.0,0.0,0.0,0.0,0.0,0.0,2.0,0.0,1.0,0.0,1.0,0.0,1.0,0.0,0.0,52.0,0.0,1.0,1.0,0.0,0.0,4.0,28.0,24.0,104.0,5.0,3.0,0.0,1.0,0.0,17.0,0.0,0.0,2.0,0.0,0.0,1.0,4.0,8.0,7.0,6.0,0.0,1.0,0.0,18.0,646.0,65.0,0.0,299.0
