,ctx-lh-bankssts,ctx-lh-caudalanteriorcingulate,ctx-lh-caudalmiddlefrontal,ctx-lh-cuneus,ctx-lh-entorhinal,ctx-lh-frontalpole,ctx-lh-fusiform,ctx-lh-inferiorparietal,ctx-lh-inferiortemporal,ctx-lh-insula,ctx-lh-isthmuscingulate,ctx-lh-lateraloccipital,ctx-lh-lateralorbitofrontal,ctx-lh-lingual,ctx-lh-medialorbitofrontal,ctx-lh-middletemporal,ctx-lh-paracentral,ctx-lh-parahippocampal,ctx-lh-parsopercularis,ctx-lh-parsorbitalis,ctx-lh-parstriangularis,ctx-lh-pericalcarine,ctx-lh-postcentral,ctx-lh-posteriorcingulate,ctx-lh-precentral,ctx-lh-precuneus,ctx-lh-rostralanteriorcingulate,ctx-lh-rostralmiddlefrontal,ctx-lh-superiorfrontal,ctx-lh-superiorparietal,ctx-lh-superiortemporal,ctx-lh-supramarginal,ctx-lh-temporalpole,ctx-lh-transversetemporal,ctx-rh-bankssts,ctx-rh-caudalanteriorcingulate,ctx-rh-caudalmiddlefrontal,ctx-rh-cuneus,ctx-rh-entorhinal,ctx-rh-frontalpole,ctx-rh-fusiform,ctx-rh-inferiorparietal,ctx-rh-inferiortemporal,ctx-rh-insula,ctx-rh-isthmuscingulate,ctx-rh-lateraloccipital,ctx-rh-lateralorbitofrontal,ctx-rh-lingual,ctx-rh-medialorbitofrontal,ctx-rh-middletemporal,ctx-rh-paracentral,ctx-rh-parahippocampal,ctx-rh-parsopercularis,ctx-rh-parsorbitalis,ctx-rh-parstriangularis,ctx-rh-pericalcarine,ctx-rh-postcentral,ctx-rh-posteriorcingulate,ctx-rh-precentral,ctx-rh-precuneus,ctx-rh-rostralanteriorcingulate,ctx-rh-rostralmiddlefrontal,ctx-rh-superiorfrontal,ctx-rh-superiorparietal,ctx-rh-superiortemporal,ctx-rh-supramarginal,ctx-rh-temporalpole,ctx-rh-transversetemporal
ctx-lh-bankssts,464.0,0.0,3.0,0.0,0.0,0.0,21.0,369.0,156.0,36.0,7.0,16.0,0.0,18.0,0.0,539.0,0.0,2.0,0.0,0.0,0.0,5.0,12.0,11.0,10.0,12.0,0.0,0.0,0.0,34.0,592.0,193.0,3.0,28.0,1.0,0.0,0.0,2.0,0.0,0.0,2.0,0.0,0.0,0.0,2.0,0.0,0.0,0.0,0.0,0.0,0.0,1.0,0.0,0.0,0.0,0.0,0.0,1.0,0.0,2.0,0.0,0.0,0.0,3.0,0.0,2.0,0.0,0.0
ctx-lh-caudalanteriorcingulate,0.0,556.0,80.0,0.0,0.0,0.0,0.0,0.0,0.0,35.0,5.0,0.0,13.0,0.0,11.0,0.0,16.0,0.0,32.0,3.0,16.0,0.0,4.0,254.0,28.0,2.0,206.0,134.0,697.0,2.0,0.0,2.0,0.0,0.0,0.0,176.0,28.0,0.0,0.0,1.0,0.0,0.0,0.0,5.0,1.0,0.0,1.0,0.0,7.0,0.0,3.0,0.0,20.0,4.0,13.0,0.0,0.0,32.0,14.0,0.0,37.0,71.0,133.0,1.0,0.0,2.0,0.0,0.0
ctx-lh-caudalmiddlefrontal,3.0,80.0,2759.0,0.0,0.0,0.0,0.0,4.0,0.0,84.0,1.0,0.0,3.0,0.0,0.0,1.0,17.0,0.0,267.0,0.0,18.0,0.0,41.0,31.0,1066.0,1.0,10.0,816.0,865.0,12.0,8.0,16.0,1.0,0.0,0.0,23.0,4.0,0.0,0.0,0.0,0.0,0.0,0.0,2.0,0.0,0.0,0.0,0.0,0.0,0.0,0.0,0.0,3.0,0.0,3.0,0.0,0.0,6.0,6.0,0.0,1.0,4.0,13.0,0.0,0.0,0.0,0.0,0.0
ctx-lh-cuneus,0.0,0.0,0.0,1651.0,0.0,0.0,6.0,46.0,4.0,0.0,31.0,259.0,0.0,127.0,0.0,1.0,0.0,0.0,0.0,0.0,0.0,1964.0,0.0,1.0,2.0,295.0,0.0,0.0,0.0,872.0,1.0,0.0,0.0,0.0,0.0,0.0,0.0,19.0,0.0,0.0,1.0,1.0,0.0,0.0,6.0,0.0,0.0,1.0,0.0,1.0,0.0,0.0,0.0,0.0,0.0,9.0,0.0,0.0,0.0,6.0,0.0,0.0,0.0,5.0,1.0,1.0,0.0,0.0
ctx-lh-entorhinal,0.0,0.0,0.0,0.0,92.0,0.0,97.0,0.0,59.0,7.0,0.0,0.0,0.0,0.0,0.0,2.0,0.0,98.0,0.0,0.0,0.0,0.0,1.0,0.0,0.0,0.0,0.0,1.0,0.0,0.0,4.0,0.0,148.0,0.0,0.0,0.0,0.0,0.0,0.0,0.0,0.0,0.0,0.0,0.0,0.0,0.0,0.0,0.0,0.0,0.0,0.0,0.0,0.0,0.0,0.0,0.0,0.0,0.0,0.0,0.0,0.0,0.0,0.0,0.0,0.0,0.0,0.0,0.0
ctx-lh-frontalpole,0.0,0.0,0.0,0.0,0.0,34.0,0.0,0.0,0.0,0.0,0.0,0.0,60.0,0.0,154.0,0.0,0.0,0.0,0.0,1.0,2.0,0.0,0.0,0.0,0.0,0.0,10.0,178.0,113.0,0.0,0.0,0.0,0.0,0.0,0.0,0.0,0.0,0.0,0.0,0.0,0.0,0.0,0.0,0.0,0.0,0.0,0.0,0.0,0.0,0.0,0.0,0.0,0.0,0.0,0.0,0.0,0.0,0.0,0.0,0.0,1.0,0.0,1.0,0.0,0.0,0.0,0.0,0.0
ctx-lh-fusiform,21.0,0.0,0.0,6.0,97.0,0.0,2694.0,69.0,1343.0,37.0,15.0,1534.0,1.0,616.0,0.0,112.0,0.0,125.0,0.0,0.0,0.0,66.0,4.0,1.0,0.0,30.0,0.0,0.0,0.0,27.0,43.0,7.0,152.0,0.0,0.0,0.0,0.0,0.0,0.0,0.0,0.0,1.0,0.0,0.0,4.0,1.0,0.0,0.0,0.0,0.0,0.0,0.0,0.0,0.0,0.0,1.0,0.0,0.0,1.0,3.0,0.0,0.0,0.0,1.0,1.0,0.0,0.0,0.0
ctx-lh-inferiorparietal,369.0,0.0,4.0,46.0,0.0,0.0,69.0,5007.0,159.0,44.0,56.0,672.0,0.0,65.0,0.0,400.0,0.0,7.0,4.0,0.0,0.0,66.0,51.0,15.0,19.0,205.0,0.0,1.0,1.0,866.0,130.0,724.0,2.0,18.0,0.0,0.0,1.0,1.0,0.0,0.0,0.0,1.0,0.0,1.0,21.0,0.0,0.0,0.0,0.0,0.0,1.0,0.0,0.0,0.0,0.0,0.0,3.0,2.0,2.0,13.0,0.0,0.0,0.0,6.0,4.0,4.0,0.0,1.0
ctx-lh-inferiortemporal,156.0,0.0,0.0,4.0,59.0,0.0,1343.0,159.0,1687.0,130.0,24.0,224.0,4.0,163.0,0.0,2111.0,0.0,99.0,1.0,0.0,0.0,33.0,3.0,5.0,2.0,27.0,0.0,0.0,1.0,31.0,202.0,14.0,192.0,10.0,0.0,0.0,0.0,0.0,0.0,0.0,0.0,3.0,0.0,0.0,5.0,1.0,0.0,0.0,0.0,0.0,0.0,1.0,0.0,0.0,0.0,1.0,1.0,3.0,0.0,4.0,0.0,0.0,0.0,4.0,0.0,1.0,0.0,0.0
ctx-lh-insula,36.0,35.0,84.0,0.0,7.0,0.0,37.0,44.0,130.0,1630.0,36.0,6.0,304.0,7.0,15.0,185.0,39.0,7.0,209.0,12.0,75.0,2.0,285.0,101.0,413.0,62.0,21.0,149.0,155.0,130.0,432.0,263.0,148.0,132.0,0.0,13.0,6.0,0.0,0.0,0.0,0.0,1.0,0.0,3.0,9.0,0.0,2.0,0.0,2.0,0.0,2.0,0.0,1.0,0.0,2.0,0.0,1.0,21.0,3.0,6.0,2.0,5.0,12.0,3.0,1.0,0.0,0.0,1.0
ctx-lh-isthmuscingulate,7.0,5.0,1.0,31.0,0.0,0.0,15.0,56.0,24.0,36.0,704.0,17.0,0.0,196.0,0.0,10.0,13.0,48.0,0.0,0.0,0.0,56.0,23.0,435.0,13.0,964.0,0.0,0.0,7.0,155.0,23.0,16.0,0.0,13.0,6.0,1.0,2.0,6.0,0.0,0.0,3.0,17.0,2.0,13.0,101.0,10.0,0.0,12.0,0.0,2.0,11.0,0.0,0.0,0.0,0.0,6.0,4.0,58.0,8.0,103.0,0.0,0.0,3.0,41.0,15.0,17.0,0.0,2.0
ctx-lh-lateraloccipital,16.0,0.0,0.0,259.0,0.0,0.0,1534.0,672.0,224.0,6.0,17.0,6999.0,0.0,1037.0,0.0,57.0,0.0,9.0,0.0,0.0,0.0,1064.0,4.0,2.0,5.0,77.0,0.0,0.0,0.0,412.0,10.0,4.0,0.0,0.0,1.0,0.0,0.0,1.0,0.0,0.0,0.0,5.0,0.0,0.0,7.0,2.0,0.0,1.0,0.0,0.0,1.0,0.0,0.0,0.0,0.0,1.0,1.0,0.0,0.0,3.0,0.0,0.0,0.0,3.0,0.0,0.0,0.0,0.0
ctx-lh-lateralorbitofrontal,0.0,13.0,3.0,0.0,0.0,60.0,1.0,0.0,4.0,304.0,0.0,0.0,2736.0,0.0,1254.0,3.0,0.0,0.0,18.0,478.0,474.0,0.0,0.0,0.0,1.0,0.0,210.0,1118.0,164.0,0.0,3.0,0.0,3.0,0.0,0.0,4.0,0.0,0.0,0.0,2.0,0.0,0.0,0.0,2.0,0.0,0.0,5.0,0.0,10.0,0.0,0.0,0.0,1.0,0.0,2.0,0.0,0.0,0.0,0.0,0.0,15.0,11.0,15.0,0.0,0.0,0.0,0.0,0.0
ctx-lh-lingual,18.0,0.0,0.0,127.0,0.0,0.0,616.0,65.0,163.0,7.0,196.0,1037.0,0.0,6178.0,0.0,31.0,1.0,267.0,0.0,0.0,0.0,1496.0,1.0,2.0,1.0,146.0,0.0,0.0,0.0,91.0,10.0,3.0,1.0,1.0,0.0,0.0,0.0,20.0,0.0,0.0,0.0,4.0,0.0,1.0,10.0,4.0,0.0,29.0,0.0,0.0,0.0,1.0,0.0,0.0,0.0,20.0,1.0,0.0,0.0,11.0,0.0,0.0,0.0,7.0,1.0,1.0,0.0,0.0
ctx-lh-medialorbitofrontal,0.0,11.0,0.0,0.0,0.0,154.0,0.0,0.0,0.0,15.0,0.0,0.0,1254.0,0.0,1308.0,0.0,0.0,0.0,3.0,16.0,12.0,0.0,0.0,1.0,0.0,0.0,437.0,406.0,245.0,0.0,0.0,0.0,0.0,0.0,0.0,5.0,0.0,0.0,0.0,2.0,0.0,0.0,0.0,2.0,0.0,0.0,9.0,0.0,20.0,0.0,0.0,0.0,1.0,1.0,1.0,0.0,0.0,0.0,0.0,0.0,19.0,10.0,13.0,0.0,0.0,0.0,0.0,0.0
ctx-lh-middletemporal,539.0,0.0,1.0,1.0,2.0,0.0,112.0,400.0,2111.0,185.0,10.0,57.0,3.0,31.0,0.0,2715.0,0.0,12.0,1.0,0.0,0.0,16.0,5.0,2.0,4.0,15.0,0.0,0.0,0.0,30.0,785.0,41.0,173.0,15.0,1.0,0.0,0.0,0.0,0.0,0.0,1.0,3.0,0.0,0.0,6.0,0.0,0.0,0.0,0.0,1.0,0.0,1.0,0.0,0.0,0.0,0.0,0.0,3.0,0.0,2.0,0.0,0.0,0.0,2.0,0.0,0.0,0.0,0.0
ctx-lh-paracentral,0.0,16.0,17.0,0.0,0.0,0.0,0.0,0.0,0.0,39.0,13.0,0.0,0.0,1.0,0.0,0.0,2147.0,0.0,0.0,0.0,1.0,0.0,485.0,347.0,938.0,214.0,0.0,1.0,471.0,125.0,2.0,1.0,0.0,3.0,0.0,8.0,6.0,0.0,0.0,0.0,0.0,0.0,1.0,0.0,0.0,0.0,0.0,0.0,0.0,0.0,7.0,0.0,1.0,0.0,0.0,0.0,0.0,38.0,8.0,1.0,0.0,2.0,12.0,1.0,0.0,0.0,0.0,2.0
ctx-lh-parahippocampal,2.0,0.0,0.0,0.0,98.0,0.0,125.0,7.0,99.0,7.0,48.0,9.0,0.0,267.0,0.0,12.0,0.0,348.0,0.0,0.0,0.0,2.0,0.0,1.0,0.0,5.0,0.0,0.0,0.0,5.0,10.0,1.0,2.0,0.0,0.0,0.0,0.0,0.0,0.0,0.0,1.0,1.0,0.0,1.0,2.0,0.0,0.0,0.0,0.0,0.0,1.0,0.0,0.0,0.0,0.0,0.0,0.0,0.0,0.0,2.0,0.0,0.0,0.0,0.0,0.0,1.0,0.0,0.0
ctx-lh-parsopercularis,0.0,32.0,267.0,0.0,0.0,0.0,0.0,4.0,1.0,209.0,0.0,0.0,18.0,0.0,3.0,1.0,0.0,0.0,1715.0,6.0,508.0,0.0,41.0,7.0,491.0,0.0,23.0,548.0,135.0,5.0,5.0,9.0,0.0,1.0,0.0,11.0,3.0,0.0,0.0,0.0,0.0,0.0,0.0,0.0,0.0,0.0,0.0,0.0,0.0,0.0,0.0,0.0,0.0,1.0,1.0,0.0,0.0,3.0,0.0,1.0,1.0,4.0,6.0,0.0,0.0,0.0,0.0,0.0
ctx-lh-parsorbitalis,0.0,3.0,0.0,0.0,0.0,1.0,0.0,0.0,0.0,12.0,0.0,0.0,478.0,0.0,16.0,0.0,0.0,0.0,6.0,564.0,303.0,0.0,0.0,0.0,0.0,0.0,19.0,492.0,19.0,0.0,0.0,0.0,0.0,0.0,0.0,1.0,0.0,0.0,0.0,0.0,0.0,0.0,0.0,0.0,0.0,0.0,0.0,0.0,2.0,0.0,0.0,0.0,0.0,0.0,0.0,0.0,0.0,0.0,0.0,0.0,0.0,0.0,1.0,0.0,0.0,0.0,0.0,0.0
ctx-lh-parstriangularis,0.0,16.0,18.0,0.0,0.0,2.0,0.0,0.0,0.0,75.0,0.0,0.0,474.0,0.0,12.0,0.0,1.0,0.0,508.0,303.0,1189.0,0.0,0.0,0.0,6.0,0.0,34.0,838.0,88.0,0.0,0.0,0.0,1.0,0.0,0.0,3.0,1.0,0.0,0.0,0.0,0.0,0.0,0.0,2.0,0.0,0.0,3.0,0.0,1.0,0.0,0.0,0.0,0.0,1.0,1.0,0.0,0.0,0.0,0.0,0.0,1.0,4.0,4.0,0.0,0.0,0.0,0.0,0.0
ctx-lh-pericalcarine,5.0,0.0,0.0,1964.0,0.0,0.0,66.0,66.0,33.0,2.0,56.0,1064.0,0.0,1496.0,0.0,16.0,0.0,2.0,0.0,0.0,0.0,928.0,1.0,2.0,0.0,285.0,0.0,0.0,0.0,245.0,3.0,3.0,0.0,1.0,0.0,0.0,0.0,4.0,0.0,0.0,1.0,4.0,0.0,0.0,15.0,1.0,0.0,0.0,0.0,0.0,0.0,0.0,0.0,0.0,0.0,7.0,0.0,2.0,1.0,12.0,0.0,0.0,0.0,5.0,1.0,0.0,0.0,0.0
ctx-lh-postcentral,12.0,4.0,41.0,0.0,1.0,0.0,4.0,51.0,3.0,285.0,23.0,4.0,0.0,1.0,0.0,5.0,485.0,0.0,41.0,0.0,0.0,1.0,6936.0,53.0,1715.0,176.0,0.0,6.0,38.0,823.0,40.0,1176.0,0.0,22.0,0.0,3.0,0.0,0.0,0.0,0.0,0.0,4.0,0.0,4.0,5.0,0.0,0.0,1.0,1.0,0.0,3.0,0.0,0.0,0.0,0.0,0.0,0.0,11.0,3.0,2.0,0.0,0.0,0.0,1.0,0.0,2.0,0.0,0.0
ctx-lh-posteriorcingulate,11.0,254.0,31.0,1.0,0.0,0.0,1.0,15.0,5.0,101.0,435.0,2.0,0.0,2.0,1.0,2.0,347.0,1.0,7.0,0.0,0.0,2.0,53.0,1410.0,160.0,403.0,2.0,4.0,365.0,101.0,28.0,18.0,0.0,12.0,0.0,30.0,29.0,0.0,0.0,0.0,0.0,4.0,0.0,7.0,26.0,1.0,0.0,1.0,0.0,0.0,38.0,2.0,8.0,0.0,2.0,0.0,11.0,247.0,48.0,13.0,0.0,4.0,86.0,10.0,0.0,7.0,0.0,1.0
ctx-lh-precentral,10.0,28.0,1066.0,2.0,0.0,0.0,0.0,19.0,2.0,413.0,13.0,5.0,1.0,1.0,0.0,4.0,938.0,0.0,491.0,0.0,6.0,0.0,1715.0,160.0,7562.0,94.0,2.0,74.0,729.0,265.0,36.0,286.0,1.0,13.0,0.0,11.0,7.0,0.0,0.0,0.0,0.0,1.0,0.0,1.0,4.0,0.0,0.0,1.0,0.0,0.0,5.0,0.0,2.0,0.0,0.0,0.0,0.0,36.0,16.0,3.0,0.0,4.0,12.0,2.0,0.0,2.0,0.0,0.0
ctx-lh-precuneus,12.0,2.0,1.0,295.0,0.0,0.0,30.0,205.0,27.0,62.0,964.0,77.0,0.0,146.0,0.0,15.0,214.0,5.0,0.0,0.0,0.0,285.0,176.0,403.0,94.0,4571.0,0.0,1.0,13.0,2015.0,27.0,37.0,2.0,11.0,6.0,0.0,1.0,9.0,0.0,0.0,0.0,27.0,4.0,1.0,121.0,8.0,0.0,16.0,0.0,3.0,6.0,6.0,2.0,0.0,0.0,6.0,10.0,44.0,6.0,118.0,0.0,0.0,4.0,48.0,9.0,20.0,0.0,2.0
ctx-lh-rostralanteriorcingulate,0.0,206.0,10.0,0.0,0.0,10.0,0.0,0.0,0.0,21.0,0.0,0.0,210.0,0.0,437.0,0.0,0.0,0.0,23.0,19.0,34.0,0.0,0.0,2.0,2.0,0.0,896.0,220.0,553.0,0.0,1.0,0.0,0.0,0.0,0.0,36.0,4.0,0.0,0.0,1.0,0.0,0.0,0.0,4.0,0.0,0.0,26.0,0.0,45.0,0.0,0.0,0.0,2.0,8.0,11.0,0.0,0.0,0.0,0.0,0.0,102.0,69.0,72.0,0.0,0.0,0.0,0.0,0.0
ctx-lh-rostralmiddlefrontal,0.0,134.0,816.0,0.0,1.0,178.0,0.0,1.0,0.0,149.0,0.0,0.0,1118.0,0.0,406.0,0.0,1.0,0.0,548.0,492.0,838.0,0.0,6.0,4.0,74.0,1.0,220.0,6671.0,2203.0,1.0,1.0,2.0,2.0,0.0,0.0,34.0,3.0,0.0,0.0,0.0,0.0,0.0,0.0,3.0,0.0,0.0,3.0,0.0,9.0,0.0,0.0,0.0,4.0,4.0,2.0,0.0,0.0,1.0,3.0,0.0,27.0,24.0,40.0,0.0,0.0,0.0,0.0,0.0
ctx-lh-superiorfrontal,0.0,697.0,865.0,0.0,0.0,113.0,0.0,1.0,1.0,155.0,7.0,0.0,164.0,0.0,245.0,0.0,471.0,0.0,135.0,19.0,88.0,0.0,38.0,365.0,729.0,13.0,553.0,2203.0,11313.0,17.0,4.0,7.0,0.0,3.0,0.0,120.0,27.0,0.0,0.0,0.0,0.0,1.0,0.0,10.0,1.0,0.0,3.0,0.0,13.0,0.0,13.0,0.0,13.0,3.0,12.0,0.0,3.0,67.0,26.0,0.0,35.0,54.0,126.0,3.0,0.0,0.0,0.0,0.0
ctx-lh-superiorparietal,34.0,2.0,12.0,872.0,0.0,0.0,27.0,866.0,31.0,130.0,155.0,412.0,0.0,91.0,0.0,30.0,125.0,5.0,5.0,0.0,0.0,245.0,823.0,101.0,265.0,2015.0,0.0,1.0,17.0,6682.0,64.0,271.0,2.0,24.0,3.0,1.0,0.0,1.0,0.0,0.0,1.0,11.0,1.0,6.0,50.0,1.0,0.0,6.0,0.0,0.0,4.0,0.0,0.0,0.0,0.0,1.0,7.0,26.0,2.0,35.0,0.0,0.0,2.0,19.0,4.0,4.0,0.0,1.0
ctx-lh-superiortemporal,592.0,0.0,8.0,1.0,4.0,0.0,43.0,130.0,202.0,432.0,23.0,10.0,3.0,10.0,0.0,785.0,2.0,10.0,5.0,0.0,0.0,3.0,40.0,28.0,36.0,27.0,1.0,1.0,4.0,64.0,4893.0,457.0,233.0,820.0,0.0,0.0,0.0,1.0,0.0,0.0,0.0,2.0,0.0,1.0,9.0,0.0,0.0,2.0,0.0,0.0,1.0,0.0,0.0,0.0,0.0,0.0,0.0,2.0,0.0,5.0,0.0,0.0,1.0,4.0,3.0,2.0,0.0,0.0
ctx-lh-supramarginal,193.0,2.0,16.0,0.0,0.0,0.0,7.0,724.0,14.0,263.0,16.0,4.0,0.0,3.0,0.0,41.0,1.0,1.0,9.0,0.0,0.0,3.0,1176.0,18.0,286.0,37.0,0.0,2.0,7.0,271.0,457.0,3641.0,0.0,32.0,1.0,0.0,1.0,0.0,0.0,0.0,0.0,1.0,0.0,1.0,6.0,0.0,0.0,1.0,0.0,0.0,3.0,0.0,0.0,0.0,0.0,0.0,2.0,8.0,1.0,1.0,0.0,0.0,0.0,5.0,0.0,1.0,0.0,1.0
ctx-lh-temporalpole,3.0,0.0,1.0,0.0,148.0,0.0,152.0,2.0,192.0,148.0,0.0,0.0,3.0,1.0,0.0,173.0,0.0,2.0,0.0,0.0,1.0,0.0,0.0,0.0,1.0,2.0,0.0,2.0,0.0,2.0,233.0,0.0,569.0,0.0,0.0,0.0,0.0,0.0,0.0,0.0,0.0,0.0,0.0,0.0,0.0,0.0,0.0,0.0,1.0,0.0,0.0,0.0,0.0,0.0,0.0,0.0,0.0,0.0,0.0,0.0,0.0,0.0,0.0,0.0,0.0,0.0,0.0,0.0
ctx-lh-transversetemporal,28.0,0.0,0.0,0.0,0.0,0.0,0.0,18.0,10.0,132.0,13.0,0.0,0.0,1.0,0.0,15.0,3.0,0.0,1.0,0.0,0.0,1.0,22.0,12.0,13.0,11.0,0.0,0.0,3.0,24.0,820.0,32.0,0.0,447.0,0.0,0.0,0.0,0.0,0.0,0.0,0.0,0.0,0.0,2.0,3.0,0.0,0.0,0.0,0.0,0.0,2.0,1.0,0.0,0.0,0.0,0.0,0.0,3.0,0.0,5.0,0.0,0.0,0.0,0.0,0.0,0.0,0.0,0.0
ctx-rh-bankssts,1.0,0.0,0.0,0.0,0.0,0.0,0.0,0.0,0.0,0.0,6.0,1.0,0.0,0.0,0.0,1.0,0.0,0.0,0.0,0.0,0.0,0.0,0.0,0.0,0.0,6.0,0.0,0.0,0.0,3.0,0.0,1.0,0.0,0.0,702.0,0.0,0.0,5.0,1.0,0.0,40.0,417.0,121.0,38.0,17.0,24.0,0.0,52.0,0.0,575.0,2.0,9.0,2.0,0.0,0.0,2.0,5.0,6.0,3.0,21.0,0.0,0.0,0.0,25.0,731.0,382.0,4.0,18.0
ctx-rh-caudalanteriorcingulate,0.0,176.0,23.0,0.0,0.0,0.0,0.0,0.0,0.0,13.0,1.0,0.0,4.0,0.0,5.0,0.0,8.0,0.0,11.0,1.0,3.0,0.0,3.0,30.0,11.0,0.0,36.0,34.0,120.0,1.0,0.0,0.0,0.0,0.0,0.0,526.0,58.0,0.0,0.0,0.0,0.0,0.0,0.0,27.0,0.0,0.0,14.0,0.0,11.0,0.0,6.0,0.0,42.0,4.0,25.0,0.0,1.0,237.0,28.0,4.0,147.0,187.0,608.0,2.0,0.0,2.0,0.0,0.0
ctx-rh-caudalmiddlefrontal,0.0,28.0,4.0,0.0,0.0,0.0,0.0,1.0,0.0,6.0,2.0,0.0,0.0,0.0,0.0,0.0,6.0,0.0,3.0,0.0,1.0,0.0,0.0,29.0,7.0,1.0,4.0,3.0,27.0,0.0,0.0,1.0,0.0,0.0,0.0,58.0,2428.0,0.0,0.0,0.0,0.0,1.0,0.0,47.0,2.0,0.0,1.0,0.0,0.0,1.0,40.0,0.0,242.0,1.0,32.0,0.0,42.0,74.0,919.0,4.0,2.0,746.0,790.0,5.0,1.0,9.0,0.0,0.0
ctx-rh-cuneus,2.0,0.0,0.0,19.0,0.0,0.0,0.0,1.0,0.0,0.0,6.0,1.0,0.0,20.0,0.0,0.0,0.0,0.0,0.0,0.0,0.0,4.0,0.0,0.0,0.0,9.0,0.0,0.0,0.0,1.0,1.0,0.0,0.0,0.0,5.0,0.0,0.0,1810.0,0.0,0.0,16.0,27.0,4.0,1.0,31.0,390.0,0.0,174.0,0.0,6.0,2.0,1.0,0.0,0.0,0.0,1778.0,2.0,0.0,0.0,472.0,0.0,0.0,0.0,698.0,2.0,1.0,0.0,0.0
ctx-rh-entorhinal,0.0,0.0,0.0,0.0,0.0,0.0,0.0,0.0,0.0,0.0,0.0,0.0,0.0,0.0,0.0,0.0,0.0,0.0,0.0,0.0,0.0,0.0,0.0,0.0,0.0,0.0,0.0,0.0,0.0,0.0,0.0,0.0,0.0,0.0,1.0,0.0,0.0,0.0,231.0,0.0,142.0,1.0,165.0,2.0,1.0,0.0,0.0,1.0,0.0,12.0,0.0,92.0,0.0,0.0,0.0,0.0,0.0,0.0,0.0,0.0,0.0,0.0,0.0,0.0,11.0,0.0,107.0,0.0
ctx-rh-frontalpole,0.0,1.0,0.0,0.0,0.0,0.0,0.0,0.0,0.0,0.0,0.0,0.0,2.0,0.0,2.0,0.0,0.0,0.0,0.0,0.0,0.0,0.0,0.0,0.0,0.0,0.0,1.0,0.0,0.0,0.0,0.0,0.0,0.0,0.0,0.0,0.0,0.0,0.0,0.0,68.0,0.0,0.0,0.0,0.0,0.0,0.0,127.0,0.0,274.0,0.0,0.0,0.0,0.0,9.0,0.0,0.0,0.0,0.0,0.0,0.0,5.0,107.0,85.0,0.0,0.0,0.0,0.0,0.0
ctx-rh-fusiform,2.0,0.0,0.0,1.0,0.0,0.0,0.0,0.0,0.0,0.0,3.0,0.0,0.0,0.0,0.0,1.0,0.0,1.0,0.0,0.0,0.0,1.0,0.0,0.0,0.0,0.0,0.0,0.0,0.0,1.0,0.0,0.0,0.0,0.0,40.0,0.0,0.0,16.0,142.0,0.0,3544.0,90.0,1622.0,16.0,22.0,1806.0,0.0,683.0,0.0,232.0,0.0,187.0,0.0,0.0,0.0,86.0,0.0,1.0,1.0,28.0,0.0,0.0,0.0,36.0,66.0,4.0,44.0,1.0
ctx-rh-inferiorparietal,0.0,0.0,0.0,1.0,0.0,0.0,1.0,1.0,3.0,1.0,17.0,5.0,0.0,4.0,0.0,3.0,0.0,1.0,0.0,0.0,0.0,4.0,4.0,4.0,1.0,27.0,0.0,0.0,1.0,11.0,2.0,1.0,0.0,0.0,417.0,0.0,1.0,27.0,1.0,0.0,90.0,6549.0,119.0,61.0,89.0,637.0,0.0,130.0,0.0,418.0,14.0,9.0,1.0,0.0,0.0,41.0,58.0,15.0,36.0,489.0,0.0,0.0,1.0,1146.0,186.0,1137.0,1.0,23.0
ctx-rh-inferiortemporal,0.0,0.0,0.0,0.0,0.0,0.0,0.0,0.0,0.0,0.0,2.0,0.0,0.0,0.0,0.0,0.0,1.0,0.0,0.0,0.0,0.0,0.0,0.0,0.0,0.0,4.0,0.0,0.0,0.0,1.0,0.0,0.0,0.0,0.0,121.0,0.0,0.0,4.0,165.0,0.0,1622.0,119.0,2340.0,61.0,7.0,234.0,3.0,112.0,0.0,1645.0,1.0,96.0,0.0,0.0,0.0,10.0,2.0,2.0,0.0,20.0,0.0,0.0,1.0,20.0,237.0,11.0,310.0,6.0
ctx-rh-insula,0.0,5.0,2.0,0.0,0.0,0.0,0.0,1.0,0.0,3.0,13.0,0.0,2.0,1.0,2.0,0.0,0.0,1.0,0.0,0.0,2.0,0.0,4.0,7.0,1.0,1.0,4.0,3.0,10.0,6.0,1.0,1.0,0.0,2.0,38.0,27.0,47.0,1.0,2.0,0.0,16.0,61.0,61.0,1181.0,21.0,2.0,307.0,13.0,9.0,71.0,28.0,4.0,204.0,17.0,139.0,3.0,173.0,26.0,287.0,46.0,12.0,160.0,79.0,61.0,410.0,259.0,83.0,117.0
ctx-rh-isthmuscingulate,2.0,1.0,0.0,6.0,0.0,0.0,4.0,21.0,5.0,9.0,101.0,7.0,0.0,10.0,0.0,6.0,0.0,2.0,0.0,0.0,0.0,15.0,5.0,26.0,4.0,121.0,0.0,0.0,1.0,50.0,9.0,6.0,0.0,3.0,17.0,0.0,2.0,31.0,1.0,0.0,22.0,89.0,7.0,21.0,803.0,26.0,0.0,253.0,0.0,9.0,31.0,110.0,2.0,0.0,0.0,27.0,21.0,328.0,14.0,873.0,0.0,0.0,2.0,155.0,33.0,58.0,1.0,8.0
ctx-rh-lateraloccipital,0.0,0.0,0.0,0.0,0.0,0.0,1.0,0.0,1.0,0.0,10.0,2.0,0.0,4.0,0.0,0.0,0.0,0.0,0.0,0.0,0.0,1.0,0.0,1.0,0.0,8.0,0.0,0.0,0.0,1.0,0.0,0.0,0.0,0.0,24.0,0.0,0.0,390.0,0.0,0.0,1806.0,637.0,234.0,2.0,26.0,8171.0,0.0,1226.0,0.0,133.0,0.0,6.0,0.0,0.0,0.0,1048.0,1.0,2.0,0.0,128.0,0.0,0.0,0.0,709.0,12.0,12.0,0.0,0.0
ctx-rh-lateralorbitofrontal,0.0,1.0,0.0,0.0,0.0,0.0,0.0,0.0,0.0,2.0,0.0,0.0,5.0,0.0,9.0,0.0,0.0,0.0,0.0,0.0,3.0,0.0,0.0,0.0,0.0,0.0,26.0,3.0,3.0,0.0,0.0,0.0,0.0,0.0,0.0,14.0,1.0,0.0,0.0,127.0,0.0,0.0,3.0,307.0,0.0,0.0,2335.0,0.0,798.0,4.0,0.0,0.0,10.0,470.0,250.0,1.0,0.0,0.0,0.0,0.0,106.0,669.0,117.0,0.0,13.0,0.0,7.0,0.0
ctx-rh-lingual,0.0,0.0,0.0,1.0,0.0,0.0,0.0,0.0,0.0,0.0,12.0,1.0,0.0,29.0,0.0,0.0,0.0,0.0,0.0,0.0,0.0,0.0,1.0,1.0,1.0,16.0,0.0,0.0,0.0,6.0,2.0,1.0,0.0,0.0,52.0,0.0,0.0,174.0,1.0,0.0,683.0,130.0,112.0,13.0,253.0,1226.0,0.0,5703.0,0.0,90.0,1.0,229.0,0.0,0.0,0.0,1616.0,2.0,1.0,0.0,184.0,0.0,0.0,0.0,122.0,19.0,12.0,3.0,0.0
ctx-rh-medialorbitofrontal,0.0,7.0,0.0,0.0,0.0,0.0,0.0,0.0,0.0,2.0,0.0,0.0,10.0,0.0,20.0,0.0,0.0,0.0,0.0,2.0,1.0,0.0,1.0,0.0,0.0,0.0,45.0,9.0,13.0,0.0,0.0,0.0,1.0,0.0,0.0,11.0,0.0,0.0,0.0,274.0,0.0,0.0,0.0,9.0,0.0,0.0,798.0,0.0,1774.0,0.0,0.0,0.0,0.0,37.0,18.0,0.0,0.0,0.0,0.0,0.0,384.0,336.0,275.0,0.0,0.0,0.0,1.0,0.0
ctx-rh-middletemporal,0.0,0.0,0.0,1.0,0.0,0.0,0.0,0.0,0.0,0.0,2.0,0.0,0.0,0.0,0.0,1.0,0.0,0.0,0.0,0.0,0.0,0.0,0.0,0.0,0.0,3.0,0.0,0.0,0.0,0.0,0.0,0.0,0.0,0.0,575.0,0.0,1.0,6.0,12.0,0.0,232.0,418.0,1645.0,71.0,9.0,133.0,4.0,90.0,0.0,3158.0,0.0,58.0,0.0,0.0,0.0,17.0,2.0,5.0,1.0,32.0,0.0,0.0,0.0,33.0,931.0,25.0,153.0,5.0
ctx-rh-paracentral,0.0,3.0,0.0,0.0,0.0,0.0,0.0,1.0,0.0,2.0,11.0,1.0,0.0,0.0,0.0,0.0,7.0,1.0,0.0,0.0,0.0,0.0,3.0,38.0,5.0,6.0,0.0,0.0,13.0,4.0,1.0,3.0,0.0,2.0,2.0,6.0,40.0,2.0,0.0,0.0,0.0,14.0,1.0,28.0,31.0,0.0,0.0,1.0,0.0,0.0,1778.0,0.0,13.0,0.0,1.0,0.0,576.0,316.0,1345.0,284.0,0.0,4.0,550.0,360.0,7.0,28.0,0.0,5.0
ctx-rh-parahippocampal,1.0,0.0,0.0,0.0,0.0,0.0,0.0,0.0,1.0,0.0,0.0,0.0,0.0,1.0,0.0,1.0,0.0,0.0,0.0,0.0,0.0,0.0,0.0,2.0,0.0,6.0,0.0,0.0,0.0,0.0,0.0,0.0,0.0,1.0,9.0,0.0,0.0,1.0,92.0,0.0,187.0,9.0,96.0,4.0,110.0,6.0,0.0,229.0,0.0,58.0,0.0,336.0,0.0,0.0,0.0,1.0,1.0,0.0,0.0,10.0,0.0,0.0,0.0,5.0,21.0,3.0,5.0,1.0
ctx-rh-parsopercularis,0.0,20.0,3.0,0.0,0.0,0.0,0.0,0.0,0.0,1.0,0.0,0.0,1.0,0.0,1.0,0.0,1.0,0.0,0.0,0.0,0.0,0.0,0.0,8.0,2.0,2.0,2.0,4.0,13.0,0.0,0.0,0.0,0.0,0.0,2.0,42.0,242.0,0.0,0.0,0.0,0.0,1.0,0.0,204.0,2.0,0.0,10.0,0.0,0.0,0.0,13.0,0.0,1170.0,3.0,379.0,0.0,66.0,29.0,633.0,1.0,3.0,470.0,146.0,1.0,2.0,16.0,0.0,0.0
ctx-rh-parsorbitalis,0.0,4.0,0.0,0.0,0.0,0.0,0.0,0.0,0.0,0.0,0.0,0.0,0.0,0.0,1.0,0.0,0.0,0.0,1.0,0.0,1.0,0.0,0.0,0.0,0.0,0.0,8.0,4.0,3.0,0.0,0.0,0.0,0.0,0.0,0.0,4.0,1.0,0.0,0.0,9.0,0.0,0.0,0.0,17.0,0.0,0.0,470.0,0.0,37.0,0.0,0.0,0.0,3.0,574.0,314.0,0.0,0.0,0.0,0.0,0.0,20.0,456.0,48.0,0.0,0.0,0.0,0.0,0.0
ctx-rh-parstriangularis,0.0,13.0,3.0,0.0,0.0,0.0,0.0,0.0,0.0,2.0,0.0,0.0,2.0,0.0,1.0,0.0,0.0,0.0,1.0,0.0,1.0,0.0,0.0,2.0,0.0,0.0,11.0,2.0,12.0,0.0,0.0,0.0,0.0,0.0,0.0,25.0,32.0,0.0,0.0,0.0,0.0,0.0,0.0,139.0,0.0,0.0,250.0,0.0,18.0,0.0,1.0,0.0,379.0,314.0,1061.0,0.0,3.0,2.0,22.0,1.0,25.0,729.0,128.0,0.0,0.0,1.0,0.0,0.0
ctx-rh-pericalcarine,0.0,0.0,0.0,9.0,0.0,0.0,1.0,0.0,1.0,0.0,6.0,1.0,0.0,20.0,0.0,0.0,0.0,0.0,0.0,0.0,0.0,7.0,0.0,0.0,0.0,6.0,0.0,0.0,0.0,1.0,0.0,0.0,0.0,0.0,2.0,0.0,0.0,1778.0,0.0,0.0,86.0,41.0,10.0,3.0,27.0,1048.0,1.0,1616.0,0.0,17.0,0.0,1.0,0.0,0.0,0.0,1351.0,1.0,0.0,0.0,315.0,0.0,0.0,0.0,212.0,6.0,3.0,0.0,1.0
ctx-rh-postcentral,0.0,0.0,0.0,0.0,0.0,0.0,0.0,3.0,1.0,1.0,4.0,1.0,0.0,1.0,0.0,0.0,0.0,0.0,0.0,0.0,0.0,0.0,0.0,11.0,0.0,10.0,0.0,0.0,3.0,7.0,0.0,2.0,0.0,0.0,5.0,1.0,42.0,2.0,0.0,0.0,0.0,58.0,2.0,173.0,21.0,1.0,0.0,2.0,0.0,2.0,576.0,1.0,66.0,0.0,3.0,1.0,5099.0,61.0,1576.0,183.0,0.0,8.0,28.0,676.0,21.0,1336.0,0.0,5.0
ctx-rh-posteriorcingulate,1.0,32.0,6.0,0.0,0.0,0.0,0.0,2.0,3.0,21.0,58.0,0.0,0.0,0.0,0.0,3.0,38.0,0.0,3.0,0.0,0.0,2.0,11.0,247.0,36.0,44.0,0.0,1.0,67.0,26.0,2.0,8.0,0.0,3.0,6.0,237.0,74.0,0.0,0.0,0.0,1.0,15.0,2.0,26.0,328.0,2.0,0.0,1.0,0.0,5.0,316.0,0.0,29.0,0.0,2.0,0.0,61.0,1210.0,215.0,289.0,1.0,33.0,291.0,81.0,9.0,22.0,0.0,7.0
ctx-rh-precentral,0.0,14.0,6.0,0.0,0.0,0.0,1.0,2.0,0.0,3.0,8.0,0.0,0.0,0.0,0.0,0.0,8.0,0.0,0.0,0.0,0.0,1.0,3.0,48.0,16.0,6.0,0.0,3.0,26.0,2.0,0.0,1.0,0.0,0.0,3.0,28.0,919.0,0.0,0.0,0.0,1.0,36.0,0.0,287.0,14.0,0.0,0.0,0.0,0.0,1.0,1345.0,0.0,633.0,0.0,22.0,0.0,1576.0,215.0,7163.0,43.0,0.0,60.0,892.0,182.0,13.0,327.0,0.0,1.0
ctx-rh-precuneus,2.0,0.0,0.0,6.0,0.0,0.0,3.0,13.0,4.0,6.0,103.0,3.0,0.0,11.0,0.0,2.0,1.0,2.0,1.0,0.0,0.0,12.0,2.0,13.0,3.0,118.0,0.0,0.0,0.0,35.0,5.0,1.0,0.0,5.0,21.0,4.0,4.0,472.0,0.0,0.0,28.0,489.0,20.0,46.0,873.0,128.0,0.0,184.0,0.0,32.0,284.0,10.0,1.0,0.0,1.0,315.0,183.0,289.0,43.0,4549.0,0.0,0.0,9.0,3075.0,51.0,90.0,0.0,12.0
ctx-rh-rostralanteriorcingulate,0.0,37.0,1.0,0.0,0.0,1.0,0.0,0.0,0.0,2.0,0.0,0.0,15.0,0.0,19.0,0.0,0.0,0.0,1.0,0.0,1.0,0.0,0.0,0.0,0.0,0.0,102.0,27.0,35.0,0.0,0.0,0.0,0.0,0.0,0.0,147.0,2.0,0.0,0.0,5.0,0.0,0.0,0.0,12.0,0.0,0.0,106.0,0.0,384.0,0.0,0.0,0.0,3.0,20.0,25.0,0.0,0.0,1.0,0.0,0.0,604.0,114.0,324.0,0.0,0.0,0.0,0.0,0.0
ctx-rh-rostralmiddlefrontal,0.0,71.0,4.0,0.0,0.0,0.0,0.0,0.0,0.0,5.0,0.0,0.0,11.0,0.0,10.0,0.0,2.0,0.0,4.0,0.0,4.0,0.0,0.0,4.0,4.0,0.0,69.0,24.0,54.0,0.0,0.0,0.0,0.0,0.0,0.0,187.0,746.0,0.0,0.0,107.0,0.0,0.0,0.0,160.0,0.0,0.0,669.0,0.0,336.0,0.0,4.0,0.0,470.0,456.0,729.0,0.0,8.0,33.0,60.0,0.0,114.0,5466.0,2074.0,2.0,2.0,2.0,0.0,0.0
ctx-rh-superiorfrontal,0.0,133.0,13.0,0.0,0.0,1.0,0.0,0.0,0.0,12.0,3.0,0.0,15.0,0.0,13.0,0.0,12.0,0.0,6.0,1.0,4.0,0.0,0.0,86.0,12.0,4.0,72.0,40.0,126.0,2.0,1.0,0.0,0.0,0.0,0.0,608.0,790.0,0.0,0.0,85.0,0.0,1.0,1.0,79.0,2.0,0.0,117.0,0.0,275.0,0.0,550.0,0.0,146.0,48.0,128.0,0.0,28.0,291.0,892.0,9.0,324.0,2074.0,8506.0,14.0,0.0,3.0,0.0,0.0
ctx-rh-superiorparietal,3.0,1.0,0.0,5.0,0.0,0.0,1.0,6.0,4.0,3.0,41.0,3.0,0.0,7.0,0.0,2.0,1.0,0.0,0.0,0.0,0.0,5.0,1.0,10.0,2.0,48.0,0.0,0.0,3.0,19.0,4.0,5.0,0.0,0.0,25.0,2.0,5.0,698.0,0.0,0.0,36.0,1146.0,20.0,61.0,155.0,709.0,0.0,122.0,0.0,33.0,360.0,5.0,1.0,0.0,0.0,212.0,676.0,81.0,182.0,3075.0,0.0,2.0,14.0,6169.0,43.0,393.0,0.0,10.0
ctx-rh-superiortemporal,0.0,0.0,0.0,1.0,0.0,0.0,1.0,4.0,0.0,1.0,15.0,0.0,0.0,1.0,0.0,0.0,0.0,0.0,0.0,0.0,0.0,1.0,0.0,0.0,0.0,9.0,0.0,0.0,0.0,4.0,3.0,0.0,0.0,0.0,731.0,0.0,1.0,2.0,11.0,0.0,66.0,186.0,237.0,410.0,33.0,12.0,13.0,19.0,0.0,931.0,7.0,21.0,2.0,0.0,0.0,6.0,21.0,9.0,13.0,51.0,0.0,2.0,0.0,43.0,4653.0,537.0,298.0,609.0
ctx-rh-supramarginal,2.0,2.0,0.0,1.0,0.0,0.0,0.0,4.0,1.0,0.0,17.0,0.0,0.0,1.0,0.0,0.0,0.0,1.0,0.0,0.0,0.0,0.0,2.0,7.0,2.0,20.0,0.0,0.0,0.0,4.0,2.0,1.0,0.0,0.0,382.0,2.0,9.0,1.0,0.0,0.0,4.0,1137.0,11.0,259.0,58.0,12.0,0.0,12.0,0.0,25.0,28.0,3.0,16.0,0.0,1.0,3.0,1336.0,22.0,327.0,90.0,0.0,2.0,3.0,393.0,537.0,4850.0,0.0,58.0
ctx-rh-temporalpole,0.0,0.0,0.0,0.0,0.0,0.0,0.0,0.0,0.0,0.0,0.0,0.0,0.0,0.0,0.0,0.0,0.0,0.0,0.0,0.0,0.0,0.0,0.0,0.0,0.0,0.0,0.0,0.0,0.0,0.0,0.0,0.0,0.0,0.0,4.0,0.0,0.0,0.0,107.0,0.0,44.0,1.0,310.0,83.0,1.0,0.0,7.0,3.0,1.0,153.0,0.0,5.0,0.0,0.0,0.0,0.0,0.0,0.0,0.0,0.0,0.0,0.0,0.0,0.0,298.0,0.0,336.0,0.0
ctx-rh-transversetemporal,0.0,0.0,0.0,0.0,0.0,0.0,0.0,1.0,0.0,1.0,2.0,0.0,0.0,0.0,0.0,0.0,2.0,0.0,0.0,0.0,0.0,0.0,0.0,1.0,0.0,2.0,0.0,0.0,0.0,1.0,0.0,1.0,0.0,0.0,18.0,0.0,0.0,0.0,0.0,0.0,1.0,23.0,6.0,117.0,8.0,0.0,0.0,0.0,0.0,5.0,5.0,1.0,0.0,0.0,0.0,1.0,5.0,7.0,1.0,12.0,0.0,0.0,0.0,10.0,609.0,58.0,0.0,377.0
