,ctx-lh-bankssts,ctx-lh-caudalanteriorcingulate,ctx-lh-caudalmiddlefrontal,ctx-lh-cuneus,ctx-lh-entorhinal,ctx-lh-frontalpole,ctx-lh-fusiform,ctx-lh-inferiorparietal,ctx-lh-inferiortemporal,ctx-lh-insula,ctx-lh-isthmuscingulate,ctx-lh-lateraloccipital,ctx-lh-lateralorbitofrontal,ctx-lh-lingual,ctx-lh-medialorbitofrontal,ctx-lh-middletemporal,ctx-lh-paracentral,ctx-lh-parahippocampal,ctx-lh-parsopercularis,ctx-lh-parsorbitalis,ctx-lh-parstriangularis,ctx-lh-pericalcarine,ctx-lh-postcentral,ctx-lh-posteriorcingulate,ctx-lh-precentral,ctx-lh-precuneus,ctx-lh-rostralanteriorcingulate,ctx-lh-rostralmiddlefrontal,ctx-lh-superiorfrontal,ctx-lh-superiorparietal,ctx-lh-superiortemporal,ctx-lh-supramarginal,ctx-lh-temporalpole,ctx-lh-transversetemporal,ctx-rh-bankssts,ctx-rh-caudalanteriorcingulate,ctx-rh-caudalmiddlefrontal,ctx-rh-cuneus,ctx-rh-entorhinal,ctx-rh-frontalpole,ctx-rh-fusiform,ctx-rh-inferiorparietal,ctx-rh-inferiortemporal,ctx-rh-insula,ctx-rh-isthmuscingulate,ctx-rh-lateraloccipital,ctx-rh-lateralorbitofrontal,ctx-rh-lingual,ctx-rh-medialorbitofrontal,ctx-rh-middletemporal,ctx-rh-paracentral,ctx-rh-parahippocampal,ctx-rh-parsopercularis,ctx-rh-parsorbitalis,ctx-rh-parstriangularis,ctx-rh-pericalcarine,ctx-rh-postcentral,ctx-rh-posteriorcingulate,ctx-rh-precentral,ctx-rh-precuneus,ctx-rh-rostralanteriorcingulate,ctx-rh-rostralmiddlefrontal,ctx-rh-superiorfrontal,ctx-rh-superiorparietal,ctx-rh-superiortemporal,ctx-rh-supramarginal,ctx-rh-temporalpole,ctx-rh-transversetemporal
ctx-lh-bankssts,624.0,1.0,1.0,0.0,0.0,0.0,79.0,328.0,159.0,21.0,14.0,13.0,0.0,11.0,0.0,737.0,0.0,16.0,0.0,0.0,0.0,2.0,30.0,4.0,11.0,32.0,0.0,0.0,0.0,42.0,1050.0,196.0,2.0,41.0,0.0,0.0,0.0,0.0,0.0,0.0,1.0,0.0,1.0,1.0,5.0,0.0,0.0,1.0,0.0,0.0,0.0,1.0,0.0,0.0,0.0,1.0,0.0,4.0,1.0,5.0,0.0,0.0,0.0,1.0,0.0,0.0,0.0,0.0
ctx-lh-caudalanteriorcingulate,1.0,724.0,116.0,0.0,0.0,1.0,0.0,0.0,0.0,19.0,2.0,0.0,5.0,1.0,17.0,0.0,10.0,0.0,57.0,2.0,28.0,0.0,3.0,271.0,28.0,3.0,317.0,140.0,849.0,1.0,0.0,1.0,0.0,0.0,0.0,175.0,55.0,0.0,0.0,0.0,0.0,0.0,0.0,15.0,0.0,1.0,5.0,0.0,4.0,0.0,13.0,0.0,27.0,1.0,16.0,0.0,2.0,45.0,34.0,2.0,16.0,62.0,271.0,0.0,0.0,5.0,0.0,0.0
ctx-lh-caudalmiddlefrontal,1.0,116.0,3776.0,0.0,0.0,0.0,1.0,3.0,1.0,85.0,2.0,0.0,2.0,0.0,1.0,0.0,30.0,0.0,461.0,0.0,15.0,0.0,75.0,59.0,1182.0,3.0,5.0,561.0,1658.0,2.0,2.0,23.0,0.0,0.0,0.0,36.0,24.0,0.0,0.0,0.0,0.0,0.0,0.0,3.0,4.0,0.0,0.0,0.0,1.0,0.0,8.0,0.0,4.0,0.0,0.0,0.0,2.0,29.0,14.0,1.0,0.0,8.0,102.0,1.0,0.0,0.0,0.0,0.0
ctx-lh-cuneus,0.0,0.0,0.0,1167.0,0.0,0.0,13.0,68.0,4.0,1.0,5.0,440.0,0.0,263.0,0.0,0.0,0.0,2.0,0.0,0.0,0.0,1212.0,0.0,0.0,0.0,124.0,0.0,0.0,0.0,1128.0,0.0,0.0,0.0,0.0,0.0,0.0,0.0,66.0,0.0,0.0,4.0,2.0,1.0,0.0,4.0,17.0,0.0,68.0,0.0,0.0,0.0,0.0,0.0,0.0,0.0,87.0,0.0,1.0,0.0,8.0,0.0,0.0,0.0,2.0,1.0,0.0,0.0,0.0
ctx-lh-entorhinal,0.0,0.0,0.0,0.0,429.0,0.0,401.0,3.0,74.0,6.0,0.0,0.0,1.0,2.0,0.0,14.0,0.0,198.0,0.0,0.0,0.0,0.0,0.0,0.0,0.0,0.0,0.0,0.0,0.0,1.0,20.0,0.0,186.0,2.0,0.0,0.0,0.0,0.0,0.0,0.0,0.0,0.0,0.0,0.0,0.0,0.0,0.0,0.0,0.0,0.0,0.0,0.0,0.0,0.0,0.0,0.0,0.0,0.0,0.0,0.0,0.0,0.0,0.0,0.0,0.0,0.0,0.0,0.0
ctx-lh-frontalpole,0.0,1.0,0.0,0.0,0.0,58.0,0.0,0.0,0.0,1.0,0.0,0.0,32.0,0.0,212.0,0.0,0.0,0.0,1.0,3.0,5.0,0.0,0.0,0.0,0.0,0.0,5.0,132.0,86.0,0.0,0.0,0.0,0.0,0.0,0.0,0.0,0.0,0.0,0.0,0.0,0.0,0.0,0.0,0.0,0.0,0.0,0.0,0.0,0.0,0.0,0.0,0.0,0.0,0.0,0.0,0.0,0.0,0.0,0.0,0.0,0.0,0.0,0.0,0.0,0.0,0.0,0.0,0.0
ctx-lh-fusiform,79.0,0.0,1.0,13.0,401.0,0.0,2929.0,289.0,1362.0,35.0,23.0,1332.0,5.0,551.0,0.0,350.0,1.0,366.0,0.0,0.0,0.0,61.0,1.0,1.0,2.0,33.0,0.0,0.0,0.0,75.0,145.0,15.0,137.0,5.0,1.0,0.0,0.0,0.0,0.0,0.0,0.0,3.0,0.0,1.0,7.0,1.0,0.0,0.0,0.0,0.0,0.0,1.0,0.0,0.0,0.0,0.0,0.0,3.0,1.0,12.0,0.0,0.0,0.0,3.0,1.0,0.0,0.0,0.0
ctx-lh-inferiorparietal,328.0,0.0,3.0,68.0,3.0,0.0,289.0,6623.0,400.0,28.0,66.0,1242.0,0.0,164.0,0.0,632.0,7.0,21.0,1.0,0.0,0.0,70.0,63.0,19.0,24.0,447.0,0.0,0.0,3.0,1527.0,158.0,1229.0,1.0,32.0,1.0,0.0,0.0,0.0,0.0,0.0,1.0,7.0,2.0,3.0,25.0,6.0,0.0,3.0,0.0,0.0,6.0,0.0,0.0,0.0,0.0,1.0,3.0,7.0,0.0,40.0,0.0,0.0,0.0,12.0,4.0,3.0,0.0,1.0
ctx-lh-inferiortemporal,159.0,0.0,1.0,4.0,74.0,0.0,1362.0,400.0,4021.0,58.0,10.0,315.0,4.0,72.0,0.0,1754.0,2.0,61.0,0.0,0.0,0.0,14.0,4.0,9.0,4.0,22.0,1.0,0.0,0.0,40.0,322.0,24.0,119.0,18.0,0.0,0.0,0.0,0.0,0.0,0.0,1.0,2.0,0.0,0.0,5.0,0.0,0.0,3.0,0.0,0.0,0.0,0.0,0.0,0.0,0.0,0.0,0.0,2.0,1.0,7.0,0.0,0.0,0.0,0.0,1.0,1.0,0.0,1.0
ctx-lh-insula,21.0,19.0,85.0,1.0,6.0,1.0,35.0,28.0,58.0,1486.0,12.0,5.0,477.0,5.0,20.0,70.0,18.0,4.0,320.0,6.0,79.0,0.0,314.0,27.0,503.0,24.0,12.0,128.0,86.0,37.0,240.0,271.0,40.0,59.0,0.0,12.0,6.0,0.0,0.0,0.0,0.0,5.0,1.0,2.0,4.0,0.0,1.0,1.0,2.0,2.0,5.0,0.0,2.0,1.0,2.0,0.0,1.0,15.0,1.0,7.0,0.0,6.0,22.0,1.0,0.0,0.0,0.0,0.0
ctx-lh-isthmuscingulate,14.0,2.0,2.0,5.0,0.0,0.0,23.0,66.0,10.0,12.0,624.0,18.0,0.0,174.0,0.0,9.0,29.0,95.0,0.0,0.0,0.0,25.0,26.0,485.0,23.0,709.0,0.0,0.0,12.0,116.0,22.0,31.0,0.0,9.0,4.0,1.0,1.0,2.0,0.0,0.0,6.0,20.0,5.0,6.0,76.0,6.0,0.0,9.0,0.0,6.0,13.0,1.0,0.0,0.0,0.0,0.0,2.0,45.0,3.0,80.0,0.0,0.0,3.0,30.0,5.0,6.0,0.0,1.0
ctx-lh-lateraloccipital,13.0,0.0,0.0,440.0,0.0,0.0,1332.0,1242.0,315.0,5.0,18.0,6551.0,0.0,1014.0,0.0,151.0,2.0,15.0,0.0,0.0,0.0,1002.0,0.0,4.0,0.0,81.0,0.0,0.0,0.0,548.0,18.0,8.0,0.0,3.0,1.0,0.0,0.0,0.0,0.0,0.0,1.0,2.0,1.0,0.0,9.0,0.0,0.0,2.0,0.0,2.0,0.0,0.0,0.0,0.0,0.0,1.0,0.0,2.0,0.0,9.0,0.0,0.0,0.0,2.0,0.0,0.0,0.0,0.0
ctx-lh-lateralorbitofrontal,0.0,5.0,2.0,0.0,1.0,32.0,5.0,0.0,4.0,477.0,0.0,0.0,3216.0,0.0,1060.0,4.0,0.0,0.0,33.0,474.0,426.0,0.0,0.0,0.0,0.0,0.0,168.0,977.0,172.0,0.0,5.0,0.0,1.0,1.0,0.0,3.0,1.0,0.0,0.0,0.0,0.0,0.0,0.0,1.0,0.0,0.0,1.0,0.0,4.0,0.0,0.0,0.0,4.0,0.0,1.0,0.0,0.0,0.0,0.0,0.0,12.0,8.0,10.0,0.0,0.0,0.0,0.0,0.0
ctx-lh-lingual,11.0,1.0,0.0,263.0,2.0,0.0,551.0,164.0,72.0,5.0,174.0,1014.0,0.0,4368.0,1.0,25.0,5.0,232.0,0.0,0.0,0.0,1498.0,2.0,4.0,1.0,172.0,0.0,0.0,2.0,201.0,9.0,8.0,0.0,1.0,1.0,0.0,0.0,1.0,0.0,0.0,3.0,9.0,1.0,3.0,18.0,10.0,0.0,116.0,0.0,0.0,0.0,0.0,0.0,0.0,0.0,30.0,0.0,2.0,1.0,40.0,0.0,0.0,0.0,13.0,4.0,1.0,0.0,1.0
ctx-lh-medialorbitofrontal,0.0,17.0,1.0,0.0,0.0,212.0,0.0,0.0,0.0,20.0,0.0,0.0,1060.0,1.0,1569.0,0.0,0.0,0.0,2.0,27.0,43.0,0.0,0.0,0.0,0.0,1.0,502.0,544.0,533.0,0.0,0.0,0.0,0.0,0.0,0.0,7.0,0.0,0.0,0.0,0.0,0.0,0.0,0.0,0.0,0.0,0.0,2.0,0.0,18.0,0.0,0.0,0.0,1.0,0.0,3.0,0.0,0.0,1.0,0.0,0.0,4.0,7.0,9.0,0.0,0.0,0.0,0.0,0.0
ctx-lh-middletemporal,737.0,0.0,0.0,0.0,14.0,0.0,350.0,632.0,1754.0,70.0,9.0,151.0,4.0,25.0,0.0,3456.0,0.0,30.0,0.0,0.0,0.0,7.0,12.0,3.0,5.0,29.0,0.0,0.0,1.0,36.0,993.0,51.0,115.0,33.0,1.0,0.0,0.0,0.0,0.0,0.0,1.0,3.0,0.0,0.0,5.0,0.0,0.0,0.0,0.0,0.0,0.0,0.0,0.0,0.0,0.0,0.0,0.0,2.0,0.0,8.0,0.0,0.0,0.0,4.0,0.0,1.0,0.0,0.0
ctx-lh-paracentral,0.0,10.0,30.0,0.0,0.0,0.0,1.0,7.0,2.0,18.0,29.0,2.0,0.0,5.0,0.0,0.0,1951.0,0.0,2.0,0.0,0.0,0.0,746.0,272.0,1539.0,244.0,0.0,0.0,592.0,250.0,5.0,17.0,0.0,2.0,3.0,2.0,2.0,0.0,0.0,0.0,1.0,1.0,0.0,3.0,15.0,0.0,0.0,0.0,0.0,0.0,39.0,1.0,0.0,0.0,0.0,0.0,15.0,38.0,20.0,12.0,0.0,1.0,21.0,4.0,1.0,6.0,0.0,0.0
ctx-lh-parahippocampal,16.0,0.0,0.0,2.0,198.0,0.0,366.0,21.0,61.0,4.0,95.0,15.0,0.0,232.0,0.0,30.0,0.0,592.0,0.0,0.0,0.0,0.0,1.0,1.0,1.0,7.0,0.0,0.0,0.0,6.0,8.0,4.0,3.0,3.0,0.0,0.0,0.0,0.0,0.0,0.0,0.0,1.0,0.0,0.0,1.0,1.0,0.0,0.0,0.0,0.0,0.0,0.0,0.0,0.0,0.0,0.0,0.0,2.0,0.0,4.0,0.0,0.0,0.0,1.0,0.0,0.0,0.0,1.0
ctx-lh-parsopercularis,0.0,57.0,461.0,0.0,0.0,1.0,0.0,1.0,0.0,320.0,0.0,0.0,33.0,0.0,2.0,0.0,2.0,0.0,1917.0,4.0,505.0,0.0,40.0,7.0,563.0,2.0,18.0,478.0,197.0,4.0,4.0,7.0,0.0,0.0,0.0,21.0,12.0,0.0,0.0,0.0,0.0,0.0,0.0,1.0,0.0,0.0,0.0,0.0,0.0,0.0,0.0,0.0,6.0,0.0,2.0,0.0,0.0,6.0,5.0,0.0,4.0,11.0,43.0,0.0,0.0,0.0,0.0,0.0
ctx-lh-parsorbitalis,0.0,2.0,0.0,0.0,0.0,3.0,0.0,0.0,0.0,6.0,0.0,0.0,474.0,0.0,27.0,0.0,0.0,0.0,4.0,616.0,371.0,0.0,0.0,0.0,0.0,0.0,19.0,550.0,29.0,0.0,0.0,0.0,0.0,0.0,0.0,1.0,0.0,0.0,0.0,0.0,0.0,0.0,0.0,0.0,0.0,0.0,0.0,0.0,0.0,0.0,0.0,0.0,0.0,0.0,0.0,0.0,0.0,0.0,0.0,0.0,0.0,1.0,3.0,0.0,0.0,0.0,0.0,0.0
ctx-lh-parstriangularis,0.0,28.0,15.0,0.0,0.0,5.0,0.0,0.0,0.0,79.0,0.0,0.0,426.0,0.0,43.0,0.0,0.0,0.0,505.0,371.0,1644.0,0.0,0.0,0.0,1.0,0.0,70.0,1200.0,129.0,0.0,1.0,0.0,0.0,0.0,0.0,12.0,1.0,0.0,0.0,0.0,0.0,0.0,0.0,3.0,0.0,0.0,1.0,0.0,4.0,0.0,0.0,0.0,5.0,0.0,3.0,0.0,0.0,0.0,1.0,0.0,3.0,9.0,12.0,0.0,0.0,0.0,0.0,0.0
ctx-lh-pericalcarine,2.0,0.0,0.0,1212.0,0.0,0.0,61.0,70.0,14.0,0.0,25.0,1002.0,0.0,1498.0,0.0,7.0,0.0,0.0,0.0,0.0,0.0,725.0,0.0,1.0,1.0,84.0,0.0,0.0,0.0,312.0,3.0,0.0,0.0,0.0,1.0,0.0,0.0,0.0,0.0,0.0,1.0,4.0,1.0,0.0,5.0,0.0,0.0,38.0,0.0,0.0,1.0,1.0,0.0,0.0,0.0,20.0,0.0,2.0,0.0,10.0,0.0,0.0,0.0,1.0,1.0,0.0,0.0,0.0
ctx-lh-postcentral,30.0,3.0,75.0,0.0,0.0,0.0,1.0,63.0,4.0,314.0,26.0,0.0,0.0,2.0,0.0,12.0,746.0,1.0,40.0,0.0,0.0,0.0,6161.0,88.0,1715.0,157.0,0.0,0.0,50.0,612.0,56.0,1334.0,0.0,16.0,1.0,1.0,3.0,0.0,0.0,0.0,0.0,1.0,0.0,3.0,16.0,0.0,0.0,0.0,0.0,0.0,15.0,1.0,0.0,0.0,0.0,0.0,0.0,33.0,8.0,17.0,0.0,0.0,8.0,3.0,6.0,2.0,0.0,1.0
ctx-lh-posteriorcingulate,4.0,271.0,59.0,0.0,0.0,0.0,1.0,19.0,9.0,27.0,485.0,4.0,0.0,4.0,0.0,3.0,272.0,1.0,7.0,0.0,0.0,1.0,88.0,1273.0,195.0,449.0,0.0,4.0,513.0,79.0,15.0,23.0,0.0,7.0,2.0,24.0,26.0,0.0,0.0,0.0,0.0,13.0,0.0,14.0,34.0,2.0,0.0,1.0,0.0,1.0,85.0,0.0,3.0,0.0,0.0,0.0,18.0,192.0,79.0,28.0,1.0,7.0,143.0,11.0,7.0,14.0,0.0,1.0
ctx-lh-precentral,11.0,28.0,1182.0,0.0,0.0,0.0,2.0,24.0,4.0,503.0,23.0,0.0,0.0,1.0,0.0,5.0,1539.0,1.0,563.0,0.0,1.0,1.0,1715.0,195.0,6249.0,47.0,0.0,15.0,916.0,140.0,22.0,283.0,0.0,5.0,1.0,13.0,14.0,0.0,0.0,0.0,0.0,5.0,0.0,5.0,10.0,1.0,0.0,0.0,0.0,1.0,46.0,0.0,2.0,0.0,0.0,0.0,7.0,84.0,44.0,11.0,0.0,2.0,62.0,10.0,1.0,6.0,0.0,1.0
ctx-lh-precuneus,32.0,3.0,3.0,124.0,0.0,0.0,33.0,447.0,22.0,24.0,709.0,81.0,0.0,172.0,1.0,29.0,244.0,7.0,2.0,0.0,0.0,84.0,157.0,449.0,47.0,4018.0,0.0,0.0,10.0,2747.0,46.0,95.0,0.0,18.0,5.0,0.0,2.0,66.0,0.0,0.0,9.0,19.0,2.0,4.0,70.0,11.0,0.0,38.0,0.0,7.0,21.0,4.0,0.0,0.0,0.0,21.0,6.0,40.0,7.0,134.0,0.0,0.0,3.0,30.0,4.0,5.0,0.0,3.0
ctx-lh-rostralanteriorcingulate,0.0,317.0,5.0,0.0,0.0,5.0,0.0,0.0,1.0,12.0,0.0,0.0,168.0,0.0,502.0,0.0,0.0,0.0,18.0,19.0,70.0,0.0,0.0,0.0,0.0,0.0,1242.0,187.0,615.0,0.0,1.0,0.0,0.0,0.0,0.0,36.0,4.0,0.0,0.0,2.0,0.0,0.0,0.0,3.0,0.0,0.0,14.0,0.0,14.0,0.0,0.0,0.0,5.0,3.0,12.0,0.0,0.0,0.0,0.0,0.0,48.0,29.0,52.0,0.0,0.0,0.0,0.0,0.0
ctx-lh-rostralmiddlefrontal,0.0,140.0,561.0,0.0,0.0,132.0,0.0,0.0,0.0,128.0,0.0,0.0,977.0,0.0,544.0,0.0,0.0,0.0,478.0,550.0,1200.0,0.0,0.0,4.0,15.0,0.0,187.0,6862.0,2444.0,0.0,2.0,0.0,0.0,0.0,0.0,76.0,7.0,0.0,0.0,1.0,0.0,0.0,0.0,2.0,0.0,0.0,5.0,0.0,4.0,0.0,1.0,0.0,10.0,0.0,13.0,0.0,1.0,1.0,5.0,0.0,32.0,60.0,118.0,1.0,0.0,0.0,0.0,0.0
ctx-lh-superiorfrontal,0.0,849.0,1658.0,0.0,0.0,86.0,0.0,3.0,0.0,86.0,12.0,0.0,172.0,2.0,533.0,1.0,592.0,0.0,197.0,29.0,129.0,0.0,50.0,513.0,916.0,10.0,615.0,2444.0,12959.0,17.0,0.0,12.0,0.0,2.0,1.0,177.0,82.0,0.0,0.0,0.0,0.0,1.0,0.0,19.0,3.0,0.0,8.0,0.0,2.0,1.0,43.0,0.0,34.0,0.0,22.0,0.0,10.0,114.0,94.0,5.0,30.0,80.0,374.0,3.0,1.0,3.0,0.0,0.0
ctx-lh-superiorparietal,42.0,1.0,2.0,1128.0,1.0,0.0,75.0,1527.0,40.0,37.0,116.0,548.0,0.0,201.0,0.0,36.0,250.0,6.0,4.0,0.0,0.0,312.0,612.0,79.0,140.0,2747.0,0.0,0.0,17.0,6145.0,36.0,572.0,0.0,22.0,3.0,1.0,1.0,5.0,0.0,0.0,1.0,14.0,1.0,4.0,39.0,3.0,0.0,4.0,0.0,7.0,10.0,0.0,0.0,0.0,0.0,2.0,4.0,33.0,1.0,43.0,0.0,0.0,3.0,14.0,1.0,4.0,0.0,4.0
ctx-lh-superiortemporal,1050.0,0.0,2.0,0.0,20.0,0.0,145.0,158.0,322.0,240.0,22.0,18.0,5.0,9.0,0.0,993.0,5.0,8.0,4.0,0.0,1.0,3.0,56.0,15.0,22.0,46.0,1.0,2.0,0.0,36.0,4663.0,401.0,278.0,575.0,3.0,0.0,0.0,1.0,0.0,0.0,0.0,2.0,1.0,1.0,7.0,0.0,0.0,2.0,0.0,0.0,3.0,0.0,0.0,0.0,0.0,0.0,1.0,5.0,1.0,12.0,0.0,0.0,2.0,2.0,1.0,1.0,0.0,0.0
ctx-lh-supramarginal,196.0,1.0,23.0,0.0,0.0,0.0,15.0,1229.0,24.0,271.0,31.0,8.0,0.0,8.0,0.0,51.0,17.0,4.0,7.0,0.0,0.0,0.0,1334.0,23.0,283.0,95.0,0.0,0.0,12.0,572.0,401.0,4875.0,0.0,39.0,2.0,1.0,1.0,0.0,0.0,0.0,1.0,3.0,1.0,1.0,18.0,0.0,0.0,1.0,0.0,2.0,2.0,0.0,0.0,0.0,0.0,0.0,2.0,10.0,1.0,12.0,0.0,0.0,1.0,3.0,3.0,2.0,0.0,2.0
ctx-lh-temporalpole,2.0,0.0,0.0,0.0,186.0,0.0,137.0,1.0,119.0,40.0,0.0,0.0,1.0,0.0,0.0,115.0,0.0,3.0,0.0,0.0,0.0,0.0,0.0,0.0,0.0,0.0,0.0,0.0,0.0,0.0,278.0,0.0,469.0,0.0,0.0,0.0,0.0,0.0,0.0,0.0,0.0,0.0,0.0,0.0,0.0,0.0,0.0,0.0,0.0,0.0,0.0,0.0,0.0,0.0,0.0,0.0,0.0,0.0,0.0,1.0,0.0,0.0,0.0,0.0,0.0,0.0,0.0,0.0
ctx-lh-transversetemporal,41.0,0.0,0.0,0.0,2.0,0.0,5.0,32.0,18.0,59.0,9.0,3.0,1.0,1.0,0.0,33.0,2.0,3.0,0.0,0.0,0.0,0.0,16.0,7.0,5.0,18.0,0.0,0.0,2.0,22.0,575.0,39.0,0.0,467.0,1.0,0.0,0.0,0.0,0.0,0.0,0.0,0.0,0.0,1.0,1.0,0.0,0.0,0.0,0.0,0.0,2.0,0.0,0.0,0.0,0.0,1.0,0.0,4.0,1.0,6.0,0.0,0.0,1.0,4.0,1.0,1.0,0.0,0.0
ctx-rh-bankssts,0.0,0.0,0.0,0.0,0.0,0.0,1.0,1.0,0.0,0.0,4.0,1.0,0.0,1.0,0.0,1.0,3.0,0.0,0.0,0.0,0.0,1.0,1.0,2.0,1.0,5.0,0.0,0.0,1.0,3.0,3.0,2.0,0.0,1.0,772.0,0.0,1.0,1.0,0.0,0.0,29.0,544.0,153.0,31.0,16.0,15.0,0.0,6.0,0.0,732.0,6.0,2.0,0.0,0.0,0.0,0.0,34.0,18.0,19.0,45.0,0.0,0.0,2.0,69.0,952.0,401.0,0.0,55.0
ctx-rh-caudalanteriorcingulate,0.0,175.0,36.0,0.0,0.0,0.0,0.0,0.0,0.0,12.0,1.0,0.0,3.0,0.0,7.0,0.0,2.0,0.0,21.0,1.0,12.0,0.0,1.0,24.0,13.0,0.0,36.0,76.0,177.0,1.0,0.0,1.0,0.0,0.0,0.0,454.0,105.0,0.0,0.0,0.0,0.0,0.0,0.0,20.0,4.0,0.0,8.0,0.0,13.0,0.0,23.0,0.0,39.0,3.0,24.0,0.0,6.0,187.0,42.0,6.0,165.0,154.0,902.0,1.0,0.0,1.0,1.0,0.0
ctx-rh-caudalmiddlefrontal,0.0,55.0,24.0,0.0,0.0,0.0,0.0,0.0,0.0,6.0,1.0,0.0,1.0,0.0,0.0,0.0,2.0,0.0,12.0,0.0,1.0,0.0,3.0,26.0,14.0,2.0,4.0,7.0,82.0,1.0,0.0,1.0,0.0,0.0,1.0,105.0,2856.0,0.0,0.0,0.0,0.0,2.0,0.0,60.0,2.0,0.0,1.0,0.0,0.0,1.0,22.0,0.0,216.0,0.0,6.0,0.0,71.0,47.0,1040.0,1.0,3.0,800.0,1425.0,6.0,3.0,19.0,0.0,2.0
ctx-rh-cuneus,0.0,0.0,0.0,66.0,0.0,0.0,0.0,0.0,0.0,0.0,2.0,0.0,0.0,1.0,0.0,0.0,0.0,0.0,0.0,0.0,0.0,0.0,0.0,0.0,0.0,66.0,0.0,0.0,0.0,5.0,1.0,0.0,0.0,0.0,1.0,0.0,0.0,1378.0,0.0,0.0,37.0,11.0,2.0,0.0,5.0,503.0,0.0,127.0,0.0,3.0,0.0,0.0,0.0,0.0,0.0,1011.0,0.0,0.0,0.0,341.0,0.0,0.0,0.0,439.0,2.0,0.0,0.0,1.0
ctx-rh-entorhinal,0.0,0.0,0.0,0.0,0.0,0.0,0.0,0.0,0.0,0.0,0.0,0.0,0.0,0.0,0.0,0.0,0.0,0.0,0.0,0.0,0.0,0.0,0.0,0.0,0.0,0.0,0.0,0.0,0.0,0.0,0.0,0.0,0.0,0.0,0.0,0.0,0.0,0.0,483.0,0.0,511.0,4.0,259.0,11.0,0.0,1.0,1.0,1.0,0.0,15.0,0.0,228.0,0.0,0.0,0.0,0.0,0.0,0.0,0.0,0.0,0.0,0.0,0.0,0.0,8.0,0.0,160.0,0.0
ctx-rh-frontalpole,0.0,0.0,0.0,0.0,0.0,0.0,0.0,0.0,0.0,0.0,0.0,0.0,0.0,0.0,0.0,0.0,0.0,0.0,0.0,0.0,0.0,0.0,0.0,0.0,0.0,0.0,2.0,1.0,0.0,0.0,0.0,0.0,0.0,0.0,0.0,0.0,0.0,0.0,0.0,65.0,0.0,0.0,0.0,1.0,0.0,0.0,46.0,0.0,282.0,0.0,0.0,0.0,0.0,2.0,2.0,0.0,0.0,0.0,0.0,0.0,7.0,133.0,146.0,0.0,0.0,0.0,0.0,0.0
ctx-rh-fusiform,1.0,0.0,0.0,4.0,0.0,0.0,0.0,1.0,1.0,0.0,6.0,1.0,0.0,3.0,0.0,1.0,1.0,0.0,0.0,0.0,0.0,1.0,0.0,0.0,0.0,9.0,0.0,0.0,0.0,1.0,0.0,1.0,0.0,0.0,29.0,0.0,0.0,37.0,511.0,0.0,3683.0,83.0,1307.0,48.0,32.0,1254.0,2.0,854.0,0.0,220.0,0.0,403.0,0.0,0.0,0.0,79.0,3.0,2.0,0.0,166.0,0.0,0.0,0.0,53.0,86.0,5.0,95.0,7.0
ctx-rh-inferiorparietal,0.0,0.0,0.0,2.0,0.0,0.0,3.0,7.0,2.0,5.0,20.0,2.0,0.0,9.0,0.0,3.0,1.0,1.0,0.0,0.0,0.0,4.0,1.0,13.0,5.0,19.0,0.0,0.0,1.0,14.0,2.0,3.0,0.0,0.0,544.0,0.0,2.0,11.0,4.0,0.0,83.0,7343.0,218.0,39.0,89.0,663.0,0.0,20.0,0.0,724.0,13.0,2.0,0.0,0.0,0.0,10.0,108.0,26.0,59.0,382.0,0.0,0.0,0.0,1713.0,144.0,1046.0,0.0,24.0
ctx-rh-inferiortemporal,1.0,0.0,0.0,1.0,0.0,0.0,0.0,2.0,0.0,1.0,5.0,1.0,0.0,1.0,0.0,0.0,0.0,0.0,0.0,0.0,0.0,1.0,0.0,0.0,0.0,2.0,0.0,0.0,0.0,1.0,1.0,1.0,0.0,0.0,153.0,0.0,0.0,2.0,259.0,0.0,1307.0,218.0,3554.0,147.0,22.0,355.0,7.0,49.0,0.0,1690.0,1.0,38.0,0.0,1.0,1.0,20.0,3.0,8.0,4.0,62.0,0.0,0.0,1.0,60.0,324.0,11.0,272.0,5.0
ctx-rh-insula,1.0,15.0,3.0,0.0,0.0,0.0,1.0,3.0,0.0,2.0,6.0,0.0,1.0,3.0,0.0,0.0,3.0,0.0,1.0,0.0,3.0,0.0,3.0,14.0,5.0,4.0,3.0,2.0,19.0,4.0,1.0,1.0,0.0,1.0,31.0,20.0,60.0,0.0,11.0,1.0,48.0,39.0,147.0,1745.0,9.0,7.0,379.0,2.0,13.0,118.0,36.0,6.0,234.0,23.0,176.0,0.0,254.0,49.0,337.0,35.0,10.0,151.0,121.0,35.0,284.0,245.0,54.0,84.0
ctx-rh-isthmuscingulate,5.0,0.0,4.0,4.0,0.0,0.0,7.0,25.0,5.0,4.0,76.0,9.0,0.0,18.0,0.0,5.0,15.0,1.0,0.0,0.0,0.0,5.0,16.0,34.0,10.0,70.0,0.0,0.0,3.0,39.0,7.0,18.0,0.0,1.0,16.0,4.0,2.0,5.0,0.0,0.0,32.0,89.0,22.0,9.0,583.0,28.0,1.0,124.0,0.0,17.0,32.0,76.0,0.0,0.0,0.0,7.0,7.0,396.0,7.0,780.0,0.0,0.0,11.0,91.0,20.0,13.0,0.0,8.0
ctx-rh-lateraloccipital,0.0,1.0,0.0,17.0,0.0,0.0,1.0,6.0,0.0,0.0,6.0,0.0,0.0,10.0,0.0,0.0,0.0,1.0,0.0,0.0,0.0,0.0,0.0,2.0,1.0,11.0,0.0,0.0,0.0,3.0,0.0,0.0,0.0,0.0,15.0,0.0,0.0,503.0,1.0,0.0,1254.0,663.0,355.0,7.0,28.0,6633.0,0.0,845.0,0.0,144.0,0.0,9.0,0.0,0.0,0.0,794.0,0.0,3.0,0.0,436.0,0.0,0.0,0.0,955.0,13.0,5.0,0.0,2.0
ctx-rh-lateralorbitofrontal,0.0,5.0,0.0,0.0,0.0,0.0,0.0,0.0,0.0,1.0,0.0,0.0,1.0,0.0,2.0,0.0,0.0,0.0,0.0,0.0,1.0,0.0,0.0,0.0,0.0,0.0,14.0,5.0,8.0,0.0,0.0,0.0,0.0,0.0,0.0,8.0,1.0,0.0,1.0,46.0,2.0,0.0,7.0,379.0,1.0,0.0,2884.0,0.0,934.0,6.0,0.0,0.0,16.0,521.0,394.0,0.0,0.0,0.0,0.0,0.0,221.0,789.0,198.0,0.0,6.0,0.0,1.0,0.0
ctx-rh-lingual,1.0,0.0,0.0,68.0,0.0,0.0,0.0,3.0,3.0,1.0,9.0,2.0,0.0,116.0,0.0,0.0,0.0,0.0,0.0,0.0,0.0,38.0,0.0,1.0,0.0,38.0,0.0,0.0,0.0,4.0,2.0,1.0,0.0,0.0,6.0,0.0,0.0,127.0,1.0,0.0,854.0,20.0,49.0,2.0,124.0,845.0,0.0,4456.0,0.0,25.0,0.0,272.0,0.0,0.0,0.0,1431.0,0.0,4.0,1.0,352.0,0.0,0.0,1.0,63.0,8.0,0.0,0.0,2.0
ctx-rh-medialorbitofrontal,0.0,4.0,1.0,0.0,0.0,0.0,0.0,0.0,0.0,2.0,0.0,0.0,4.0,0.0,18.0,0.0,0.0,0.0,0.0,0.0,4.0,0.0,0.0,0.0,0.0,0.0,14.0,4.0,2.0,0.0,0.0,0.0,0.0,0.0,0.0,13.0,0.0,0.0,0.0,282.0,0.0,0.0,0.0,13.0,0.0,0.0,934.0,0.0,1744.0,0.0,0.0,0.0,3.0,27.0,15.0,0.0,0.0,0.0,0.0,0.0,666.0,481.0,469.0,0.0,0.0,0.0,0.0,0.0
ctx-rh-middletemporal,0.0,0.0,0.0,0.0,0.0,0.0,0.0,0.0,0.0,2.0,6.0,2.0,0.0,0.0,0.0,0.0,0.0,0.0,0.0,0.0,0.0,0.0,0.0,1.0,1.0,7.0,0.0,0.0,1.0,7.0,0.0,2.0,0.0,0.0,732.0,0.0,1.0,3.0,15.0,0.0,220.0,724.0,1690.0,118.0,17.0,144.0,6.0,25.0,0.0,4376.0,5.0,14.0,1.0,0.0,1.0,7.0,10.0,4.0,5.0,61.0,0.0,0.0,0.0,68.0,892.0,30.0,140.0,15.0
ctx-rh-paracentral,0.0,13.0,8.0,0.0,0.0,0.0,0.0,6.0,0.0,5.0,13.0,0.0,0.0,0.0,0.0,0.0,39.0,0.0,0.0,0.0,0.0,1.0,15.0,85.0,46.0,21.0,0.0,1.0,43.0,10.0,3.0,2.0,0.0,2.0,6.0,23.0,22.0,0.0,0.0,0.0,0.0,13.0,1.0,36.0,32.0,0.0,0.0,0.0,0.0,5.0,1884.0,0.0,1.0,0.0,0.0,0.0,573.0,314.0,1050.0,192.0,0.0,0.0,504.0,262.0,8.0,40.0,0.0,3.0
ctx-rh-parahippocampal,1.0,0.0,0.0,0.0,0.0,0.0,1.0,0.0,0.0,0.0,1.0,0.0,0.0,0.0,0.0,0.0,1.0,0.0,0.0,0.0,0.0,1.0,1.0,0.0,0.0,4.0,0.0,0.0,0.0,0.0,0.0,0.0,0.0,0.0,2.0,0.0,0.0,0.0,228.0,0.0,403.0,2.0,38.0,6.0,76.0,9.0,0.0,272.0,0.0,14.0,0.0,433.0,0.0,0.0,0.0,6.0,0.0,0.0,0.0,17.0,0.0,0.0,0.0,4.0,7.0,0.0,0.0,0.0
ctx-rh-parsopercularis,0.0,27.0,4.0,0.0,0.0,0.0,0.0,0.0,0.0,2.0,0.0,0.0,4.0,0.0,1.0,0.0,0.0,0.0,6.0,0.0,5.0,0.0,0.0,3.0,2.0,0.0,5.0,10.0,34.0,0.0,0.0,0.0,0.0,0.0,0.0,39.0,216.0,0.0,0.0,0.0,0.0,0.0,0.0,234.0,0.0,0.0,16.0,0.0,3.0,1.0,1.0,0.0,1497.0,6.0,413.0,0.0,46.0,3.0,526.0,0.0,7.0,527.0,194.0,1.0,0.0,12.0,0.0,0.0
ctx-rh-parsorbitalis,0.0,1.0,0.0,0.0,0.0,0.0,0.0,0.0,0.0,1.0,0.0,0.0,0.0,0.0,0.0,0.0,0.0,0.0,0.0,0.0,0.0,0.0,0.0,0.0,0.0,0.0,3.0,0.0,0.0,0.0,0.0,0.0,0.0,0.0,0.0,3.0,0.0,0.0,0.0,2.0,0.0,0.0,1.0,23.0,0.0,0.0,521.0,0.0,27.0,0.0,0.0,0.0,6.0,395.0,339.0,0.0,0.0,0.0,1.0,0.0,26.0,709.0,61.0,0.0,0.0,0.0,0.0,0.0
ctx-rh-parstriangularis,0.0,16.0,0.0,0.0,0.0,0.0,0.0,0.0,0.0,2.0,0.0,0.0,1.0,0.0,3.0,0.0,0.0,0.0,2.0,0.0,3.0,0.0,0.0,0.0,0.0,0.0,12.0,13.0,22.0,0.0,0.0,0.0,0.0,0.0,0.0,24.0,6.0,0.0,0.0,2.0,0.0,0.0,1.0,176.0,0.0,0.0,394.0,0.0,15.0,1.0,0.0,0.0,413.0,339.0,1673.0,0.0,1.0,0.0,5.0,0.0,30.0,1142.0,206.0,1.0,1.0,0.0,0.0,0.0
ctx-rh-pericalcarine,1.0,0.0,0.0,87.0,0.0,0.0,0.0,1.0,0.0,0.0,0.0,1.0,0.0,30.0,0.0,0.0,0.0,0.0,0.0,0.0,0.0,20.0,0.0,0.0,0.0,21.0,0.0,0.0,0.0,2.0,0.0,0.0,0.0,1.0,0.0,0.0,0.0,1011.0,0.0,0.0,79.0,10.0,20.0,0.0,7.0,794.0,0.0,1431.0,0.0,7.0,0.0,6.0,0.0,0.0,0.0,876.0,0.0,2.0,1.0,314.0,0.0,0.0,0.0,85.0,0.0,1.0,0.0,0.0
ctx-rh-postcentral,0.0,2.0,2.0,0.0,0.0,0.0,0.0,3.0,0.0,1.0,2.0,0.0,0.0,0.0,0.0,0.0,15.0,0.0,0.0,0.0,0.0,0.0,0.0,18.0,7.0,6.0,0.0,1.0,10.0,4.0,1.0,2.0,0.0,0.0,34.0,6.0,71.0,0.0,0.0,0.0,3.0,108.0,3.0,254.0,7.0,0.0,0.0,0.0,0.0,10.0,573.0,0.0,46.0,0.0,1.0,0.0,5627.0,45.0,2405.0,137.0,0.0,4.0,57.0,643.0,31.0,1536.0,0.0,4.0
ctx-rh-posteriorcingulate,4.0,45.0,29.0,1.0,0.0,0.0,3.0,7.0,2.0,15.0,45.0,2.0,0.0,2.0,1.0,2.0,38.0,2.0,6.0,0.0,0.0,2.0,33.0,192.0,84.0,40.0,0.0,1.0,114.0,33.0,5.0,10.0,0.0,4.0,18.0,187.0,47.0,0.0,0.0,0.0,2.0,26.0,8.0,49.0,396.0,3.0,0.0,4.0,0.0,4.0,314.0,0.0,3.0,0.0,0.0,2.0,45.0,993.0,172.0,357.0,0.0,4.0,514.0,50.0,16.0,46.0,0.0,9.0
ctx-rh-precentral,1.0,34.0,14.0,0.0,0.0,0.0,1.0,0.0,1.0,1.0,3.0,0.0,0.0,1.0,0.0,0.0,20.0,0.0,5.0,0.0,1.0,0.0,8.0,79.0,44.0,7.0,0.0,5.0,94.0,1.0,1.0,1.0,0.0,1.0,19.0,42.0,1040.0,0.0,0.0,0.0,0.0,59.0,4.0,337.0,7.0,0.0,0.0,1.0,0.0,5.0,1050.0,0.0,526.0,1.0,5.0,1.0,2405.0,172.0,7348.0,44.0,1.0,30.0,1030.0,138.0,22.0,482.0,0.0,0.0
ctx-rh-precuneus,5.0,2.0,1.0,8.0,0.0,0.0,12.0,40.0,7.0,7.0,80.0,9.0,0.0,40.0,0.0,8.0,12.0,4.0,0.0,0.0,0.0,10.0,17.0,28.0,11.0,134.0,0.0,0.0,5.0,43.0,12.0,12.0,1.0,6.0,45.0,6.0,1.0,341.0,0.0,0.0,166.0,382.0,62.0,35.0,780.0,436.0,0.0,352.0,0.0,61.0,192.0,17.0,0.0,0.0,0.0,314.0,137.0,357.0,44.0,4503.0,0.0,0.0,12.0,2444.0,51.0,59.0,2.0,11.0
ctx-rh-rostralanteriorcingulate,0.0,16.0,0.0,0.0,0.0,0.0,0.0,0.0,0.0,0.0,0.0,0.0,12.0,0.0,4.0,0.0,0.0,0.0,4.0,0.0,3.0,0.0,0.0,1.0,0.0,0.0,48.0,32.0,30.0,0.0,0.0,0.0,0.0,0.0,0.0,165.0,3.0,0.0,0.0,7.0,0.0,0.0,0.0,10.0,0.0,0.0,221.0,0.0,666.0,0.0,0.0,0.0,7.0,26.0,30.0,0.0,0.0,0.0,1.0,0.0,628.0,130.0,385.0,0.0,0.0,0.0,0.0,0.0
ctx-rh-rostralmiddlefrontal,0.0,62.0,8.0,0.0,0.0,0.0,0.0,0.0,0.0,6.0,0.0,0.0,8.0,0.0,7.0,0.0,1.0,0.0,11.0,1.0,9.0,0.0,0.0,7.0,2.0,0.0,29.0,60.0,80.0,0.0,0.0,0.0,0.0,0.0,0.0,154.0,800.0,0.0,0.0,133.0,0.0,0.0,0.0,151.0,0.0,0.0,789.0,0.0,481.0,0.0,0.0,0.0,527.0,709.0,1142.0,0.0,4.0,4.0,30.0,0.0,130.0,7565.0,2838.0,0.0,1.0,1.0,1.0,0.0
ctx-rh-superiorfrontal,0.0,271.0,102.0,0.0,0.0,0.0,0.0,0.0,0.0,22.0,3.0,0.0,10.0,0.0,9.0,0.0,21.0,0.0,43.0,3.0,12.0,0.0,8.0,143.0,62.0,3.0,52.0,118.0,374.0,3.0,2.0,1.0,0.0,1.0,2.0,902.0,1425.0,0.0,0.0,146.0,0.0,0.0,1.0,121.0,11.0,0.0,198.0,1.0,469.0,0.0,504.0,0.0,194.0,61.0,206.0,0.0,57.0,514.0,1030.0,12.0,385.0,2838.0,12682.0,13.0,0.0,20.0,0.0,2.0
ctx-rh-superiorparietal,1.0,0.0,1.0,2.0,0.0,0.0,3.0,12.0,0.0,1.0,30.0,2.0,0.0,13.0,0.0,4.0,4.0,1.0,0.0,0.0,0.0,1.0,3.0,11.0,10.0,30.0,0.0,1.0,3.0,14.0,2.0,3.0,0.0,4.0,69.0,1.0,6.0,439.0,0.0,0.0,53.0,1713.0,60.0,35.0,91.0,955.0,0.0,63.0,0.0,68.0,262.0,4.0,1.0,0.0,1.0,85.0,643.0,50.0,138.0,2444.0,0.0,0.0,13.0,6709.0,60.0,366.0,0.0,12.0
ctx-rh-superiortemporal,0.0,0.0,0.0,1.0,0.0,0.0,1.0,4.0,1.0,0.0,5.0,0.0,0.0,4.0,0.0,0.0,1.0,0.0,0.0,0.0,0.0,1.0,6.0,7.0,1.0,4.0,0.0,0.0,1.0,1.0,1.0,3.0,0.0,1.0,952.0,0.0,3.0,2.0,8.0,0.0,86.0,144.0,324.0,284.0,20.0,13.0,6.0,8.0,0.0,892.0,8.0,7.0,0.0,0.0,1.0,0.0,31.0,16.0,22.0,51.0,0.0,1.0,0.0,60.0,5455.0,289.0,283.0,594.0
ctx-rh-supramarginal,0.0,5.0,0.0,0.0,0.0,0.0,0.0,3.0,1.0,0.0,6.0,0.0,0.0,1.0,0.0,1.0,6.0,0.0,0.0,0.0,0.0,0.0,2.0,14.0,6.0,5.0,0.0,0.0,3.0,4.0,1.0,2.0,0.0,1.0,401.0,1.0,19.0,0.0,0.0,0.0,5.0,1046.0,11.0,245.0,13.0,5.0,0.0,0.0,0.0,30.0,40.0,0.0,12.0,0.0,0.0,1.0,1536.0,46.0,482.0,59.0,0.0,1.0,20.0,366.0,289.0,4874.0,0.0,29.0
ctx-rh-temporalpole,0.0,0.0,0.0,0.0,0.0,0.0,0.0,0.0,0.0,0.0,0.0,0.0,0.0,0.0,0.0,0.0,0.0,0.0,0.0,0.0,0.0,0.0,0.0,0.0,0.0,0.0,0.0,0.0,0.0,0.0,0.0,0.0,0.0,0.0,0.0,1.0,0.0,0.0,160.0,0.0,95.0,0.0,272.0,54.0,0.0,0.0,1.0,0.0,0.0,140.0,0.0,0.0,0.0,0.0,0.0,0.0,0.0,0.0,0.0,2.0,0.0,1.0,0.0,0.0,283.0,0.0,380.0,0.0
ctx-rh-transversetemporal,0.0,0.0,0.0,0.0,0.0,0.0,0.0,1.0,1.0,0.0,1.0,0.0,0.0,1.0,0.0,0.0,0.0,1.0,0.0,0.0,0.0,0.0,1.0,1.0,1.0,3.0,0.0,0.0,0.0,4.0,0.0,2.0,0.0,0.0,55.0,0.0,2.0,1.0,0.0,0.0,7.0,24.0,5.0,84.0,8.0,2.0,0.0,2.0,0.0,15.0,3.0,0.0,0.0,0.0,0.0,0.0,4.0,9.0,0.0,11.0,0.0,0.0,2.0,12.0,594.0,29.0,0.0,244.0
