,ctx-lh-bankssts,ctx-lh-caudalanteriorcingulate,ctx-lh-caudalmiddlefrontal,ctx-lh-cuneus,ctx-lh-entorhinal,ctx-lh-frontalpole,ctx-lh-fusiform,ctx-lh-inferiorparietal,ctx-lh-inferiortemporal,ctx-lh-insula,ctx-lh-isthmuscingulate,ctx-lh-lateraloccipital,ctx-lh-lateralorbitofrontal,ctx-lh-lingual,ctx-lh-medialorbitofrontal,ctx-lh-middletemporal,ctx-lh-paracentral,ctx-lh-parahippocampal,ctx-lh-parsopercularis,ctx-lh-parsorbitalis,ctx-lh-parstriangularis,ctx-lh-pericalcarine,ctx-lh-postcentral,ctx-lh-posteriorcingulate,ctx-lh-precentral,ctx-lh-precuneus,ctx-lh-rostralanteriorcingulate,ctx-lh-rostralmiddlefrontal,ctx-lh-superiorfrontal,ctx-lh-superiorparietal,ctx-lh-superiortemporal,ctx-lh-supramarginal,ctx-lh-temporalpole,ctx-lh-transversetemporal,ctx-rh-bankssts,ctx-rh-caudalanteriorcingulate,ctx-rh-caudalmiddlefrontal,ctx-rh-cuneus,ctx-rh-entorhinal,ctx-rh-frontalpole,ctx-rh-fusiform,ctx-rh-inferiorparietal,ctx-rh-inferiortemporal,ctx-rh-insula,ctx-rh-isthmuscingulate,ctx-rh-lateraloccipital,ctx-rh-lateralorbitofrontal,ctx-rh-lingual,ctx-rh-medialorbitofrontal,ctx-rh-middletemporal,ctx-rh-paracentral,ctx-rh-parahippocampal,ctx-rh-parsopercularis,ctx-rh-parsorbitalis,ctx-rh-parstriangularis,ctx-rh-pericalcarine,ctx-rh-postcentral,ctx-rh-posteriorcingulate,ctx-rh-precentral,ctx-rh-precuneus,ctx-rh-rostralanteriorcingulate,ctx-rh-rostralmiddlefrontal,ctx-rh-superiorfrontal,ctx-rh-superiorparietal,ctx-rh-superiortemporal,ctx-rh-supramarginal,ctx-rh-temporalpole,ctx-rh-transversetemporal
ctx-lh-bankssts,1025.0,1.0,0.0,8.0,0.0,0.0,39.0,608.0,359.0,36.0,11.0,28.0,1.0,20.0,0.0,857.0,0.0,10.0,0.0,0.0,0.0,4.0,12.0,4.0,2.0,41.0,0.0,0.0,0.0,37.0,955.0,314.0,0.0,30.0,2.0,0.0,0.0,0.0,0.0,0.0,0.0,4.0,0.0,1.0,9.0,0.0,0.0,2.0,0.0,0.0,0.0,1.0,0.0,0.0,0.0,1.0,2.0,3.0,0.0,12.0,0.0,0.0,0.0,7.0,5.0,2.0,0.0,0.0
ctx-lh-caudalanteriorcingulate,1.0,450.0,42.0,0.0,0.0,1.0,0.0,0.0,0.0,19.0,11.0,0.0,12.0,0.0,28.0,0.0,9.0,0.0,35.0,6.0,26.0,0.0,1.0,373.0,14.0,9.0,242.0,99.0,616.0,3.0,0.0,2.0,0.0,0.0,0.0,120.0,19.0,0.0,0.0,1.0,0.0,0.0,0.0,7.0,0.0,0.0,8.0,0.0,3.0,0.0,8.0,0.0,8.0,2.0,15.0,0.0,1.0,30.0,20.0,2.0,35.0,46.0,178.0,0.0,0.0,1.0,0.0,0.0
ctx-lh-caudalmiddlefrontal,0.0,42.0,2957.0,0.0,0.0,0.0,0.0,1.0,0.0,42.0,0.0,0.0,3.0,0.0,1.0,0.0,15.0,0.0,357.0,0.0,23.0,0.0,29.0,12.0,995.0,4.0,2.0,949.0,1329.0,3.0,0.0,9.0,0.0,0.0,0.0,24.0,13.0,0.0,0.0,0.0,0.0,0.0,0.0,3.0,2.0,0.0,0.0,0.0,0.0,0.0,4.0,0.0,4.0,0.0,0.0,0.0,4.0,14.0,14.0,1.0,4.0,5.0,70.0,0.0,0.0,1.0,0.0,0.0
ctx-lh-cuneus,8.0,0.0,0.0,927.0,0.0,0.0,10.0,37.0,10.0,1.0,14.0,280.0,0.0,146.0,0.0,6.0,0.0,1.0,0.0,0.0,0.0,1136.0,0.0,0.0,0.0,109.0,0.0,0.0,0.0,691.0,1.0,0.0,0.0,0.0,2.0,0.0,0.0,1.0,0.0,0.0,0.0,1.0,0.0,1.0,2.0,0.0,0.0,2.0,0.0,0.0,0.0,0.0,0.0,0.0,0.0,0.0,1.0,0.0,0.0,4.0,0.0,0.0,0.0,2.0,0.0,1.0,0.0,0.0
ctx-lh-entorhinal,0.0,0.0,0.0,0.0,252.0,0.0,385.0,2.0,256.0,18.0,0.0,0.0,0.0,4.0,0.0,89.0,0.0,93.0,0.0,0.0,0.0,0.0,0.0,0.0,0.0,0.0,0.0,0.0,0.0,0.0,60.0,1.0,248.0,1.0,0.0,0.0,0.0,0.0,0.0,0.0,0.0,0.0,0.0,0.0,0.0,0.0,0.0,0.0,0.0,0.0,0.0,0.0,0.0,0.0,0.0,0.0,0.0,0.0,0.0,0.0,0.0,0.0,0.0,0.0,0.0,0.0,0.0,0.0
ctx-lh-frontalpole,0.0,1.0,0.0,0.0,0.0,75.0,0.0,0.0,0.0,0.0,0.0,0.0,110.0,0.0,233.0,0.0,0.0,0.0,1.0,3.0,8.0,0.0,0.0,0.0,0.0,0.0,2.0,292.0,129.0,0.0,0.0,0.0,0.0,0.0,0.0,0.0,0.0,0.0,0.0,0.0,0.0,0.0,0.0,0.0,0.0,0.0,0.0,0.0,0.0,0.0,0.0,0.0,0.0,0.0,1.0,0.0,0.0,0.0,0.0,0.0,2.0,0.0,0.0,0.0,0.0,0.0,0.0,0.0
ctx-lh-fusiform,39.0,0.0,0.0,10.0,385.0,0.0,3969.0,173.0,1723.0,24.0,21.0,1018.0,1.0,659.0,1.0,261.0,1.0,199.0,0.0,0.0,0.0,65.0,0.0,1.0,0.0,39.0,0.0,0.0,0.0,34.0,83.0,15.0,141.0,2.0,0.0,0.0,0.0,1.0,0.0,0.0,3.0,3.0,1.0,0.0,11.0,1.0,0.0,3.0,0.0,2.0,0.0,1.0,0.0,0.0,0.0,0.0,1.0,1.0,0.0,15.0,0.0,0.0,0.0,1.0,1.0,2.0,0.0,0.0
ctx-lh-inferiorparietal,608.0,0.0,1.0,37.0,2.0,0.0,173.0,7112.0,290.0,38.0,101.0,992.0,0.0,73.0,0.0,315.0,2.0,11.0,3.0,0.0,0.0,38.0,41.0,10.0,10.0,446.0,0.0,1.0,0.0,1199.0,166.0,1204.0,0.0,19.0,6.0,0.0,0.0,4.0,0.0,0.0,3.0,16.0,10.0,1.0,26.0,4.0,0.0,9.0,0.0,6.0,1.0,2.0,0.0,0.0,0.0,7.0,1.0,6.0,0.0,44.0,0.0,0.0,2.0,24.0,16.0,7.0,0.0,0.0
ctx-lh-inferiortemporal,359.0,0.0,0.0,10.0,256.0,0.0,1723.0,290.0,3594.0,52.0,29.0,273.0,3.0,115.0,0.0,1897.0,1.0,119.0,0.0,0.0,0.0,10.0,1.0,5.0,2.0,41.0,0.0,0.0,0.0,29.0,290.0,21.0,217.0,8.0,0.0,1.0,0.0,2.0,0.0,0.0,1.0,3.0,0.0,0.0,9.0,2.0,0.0,5.0,0.0,2.0,0.0,1.0,0.0,0.0,0.0,2.0,1.0,2.0,1.0,20.0,0.0,0.0,0.0,0.0,1.0,0.0,0.0,0.0
ctx-lh-insula,36.0,19.0,42.0,1.0,18.0,0.0,24.0,38.0,52.0,1704.0,10.0,5.0,373.0,4.0,23.0,80.0,17.0,10.0,275.0,14.0,128.0,2.0,279.0,12.0,344.0,25.0,23.0,77.0,97.0,65.0,272.0,328.0,17.0,102.0,1.0,11.0,1.0,0.0,0.0,0.0,0.0,3.0,0.0,0.0,5.0,0.0,1.0,0.0,0.0,2.0,3.0,0.0,0.0,0.0,0.0,0.0,2.0,7.0,3.0,6.0,3.0,8.0,21.0,1.0,5.0,2.0,0.0,0.0
ctx-lh-isthmuscingulate,11.0,11.0,0.0,14.0,0.0,0.0,21.0,101.0,29.0,10.0,765.0,33.0,0.0,142.0,0.0,14.0,9.0,50.0,1.0,0.0,0.0,32.0,5.0,329.0,2.0,899.0,0.0,0.0,10.0,107.0,19.0,29.0,0.0,1.0,15.0,0.0,0.0,9.0,0.0,0.0,6.0,24.0,7.0,6.0,94.0,11.0,0.0,13.0,0.0,10.0,13.0,1.0,0.0,0.0,0.0,3.0,1.0,38.0,0.0,110.0,0.0,0.0,1.0,38.0,17.0,17.0,0.0,7.0
ctx-lh-lateraloccipital,28.0,0.0,0.0,280.0,0.0,0.0,1018.0,992.0,273.0,5.0,33.0,5422.0,1.0,743.0,0.0,130.0,0.0,6.0,0.0,0.0,0.0,702.0,1.0,0.0,0.0,69.0,0.0,0.0,0.0,464.0,9.0,7.0,0.0,1.0,1.0,0.0,0.0,2.0,0.0,0.0,2.0,9.0,2.0,0.0,10.0,2.0,0.0,5.0,0.0,1.0,0.0,1.0,0.0,0.0,0.0,4.0,0.0,4.0,0.0,13.0,0.0,0.0,0.0,2.0,1.0,2.0,0.0,0.0
ctx-lh-lateralorbitofrontal,1.0,12.0,3.0,0.0,0.0,110.0,1.0,0.0,3.0,373.0,0.0,1.0,3667.0,0.0,1797.0,2.0,0.0,0.0,14.0,581.0,260.0,0.0,0.0,1.0,2.0,0.0,210.0,809.0,91.0,0.0,7.0,0.0,0.0,0.0,0.0,9.0,0.0,0.0,0.0,0.0,0.0,0.0,0.0,0.0,0.0,0.0,4.0,0.0,2.0,0.0,0.0,0.0,0.0,2.0,0.0,0.0,0.0,0.0,0.0,0.0,6.0,13.0,9.0,0.0,0.0,0.0,0.0,0.0
ctx-lh-lingual,20.0,0.0,0.0,146.0,4.0,0.0,659.0,73.0,115.0,4.0,142.0,743.0,0.0,3431.0,0.0,41.0,0.0,152.0,0.0,0.0,0.0,965.0,1.0,3.0,1.0,171.0,0.0,0.0,0.0,106.0,15.0,3.0,0.0,1.0,3.0,0.0,0.0,3.0,0.0,0.0,3.0,5.0,4.0,2.0,10.0,5.0,0.0,30.0,0.0,1.0,1.0,2.0,0.0,0.0,0.0,18.0,0.0,2.0,0.0,10.0,0.0,0.0,0.0,4.0,1.0,2.0,0.0,0.0
ctx-lh-medialorbitofrontal,0.0,28.0,1.0,0.0,0.0,233.0,1.0,0.0,0.0,23.0,0.0,0.0,1797.0,0.0,1637.0,0.0,0.0,0.0,5.0,65.0,48.0,0.0,0.0,0.0,0.0,0.0,584.0,667.0,342.0,0.0,0.0,0.0,0.0,0.0,0.0,12.0,2.0,0.0,0.0,1.0,0.0,0.0,0.0,1.0,0.0,0.0,4.0,0.0,4.0,0.0,0.0,0.0,0.0,3.0,4.0,0.0,0.0,0.0,0.0,0.0,17.0,10.0,21.0,0.0,0.0,0.0,0.0,0.0
ctx-lh-middletemporal,857.0,0.0,0.0,6.0,89.0,0.0,261.0,315.0,1897.0,80.0,14.0,130.0,2.0,41.0,0.0,3148.0,0.0,52.0,0.0,0.0,0.0,5.0,6.0,0.0,1.0,29.0,0.0,0.0,0.0,26.0,940.0,33.0,174.0,12.0,1.0,0.0,0.0,0.0,0.0,0.0,1.0,0.0,1.0,0.0,3.0,2.0,0.0,0.0,0.0,3.0,1.0,0.0,0.0,0.0,0.0,0.0,0.0,0.0,0.0,10.0,0.0,0.0,0.0,4.0,1.0,2.0,0.0,0.0
ctx-lh-paracentral,0.0,9.0,15.0,0.0,0.0,0.0,1.0,2.0,1.0,17.0,9.0,0.0,0.0,0.0,0.0,0.0,1972.0,0.0,6.0,0.0,0.0,0.0,484.0,246.0,1101.0,171.0,0.0,2.0,447.0,180.0,1.0,11.0,0.0,0.0,1.0,8.0,2.0,0.0,0.0,0.0,0.0,3.0,0.0,6.0,2.0,0.0,0.0,0.0,0.0,0.0,41.0,0.0,1.0,0.0,0.0,0.0,8.0,44.0,22.0,5.0,2.0,0.0,46.0,10.0,2.0,5.0,0.0,3.0
ctx-lh-parahippocampal,10.0,0.0,0.0,1.0,93.0,0.0,199.0,11.0,119.0,10.0,50.0,6.0,0.0,152.0,0.0,52.0,0.0,360.0,0.0,0.0,0.0,2.0,2.0,0.0,1.0,17.0,0.0,0.0,0.0,8.0,54.0,1.0,6.0,2.0,0.0,0.0,0.0,1.0,0.0,0.0,1.0,0.0,0.0,0.0,4.0,0.0,0.0,0.0,0.0,0.0,0.0,0.0,0.0,0.0,0.0,0.0,0.0,0.0,0.0,5.0,0.0,0.0,0.0,1.0,0.0,1.0,0.0,0.0
ctx-lh-parsopercularis,0.0,35.0,357.0,0.0,0.0,1.0,0.0,3.0,0.0,275.0,1.0,0.0,14.0,0.0,5.0,0.0,6.0,0.0,1959.0,7.0,523.0,0.0,58.0,1.0,731.0,1.0,9.0,571.0,229.0,7.0,3.0,12.0,0.0,0.0,0.0,21.0,6.0,0.0,0.0,0.0,0.0,0.0,0.0,0.0,0.0,0.0,0.0,0.0,0.0,0.0,0.0,0.0,5.0,1.0,1.0,0.0,2.0,7.0,5.0,0.0,2.0,10.0,35.0,0.0,0.0,1.0,0.0,0.0
ctx-lh-parsorbitalis,0.0,6.0,0.0,0.0,0.0,3.0,0.0,0.0,0.0,14.0,0.0,0.0,581.0,0.0,65.0,0.0,0.0,0.0,7.0,613.0,386.0,0.0,0.0,0.0,1.0,0.0,47.0,372.0,28.0,0.0,0.0,0.0,0.0,0.0,0.0,2.0,0.0,0.0,0.0,0.0,0.0,0.0,0.0,0.0,0.0,0.0,1.0,0.0,1.0,0.0,0.0,0.0,0.0,0.0,1.0,0.0,0.0,0.0,0.0,0.0,4.0,0.0,3.0,0.0,0.0,0.0,0.0,0.0
ctx-lh-parstriangularis,0.0,26.0,23.0,0.0,0.0,8.0,0.0,0.0,0.0,128.0,0.0,0.0,260.0,0.0,48.0,0.0,0.0,0.0,523.0,386.0,1387.0,0.0,2.0,4.0,20.0,0.0,115.0,1036.0,160.0,0.0,0.0,0.0,0.0,0.0,0.0,14.0,1.0,0.0,0.0,0.0,0.0,0.0,0.0,2.0,0.0,0.0,1.0,0.0,2.0,0.0,0.0,0.0,2.0,1.0,3.0,0.0,0.0,0.0,1.0,0.0,6.0,16.0,33.0,0.0,0.0,0.0,0.0,0.0
ctx-lh-pericalcarine,4.0,0.0,0.0,1136.0,0.0,0.0,65.0,38.0,10.0,2.0,32.0,702.0,0.0,965.0,0.0,5.0,0.0,2.0,0.0,0.0,0.0,608.0,0.0,0.0,0.0,100.0,0.0,0.0,0.0,263.0,4.0,1.0,0.0,0.0,1.0,0.0,0.0,0.0,0.0,0.0,2.0,3.0,1.0,0.0,3.0,1.0,0.0,2.0,0.0,0.0,0.0,0.0,0.0,0.0,0.0,3.0,0.0,1.0,0.0,3.0,0.0,0.0,0.0,3.0,1.0,0.0,0.0,0.0
ctx-lh-postcentral,12.0,1.0,29.0,0.0,0.0,0.0,0.0,41.0,1.0,279.0,5.0,1.0,0.0,1.0,0.0,6.0,484.0,2.0,58.0,0.0,2.0,0.0,5638.0,32.0,2098.0,85.0,1.0,5.0,29.0,882.0,16.0,1280.0,0.0,9.0,0.0,2.0,0.0,0.0,0.0,0.0,0.0,4.0,1.0,2.0,5.0,0.0,0.0,0.0,0.0,1.0,14.0,0.0,0.0,0.0,0.0,0.0,2.0,22.0,7.0,10.0,0.0,0.0,7.0,1.0,5.0,4.0,0.0,0.0
ctx-lh-posteriorcingulate,4.0,373.0,12.0,0.0,0.0,0.0,1.0,10.0,5.0,12.0,329.0,0.0,1.0,3.0,0.0,0.0,246.0,0.0,1.0,0.0,4.0,0.0,32.0,1477.0,74.0,429.0,5.0,8.0,341.0,59.0,4.0,21.0,0.0,3.0,6.0,19.0,6.0,4.0,1.0,0.0,1.0,18.0,2.0,8.0,38.0,2.0,1.0,1.0,0.0,3.0,109.0,1.0,3.0,0.0,3.0,0.0,24.0,151.0,46.0,51.0,0.0,4.0,85.0,24.0,10.0,15.0,0.0,2.0
ctx-lh-precentral,2.0,14.0,995.0,0.0,0.0,0.0,0.0,10.0,2.0,344.0,2.0,0.0,2.0,1.0,0.0,1.0,1101.0,1.0,731.0,1.0,20.0,0.0,2098.0,74.0,8927.0,52.0,2.0,65.0,857.0,224.0,14.0,240.0,0.0,7.0,0.0,12.0,12.0,0.0,0.0,0.0,0.0,0.0,0.0,6.0,0.0,0.0,0.0,0.0,0.0,0.0,32.0,0.0,2.0,1.0,1.0,1.0,6.0,28.0,33.0,3.0,1.0,3.0,64.0,4.0,1.0,3.0,0.0,0.0
ctx-lh-precuneus,41.0,9.0,4.0,109.0,0.0,0.0,39.0,446.0,41.0,25.0,899.0,69.0,0.0,171.0,0.0,29.0,171.0,17.0,1.0,0.0,0.0,100.0,85.0,429.0,52.0,3691.0,1.0,0.0,10.0,2612.0,52.0,80.0,0.0,10.0,18.0,1.0,1.0,8.0,0.0,0.0,4.0,40.0,11.0,9.0,94.0,11.0,0.0,10.0,0.0,20.0,18.0,2.0,0.0,0.0,0.0,12.0,2.0,48.0,5.0,130.0,0.0,0.0,6.0,47.0,22.0,21.0,0.0,8.0
ctx-lh-rostralanteriorcingulate,0.0,242.0,2.0,0.0,0.0,2.0,0.0,0.0,0.0,23.0,0.0,0.0,210.0,0.0,584.0,0.0,0.0,0.0,9.0,47.0,115.0,0.0,1.0,5.0,2.0,1.0,1216.0,322.0,504.0,0.0,0.0,0.0,0.0,0.0,0.0,72.0,0.0,0.0,0.0,2.0,0.0,0.0,0.0,8.0,0.0,0.0,10.0,0.0,20.0,0.0,0.0,0.0,5.0,8.0,9.0,0.0,0.0,3.0,1.0,0.0,91.0,54.0,94.0,0.0,0.0,1.0,0.0,0.0
ctx-lh-rostralmiddlefrontal,0.0,99.0,949.0,0.0,0.0,292.0,0.0,1.0,0.0,77.0,0.0,0.0,809.0,0.0,667.0,0.0,2.0,0.0,571.0,372.0,1036.0,0.0,5.0,8.0,65.0,0.0,322.0,8454.0,3276.0,1.0,0.0,0.0,0.0,0.0,0.0,41.0,10.0,0.0,0.0,0.0,0.0,0.0,0.0,3.0,0.0,0.0,1.0,0.0,4.0,0.0,1.0,0.0,7.0,6.0,12.0,0.0,1.0,3.0,3.0,0.0,18.0,38.0,100.0,0.0,0.0,0.0,0.0,0.0
ctx-lh-superiorfrontal,0.0,616.0,1329.0,0.0,0.0,129.0,0.0,0.0,0.0,97.0,10.0,0.0,91.0,0.0,342.0,0.0,447.0,0.0,229.0,28.0,160.0,0.0,29.0,341.0,857.0,10.0,504.0,3276.0,11233.0,15.0,2.0,5.0,0.0,0.0,0.0,158.0,48.0,0.0,0.0,0.0,0.0,0.0,0.0,30.0,1.0,0.0,0.0,0.0,7.0,0.0,31.0,0.0,22.0,0.0,20.0,0.0,11.0,78.0,75.0,6.0,37.0,88.0,401.0,3.0,1.0,1.0,0.0,0.0
ctx-lh-superiorparietal,37.0,3.0,3.0,691.0,0.0,0.0,34.0,1199.0,29.0,65.0,107.0,464.0,0.0,106.0,0.0,26.0,180.0,8.0,7.0,0.0,0.0,263.0,882.0,59.0,224.0,2612.0,0.0,1.0,15.0,4775.0,54.0,469.0,0.0,11.0,7.0,0.0,1.0,3.0,0.0,0.0,3.0,19.0,5.0,6.0,35.0,4.0,0.0,5.0,0.0,5.0,11.0,2.0,0.0,0.0,0.0,0.0,6.0,28.0,3.0,59.0,0.0,0.0,2.0,20.0,18.0,11.0,0.0,4.0
ctx-lh-superiortemporal,955.0,0.0,0.0,1.0,60.0,0.0,83.0,166.0,290.0,272.0,19.0,9.0,7.0,15.0,0.0,940.0,1.0,54.0,3.0,0.0,0.0,4.0,16.0,4.0,14.0,52.0,0.0,0.0,2.0,54.0,4961.0,532.0,136.0,652.0,4.0,0.0,0.0,2.0,0.0,0.0,1.0,9.0,2.0,1.0,14.0,3.0,0.0,4.0,0.0,2.0,6.0,2.0,0.0,0.0,0.0,2.0,1.0,8.0,0.0,22.0,0.0,0.0,1.0,4.0,7.0,5.0,0.0,0.0
ctx-lh-supramarginal,314.0,2.0,9.0,0.0,1.0,0.0,15.0,1204.0,21.0,328.0,29.0,7.0,0.0,3.0,0.0,33.0,11.0,1.0,12.0,0.0,0.0,1.0,1280.0,21.0,240.0,80.0,0.0,0.0,5.0,469.0,532.0,4776.0,1.0,47.0,2.0,0.0,0.0,0.0,0.0,0.0,3.0,9.0,1.0,3.0,16.0,3.0,0.0,1.0,0.0,0.0,6.0,1.0,0.0,0.0,0.0,0.0,5.0,16.0,2.0,25.0,0.0,0.0,3.0,10.0,5.0,6.0,0.0,1.0
ctx-lh-temporalpole,0.0,0.0,0.0,0.0,248.0,0.0,141.0,0.0,217.0,17.0,0.0,0.0,0.0,0.0,0.0,174.0,0.0,6.0,0.0,0.0,0.0,0.0,0.0,0.0,0.0,0.0,0.0,0.0,0.0,0.0,136.0,1.0,440.0,0.0,0.0,0.0,0.0,0.0,0.0,0.0,0.0,0.0,0.0,0.0,0.0,0.0,0.0,0.0,0.0,0.0,0.0,0.0,0.0,0.0,0.0,0.0,0.0,0.0,0.0,0.0,0.0,0.0,0.0,0.0,0.0,0.0,0.0,0.0
ctx-lh-transversetemporal,30.0,0.0,0.0,0.0,1.0,0.0,2.0,19.0,8.0,102.0,1.0,1.0,0.0,1.0,0.0,12.0,0.0,2.0,0.0,0.0,0.0,0.0,9.0,3.0,7.0,10.0,0.0,0.0,0.0,11.0,652.0,47.0,0.0,458.0,0.0,0.0,0.0,0.0,0.0,0.0,0.0,2.0,1.0,0.0,1.0,0.0,0.0,0.0,0.0,0.0,1.0,0.0,0.0,0.0,0.0,0.0,1.0,2.0,1.0,6.0,0.0,0.0,0.0,1.0,2.0,0.0,0.0,0.0
ctx-rh-bankssts,2.0,0.0,0.0,2.0,0.0,0.0,0.0,6.0,0.0,1.0,15.0,1.0,0.0,3.0,0.0,1.0,1.0,0.0,0.0,0.0,0.0,1.0,0.0,6.0,0.0,18.0,0.0,0.0,0.0,7.0,4.0,2.0,0.0,0.0,826.0,0.0,0.0,3.0,0.0,0.0,30.0,473.0,124.0,30.0,16.0,41.0,0.0,9.0,0.0,836.0,2.0,5.0,0.0,0.0,0.0,6.0,7.0,10.0,6.0,56.0,0.0,0.0,1.0,45.0,781.0,362.0,0.0,26.0
ctx-rh-caudalanteriorcingulate,0.0,120.0,24.0,0.0,0.0,0.0,0.0,0.0,1.0,11.0,0.0,0.0,9.0,0.0,12.0,0.0,8.0,0.0,21.0,2.0,14.0,0.0,2.0,19.0,12.0,1.0,72.0,41.0,158.0,0.0,0.0,0.0,0.0,0.0,0.0,638.0,51.0,0.0,0.0,2.0,0.0,0.0,0.0,22.0,9.0,0.0,17.0,0.0,14.0,0.0,19.0,0.0,32.0,10.0,23.0,0.0,3.0,320.0,26.0,5.0,233.0,124.0,882.0,2.0,0.0,0.0,0.0,0.0
ctx-rh-caudalmiddlefrontal,0.0,19.0,13.0,0.0,0.0,0.0,0.0,0.0,0.0,1.0,0.0,0.0,0.0,0.0,2.0,0.0,2.0,0.0,6.0,0.0,1.0,0.0,0.0,6.0,12.0,1.0,0.0,10.0,48.0,1.0,0.0,0.0,0.0,0.0,0.0,51.0,2944.0,0.0,0.0,0.0,0.0,0.0,0.0,24.0,0.0,0.0,3.0,0.0,0.0,0.0,11.0,0.0,266.0,3.0,24.0,0.0,27.0,12.0,1021.0,1.0,1.0,778.0,1057.0,7.0,0.0,11.0,0.0,0.0
ctx-rh-cuneus,0.0,0.0,0.0,1.0,0.0,0.0,1.0,4.0,2.0,0.0,9.0,2.0,0.0,3.0,0.0,0.0,0.0,1.0,0.0,0.0,0.0,0.0,0.0,4.0,0.0,8.0,0.0,0.0,0.0,3.0,2.0,0.0,0.0,0.0,3.0,0.0,0.0,811.0,1.0,0.0,44.0,52.0,15.0,0.0,28.0,450.0,0.0,149.0,0.0,14.0,0.0,3.0,0.0,0.0,0.0,1320.0,0.0,0.0,0.0,212.0,0.0,0.0,0.0,560.0,9.0,2.0,0.0,0.0
ctx-rh-entorhinal,0.0,0.0,0.0,0.0,0.0,0.0,0.0,0.0,0.0,0.0,0.0,0.0,0.0,0.0,0.0,0.0,0.0,0.0,0.0,0.0,0.0,0.0,0.0,1.0,0.0,0.0,0.0,0.0,0.0,0.0,0.0,0.0,0.0,0.0,0.0,0.0,0.0,1.0,161.0,0.0,361.0,0.0,247.0,7.0,0.0,2.0,1.0,0.0,0.0,45.0,0.0,64.0,0.0,0.0,0.0,0.0,0.0,0.0,0.0,0.0,0.0,0.0,0.0,0.0,19.0,0.0,211.0,0.0
ctx-rh-frontalpole,0.0,1.0,0.0,0.0,0.0,0.0,0.0,0.0,0.0,0.0,0.0,0.0,0.0,0.0,1.0,0.0,0.0,0.0,0.0,0.0,0.0,0.0,0.0,0.0,0.0,0.0,2.0,0.0,0.0,0.0,0.0,0.0,0.0,0.0,0.0,2.0,0.0,0.0,0.0,68.0,0.0,0.0,0.0,1.0,0.0,0.0,100.0,0.0,327.0,0.0,0.0,0.0,0.0,14.0,2.0,0.0,0.0,0.0,0.0,0.0,15.0,221.0,92.0,0.0,0.0,0.0,0.0,0.0
ctx-rh-fusiform,0.0,0.0,0.0,0.0,0.0,0.0,3.0,3.0,1.0,0.0,6.0,2.0,0.0,3.0,0.0,1.0,0.0,1.0,0.0,0.0,0.0,2.0,0.0,1.0,0.0,4.0,0.0,0.0,0.0,3.0,1.0,3.0,0.0,0.0,30.0,0.0,0.0,44.0,361.0,0.0,4355.0,59.0,1575.0,13.0,24.0,937.0,2.0,553.0,1.0,232.0,0.0,233.0,0.0,0.0,0.0,91.0,0.0,0.0,0.0,34.0,0.0,0.0,0.0,37.0,77.0,6.0,93.0,1.0
ctx-rh-inferiorparietal,4.0,0.0,0.0,1.0,0.0,0.0,3.0,16.0,3.0,3.0,24.0,9.0,0.0,5.0,0.0,0.0,3.0,0.0,0.0,0.0,0.0,3.0,4.0,18.0,0.0,40.0,0.0,0.0,0.0,19.0,9.0,9.0,0.0,2.0,473.0,0.0,0.0,52.0,0.0,0.0,59.0,7214.0,171.0,24.0,53.0,714.0,0.0,19.0,0.0,596.0,9.0,3.0,0.0,0.0,0.0,25.0,74.0,22.0,45.0,394.0,0.0,0.0,4.0,1449.0,158.0,976.0,0.0,15.0
ctx-rh-inferiortemporal,0.0,0.0,0.0,0.0,0.0,0.0,1.0,10.0,0.0,0.0,7.0,2.0,0.0,4.0,0.0,1.0,0.0,0.0,0.0,0.0,0.0,1.0,1.0,2.0,0.0,11.0,0.0,0.0,0.0,5.0,2.0,1.0,0.0,1.0,124.0,0.0,0.0,15.0,247.0,0.0,1575.0,171.0,4020.0,40.0,15.0,456.0,13.0,62.0,0.0,1548.0,0.0,88.0,0.0,0.0,0.0,31.0,2.0,0.0,1.0,50.0,0.0,0.0,0.0,71.0,240.0,22.0,219.0,8.0
ctx-rh-insula,1.0,7.0,3.0,1.0,0.0,0.0,0.0,1.0,0.0,0.0,6.0,0.0,0.0,2.0,1.0,0.0,6.0,0.0,0.0,0.0,2.0,0.0,2.0,8.0,6.0,9.0,8.0,3.0,30.0,6.0,1.0,3.0,0.0,0.0,30.0,22.0,24.0,0.0,7.0,1.0,13.0,24.0,40.0,1448.0,3.0,3.0,487.0,2.0,19.0,93.0,20.0,4.0,168.0,36.0,173.0,2.0,276.0,12.0,292.0,28.0,10.0,112.0,94.0,41.0,286.0,321.0,10.0,84.0
ctx-rh-isthmuscingulate,9.0,0.0,2.0,2.0,0.0,0.0,11.0,26.0,9.0,5.0,94.0,10.0,0.0,10.0,0.0,3.0,2.0,4.0,0.0,0.0,0.0,3.0,5.0,38.0,0.0,94.0,0.0,0.0,1.0,35.0,14.0,16.0,0.0,1.0,16.0,9.0,0.0,28.0,0.0,0.0,24.0,53.0,15.0,3.0,688.0,23.0,0.0,120.0,0.0,14.0,17.0,53.0,0.0,0.0,0.0,23.0,5.0,312.0,3.0,849.0,0.0,0.0,6.0,76.0,24.0,20.0,0.0,2.0
ctx-rh-lateraloccipital,0.0,0.0,0.0,0.0,0.0,0.0,1.0,4.0,2.0,0.0,11.0,2.0,0.0,5.0,0.0,2.0,0.0,0.0,0.0,0.0,0.0,1.0,0.0,2.0,0.0,11.0,0.0,0.0,0.0,4.0,3.0,3.0,0.0,0.0,41.0,0.0,0.0,450.0,2.0,0.0,937.0,714.0,456.0,3.0,23.0,6042.0,0.0,782.0,0.0,153.0,1.0,12.0,0.0,0.0,0.0,943.0,1.0,1.0,0.0,132.0,0.0,0.0,0.0,525.0,32.0,6.0,1.0,3.0
ctx-rh-lateralorbitofrontal,0.0,8.0,0.0,0.0,0.0,0.0,0.0,0.0,0.0,1.0,0.0,0.0,4.0,0.0,4.0,0.0,0.0,0.0,0.0,1.0,1.0,0.0,0.0,1.0,0.0,0.0,10.0,1.0,0.0,0.0,0.0,0.0,0.0,0.0,0.0,17.0,3.0,0.0,1.0,100.0,2.0,0.0,13.0,487.0,0.0,0.0,3092.0,0.0,1192.0,10.0,0.0,0.0,10.0,737.0,220.0,0.0,0.0,1.0,2.0,1.0,103.0,597.0,99.0,0.0,20.0,0.0,7.0,0.0
ctx-rh-lingual,2.0,0.0,0.0,2.0,0.0,0.0,3.0,9.0,5.0,0.0,13.0,5.0,0.0,30.0,0.0,0.0,0.0,0.0,0.0,0.0,0.0,2.0,0.0,1.0,0.0,10.0,0.0,0.0,0.0,5.0,4.0,1.0,0.0,0.0,9.0,0.0,0.0,149.0,0.0,0.0,553.0,19.0,62.0,2.0,120.0,782.0,0.0,3986.0,0.0,35.0,0.0,185.0,0.0,0.0,0.0,1214.0,1.0,1.0,0.0,207.0,0.0,0.0,0.0,60.0,12.0,5.0,1.0,0.0
ctx-rh-medialorbitofrontal,0.0,3.0,0.0,0.0,0.0,0.0,0.0,0.0,0.0,0.0,0.0,0.0,2.0,0.0,4.0,0.0,0.0,0.0,0.0,1.0,2.0,0.0,0.0,0.0,0.0,0.0,20.0,4.0,7.0,0.0,0.0,0.0,0.0,0.0,0.0,14.0,0.0,0.0,0.0,327.0,1.0,0.0,0.0,19.0,0.0,0.0,1192.0,0.0,1927.0,0.0,0.0,0.0,0.0,72.0,19.0,0.0,0.0,0.0,0.0,0.0,324.0,609.0,294.0,0.0,0.0,1.0,0.0,0.0
ctx-rh-middletemporal,0.0,0.0,0.0,0.0,0.0,0.0,2.0,6.0,2.0,2.0,10.0,1.0,0.0,1.0,0.0,3.0,0.0,0.0,0.0,0.0,0.0,0.0,1.0,3.0,0.0,20.0,0.0,0.0,0.0,5.0,2.0,0.0,0.0,0.0,836.0,0.0,0.0,14.0,45.0,0.0,232.0,596.0,1548.0,93.0,14.0,153.0,10.0,35.0,0.0,3845.0,0.0,38.0,0.0,0.0,1.0,10.0,2.0,4.0,1.0,62.0,0.0,1.0,1.0,50.0,722.0,51.0,187.0,7.0
ctx-rh-paracentral,0.0,8.0,4.0,0.0,0.0,0.0,0.0,1.0,0.0,3.0,13.0,0.0,0.0,1.0,0.0,1.0,41.0,0.0,0.0,0.0,0.0,0.0,14.0,109.0,32.0,18.0,0.0,1.0,31.0,11.0,6.0,6.0,0.0,1.0,2.0,19.0,11.0,0.0,0.0,0.0,0.0,9.0,0.0,20.0,17.0,1.0,0.0,0.0,0.0,0.0,2214.0,0.0,6.0,0.0,0.0,0.0,487.0,424.0,801.0,270.0,1.0,3.0,588.0,236.0,5.0,31.0,0.0,3.0
ctx-rh-parahippocampal,1.0,0.0,0.0,0.0,0.0,0.0,1.0,2.0,1.0,0.0,1.0,1.0,0.0,2.0,0.0,0.0,0.0,0.0,0.0,0.0,0.0,0.0,0.0,1.0,0.0,2.0,0.0,0.0,0.0,2.0,2.0,1.0,0.0,0.0,5.0,0.0,0.0,3.0,64.0,0.0,233.0,3.0,88.0,4.0,53.0,12.0,0.0,185.0,0.0,38.0,0.0,500.0,0.0,0.0,0.0,8.0,1.0,0.0,0.0,15.0,0.0,0.0,1.0,7.0,15.0,1.0,8.0,1.0
ctx-rh-parsopercularis,0.0,8.0,4.0,0.0,0.0,0.0,0.0,0.0,0.0,0.0,0.0,0.0,0.0,0.0,0.0,0.0,1.0,0.0,5.0,0.0,2.0,0.0,0.0,3.0,2.0,0.0,5.0,7.0,22.0,0.0,0.0,0.0,0.0,0.0,0.0,32.0,266.0,0.0,0.0,0.0,0.0,0.0,0.0,168.0,0.0,0.0,10.0,0.0,0.0,0.0,6.0,0.0,1069.0,5.0,269.0,0.0,35.0,7.0,483.0,1.0,8.0,457.0,143.0,3.0,0.0,10.0,0.0,0.0
ctx-rh-parsorbitalis,0.0,2.0,0.0,0.0,0.0,0.0,0.0,0.0,0.0,0.0,0.0,0.0,2.0,0.0,3.0,0.0,0.0,0.0,1.0,0.0,1.0,0.0,0.0,0.0,1.0,0.0,8.0,6.0,0.0,0.0,0.0,0.0,0.0,0.0,0.0,10.0,3.0,0.0,0.0,14.0,0.0,0.0,0.0,36.0,0.0,0.0,737.0,0.0,72.0,0.0,0.0,0.0,5.0,899.0,374.0,0.0,0.0,0.0,1.0,0.0,50.0,621.0,65.0,0.0,1.0,0.0,0.0,0.0
ctx-rh-parstriangularis,0.0,15.0,0.0,0.0,0.0,1.0,0.0,0.0,0.0,0.0,0.0,0.0,0.0,0.0,4.0,0.0,0.0,0.0,1.0,1.0,3.0,0.0,0.0,3.0,1.0,0.0,9.0,12.0,20.0,0.0,0.0,0.0,0.0,0.0,0.0,23.0,24.0,0.0,0.0,2.0,0.0,0.0,0.0,173.0,0.0,0.0,220.0,0.0,19.0,1.0,0.0,0.0,269.0,374.0,1126.0,0.0,4.0,3.0,18.0,0.0,45.0,729.0,145.0,0.0,1.0,0.0,0.0,0.0
ctx-rh-pericalcarine,1.0,0.0,0.0,0.0,0.0,0.0,0.0,7.0,2.0,0.0,3.0,4.0,0.0,18.0,0.0,0.0,0.0,0.0,0.0,0.0,0.0,3.0,0.0,0.0,1.0,12.0,0.0,0.0,0.0,0.0,2.0,0.0,0.0,0.0,6.0,0.0,0.0,1320.0,0.0,0.0,91.0,25.0,31.0,2.0,23.0,943.0,0.0,1214.0,0.0,10.0,0.0,8.0,0.0,0.0,0.0,928.0,1.0,0.0,0.0,214.0,0.0,0.0,0.0,191.0,6.0,0.0,0.0,0.0
ctx-rh-postcentral,2.0,1.0,4.0,1.0,0.0,0.0,1.0,1.0,1.0,2.0,1.0,0.0,0.0,0.0,0.0,0.0,8.0,0.0,2.0,0.0,0.0,0.0,2.0,24.0,6.0,2.0,0.0,1.0,11.0,6.0,1.0,5.0,0.0,1.0,7.0,3.0,27.0,0.0,0.0,0.0,0.0,74.0,2.0,276.0,5.0,1.0,0.0,1.0,0.0,2.0,487.0,1.0,35.0,0.0,4.0,1.0,5532.0,35.0,1812.0,133.0,1.0,7.0,54.0,638.0,20.0,1496.0,0.0,8.0
ctx-rh-posteriorcingulate,3.0,30.0,14.0,0.0,0.0,0.0,1.0,6.0,2.0,7.0,38.0,4.0,0.0,2.0,0.0,0.0,44.0,0.0,7.0,0.0,0.0,1.0,22.0,151.0,28.0,48.0,3.0,3.0,78.0,28.0,8.0,16.0,0.0,2.0,10.0,320.0,12.0,0.0,0.0,0.0,0.0,22.0,0.0,12.0,312.0,1.0,1.0,1.0,0.0,4.0,424.0,0.0,7.0,0.0,3.0,0.0,35.0,1460.0,82.0,392.0,12.0,12.0,422.0,49.0,16.0,31.0,0.0,3.0
ctx-rh-precentral,0.0,20.0,14.0,0.0,0.0,0.0,0.0,0.0,1.0,3.0,0.0,0.0,0.0,0.0,0.0,0.0,22.0,0.0,5.0,0.0,1.0,0.0,7.0,46.0,33.0,5.0,1.0,3.0,75.0,3.0,0.0,2.0,0.0,1.0,6.0,26.0,1021.0,0.0,0.0,0.0,0.0,45.0,1.0,292.0,3.0,0.0,2.0,0.0,0.0,1.0,801.0,0.0,483.0,1.0,18.0,0.0,1812.0,82.0,9575.0,33.0,0.0,77.0,1284.0,163.0,10.0,297.0,0.0,2.0
ctx-rh-precuneus,12.0,2.0,1.0,4.0,0.0,0.0,15.0,44.0,20.0,6.0,110.0,13.0,0.0,10.0,0.0,10.0,5.0,5.0,0.0,0.0,0.0,3.0,10.0,51.0,3.0,130.0,0.0,0.0,6.0,59.0,22.0,25.0,0.0,6.0,56.0,5.0,1.0,212.0,0.0,0.0,34.0,394.0,50.0,28.0,849.0,132.0,1.0,207.0,0.0,62.0,270.0,15.0,1.0,0.0,0.0,214.0,133.0,392.0,33.0,4007.0,0.0,0.0,11.0,2251.0,91.0,133.0,0.0,13.0
ctx-rh-rostralanteriorcingulate,0.0,35.0,4.0,0.0,0.0,2.0,0.0,0.0,0.0,3.0,0.0,0.0,6.0,0.0,17.0,0.0,2.0,0.0,2.0,4.0,6.0,0.0,0.0,0.0,1.0,0.0,91.0,18.0,37.0,0.0,0.0,0.0,0.0,0.0,0.0,233.0,1.0,0.0,0.0,15.0,0.0,0.0,0.0,10.0,0.0,0.0,103.0,0.0,324.0,0.0,1.0,0.0,8.0,50.0,45.0,0.0,1.0,12.0,0.0,0.0,868.0,170.0,333.0,0.0,0.0,0.0,0.0,0.0
ctx-rh-rostralmiddlefrontal,0.0,46.0,5.0,0.0,0.0,0.0,0.0,0.0,0.0,8.0,0.0,0.0,13.0,0.0,10.0,0.0,0.0,0.0,10.0,0.0,16.0,0.0,0.0,4.0,3.0,0.0,54.0,38.0,88.0,0.0,0.0,0.0,0.0,0.0,0.0,124.0,778.0,0.0,0.0,221.0,0.0,0.0,0.0,112.0,0.0,0.0,597.0,0.0,609.0,1.0,3.0,0.0,457.0,621.0,729.0,0.0,7.0,12.0,77.0,0.0,170.0,7618.0,2550.0,2.0,1.0,4.0,1.0,0.0
ctx-rh-superiorfrontal,0.0,178.0,70.0,0.0,0.0,0.0,0.0,2.0,0.0,21.0,1.0,0.0,9.0,0.0,21.0,0.0,46.0,0.0,35.0,3.0,33.0,0.0,7.0,85.0,64.0,6.0,94.0,100.0,401.0,2.0,1.0,3.0,0.0,0.0,1.0,882.0,1057.0,0.0,0.0,92.0,0.0,4.0,0.0,94.0,6.0,0.0,99.0,0.0,294.0,1.0,588.0,1.0,143.0,65.0,145.0,0.0,54.0,422.0,1284.0,11.0,333.0,2550.0,11760.0,12.0,2.0,15.0,0.0,0.0
ctx-rh-superiorparietal,7.0,0.0,0.0,2.0,0.0,0.0,1.0,24.0,0.0,1.0,38.0,2.0,0.0,4.0,0.0,4.0,10.0,1.0,0.0,0.0,0.0,3.0,1.0,24.0,4.0,47.0,0.0,0.0,3.0,20.0,4.0,10.0,0.0,1.0,45.0,2.0,7.0,560.0,0.0,0.0,37.0,1449.0,71.0,41.0,76.0,525.0,0.0,60.0,0.0,50.0,236.0,7.0,3.0,0.0,0.0,191.0,638.0,49.0,163.0,2251.0,0.0,2.0,12.0,4881.0,71.0,406.0,0.0,8.0
ctx-rh-superiortemporal,5.0,0.0,0.0,0.0,0.0,0.0,1.0,16.0,1.0,5.0,17.0,1.0,0.0,1.0,0.0,1.0,2.0,0.0,0.0,0.0,0.0,1.0,5.0,10.0,1.0,22.0,0.0,0.0,1.0,18.0,7.0,5.0,0.0,2.0,781.0,0.0,0.0,9.0,19.0,0.0,77.0,158.0,240.0,286.0,24.0,32.0,20.0,12.0,0.0,722.0,5.0,15.0,0.0,1.0,1.0,6.0,20.0,16.0,10.0,91.0,0.0,1.0,2.0,71.0,5064.0,441.0,128.0,564.0
ctx-rh-supramarginal,2.0,1.0,1.0,1.0,0.0,0.0,2.0,7.0,0.0,2.0,17.0,2.0,0.0,2.0,0.0,2.0,5.0,1.0,1.0,0.0,0.0,0.0,4.0,15.0,3.0,21.0,1.0,0.0,1.0,11.0,5.0,6.0,0.0,0.0,362.0,0.0,11.0,2.0,0.0,0.0,6.0,976.0,22.0,321.0,20.0,6.0,0.0,5.0,1.0,51.0,31.0,1.0,10.0,0.0,0.0,0.0,1496.0,31.0,297.0,133.0,0.0,4.0,15.0,406.0,441.0,4111.0,0.0,40.0
ctx-rh-temporalpole,0.0,0.0,0.0,0.0,0.0,0.0,0.0,0.0,0.0,0.0,0.0,0.0,0.0,0.0,0.0,0.0,0.0,0.0,0.0,0.0,0.0,0.0,0.0,0.0,0.0,0.0,0.0,0.0,0.0,0.0,0.0,0.0,0.0,0.0,0.0,0.0,0.0,0.0,211.0,0.0,93.0,0.0,219.0,10.0,0.0,1.0,7.0,1.0,0.0,187.0,0.0,8.0,0.0,0.0,0.0,0.0,0.0,0.0,0.0,0.0,0.0,1.0,0.0,0.0,128.0,0.0,385.0,0.0
ctx-rh-transversetemporal,0.0,0.0,0.0,0.0,0.0,0.0,0.0,0.0,0.0,0.0,7.0,0.0,0.0,0.0,0.0,0.0,3.0,0.0,0.0,0.0,0.0,0.0,0.0,2.0,0.0,8.0,0.0,0.0,0.0,4.0,0.0,1.0,0.0,0.0,26.0,0.0,0.0,0.0,0.0,0.0,1.0,15.0,8.0,84.0,2.0,3.0,0.0,0.0,0.0,7.0,3.0,1.0,0.0,0.0,0.0,0.0,8.0,3.0,2.0,13.0,0.0,0.0,0.0,8.0,564.0,40.0,0.0,335.0
