,ctx-lh-bankssts,ctx-lh-caudalanteriorcingulate,ctx-lh-caudalmiddlefrontal,ctx-lh-cuneus,ctx-lh-entorhinal,ctx-lh-frontalpole,ctx-lh-fusiform,ctx-lh-inferiorparietal,ctx-lh-inferiortemporal,ctx-lh-insula,ctx-lh-isthmuscingulate,ctx-lh-lateraloccipital,ctx-lh-lateralorbitofrontal,ctx-lh-lingual,ctx-lh-medialorbitofrontal,ctx-lh-middletemporal,ctx-lh-paracentral,ctx-lh-parahippocampal,ctx-lh-parsopercularis,ctx-lh-parsorbitalis,ctx-lh-parstriangularis,ctx-lh-pericalcarine,ctx-lh-postcentral,ctx-lh-posteriorcingulate,ctx-lh-precentral,ctx-lh-precuneus,ctx-lh-rostralanteriorcingulate,ctx-lh-rostralmiddlefrontal,ctx-lh-superiorfrontal,ctx-lh-superiorparietal,ctx-lh-superiortemporal,ctx-lh-supramarginal,ctx-lh-temporalpole,ctx-lh-transversetemporal,ctx-rh-bankssts,ctx-rh-caudalanteriorcingulate,ctx-rh-caudalmiddlefrontal,ctx-rh-cuneus,ctx-rh-entorhinal,ctx-rh-frontalpole,ctx-rh-fusiform,ctx-rh-inferiorparietal,ctx-rh-inferiortemporal,ctx-rh-insula,ctx-rh-isthmuscingulate,ctx-rh-lateraloccipital,ctx-rh-lateralorbitofrontal,ctx-rh-lingual,ctx-rh-medialorbitofrontal,ctx-rh-middletemporal,ctx-rh-paracentral,ctx-rh-parahippocampal,ctx-rh-parsopercularis,ctx-rh-parsorbitalis,ctx-rh-parstriangularis,ctx-rh-pericalcarine,ctx-rh-postcentral,ctx-rh-posteriorcingulate,ctx-rh-precentral,ctx-rh-precuneus,ctx-rh-rostralanteriorcingulate,ctx-rh-rostralmiddlefrontal,ctx-rh-superiorfrontal,ctx-rh-superiorparietal,ctx-rh-superiortemporal,ctx-rh-supramarginal,ctx-rh-temporalpole,ctx-rh-transversetemporal
ctx-lh-bankssts,713.0,0.0,0.0,0.0,0.0,0.0,14.0,308.0,110.0,18.0,1.0,7.0,0.0,4.0,0.0,723.0,0.0,1.0,1.0,0.0,0.0,1.0,15.0,2.0,12.0,14.0,0.0,2.0,1.0,22.0,764.0,252.0,0.0,7.0,2.0,0.0,0.0,0.0,0.0,0.0,1.0,1.0,0.0,0.0,3.0,0.0,0.0,0.0,0.0,0.0,0.0,0.0,0.0,0.0,0.0,0.0,0.0,0.0,0.0,2.0,0.0,0.0,0.0,1.0,0.0,1.0,0.0,0.0
ctx-lh-caudalanteriorcingulate,0.0,398.0,15.0,0.0,0.0,1.0,0.0,1.0,0.0,17.0,17.0,0.0,13.0,0.0,31.0,0.0,15.0,0.0,17.0,6.0,26.0,0.0,2.0,335.0,13.0,14.0,279.0,107.0,668.0,0.0,1.0,2.0,0.0,0.0,0.0,83.0,11.0,0.0,0.0,1.0,0.0,0.0,0.0,7.0,1.0,0.0,5.0,0.0,11.0,0.0,8.0,0.0,6.0,6.0,4.0,0.0,5.0,19.0,11.0,2.0,27.0,22.0,190.0,2.0,0.0,0.0,0.0,0.0
ctx-lh-caudalmiddlefrontal,0.0,15.0,3176.0,0.0,0.0,0.0,0.0,12.0,0.0,49.0,1.0,0.0,6.0,0.0,1.0,2.0,31.0,0.0,253.0,2.0,27.0,0.0,82.0,14.0,1087.0,7.0,5.0,912.0,1024.0,28.0,1.0,11.0,0.0,0.0,0.0,17.0,4.0,0.0,0.0,0.0,0.0,0.0,0.0,0.0,0.0,1.0,0.0,0.0,0.0,0.0,7.0,0.0,2.0,0.0,1.0,0.0,0.0,9.0,1.0,1.0,1.0,2.0,28.0,0.0,0.0,0.0,0.0,0.0
ctx-lh-cuneus,0.0,0.0,0.0,1135.0,0.0,0.0,45.0,51.0,14.0,0.0,21.0,273.0,0.0,249.0,1.0,6.0,0.0,3.0,0.0,0.0,0.0,696.0,0.0,0.0,1.0,211.0,0.0,0.0,0.0,750.0,6.0,1.0,0.0,0.0,0.0,0.0,0.0,103.0,0.0,0.0,3.0,4.0,1.0,0.0,5.0,4.0,0.0,6.0,0.0,0.0,0.0,1.0,0.0,0.0,0.0,19.0,0.0,0.0,1.0,12.0,0.0,0.0,0.0,10.0,2.0,0.0,0.0,1.0
ctx-lh-entorhinal,0.0,0.0,0.0,0.0,299.0,0.0,119.0,1.0,77.0,8.0,1.0,0.0,0.0,0.0,0.0,19.0,0.0,129.0,0.0,0.0,0.0,0.0,0.0,0.0,0.0,1.0,0.0,0.0,0.0,0.0,15.0,0.0,193.0,0.0,0.0,0.0,0.0,0.0,0.0,0.0,0.0,0.0,0.0,0.0,0.0,0.0,0.0,0.0,0.0,0.0,0.0,0.0,0.0,0.0,0.0,0.0,0.0,0.0,0.0,0.0,0.0,0.0,0.0,0.0,0.0,0.0,0.0,0.0
ctx-lh-frontalpole,0.0,1.0,0.0,0.0,0.0,83.0,0.0,0.0,0.0,1.0,0.0,0.0,32.0,0.0,147.0,0.0,0.0,0.0,0.0,3.0,3.0,0.0,0.0,0.0,0.0,0.0,9.0,226.0,53.0,0.0,0.0,0.0,0.0,0.0,0.0,1.0,0.0,0.0,0.0,0.0,0.0,0.0,0.0,1.0,0.0,0.0,0.0,0.0,2.0,0.0,0.0,0.0,0.0,0.0,0.0,0.0,0.0,0.0,0.0,0.0,1.0,0.0,2.0,0.0,0.0,0.0,0.0,0.0
ctx-lh-fusiform,14.0,0.0,0.0,45.0,119.0,0.0,3329.0,61.0,1244.0,38.0,28.0,1055.0,7.0,927.0,2.0,241.0,0.0,295.0,0.0,0.0,1.0,96.0,2.0,0.0,1.0,46.0,0.0,0.0,0.0,29.0,128.0,5.0,103.0,18.0,0.0,0.0,0.0,1.0,0.0,0.0,5.0,3.0,1.0,3.0,10.0,1.0,0.0,1.0,0.0,1.0,0.0,0.0,0.0,0.0,0.0,2.0,1.0,1.0,0.0,17.0,0.0,0.0,0.0,5.0,3.0,0.0,0.0,1.0
ctx-lh-inferiorparietal,308.0,1.0,12.0,51.0,1.0,0.0,61.0,4800.0,270.0,55.0,31.0,655.0,0.0,15.0,0.0,423.0,4.0,1.0,1.0,0.0,0.0,14.0,70.0,5.0,46.0,330.0,0.0,0.0,3.0,1446.0,187.0,1069.0,0.0,31.0,2.0,2.0,1.0,2.0,0.0,0.0,4.0,9.0,3.0,1.0,20.0,4.0,0.0,5.0,0.0,3.0,3.0,1.0,0.0,0.0,0.0,3.0,0.0,4.0,0.0,41.0,0.0,0.0,1.0,15.0,3.0,2.0,0.0,2.0
ctx-lh-inferiortemporal,110.0,0.0,0.0,14.0,77.0,0.0,1244.0,270.0,3765.0,113.0,10.0,426.0,9.0,104.0,0.0,2423.0,0.0,32.0,1.0,0.0,2.0,20.0,5.0,3.0,2.0,53.0,1.0,0.0,0.0,38.0,411.0,46.0,154.0,25.0,0.0,0.0,1.0,0.0,0.0,0.0,0.0,5.0,3.0,1.0,4.0,3.0,0.0,1.0,0.0,0.0,2.0,1.0,0.0,0.0,0.0,1.0,0.0,1.0,1.0,28.0,0.0,0.0,0.0,10.0,6.0,1.0,0.0,0.0
ctx-lh-insula,18.0,17.0,49.0,0.0,8.0,1.0,38.0,55.0,113.0,1710.0,15.0,11.0,442.0,4.0,45.0,103.0,8.0,4.0,254.0,21.0,155.0,1.0,408.0,8.0,325.0,40.0,27.0,128.0,128.0,84.0,329.0,366.0,49.0,129.0,0.0,14.0,0.0,1.0,0.0,0.0,0.0,0.0,1.0,2.0,9.0,1.0,3.0,1.0,8.0,1.0,2.0,0.0,1.0,3.0,1.0,0.0,1.0,3.0,3.0,18.0,4.0,4.0,21.0,9.0,1.0,0.0,0.0,0.0
ctx-lh-isthmuscingulate,1.0,17.0,1.0,21.0,1.0,0.0,28.0,31.0,10.0,15.0,661.0,25.0,0.0,106.0,1.0,11.0,11.0,57.0,1.0,0.0,0.0,29.0,6.0,339.0,1.0,901.0,2.0,2.0,3.0,57.0,17.0,7.0,0.0,8.0,4.0,3.0,0.0,2.0,0.0,0.0,7.0,17.0,3.0,13.0,87.0,14.0,1.0,8.0,0.0,1.0,11.0,0.0,0.0,0.0,0.0,1.0,3.0,19.0,3.0,141.0,0.0,0.0,2.0,40.0,10.0,8.0,0.0,1.0
ctx-lh-lateraloccipital,7.0,0.0,0.0,273.0,0.0,0.0,1055.0,655.0,426.0,11.0,25.0,5088.0,0.0,904.0,0.0,93.0,0.0,4.0,0.0,0.0,1.0,436.0,7.0,3.0,1.0,147.0,0.0,0.0,2.0,426.0,45.0,17.0,1.0,11.0,0.0,0.0,0.0,4.0,0.0,0.0,1.0,6.0,1.0,1.0,10.0,9.0,0.0,9.0,0.0,1.0,0.0,0.0,0.0,0.0,0.0,4.0,0.0,0.0,0.0,34.0,0.0,0.0,0.0,8.0,3.0,1.0,0.0,0.0
ctx-lh-lateralorbitofrontal,0.0,13.0,6.0,0.0,0.0,32.0,7.0,0.0,9.0,442.0,0.0,0.0,2634.0,0.0,1291.0,11.0,0.0,0.0,31.0,653.0,386.0,0.0,0.0,1.0,1.0,1.0,125.0,486.0,89.0,1.0,7.0,0.0,1.0,1.0,0.0,15.0,0.0,0.0,0.0,0.0,0.0,0.0,0.0,1.0,0.0,0.0,4.0,0.0,11.0,0.0,0.0,0.0,0.0,0.0,3.0,0.0,0.0,2.0,0.0,0.0,31.0,9.0,8.0,0.0,0.0,0.0,0.0,0.0
ctx-lh-lingual,4.0,0.0,0.0,249.0,0.0,0.0,927.0,15.0,104.0,4.0,106.0,904.0,0.0,3938.0,1.0,24.0,1.0,171.0,0.0,0.0,0.0,1004.0,3.0,0.0,0.0,124.0,0.0,0.0,0.0,36.0,14.0,3.0,0.0,1.0,0.0,0.0,0.0,18.0,0.0,0.0,8.0,6.0,4.0,0.0,14.0,11.0,0.0,121.0,0.0,0.0,1.0,0.0,0.0,0.0,0.0,18.0,0.0,0.0,1.0,24.0,0.0,0.0,0.0,5.0,2.0,0.0,1.0,1.0
ctx-lh-medialorbitofrontal,0.0,31.0,1.0,1.0,0.0,147.0,2.0,0.0,0.0,45.0,1.0,0.0,1291.0,1.0,1279.0,0.0,0.0,0.0,1.0,80.0,57.0,0.0,0.0,4.0,0.0,0.0,505.0,728.0,239.0,0.0,0.0,0.0,1.0,0.0,0.0,19.0,0.0,0.0,0.0,2.0,0.0,0.0,0.0,2.0,0.0,0.0,9.0,0.0,14.0,0.0,0.0,0.0,0.0,2.0,5.0,0.0,0.0,1.0,0.0,0.0,33.0,14.0,13.0,0.0,0.0,0.0,0.0,0.0
ctx-lh-middletemporal,723.0,0.0,2.0,6.0,19.0,0.0,241.0,423.0,2423.0,103.0,11.0,93.0,11.0,24.0,0.0,3178.0,0.0,10.0,2.0,0.0,1.0,6.0,13.0,2.0,6.0,40.0,0.0,5.0,3.0,30.0,858.0,88.0,118.0,24.0,0.0,1.0,0.0,0.0,0.0,0.0,0.0,3.0,1.0,1.0,3.0,2.0,0.0,1.0,0.0,0.0,0.0,0.0,0.0,0.0,0.0,1.0,0.0,0.0,0.0,11.0,0.0,0.0,0.0,4.0,3.0,3.0,0.0,0.0
ctx-lh-paracentral,0.0,15.0,31.0,0.0,0.0,0.0,0.0,4.0,0.0,8.0,11.0,0.0,0.0,1.0,0.0,0.0,1754.0,0.0,4.0,0.0,1.0,0.0,399.0,231.0,851.0,159.0,0.0,2.0,778.0,111.0,3.0,2.0,0.0,1.0,1.0,8.0,5.0,0.0,0.0,0.0,0.0,0.0,0.0,2.0,3.0,0.0,0.0,0.0,0.0,0.0,38.0,0.0,1.0,0.0,1.0,0.0,3.0,44.0,11.0,9.0,1.0,0.0,46.0,2.0,0.0,2.0,0.0,0.0
ctx-lh-parahippocampal,1.0,0.0,0.0,3.0,129.0,0.0,295.0,1.0,32.0,4.0,57.0,4.0,0.0,171.0,0.0,10.0,0.0,532.0,0.0,0.0,0.0,6.0,0.0,2.0,0.0,10.0,0.0,0.0,0.0,0.0,13.0,2.0,0.0,0.0,0.0,0.0,0.0,1.0,0.0,0.0,0.0,0.0,0.0,0.0,0.0,1.0,0.0,3.0,0.0,0.0,0.0,0.0,0.0,0.0,0.0,0.0,0.0,0.0,0.0,2.0,0.0,0.0,0.0,0.0,0.0,0.0,0.0,0.0
ctx-lh-parsopercularis,1.0,17.0,253.0,0.0,0.0,0.0,0.0,1.0,1.0,254.0,1.0,0.0,31.0,0.0,1.0,2.0,4.0,0.0,1588.0,13.0,521.0,0.0,56.0,2.0,556.0,4.0,5.0,602.0,168.0,10.0,7.0,27.0,0.0,1.0,0.0,9.0,0.0,0.0,0.0,0.0,0.0,0.0,0.0,1.0,0.0,0.0,1.0,0.0,4.0,0.0,1.0,0.0,2.0,0.0,0.0,0.0,0.0,3.0,2.0,0.0,0.0,2.0,9.0,0.0,0.0,0.0,0.0,0.0
ctx-lh-parsorbitalis,0.0,6.0,2.0,0.0,0.0,3.0,0.0,0.0,0.0,21.0,0.0,0.0,653.0,0.0,80.0,0.0,0.0,0.0,13.0,469.0,313.0,0.0,0.0,2.0,0.0,0.0,31.0,398.0,59.0,0.0,2.0,0.0,0.0,1.0,0.0,3.0,0.0,0.0,0.0,0.0,0.0,0.0,0.0,1.0,0.0,0.0,2.0,0.0,3.0,0.0,0.0,0.0,0.0,0.0,0.0,0.0,0.0,0.0,0.0,0.0,1.0,4.0,2.0,0.0,0.0,0.0,0.0,0.0
ctx-lh-parstriangularis,0.0,26.0,27.0,0.0,0.0,3.0,1.0,0.0,2.0,155.0,0.0,1.0,386.0,0.0,57.0,1.0,1.0,0.0,521.0,313.0,1122.0,0.0,2.0,1.0,14.0,0.0,35.0,815.0,178.0,2.0,8.0,1.0,0.0,1.0,0.0,14.0,2.0,0.0,0.0,0.0,0.0,0.0,0.0,0.0,0.0,0.0,2.0,0.0,7.0,0.0,0.0,0.0,2.0,0.0,5.0,0.0,0.0,0.0,0.0,0.0,6.0,6.0,20.0,0.0,0.0,0.0,0.0,0.0
ctx-lh-pericalcarine,1.0,0.0,0.0,696.0,0.0,0.0,96.0,14.0,20.0,1.0,29.0,436.0,0.0,1004.0,0.0,6.0,0.0,6.0,0.0,0.0,0.0,646.0,0.0,0.0,0.0,81.0,0.0,0.0,0.0,40.0,8.0,0.0,0.0,0.0,1.0,0.0,0.0,50.0,0.0,0.0,0.0,2.0,0.0,0.0,9.0,2.0,0.0,2.0,0.0,0.0,0.0,0.0,0.0,0.0,0.0,19.0,0.0,0.0,0.0,12.0,0.0,0.0,0.0,2.0,2.0,1.0,0.0,0.0
ctx-lh-postcentral,15.0,2.0,82.0,0.0,0.0,0.0,2.0,70.0,5.0,408.0,6.0,7.0,0.0,3.0,0.0,13.0,399.0,0.0,56.0,0.0,2.0,0.0,5605.0,26.0,1815.0,136.0,0.0,9.0,59.0,906.0,45.0,1419.0,1.0,9.0,0.0,1.0,0.0,0.0,0.0,0.0,1.0,0.0,1.0,1.0,6.0,0.0,0.0,1.0,0.0,1.0,5.0,0.0,0.0,0.0,0.0,0.0,4.0,5.0,2.0,12.0,0.0,0.0,4.0,8.0,1.0,2.0,0.0,0.0
ctx-lh-posteriorcingulate,2.0,335.0,14.0,0.0,0.0,0.0,0.0,5.0,3.0,8.0,339.0,3.0,1.0,0.0,4.0,2.0,231.0,2.0,2.0,2.0,1.0,0.0,26.0,1042.0,58.0,529.0,32.0,9.0,224.0,43.0,4.0,5.0,0.0,0.0,0.0,33.0,5.0,0.0,0.0,0.0,0.0,3.0,1.0,2.0,24.0,0.0,0.0,0.0,1.0,0.0,86.0,0.0,1.0,1.0,1.0,0.0,4.0,146.0,19.0,34.0,5.0,5.0,98.0,11.0,3.0,3.0,0.0,1.0
ctx-lh-precentral,12.0,13.0,1087.0,1.0,0.0,0.0,1.0,46.0,2.0,325.0,1.0,1.0,1.0,0.0,0.0,6.0,851.0,0.0,556.0,0.0,14.0,0.0,1815.0,58.0,6837.0,105.0,1.0,126.0,718.0,280.0,26.0,217.0,0.0,13.0,0.0,5.0,1.0,1.0,0.0,0.0,0.0,0.0,0.0,0.0,6.0,0.0,0.0,0.0,0.0,0.0,6.0,0.0,1.0,0.0,0.0,0.0,0.0,25.0,11.0,10.0,1.0,0.0,25.0,1.0,0.0,1.0,0.0,0.0
ctx-lh-precuneus,14.0,14.0,7.0,211.0,1.0,0.0,46.0,330.0,53.0,40.0,901.0,147.0,1.0,124.0,0.0,40.0,159.0,10.0,4.0,0.0,0.0,81.0,136.0,529.0,105.0,4206.0,5.0,2.0,27.0,2241.0,56.0,59.0,0.0,28.0,7.0,3.0,0.0,6.0,0.0,0.0,12.0,41.0,6.0,16.0,161.0,23.0,0.0,19.0,1.0,9.0,16.0,7.0,0.0,0.0,0.0,3.0,8.0,50.0,8.0,236.0,0.0,0.0,8.0,94.0,30.0,13.0,0.0,4.0
ctx-lh-rostralanteriorcingulate,0.0,279.0,5.0,0.0,0.0,9.0,0.0,0.0,1.0,27.0,2.0,0.0,125.0,0.0,505.0,0.0,0.0,0.0,5.0,31.0,35.0,0.0,0.0,32.0,1.0,5.0,741.0,163.0,345.0,1.0,1.0,0.0,1.0,0.0,0.0,53.0,0.0,0.0,0.0,0.0,0.0,0.0,0.0,3.0,0.0,0.0,10.0,0.0,31.0,0.0,0.0,0.0,1.0,5.0,8.0,0.0,1.0,4.0,0.0,0.0,99.0,23.0,60.0,0.0,0.0,0.0,0.0,0.0
ctx-lh-rostralmiddlefrontal,2.0,107.0,912.0,0.0,0.0,226.0,0.0,0.0,0.0,128.0,2.0,0.0,486.0,0.0,728.0,5.0,2.0,0.0,602.0,398.0,815.0,0.0,9.0,9.0,126.0,2.0,163.0,6376.0,2585.0,4.0,3.0,1.0,1.0,1.0,0.0,42.0,2.0,0.0,0.0,0.0,0.0,0.0,0.0,5.0,0.0,0.0,4.0,0.0,19.0,0.0,2.0,0.0,2.0,2.0,12.0,0.0,1.0,5.0,0.0,0.0,22.0,35.0,75.0,0.0,0.0,0.0,0.0,0.0
ctx-lh-superiorfrontal,1.0,668.0,1024.0,0.0,0.0,53.0,0.0,3.0,0.0,128.0,3.0,2.0,89.0,0.0,239.0,3.0,778.0,0.0,168.0,59.0,178.0,0.0,59.0,224.0,718.0,27.0,345.0,2585.0,11482.0,28.0,3.0,9.0,1.0,0.0,0.0,184.0,19.0,0.0,0.0,0.0,0.0,1.0,0.0,15.0,8.0,1.0,15.0,0.0,25.0,0.0,42.0,0.0,23.0,6.0,21.0,0.0,4.0,98.0,33.0,8.0,47.0,66.0,386.0,0.0,0.0,1.0,0.0,0.0
ctx-lh-superiorparietal,22.0,0.0,28.0,750.0,0.0,0.0,29.0,1446.0,38.0,84.0,57.0,426.0,1.0,36.0,0.0,30.0,111.0,0.0,10.0,0.0,2.0,40.0,906.0,43.0,280.0,2241.0,1.0,4.0,28.0,5965.0,78.0,354.0,0.0,39.0,2.0,1.0,1.0,7.0,0.0,0.0,7.0,15.0,1.0,9.0,36.0,5.0,0.0,7.0,0.0,4.0,10.0,0.0,0.0,0.0,0.0,1.0,2.0,12.0,2.0,75.0,0.0,0.0,4.0,29.0,10.0,5.0,0.0,3.0
ctx-lh-superiortemporal,764.0,1.0,1.0,6.0,15.0,0.0,128.0,187.0,411.0,329.0,17.0,45.0,7.0,14.0,0.0,858.0,3.0,13.0,7.0,2.0,8.0,8.0,45.0,4.0,26.0,56.0,1.0,3.0,3.0,78.0,5231.0,513.0,118.0,633.0,1.0,0.0,0.0,0.0,0.0,0.0,1.0,2.0,2.0,2.0,14.0,1.0,0.0,0.0,0.0,1.0,2.0,0.0,0.0,0.0,0.0,0.0,1.0,3.0,2.0,30.0,0.0,0.0,2.0,17.0,3.0,3.0,0.0,1.0
ctx-lh-supramarginal,252.0,2.0,11.0,1.0,0.0,0.0,5.0,1069.0,46.0,366.0,7.0,17.0,0.0,3.0,0.0,88.0,2.0,2.0,27.0,0.0,1.0,0.0,1419.0,5.0,217.0,59.0,0.0,1.0,9.0,354.0,513.0,5379.0,0.0,89.0,1.0,1.0,0.0,0.0,0.0,0.0,1.0,2.0,0.0,1.0,7.0,0.0,0.0,0.0,0.0,2.0,2.0,1.0,0.0,0.0,0.0,0.0,0.0,5.0,1.0,15.0,0.0,0.0,0.0,6.0,0.0,0.0,0.0,1.0
ctx-lh-temporalpole,0.0,0.0,0.0,0.0,193.0,0.0,103.0,0.0,154.0,49.0,0.0,1.0,1.0,0.0,1.0,118.0,0.0,0.0,0.0,0.0,0.0,0.0,1.0,0.0,0.0,0.0,1.0,1.0,1.0,0.0,118.0,0.0,385.0,0.0,0.0,0.0,0.0,0.0,0.0,0.0,0.0,1.0,0.0,0.0,0.0,1.0,0.0,0.0,1.0,0.0,0.0,0.0,0.0,0.0,0.0,0.0,0.0,0.0,0.0,0.0,0.0,0.0,1.0,0.0,0.0,0.0,0.0,0.0
ctx-lh-transversetemporal,7.0,0.0,0.0,0.0,0.0,0.0,18.0,31.0,25.0,129.0,8.0,11.0,1.0,1.0,0.0,24.0,1.0,0.0,1.0,1.0,1.0,0.0,9.0,0.0,13.0,28.0,0.0,1.0,0.0,39.0,633.0,89.0,0.0,735.0,0.0,0.0,0.0,0.0,0.0,0.0,0.0,5.0,0.0,0.0,5.0,2.0,0.0,1.0,0.0,1.0,2.0,0.0,0.0,0.0,0.0,0.0,0.0,1.0,1.0,12.0,0.0,0.0,0.0,5.0,1.0,0.0,0.0,0.0
ctx-rh-bankssts,2.0,0.0,0.0,0.0,0.0,0.0,0.0,2.0,0.0,0.0,4.0,0.0,0.0,0.0,0.0,0.0,1.0,0.0,0.0,0.0,0.0,1.0,0.0,0.0,0.0,7.0,0.0,0.0,0.0,2.0,1.0,1.0,0.0,0.0,707.0,0.0,0.0,1.0,0.0,0.0,29.0,612.0,105.0,26.0,6.0,34.0,1.0,9.0,0.0,644.0,2.0,2.0,0.0,0.0,0.0,1.0,13.0,2.0,6.0,30.0,0.0,1.0,1.0,28.0,821.0,349.0,0.0,10.0
ctx-rh-caudalanteriorcingulate,0.0,83.0,17.0,0.0,0.0,1.0,0.0,2.0,0.0,14.0,3.0,0.0,15.0,0.0,19.0,1.0,8.0,0.0,9.0,3.0,14.0,0.0,1.0,33.0,5.0,3.0,53.0,42.0,184.0,1.0,0.0,1.0,0.0,0.0,0.0,594.0,22.0,0.0,0.0,1.0,0.0,1.0,0.0,19.0,15.0,0.0,8.0,0.0,18.0,0.0,24.0,0.0,31.0,4.0,30.0,0.0,4.0,342.0,27.0,8.0,201.0,87.0,742.0,2.0,0.0,0.0,0.0,0.0
ctx-rh-caudalmiddlefrontal,0.0,11.0,4.0,0.0,0.0,0.0,0.0,1.0,1.0,0.0,0.0,0.0,0.0,0.0,0.0,0.0,5.0,0.0,0.0,0.0,2.0,0.0,0.0,5.0,1.0,0.0,0.0,2.0,19.0,1.0,0.0,0.0,0.0,0.0,0.0,22.0,2717.0,0.0,0.0,0.0,0.0,7.0,0.0,19.0,0.0,1.0,0.0,0.0,1.0,1.0,35.0,0.0,471.0,0.0,27.0,0.0,47.0,12.0,1089.0,7.0,2.0,554.0,903.0,31.0,0.0,5.0,0.0,0.0
ctx-rh-cuneus,0.0,0.0,0.0,103.0,0.0,0.0,1.0,2.0,0.0,1.0,2.0,4.0,0.0,18.0,0.0,0.0,0.0,1.0,0.0,0.0,0.0,50.0,0.0,0.0,1.0,6.0,0.0,0.0,0.0,7.0,0.0,0.0,0.0,0.0,1.0,0.0,0.0,1016.0,0.0,0.0,30.0,7.0,4.0,1.0,4.0,450.0,0.0,156.0,0.0,5.0,0.0,1.0,0.0,0.0,0.0,793.0,0.0,0.0,0.0,222.0,0.0,0.0,0.0,460.0,4.0,1.0,0.0,0.0
ctx-rh-entorhinal,0.0,0.0,0.0,0.0,0.0,0.0,0.0,0.0,0.0,0.0,0.0,0.0,0.0,0.0,0.0,0.0,0.0,0.0,0.0,0.0,0.0,0.0,0.0,0.0,0.0,0.0,0.0,0.0,0.0,0.0,0.0,0.0,0.0,0.0,0.0,0.0,0.0,0.0,391.0,0.0,235.0,0.0,130.0,5.0,0.0,0.0,2.0,0.0,0.0,18.0,0.0,167.0,0.0,0.0,0.0,0.0,0.0,0.0,0.0,0.0,0.0,0.0,0.0,0.0,5.0,0.0,83.0,1.0
ctx-rh-frontalpole,0.0,1.0,0.0,0.0,0.0,0.0,0.0,0.0,0.0,0.0,0.0,0.0,0.0,0.0,2.0,0.0,0.0,0.0,0.0,0.0,0.0,0.0,0.0,0.0,0.0,0.0,0.0,0.0,0.0,0.0,0.0,0.0,0.0,0.0,0.0,1.0,0.0,0.0,0.0,74.0,0.0,0.0,0.0,1.0,0.0,0.0,20.0,0.0,262.0,0.0,0.0,0.0,2.0,2.0,1.0,0.0,0.0,0.0,0.0,0.0,1.0,242.0,57.0,0.0,0.0,0.0,0.0,0.0
ctx-rh-fusiform,1.0,0.0,0.0,3.0,0.0,0.0,5.0,4.0,0.0,0.0,7.0,1.0,0.0,8.0,0.0,0.0,0.0,0.0,0.0,0.0,0.0,0.0,1.0,0.0,0.0,12.0,0.0,0.0,0.0,7.0,1.0,1.0,0.0,0.0,29.0,0.0,0.0,30.0,235.0,0.0,4093.0,37.0,1297.0,45.0,24.0,1100.0,3.0,699.0,1.0,158.0,1.0,315.0,0.0,0.0,0.0,131.0,0.0,1.0,0.0,106.0,0.0,0.0,0.0,16.0,96.0,4.0,48.0,1.0
ctx-rh-inferiorparietal,1.0,0.0,0.0,4.0,0.0,0.0,3.0,9.0,5.0,0.0,17.0,6.0,0.0,6.0,0.0,3.0,0.0,0.0,0.0,0.0,0.0,2.0,0.0,3.0,0.0,41.0,0.0,0.0,1.0,15.0,2.0,2.0,1.0,5.0,612.0,1.0,7.0,7.0,0.0,0.0,37.0,6356.0,146.0,84.0,45.0,567.0,0.0,16.0,1.0,578.0,14.0,3.0,3.0,0.0,0.0,16.0,100.0,7.0,59.0,251.0,0.0,0.0,4.0,1661.0,170.0,999.0,1.0,27.0
ctx-rh-inferiortemporal,0.0,0.0,0.0,1.0,0.0,0.0,1.0,3.0,3.0,1.0,3.0,1.0,0.0,4.0,0.0,1.0,0.0,0.0,0.0,0.0,0.0,0.0,1.0,1.0,0.0,6.0,0.0,0.0,0.0,1.0,2.0,0.0,0.0,0.0,105.0,0.0,0.0,4.0,130.0,0.0,1297.0,146.0,3508.0,90.0,6.0,250.0,16.0,67.0,1.0,1717.0,1.0,38.0,0.0,1.0,0.0,18.0,0.0,1.0,0.0,33.0,0.0,2.0,0.0,24.0,373.0,16.0,223.0,10.0
ctx-rh-insula,0.0,7.0,0.0,0.0,0.0,1.0,3.0,1.0,1.0,2.0,13.0,1.0,1.0,0.0,2.0,1.0,2.0,0.0,1.0,1.0,0.0,0.0,1.0,2.0,0.0,16.0,3.0,5.0,15.0,9.0,2.0,1.0,0.0,0.0,26.0,19.0,19.0,1.0,5.0,1.0,45.0,84.0,90.0,1384.0,9.0,11.0,519.0,4.0,52.0,131.0,12.0,6.0,241.0,60.0,279.0,1.0,309.0,4.0,308.0,36.0,13.0,134.0,107.0,84.0,345.0,266.0,20.0,127.0
ctx-rh-isthmuscingulate,3.0,1.0,0.0,5.0,0.0,0.0,10.0,20.0,4.0,9.0,87.0,10.0,0.0,14.0,0.0,3.0,3.0,0.0,0.0,0.0,0.0,9.0,6.0,24.0,6.0,161.0,0.0,0.0,8.0,36.0,14.0,7.0,0.0,5.0,6.0,15.0,0.0,4.0,0.0,0.0,24.0,45.0,6.0,9.0,648.0,36.0,0.0,104.0,0.0,14.0,22.0,58.0,1.0,0.0,0.0,10.0,7.0,394.0,4.0,935.0,1.0,1.0,12.0,92.0,21.0,9.0,0.0,5.0
ctx-rh-lateraloccipital,0.0,0.0,1.0,4.0,0.0,0.0,1.0,4.0,3.0,1.0,14.0,9.0,0.0,11.0,0.0,2.0,0.0,1.0,0.0,0.0,0.0,2.0,0.0,0.0,0.0,23.0,0.0,0.0,1.0,5.0,1.0,0.0,1.0,2.0,34.0,0.0,1.0,450.0,0.0,0.0,1100.0,567.0,250.0,11.0,36.0,5216.0,0.0,658.0,1.0,115.0,0.0,15.0,0.0,0.0,0.0,771.0,1.0,1.0,1.0,288.0,0.0,0.0,1.0,403.0,42.0,11.0,0.0,6.0
ctx-rh-lateralorbitofrontal,0.0,5.0,0.0,0.0,0.0,0.0,0.0,0.0,0.0,3.0,1.0,0.0,4.0,0.0,9.0,0.0,0.0,0.0,1.0,2.0,2.0,0.0,0.0,0.0,0.0,0.0,10.0,4.0,15.0,0.0,0.0,0.0,0.0,0.0,1.0,8.0,0.0,0.0,2.0,20.0,3.0,0.0,16.0,519.0,0.0,0.0,2748.0,0.0,1232.0,8.0,0.0,1.0,12.0,696.0,336.0,0.0,0.0,2.0,3.0,2.0,54.0,553.0,58.0,0.0,13.0,0.0,1.0,1.0
ctx-rh-lingual,0.0,0.0,0.0,6.0,0.0,0.0,1.0,5.0,1.0,1.0,8.0,9.0,0.0,121.0,0.0,1.0,0.0,3.0,0.0,0.0,0.0,2.0,1.0,0.0,0.0,19.0,0.0,0.0,0.0,7.0,0.0,0.0,0.0,1.0,9.0,0.0,0.0,156.0,0.0,0.0,699.0,16.0,67.0,4.0,104.0,658.0,0.0,3226.0,0.0,15.0,0.0,186.0,0.0,0.0,0.0,1178.0,0.0,1.0,3.0,367.0,0.0,0.0,1.0,32.0,11.0,1.0,0.0,0.0
ctx-rh-medialorbitofrontal,0.0,11.0,0.0,0.0,0.0,2.0,0.0,0.0,0.0,8.0,0.0,0.0,11.0,0.0,14.0,0.0,0.0,0.0,4.0,3.0,7.0,0.0,0.0,1.0,0.0,1.0,31.0,19.0,25.0,0.0,0.0,0.0,1.0,0.0,0.0,18.0,1.0,0.0,0.0,262.0,1.0,1.0,1.0,52.0,0.0,1.0,1232.0,0.0,1522.0,1.0,1.0,0.0,5.0,158.0,91.0,0.0,0.0,2.0,0.0,0.0,398.0,1455.0,266.0,0.0,0.0,0.0,0.0,0.0
ctx-rh-middletemporal,0.0,0.0,0.0,0.0,0.0,0.0,1.0,3.0,0.0,1.0,1.0,1.0,0.0,0.0,0.0,0.0,0.0,0.0,0.0,0.0,0.0,0.0,1.0,0.0,0.0,9.0,0.0,0.0,0.0,4.0,1.0,2.0,0.0,1.0,644.0,0.0,1.0,5.0,18.0,0.0,158.0,578.0,1717.0,131.0,14.0,115.0,8.0,15.0,1.0,4691.0,0.0,11.0,0.0,1.0,0.0,3.0,5.0,2.0,4.0,28.0,0.0,1.0,0.0,27.0,788.0,45.0,119.0,11.0
ctx-rh-paracentral,0.0,8.0,7.0,0.0,0.0,0.0,0.0,3.0,2.0,2.0,11.0,0.0,0.0,1.0,0.0,0.0,38.0,0.0,1.0,0.0,0.0,0.0,5.0,86.0,6.0,16.0,0.0,2.0,42.0,10.0,2.0,2.0,0.0,2.0,2.0,24.0,35.0,0.0,0.0,0.0,1.0,14.0,1.0,12.0,22.0,0.0,0.0,0.0,1.0,0.0,2462.0,1.0,6.0,0.0,0.0,0.0,537.0,317.0,821.0,216.0,2.0,1.0,666.0,275.0,4.0,13.0,0.0,3.0
ctx-rh-parahippocampal,0.0,0.0,0.0,1.0,0.0,0.0,0.0,1.0,1.0,0.0,0.0,0.0,0.0,0.0,0.0,0.0,0.0,0.0,0.0,0.0,0.0,0.0,0.0,0.0,0.0,7.0,0.0,0.0,0.0,0.0,0.0,1.0,0.0,0.0,2.0,0.0,0.0,1.0,167.0,0.0,315.0,3.0,38.0,6.0,58.0,15.0,1.0,186.0,0.0,11.0,1.0,423.0,0.0,0.0,0.0,0.0,0.0,0.0,0.0,16.0,0.0,0.0,0.0,2.0,5.0,1.0,0.0,1.0
ctx-rh-parsopercularis,0.0,6.0,2.0,0.0,0.0,0.0,0.0,0.0,0.0,1.0,0.0,0.0,0.0,0.0,0.0,0.0,1.0,0.0,2.0,0.0,2.0,0.0,0.0,1.0,1.0,0.0,1.0,2.0,23.0,0.0,0.0,0.0,0.0,0.0,0.0,31.0,471.0,0.0,0.0,2.0,0.0,3.0,0.0,241.0,1.0,0.0,12.0,0.0,5.0,0.0,6.0,0.0,1720.0,6.0,360.0,0.0,49.0,1.0,722.0,1.0,9.0,479.0,260.0,17.0,0.0,15.0,0.0,0.0
ctx-rh-parsorbitalis,0.0,6.0,0.0,0.0,0.0,0.0,0.0,0.0,0.0,3.0,0.0,0.0,0.0,0.0,2.0,0.0,0.0,0.0,0.0,0.0,0.0,0.0,0.0,1.0,0.0,0.0,5.0,2.0,6.0,0.0,0.0,0.0,0.0,0.0,0.0,4.0,0.0,0.0,0.0,2.0,0.0,0.0,1.0,60.0,0.0,0.0,696.0,0.0,158.0,1.0,0.0,0.0,6.0,578.0,365.0,0.0,0.0,0.0,0.0,0.0,22.0,444.0,45.0,0.0,0.0,0.0,0.0,0.0
ctx-rh-parstriangularis,0.0,4.0,1.0,0.0,0.0,0.0,0.0,0.0,0.0,1.0,0.0,0.0,3.0,0.0,5.0,0.0,1.0,0.0,0.0,0.0,5.0,0.0,0.0,1.0,0.0,0.0,8.0,12.0,21.0,0.0,0.0,0.0,0.0,0.0,0.0,30.0,27.0,0.0,0.0,1.0,0.0,0.0,0.0,279.0,0.0,0.0,336.0,0.0,91.0,0.0,0.0,0.0,360.0,365.0,1467.0,0.0,3.0,3.0,20.0,0.0,21.0,718.0,144.0,1.0,0.0,0.0,0.0,0.0
ctx-rh-pericalcarine,0.0,0.0,0.0,19.0,0.0,0.0,2.0,3.0,1.0,0.0,1.0,4.0,0.0,18.0,0.0,1.0,0.0,0.0,0.0,0.0,0.0,19.0,0.0,0.0,0.0,3.0,0.0,0.0,0.0,1.0,0.0,0.0,0.0,0.0,1.0,0.0,0.0,793.0,0.0,0.0,131.0,16.0,18.0,1.0,10.0,771.0,0.0,1178.0,0.0,3.0,0.0,0.0,0.0,0.0,0.0,804.0,0.0,0.0,0.0,195.0,0.0,0.0,0.0,34.0,5.0,0.0,0.0,0.0
ctx-rh-postcentral,0.0,5.0,0.0,0.0,0.0,0.0,1.0,0.0,0.0,1.0,3.0,0.0,0.0,0.0,0.0,0.0,3.0,0.0,0.0,0.0,0.0,0.0,4.0,4.0,0.0,8.0,1.0,1.0,4.0,2.0,1.0,0.0,0.0,0.0,13.0,4.0,47.0,0.0,0.0,0.0,0.0,100.0,0.0,309.0,7.0,1.0,0.0,0.0,0.0,5.0,537.0,0.0,49.0,0.0,3.0,0.0,4592.0,22.0,1577.0,123.0,0.0,5.0,48.0,697.0,21.0,1399.0,0.0,2.0
ctx-rh-posteriorcingulate,0.0,19.0,9.0,0.0,0.0,0.0,1.0,4.0,1.0,3.0,19.0,0.0,2.0,0.0,1.0,0.0,44.0,0.0,3.0,0.0,0.0,0.0,5.0,146.0,25.0,50.0,4.0,5.0,98.0,12.0,3.0,5.0,0.0,1.0,2.0,342.0,12.0,0.0,0.0,0.0,1.0,7.0,1.0,4.0,394.0,1.0,2.0,1.0,2.0,2.0,317.0,0.0,1.0,0.0,3.0,0.0,22.0,1029.0,54.0,375.0,16.0,6.0,330.0,36.0,5.0,5.0,0.0,0.0
ctx-rh-precentral,0.0,11.0,1.0,1.0,0.0,0.0,0.0,0.0,1.0,3.0,3.0,0.0,0.0,1.0,0.0,0.0,11.0,0.0,2.0,0.0,0.0,0.0,2.0,19.0,11.0,8.0,0.0,0.0,33.0,2.0,2.0,1.0,0.0,1.0,6.0,27.0,1089.0,0.0,0.0,0.0,0.0,59.0,0.0,308.0,4.0,1.0,3.0,3.0,0.0,4.0,821.0,0.0,722.0,0.0,20.0,0.0,1577.0,54.0,6682.0,63.0,3.0,48.0,868.0,310.0,12.0,204.0,0.0,2.0
ctx-rh-precuneus,2.0,2.0,1.0,12.0,0.0,0.0,17.0,41.0,28.0,18.0,141.0,34.0,0.0,24.0,0.0,11.0,9.0,2.0,0.0,0.0,0.0,12.0,12.0,34.0,10.0,236.0,0.0,0.0,8.0,75.0,30.0,15.0,0.0,12.0,30.0,8.0,7.0,222.0,0.0,0.0,106.0,251.0,33.0,36.0,935.0,288.0,2.0,367.0,0.0,28.0,216.0,16.0,1.0,0.0,0.0,195.0,123.0,375.0,63.0,4065.0,2.0,0.0,11.0,2985.0,59.0,60.0,1.0,31.0
ctx-rh-rostralanteriorcingulate,0.0,27.0,1.0,0.0,0.0,1.0,0.0,0.0,0.0,4.0,0.0,0.0,31.0,0.0,33.0,0.0,1.0,0.0,0.0,1.0,6.0,0.0,0.0,5.0,1.0,0.0,99.0,22.0,47.0,0.0,0.0,0.0,0.0,0.0,0.0,201.0,2.0,0.0,0.0,1.0,0.0,0.0,0.0,13.0,1.0,0.0,54.0,0.0,398.0,0.0,2.0,0.0,9.0,22.0,21.0,0.0,0.0,16.0,3.0,2.0,552.0,103.0,300.0,0.0,0.0,0.0,0.0,0.0
ctx-rh-rostralmiddlefrontal,0.0,22.0,2.0,0.0,0.0,0.0,0.0,0.0,0.0,4.0,0.0,0.0,9.0,0.0,14.0,0.0,0.0,0.0,2.0,4.0,6.0,0.0,0.0,5.0,0.0,0.0,23.0,35.0,66.0,0.0,0.0,0.0,0.0,0.0,1.0,87.0,554.0,0.0,0.0,242.0,0.0,0.0,2.0,134.0,1.0,0.0,553.0,0.0,1455.0,1.0,1.0,0.0,479.0,444.0,718.0,0.0,5.0,6.0,48.0,0.0,103.0,6354.0,2538.0,5.0,1.0,1.0,0.0,0.0
ctx-rh-superiorfrontal,0.0,190.0,28.0,0.0,0.0,2.0,0.0,1.0,0.0,21.0,2.0,0.0,8.0,0.0,13.0,0.0,46.0,0.0,9.0,2.0,20.0,0.0,4.0,98.0,25.0,8.0,60.0,75.0,386.0,4.0,2.0,0.0,1.0,0.0,1.0,742.0,903.0,0.0,0.0,57.0,0.0,4.0,0.0,107.0,12.0,1.0,58.0,1.0,266.0,0.0,666.0,0.0,260.0,45.0,144.0,0.0,48.0,330.0,868.0,11.0,300.0,2538.0,11318.0,25.0,4.0,6.0,0.0,0.0
ctx-rh-superiorparietal,1.0,2.0,0.0,10.0,0.0,0.0,5.0,15.0,10.0,9.0,40.0,8.0,0.0,5.0,0.0,4.0,2.0,0.0,0.0,0.0,0.0,2.0,8.0,11.0,1.0,94.0,0.0,0.0,0.0,29.0,17.0,6.0,0.0,5.0,28.0,2.0,31.0,460.0,0.0,0.0,16.0,1661.0,24.0,84.0,92.0,403.0,0.0,32.0,0.0,27.0,275.0,2.0,17.0,0.0,1.0,34.0,697.0,36.0,310.0,2985.0,0.0,5.0,25.0,5833.0,75.0,529.0,0.0,25.0
ctx-rh-superiortemporal,0.0,0.0,0.0,2.0,0.0,0.0,3.0,3.0,6.0,1.0,10.0,3.0,0.0,2.0,0.0,3.0,0.0,0.0,0.0,0.0,0.0,2.0,1.0,3.0,0.0,30.0,0.0,0.0,0.0,10.0,3.0,0.0,0.0,1.0,821.0,0.0,0.0,4.0,5.0,0.0,96.0,170.0,373.0,345.0,21.0,42.0,13.0,11.0,0.0,788.0,4.0,5.0,0.0,0.0,0.0,5.0,21.0,5.0,12.0,59.0,0.0,1.0,4.0,75.0,4804.0,417.0,118.0,602.0
ctx-rh-supramarginal,1.0,0.0,0.0,0.0,0.0,0.0,0.0,2.0,1.0,0.0,8.0,1.0,0.0,0.0,0.0,3.0,2.0,0.0,0.0,0.0,0.0,1.0,2.0,3.0,1.0,13.0,0.0,0.0,1.0,5.0,3.0,0.0,0.0,0.0,349.0,0.0,5.0,1.0,0.0,0.0,4.0,999.0,16.0,266.0,9.0,11.0,0.0,1.0,0.0,45.0,13.0,1.0,15.0,0.0,0.0,0.0,1399.0,5.0,204.0,60.0,0.0,1.0,6.0,529.0,417.0,5242.0,0.0,35.0
ctx-rh-temporalpole,0.0,0.0,0.0,0.0,0.0,0.0,0.0,0.0,0.0,0.0,0.0,0.0,0.0,1.0,0.0,0.0,0.0,0.0,0.0,0.0,0.0,0.0,0.0,0.0,0.0,0.0,0.0,0.0,0.0,0.0,0.0,0.0,0.0,0.0,0.0,0.0,0.0,0.0,83.0,0.0,48.0,1.0,223.0,20.0,0.0,0.0,1.0,0.0,0.0,119.0,0.0,0.0,0.0,0.0,0.0,0.0,0.0,0.0,0.0,1.0,0.0,0.0,0.0,0.0,118.0,0.0,372.0,0.0
ctx-rh-transversetemporal,0.0,0.0,0.0,1.0,0.0,0.0,1.0,2.0,0.0,0.0,1.0,0.0,0.0,1.0,0.0,0.0,0.0,0.0,0.0,0.0,0.0,0.0,0.0,1.0,0.0,4.0,0.0,0.0,0.0,3.0,1.0,1.0,0.0,0.0,10.0,0.0,0.0,0.0,1.0,0.0,1.0,27.0,10.0,127.0,5.0,6.0,1.0,0.0,0.0,11.0,3.0,1.0,0.0,0.0,0.0,0.0,2.0,0.0,2.0,31.0,0.0,0.0,0.0,25.0,602.0,35.0,0.0,336.0
