,ctx-lh-bankssts,ctx-lh-caudalanteriorcingulate,ctx-lh-caudalmiddlefrontal,ctx-lh-cuneus,ctx-lh-entorhinal,ctx-lh-frontalpole,ctx-lh-fusiform,ctx-lh-inferiorparietal,ctx-lh-inferiortemporal,ctx-lh-insula,ctx-lh-isthmuscingulate,ctx-lh-lateraloccipital,ctx-lh-lateralorbitofrontal,ctx-lh-lingual,ctx-lh-medialorbitofrontal,ctx-lh-middletemporal,ctx-lh-paracentral,ctx-lh-parahippocampal,ctx-lh-parsopercularis,ctx-lh-parsorbitalis,ctx-lh-parstriangularis,ctx-lh-pericalcarine,ctx-lh-postcentral,ctx-lh-posteriorcingulate,ctx-lh-precentral,ctx-lh-precuneus,ctx-lh-rostralanteriorcingulate,ctx-lh-rostralmiddlefrontal,ctx-lh-superiorfrontal,ctx-lh-superiorparietal,ctx-lh-superiortemporal,ctx-lh-supramarginal,ctx-lh-temporalpole,ctx-lh-transversetemporal,ctx-rh-bankssts,ctx-rh-caudalanteriorcingulate,ctx-rh-caudalmiddlefrontal,ctx-rh-cuneus,ctx-rh-entorhinal,ctx-rh-frontalpole,ctx-rh-fusiform,ctx-rh-inferiorparietal,ctx-rh-inferiortemporal,ctx-rh-insula,ctx-rh-isthmuscingulate,ctx-rh-lateraloccipital,ctx-rh-lateralorbitofrontal,ctx-rh-lingual,ctx-rh-medialorbitofrontal,ctx-rh-middletemporal,ctx-rh-paracentral,ctx-rh-parahippocampal,ctx-rh-parsopercularis,ctx-rh-parsorbitalis,ctx-rh-parstriangularis,ctx-rh-pericalcarine,ctx-rh-postcentral,ctx-rh-posteriorcingulate,ctx-rh-precentral,ctx-rh-precuneus,ctx-rh-rostralanteriorcingulate,ctx-rh-rostralmiddlefrontal,ctx-rh-superiorfrontal,ctx-rh-superiorparietal,ctx-rh-superiortemporal,ctx-rh-supramarginal,ctx-rh-temporalpole,ctx-rh-transversetemporal
ctx-lh-bankssts,712.0,0.0,0.0,1.0,1.0,0.0,117.0,342.0,486.0,39.0,8.0,32.0,0.0,26.0,0.0,721.0,1.0,13.0,1.0,0.0,0.0,1.0,21.0,9.0,3.0,20.0,0.0,0.0,1.0,25.0,951.0,340.0,1.0,22.0,0.0,0.0,0.0,0.0,0.0,0.0,0.0,3.0,0.0,0.0,4.0,0.0,0.0,0.0,0.0,0.0,0.0,0.0,0.0,0.0,0.0,2.0,0.0,1.0,1.0,1.0,0.0,0.0,0.0,3.0,0.0,0.0,0.0,0.0
ctx-lh-caudalanteriorcingulate,0.0,477.0,63.0,0.0,0.0,1.0,0.0,1.0,0.0,26.0,0.0,0.0,10.0,0.0,11.0,0.0,11.0,0.0,36.0,3.0,14.0,0.0,1.0,144.0,37.0,2.0,132.0,97.0,535.0,2.0,1.0,1.0,0.0,0.0,0.0,190.0,14.0,0.0,0.0,0.0,0.0,0.0,0.0,10.0,1.0,0.0,4.0,0.0,0.0,0.0,8.0,0.0,9.0,1.0,5.0,0.0,5.0,58.0,17.0,1.0,21.0,48.0,165.0,0.0,0.0,2.0,0.0,0.0
ctx-lh-caudalmiddlefrontal,0.0,63.0,3502.0,0.0,0.0,0.0,0.0,2.0,0.0,110.0,0.0,0.0,1.0,0.0,0.0,0.0,20.0,0.0,374.0,0.0,16.0,0.0,59.0,19.0,1088.0,4.0,7.0,768.0,979.0,6.0,2.0,21.0,0.0,0.0,0.0,41.0,5.0,0.0,0.0,0.0,0.0,0.0,0.0,2.0,3.0,0.0,0.0,0.0,0.0,0.0,2.0,0.0,5.0,0.0,0.0,0.0,1.0,29.0,7.0,1.0,2.0,4.0,54.0,0.0,0.0,0.0,0.0,0.0
ctx-lh-cuneus,1.0,0.0,0.0,1576.0,0.0,0.0,8.0,26.0,1.0,0.0,26.0,338.0,0.0,190.0,0.0,1.0,1.0,0.0,0.0,0.0,0.0,1547.0,0.0,1.0,0.0,186.0,0.0,0.0,0.0,1062.0,0.0,1.0,0.0,2.0,0.0,0.0,0.0,24.0,0.0,0.0,1.0,2.0,3.0,1.0,5.0,0.0,0.0,11.0,0.0,1.0,0.0,0.0,0.0,0.0,0.0,17.0,0.0,0.0,0.0,5.0,0.0,0.0,0.0,3.0,2.0,1.0,0.0,0.0
ctx-lh-entorhinal,1.0,0.0,0.0,0.0,232.0,0.0,174.0,2.0,30.0,20.0,0.0,0.0,1.0,0.0,0.0,4.0,0.0,126.0,0.0,0.0,0.0,0.0,0.0,0.0,0.0,0.0,0.0,0.0,1.0,0.0,27.0,0.0,282.0,0.0,0.0,1.0,0.0,0.0,0.0,0.0,0.0,0.0,0.0,0.0,0.0,0.0,0.0,0.0,0.0,0.0,0.0,0.0,0.0,0.0,0.0,0.0,0.0,0.0,0.0,0.0,0.0,0.0,0.0,0.0,0.0,0.0,0.0,0.0
ctx-lh-frontalpole,0.0,1.0,0.0,0.0,0.0,113.0,0.0,0.0,0.0,1.0,0.0,0.0,81.0,0.0,349.0,0.0,0.0,0.0,1.0,3.0,5.0,0.0,0.0,0.0,0.0,0.0,20.0,282.0,159.0,0.0,0.0,0.0,0.0,0.0,0.0,1.0,0.0,0.0,0.0,0.0,0.0,0.0,0.0,0.0,0.0,0.0,0.0,0.0,0.0,0.0,0.0,0.0,0.0,0.0,0.0,0.0,0.0,0.0,0.0,0.0,3.0,1.0,2.0,0.0,0.0,0.0,0.0,0.0
ctx-lh-fusiform,117.0,0.0,0.0,8.0,174.0,0.0,3554.0,233.0,1575.0,82.0,15.0,1224.0,3.0,654.0,0.0,230.0,0.0,129.0,0.0,0.0,1.0,73.0,2.0,9.0,2.0,40.0,0.0,0.0,0.0,56.0,212.0,43.0,248.0,19.0,0.0,0.0,0.0,1.0,0.0,0.0,0.0,1.0,2.0,1.0,8.0,0.0,0.0,2.0,0.0,0.0,0.0,2.0,0.0,0.0,0.0,1.0,0.0,1.0,0.0,6.0,0.0,0.0,0.0,2.0,2.0,1.0,0.0,0.0
ctx-lh-inferiorparietal,342.0,1.0,2.0,26.0,2.0,0.0,233.0,5596.0,255.0,38.0,86.0,1029.0,0.0,129.0,0.0,385.0,8.0,12.0,0.0,0.0,0.0,58.0,58.0,49.0,19.0,460.0,0.0,0.0,0.0,1468.0,162.0,1354.0,1.0,24.0,3.0,2.0,0.0,3.0,0.0,0.0,6.0,9.0,1.0,1.0,44.0,7.0,0.0,12.0,0.0,2.0,1.0,2.0,0.0,0.0,0.0,3.0,4.0,11.0,0.0,54.0,0.0,0.0,1.0,14.0,3.0,4.0,0.0,0.0
ctx-lh-inferiortemporal,486.0,0.0,0.0,1.0,30.0,0.0,1575.0,255.0,2999.0,89.0,14.0,195.0,2.0,91.0,0.0,2229.0,1.0,44.0,1.0,0.0,0.0,5.0,2.0,3.0,4.0,25.0,0.0,0.0,0.0,27.0,469.0,73.0,188.0,27.0,0.0,0.0,0.0,0.0,0.0,0.0,1.0,1.0,0.0,0.0,6.0,0.0,0.0,2.0,0.0,1.0,0.0,0.0,0.0,0.0,0.0,0.0,0.0,2.0,0.0,4.0,0.0,0.0,1.0,0.0,0.0,0.0,0.0,0.0
ctx-lh-insula,39.0,26.0,110.0,0.0,20.0,1.0,82.0,38.0,89.0,1537.0,18.0,4.0,414.0,4.0,21.0,67.0,23.0,7.0,400.0,8.0,94.0,1.0,431.0,42.0,444.0,48.0,39.0,256.0,210.0,54.0,332.0,437.0,78.0,155.0,0.0,22.0,0.0,0.0,0.0,0.0,0.0,1.0,0.0,1.0,11.0,0.0,0.0,1.0,2.0,1.0,2.0,0.0,3.0,1.0,0.0,1.0,0.0,12.0,4.0,6.0,5.0,11.0,20.0,4.0,2.0,1.0,0.0,0.0
ctx-lh-isthmuscingulate,8.0,0.0,0.0,26.0,0.0,0.0,15.0,86.0,14.0,18.0,707.0,47.0,0.0,128.0,0.0,10.0,8.0,43.0,0.0,0.0,0.0,34.0,9.0,409.0,5.0,847.0,0.0,0.0,3.0,165.0,24.0,38.0,0.0,11.0,4.0,0.0,1.0,11.0,0.0,0.0,13.0,12.0,4.0,3.0,94.0,24.0,0.0,26.0,0.0,5.0,1.0,3.0,0.0,0.0,0.0,17.0,2.0,5.0,2.0,120.0,0.0,0.0,1.0,36.0,3.0,2.0,1.0,1.0
ctx-lh-lateraloccipital,32.0,0.0,0.0,338.0,0.0,0.0,1224.0,1029.0,195.0,4.0,47.0,6517.0,0.0,952.0,0.0,91.0,1.0,6.0,0.0,0.0,0.0,878.0,3.0,9.0,1.0,118.0,0.0,0.0,0.0,547.0,28.0,16.0,2.0,6.0,1.0,0.0,0.0,2.0,0.0,0.0,0.0,5.0,2.0,0.0,28.0,4.0,0.0,14.0,0.0,0.0,0.0,3.0,0.0,0.0,0.0,3.0,1.0,1.0,2.0,29.0,0.0,0.0,0.0,5.0,1.0,4.0,0.0,0.0
ctx-lh-lateralorbitofrontal,0.0,10.0,1.0,0.0,1.0,81.0,3.0,0.0,2.0,414.0,0.0,0.0,3475.0,0.0,915.0,1.0,0.0,0.0,26.0,519.0,568.0,0.0,0.0,0.0,0.0,0.0,214.0,980.0,128.0,0.0,5.0,1.0,6.0,1.0,0.0,17.0,0.0,0.0,0.0,1.0,0.0,0.0,0.0,3.0,0.0,0.0,11.0,0.0,7.0,0.0,0.0,0.0,2.0,2.0,2.0,0.0,0.0,0.0,1.0,0.0,42.0,11.0,15.0,0.0,0.0,1.0,0.0,0.0
ctx-lh-lingual,26.0,0.0,0.0,190.0,0.0,0.0,654.0,129.0,91.0,4.0,128.0,952.0,0.0,5362.0,0.0,39.0,1.0,135.0,0.0,0.0,0.0,1347.0,2.0,7.0,0.0,103.0,0.0,0.0,0.0,131.0,23.0,14.0,3.0,2.0,1.0,0.0,0.0,3.0,0.0,0.0,4.0,4.0,1.0,1.0,18.0,1.0,0.0,54.0,0.0,1.0,3.0,3.0,0.0,0.0,0.0,8.0,1.0,3.0,1.0,18.0,0.0,0.0,0.0,3.0,2.0,3.0,0.0,0.0
ctx-lh-medialorbitofrontal,0.0,11.0,0.0,0.0,0.0,349.0,0.0,0.0,0.0,21.0,0.0,0.0,915.0,0.0,1600.0,1.0,0.0,0.0,3.0,19.0,32.0,0.0,0.0,0.0,0.0,1.0,452.0,381.0,289.0,0.0,0.0,1.0,1.0,0.0,0.0,11.0,0.0,0.0,0.0,0.0,0.0,0.0,0.0,2.0,0.0,0.0,9.0,0.0,14.0,0.0,0.0,0.0,1.0,2.0,1.0,0.0,0.0,0.0,0.0,0.0,36.0,18.0,13.0,0.0,0.0,0.0,0.0,0.0
ctx-lh-middletemporal,721.0,0.0,0.0,1.0,4.0,0.0,230.0,385.0,2229.0,67.0,10.0,91.0,1.0,39.0,1.0,3057.0,2.0,9.0,0.0,0.0,0.0,6.0,5.0,10.0,4.0,23.0,0.0,0.0,0.0,18.0,1425.0,66.0,84.0,22.0,0.0,0.0,0.0,0.0,0.0,0.0,3.0,1.0,0.0,1.0,4.0,0.0,0.0,0.0,0.0,0.0,0.0,0.0,0.0,0.0,0.0,0.0,0.0,0.0,0.0,4.0,0.0,0.0,0.0,0.0,1.0,0.0,0.0,0.0
ctx-lh-paracentral,1.0,11.0,20.0,1.0,0.0,0.0,0.0,8.0,1.0,23.0,8.0,1.0,0.0,1.0,0.0,2.0,1683.0,0.0,1.0,0.0,0.0,0.0,587.0,268.0,1040.0,217.0,0.0,0.0,696.0,260.0,6.0,24.0,0.0,0.0,0.0,2.0,0.0,0.0,0.0,0.0,0.0,1.0,0.0,1.0,9.0,0.0,0.0,0.0,0.0,1.0,3.0,0.0,0.0,0.0,0.0,0.0,2.0,54.0,7.0,12.0,0.0,0.0,11.0,1.0,2.0,1.0,0.0,0.0
ctx-lh-parahippocampal,13.0,0.0,0.0,0.0,126.0,0.0,129.0,12.0,44.0,7.0,43.0,6.0,0.0,135.0,0.0,9.0,0.0,246.0,0.0,0.0,0.0,0.0,0.0,1.0,0.0,5.0,0.0,0.0,0.0,5.0,28.0,5.0,4.0,3.0,0.0,0.0,0.0,0.0,0.0,0.0,0.0,0.0,1.0,0.0,1.0,0.0,0.0,0.0,0.0,0.0,0.0,0.0,0.0,0.0,0.0,0.0,0.0,0.0,0.0,1.0,0.0,0.0,0.0,1.0,0.0,0.0,0.0,0.0
ctx-lh-parsopercularis,1.0,36.0,374.0,0.0,0.0,1.0,0.0,0.0,1.0,400.0,0.0,0.0,26.0,0.0,3.0,0.0,1.0,0.0,2443.0,5.0,797.0,0.0,78.0,9.0,639.0,0.0,15.0,606.0,203.0,4.0,4.0,44.0,0.0,0.0,0.0,19.0,1.0,0.0,0.0,0.0,0.0,0.0,0.0,3.0,0.0,0.0,1.0,0.0,0.0,0.0,0.0,0.0,2.0,0.0,0.0,0.0,0.0,11.0,6.0,2.0,1.0,3.0,15.0,0.0,0.0,0.0,0.0,0.0
ctx-lh-parsorbitalis,0.0,3.0,0.0,0.0,0.0,3.0,0.0,0.0,0.0,8.0,0.0,0.0,519.0,0.0,19.0,0.0,0.0,0.0,5.0,611.0,420.0,0.0,0.0,0.0,0.0,0.0,15.0,371.0,23.0,0.0,0.0,0.0,0.0,0.0,0.0,4.0,0.0,0.0,0.0,0.0,0.0,0.0,0.0,0.0,0.0,0.0,0.0,0.0,0.0,0.0,0.0,0.0,0.0,0.0,0.0,0.0,0.0,0.0,0.0,0.0,1.0,0.0,2.0,0.0,0.0,0.0,0.0,0.0
ctx-lh-parstriangularis,0.0,14.0,16.0,0.0,0.0,5.0,1.0,0.0,0.0,94.0,0.0,0.0,568.0,0.0,32.0,0.0,0.0,0.0,797.0,420.0,1520.0,0.0,0.0,0.0,9.0,0.0,36.0,1111.0,115.0,0.0,2.0,0.0,0.0,0.0,0.0,11.0,1.0,0.0,0.0,0.0,0.0,0.0,0.0,0.0,0.0,0.0,2.0,0.0,1.0,0.0,0.0,0.0,0.0,1.0,0.0,0.0,0.0,0.0,2.0,0.0,7.0,8.0,8.0,0.0,0.0,0.0,0.0,0.0
ctx-lh-pericalcarine,1.0,0.0,0.0,1547.0,0.0,0.0,73.0,58.0,5.0,1.0,34.0,878.0,0.0,1347.0,0.0,6.0,0.0,0.0,0.0,0.0,0.0,924.0,1.0,2.0,0.0,151.0,0.0,0.0,0.0,452.0,3.0,3.0,0.0,0.0,0.0,0.0,0.0,8.0,0.0,0.0,0.0,5.0,1.0,0.0,14.0,2.0,0.0,19.0,0.0,0.0,1.0,1.0,0.0,0.0,0.0,7.0,0.0,0.0,1.0,20.0,0.0,0.0,0.0,5.0,1.0,1.0,0.0,1.0
ctx-lh-postcentral,21.0,1.0,59.0,0.0,0.0,0.0,2.0,58.0,2.0,431.0,9.0,3.0,0.0,2.0,0.0,5.0,587.0,0.0,78.0,0.0,0.0,1.0,6012.0,119.0,1931.0,189.0,0.0,3.0,55.0,776.0,37.0,1389.0,0.0,6.0,0.0,3.0,1.0,0.0,0.0,0.0,0.0,1.0,0.0,1.0,13.0,0.0,0.0,0.0,0.0,1.0,1.0,1.0,0.0,0.0,0.0,0.0,0.0,16.0,4.0,6.0,0.0,0.0,3.0,0.0,1.0,4.0,0.0,0.0
ctx-lh-posteriorcingulate,9.0,144.0,19.0,1.0,0.0,0.0,9.0,49.0,3.0,42.0,409.0,9.0,0.0,7.0,0.0,10.0,268.0,1.0,9.0,0.0,0.0,2.0,119.0,1253.0,212.0,416.0,0.0,2.0,289.0,180.0,26.0,63.0,0.0,12.0,1.0,17.0,9.0,2.0,0.0,0.0,2.0,8.0,4.0,11.0,75.0,6.0,0.0,6.0,0.0,2.0,32.0,0.0,1.0,0.0,0.0,4.0,16.0,197.0,54.0,64.0,0.0,1.0,76.0,31.0,7.0,19.0,0.0,5.0
ctx-lh-precentral,3.0,37.0,1088.0,0.0,0.0,0.0,2.0,19.0,4.0,444.0,5.0,1.0,0.0,0.0,0.0,4.0,1040.0,0.0,639.0,0.0,9.0,0.0,1931.0,212.0,7453.0,52.0,1.0,36.0,799.0,125.0,18.0,302.0,0.0,9.0,1.0,19.0,3.0,0.0,0.0,0.0,1.0,2.0,0.0,3.0,8.0,1.0,0.0,0.0,0.0,0.0,4.0,0.0,0.0,0.0,0.0,0.0,2.0,83.0,17.0,2.0,0.0,0.0,31.0,5.0,3.0,3.0,0.0,0.0
ctx-lh-precuneus,20.0,2.0,4.0,186.0,0.0,0.0,40.0,460.0,25.0,48.0,847.0,118.0,0.0,103.0,1.0,23.0,217.0,5.0,0.0,0.0,0.0,151.0,189.0,416.0,52.0,4395.0,0.0,1.0,11.0,2896.0,36.0,105.0,0.0,15.0,3.0,1.0,0.0,10.0,0.0,0.0,7.0,18.0,6.0,3.0,97.0,15.0,0.0,30.0,0.0,6.0,2.0,6.0,0.0,0.0,0.0,14.0,3.0,26.0,2.0,105.0,0.0,0.0,5.0,33.0,9.0,4.0,1.0,1.0
ctx-lh-rostralanteriorcingulate,0.0,132.0,7.0,0.0,0.0,20.0,0.0,0.0,0.0,39.0,0.0,0.0,214.0,0.0,452.0,0.0,0.0,0.0,15.0,15.0,36.0,0.0,0.0,0.0,1.0,0.0,743.0,190.0,519.0,0.0,1.0,0.0,0.0,0.0,0.0,69.0,2.0,0.0,0.0,3.0,0.0,0.0,0.0,4.0,0.0,0.0,12.0,0.0,16.0,0.0,0.0,0.0,7.0,6.0,9.0,0.0,0.0,0.0,0.0,0.0,100.0,62.0,51.0,0.0,0.0,0.0,0.0,0.0
ctx-lh-rostralmiddlefrontal,0.0,97.0,768.0,0.0,0.0,282.0,0.0,0.0,0.0,256.0,0.0,0.0,980.0,0.0,381.0,0.0,0.0,0.0,606.0,371.0,1111.0,0.0,3.0,2.0,36.0,1.0,190.0,7334.0,2447.0,0.0,1.0,2.0,0.0,0.0,0.0,82.0,4.0,0.0,0.0,3.0,0.0,0.0,0.0,3.0,0.0,0.0,6.0,0.0,3.0,0.0,1.0,0.0,6.0,0.0,3.0,0.0,0.0,3.0,1.0,0.0,44.0,31.0,47.0,0.0,0.0,0.0,0.0,0.0
ctx-lh-superiorfrontal,1.0,535.0,979.0,0.0,1.0,159.0,0.0,0.0,0.0,210.0,3.0,0.0,128.0,0.0,289.0,0.0,696.0,0.0,203.0,23.0,115.0,0.0,55.0,289.0,799.0,11.0,519.0,2447.0,11385.0,19.0,1.0,12.0,0.0,0.0,0.0,277.0,27.0,0.0,0.0,0.0,0.0,0.0,0.0,13.0,7.0,0.0,5.0,1.0,5.0,0.0,11.0,0.0,12.0,1.0,9.0,0.0,5.0,107.0,44.0,4.0,46.0,78.0,249.0,2.0,1.0,3.0,0.0,0.0
ctx-lh-superiorparietal,25.0,2.0,6.0,1062.0,0.0,0.0,56.0,1468.0,27.0,54.0,165.0,547.0,0.0,131.0,0.0,18.0,260.0,5.0,4.0,0.0,0.0,452.0,776.0,180.0,125.0,2896.0,0.0,0.0,19.0,7349.0,54.0,556.0,0.0,26.0,2.0,1.0,0.0,5.0,0.0,0.0,5.0,9.0,7.0,7.0,55.0,12.0,0.0,23.0,0.0,6.0,3.0,3.0,0.0,0.0,0.0,5.0,3.0,16.0,4.0,68.0,0.0,0.0,4.0,18.0,5.0,6.0,0.0,1.0
ctx-lh-superiortemporal,951.0,1.0,2.0,0.0,27.0,0.0,212.0,162.0,469.0,332.0,24.0,28.0,5.0,23.0,0.0,1425.0,6.0,28.0,4.0,0.0,2.0,3.0,37.0,26.0,18.0,36.0,1.0,1.0,1.0,54.0,4689.0,541.0,259.0,569.0,0.0,0.0,0.0,0.0,0.0,0.0,0.0,2.0,1.0,0.0,5.0,3.0,0.0,0.0,0.0,1.0,0.0,0.0,0.0,0.0,0.0,1.0,1.0,2.0,1.0,10.0,0.0,0.0,1.0,3.0,1.0,1.0,0.0,0.0
ctx-lh-supramarginal,340.0,1.0,21.0,1.0,0.0,0.0,43.0,1354.0,73.0,437.0,38.0,16.0,1.0,14.0,1.0,66.0,24.0,5.0,44.0,0.0,0.0,3.0,1389.0,63.0,302.0,105.0,0.0,2.0,12.0,556.0,541.0,5861.0,0.0,51.0,1.0,0.0,0.0,0.0,0.0,0.0,1.0,5.0,0.0,0.0,11.0,0.0,0.0,1.0,0.0,1.0,1.0,0.0,0.0,0.0,0.0,1.0,1.0,9.0,0.0,8.0,0.0,1.0,2.0,5.0,4.0,0.0,0.0,0.0
ctx-lh-temporalpole,1.0,0.0,0.0,0.0,282.0,0.0,248.0,1.0,188.0,78.0,0.0,2.0,6.0,3.0,1.0,84.0,0.0,4.0,0.0,0.0,0.0,0.0,0.0,0.0,0.0,0.0,0.0,0.0,0.0,0.0,259.0,0.0,538.0,1.0,0.0,0.0,0.0,0.0,0.0,0.0,0.0,0.0,0.0,0.0,0.0,0.0,0.0,0.0,0.0,0.0,0.0,0.0,0.0,0.0,0.0,0.0,0.0,0.0,0.0,0.0,0.0,0.0,0.0,0.0,0.0,0.0,0.0,0.0
ctx-lh-transversetemporal,22.0,0.0,0.0,2.0,0.0,0.0,19.0,24.0,27.0,155.0,11.0,6.0,1.0,2.0,0.0,22.0,0.0,3.0,0.0,0.0,0.0,0.0,6.0,12.0,9.0,15.0,0.0,0.0,0.0,26.0,569.0,51.0,1.0,681.0,0.0,0.0,0.0,0.0,0.0,0.0,0.0,0.0,0.0,0.0,6.0,1.0,0.0,0.0,0.0,1.0,0.0,0.0,0.0,0.0,0.0,0.0,0.0,1.0,0.0,6.0,0.0,0.0,0.0,1.0,0.0,0.0,0.0,0.0
ctx-rh-bankssts,0.0,0.0,0.0,0.0,0.0,0.0,0.0,3.0,0.0,0.0,4.0,1.0,0.0,1.0,0.0,0.0,0.0,0.0,0.0,0.0,0.0,0.0,0.0,1.0,1.0,3.0,0.0,0.0,0.0,2.0,0.0,1.0,0.0,0.0,800.0,0.0,2.0,1.0,0.0,0.0,41.0,457.0,242.0,38.0,17.0,27.0,0.0,19.0,0.0,666.0,2.0,4.0,2.0,0.0,0.0,4.0,18.0,7.0,12.0,25.0,0.0,0.0,3.0,48.0,967.0,435.0,0.0,41.0
ctx-rh-caudalanteriorcingulate,0.0,190.0,41.0,0.0,1.0,1.0,0.0,2.0,0.0,22.0,0.0,0.0,17.0,0.0,11.0,0.0,2.0,0.0,19.0,4.0,11.0,0.0,3.0,17.0,19.0,1.0,69.0,82.0,277.0,1.0,0.0,0.0,0.0,0.0,0.0,838.0,77.0,0.0,0.0,3.0,0.0,0.0,0.0,38.0,4.0,0.0,16.0,0.0,10.0,1.0,7.0,0.0,51.0,1.0,20.0,0.0,7.0,323.0,63.0,2.0,250.0,238.0,1120.0,0.0,1.0,5.0,0.0,0.0
ctx-rh-caudalmiddlefrontal,0.0,14.0,5.0,0.0,0.0,0.0,0.0,0.0,0.0,0.0,1.0,0.0,0.0,0.0,0.0,0.0,0.0,0.0,1.0,0.0,1.0,0.0,1.0,9.0,3.0,0.0,2.0,4.0,27.0,0.0,0.0,0.0,0.0,0.0,2.0,77.0,2688.0,0.0,0.0,0.0,0.0,6.0,0.0,68.0,1.0,0.0,0.0,0.0,0.0,0.0,16.0,0.0,209.0,1.0,7.0,0.0,62.0,41.0,1103.0,3.0,1.0,768.0,986.0,6.0,2.0,18.0,0.0,1.0
ctx-rh-cuneus,0.0,0.0,0.0,24.0,0.0,0.0,1.0,3.0,0.0,0.0,11.0,2.0,0.0,3.0,0.0,0.0,0.0,0.0,0.0,0.0,0.0,8.0,0.0,2.0,0.0,10.0,0.0,0.0,0.0,5.0,0.0,0.0,0.0,0.0,1.0,0.0,0.0,1473.0,0.0,0.0,20.0,11.0,7.0,0.0,22.0,433.0,0.0,178.0,0.0,5.0,0.0,0.0,0.0,0.0,0.0,1907.0,1.0,2.0,0.0,385.0,0.0,0.0,0.0,567.0,2.0,3.0,0.0,0.0
ctx-rh-entorhinal,0.0,0.0,0.0,0.0,0.0,0.0,0.0,0.0,0.0,0.0,0.0,0.0,0.0,0.0,0.0,0.0,0.0,0.0,0.0,0.0,0.0,0.0,0.0,0.0,0.0,0.0,0.0,0.0,0.0,0.0,0.0,0.0,0.0,0.0,0.0,0.0,0.0,0.0,278.0,0.0,137.0,0.0,44.0,11.0,0.0,0.0,0.0,2.0,0.0,7.0,0.0,98.0,0.0,0.0,1.0,0.0,0.0,0.0,0.0,0.0,0.0,0.0,0.0,0.0,6.0,0.0,213.0,0.0
ctx-rh-frontalpole,0.0,0.0,0.0,0.0,0.0,0.0,0.0,0.0,0.0,0.0,0.0,0.0,1.0,0.0,0.0,0.0,0.0,0.0,0.0,0.0,0.0,0.0,0.0,0.0,0.0,0.0,3.0,3.0,0.0,0.0,0.0,0.0,0.0,0.0,0.0,3.0,0.0,0.0,0.0,171.0,0.0,0.0,0.0,0.0,0.0,0.0,203.0,0.0,442.0,0.0,0.0,0.0,1.0,5.0,6.0,0.0,0.0,0.0,0.0,0.0,16.0,212.0,129.0,0.0,0.0,0.0,0.0,0.0
ctx-rh-fusiform,0.0,0.0,0.0,1.0,0.0,0.0,0.0,6.0,1.0,0.0,13.0,0.0,0.0,4.0,0.0,3.0,0.0,0.0,0.0,0.0,0.0,0.0,0.0,2.0,1.0,7.0,0.0,0.0,0.0,5.0,0.0,1.0,0.0,0.0,41.0,0.0,0.0,20.0,137.0,0.0,3375.0,96.0,1645.0,79.0,48.0,1083.0,3.0,758.0,0.0,208.0,3.0,192.0,0.0,1.0,0.0,68.0,1.0,2.0,2.0,68.0,0.0,0.0,1.0,42.0,118.0,11.0,270.0,2.0
ctx-rh-inferiorparietal,3.0,0.0,0.0,2.0,0.0,0.0,1.0,9.0,1.0,1.0,12.0,5.0,0.0,4.0,0.0,1.0,1.0,0.0,0.0,0.0,0.0,5.0,1.0,8.0,2.0,18.0,0.0,0.0,0.0,9.0,2.0,5.0,0.0,0.0,457.0,0.0,6.0,11.0,0.0,0.0,96.0,6248.0,230.0,40.0,73.0,706.0,0.0,38.0,0.0,627.0,7.0,3.0,0.0,0.0,0.0,26.0,77.0,16.0,55.0,203.0,0.0,0.0,7.0,1269.0,126.0,1180.0,0.0,17.0
ctx-rh-inferiortemporal,0.0,0.0,0.0,3.0,0.0,0.0,2.0,1.0,0.0,0.0,4.0,2.0,0.0,1.0,0.0,0.0,0.0,1.0,0.0,0.0,0.0,1.0,0.0,4.0,0.0,6.0,0.0,0.0,0.0,7.0,1.0,0.0,0.0,0.0,242.0,0.0,0.0,7.0,44.0,0.0,1645.0,230.0,3063.0,175.0,29.0,224.0,3.0,111.0,0.0,2162.0,1.0,86.0,0.0,0.0,0.0,18.0,14.0,8.0,5.0,46.0,0.0,0.0,1.0,61.0,315.0,45.0,183.0,7.0
ctx-rh-insula,0.0,10.0,2.0,1.0,0.0,0.0,1.0,1.0,0.0,1.0,3.0,0.0,3.0,1.0,2.0,1.0,1.0,0.0,3.0,0.0,0.0,0.0,1.0,11.0,3.0,3.0,4.0,3.0,13.0,7.0,0.0,0.0,0.0,0.0,38.0,38.0,68.0,0.0,11.0,0.0,79.0,40.0,175.0,1616.0,27.0,11.0,438.0,3.0,13.0,231.0,26.0,3.0,279.0,22.0,151.0,4.0,223.0,80.0,417.0,47.0,24.0,218.0,166.0,56.0,415.0,309.0,48.0,109.0
ctx-rh-isthmuscingulate,4.0,1.0,3.0,5.0,0.0,0.0,8.0,44.0,6.0,11.0,94.0,28.0,0.0,18.0,0.0,4.0,9.0,1.0,0.0,0.0,0.0,14.0,13.0,75.0,8.0,97.0,0.0,0.0,7.0,55.0,5.0,11.0,0.0,6.0,17.0,4.0,1.0,22.0,0.0,0.0,48.0,73.0,29.0,27.0,755.0,74.0,0.0,207.0,0.0,15.0,30.0,96.0,0.0,0.0,0.0,36.0,25.0,382.0,22.0,1092.0,0.0,0.0,12.0,123.0,27.0,30.0,0.0,14.0
ctx-rh-lateraloccipital,0.0,0.0,0.0,0.0,0.0,0.0,0.0,7.0,0.0,0.0,24.0,4.0,0.0,1.0,0.0,0.0,0.0,0.0,0.0,0.0,0.0,2.0,0.0,6.0,1.0,15.0,0.0,0.0,0.0,12.0,3.0,0.0,0.0,1.0,27.0,0.0,0.0,433.0,0.0,0.0,1083.0,706.0,224.0,11.0,74.0,6442.0,0.0,988.0,0.0,93.0,0.0,12.0,0.0,0.0,0.0,999.0,10.0,7.0,5.0,212.0,0.0,0.0,0.0,612.0,23.0,11.0,0.0,5.0
ctx-rh-lateralorbitofrontal,0.0,4.0,0.0,0.0,0.0,0.0,0.0,0.0,0.0,0.0,0.0,0.0,11.0,0.0,9.0,0.0,0.0,0.0,1.0,0.0,2.0,0.0,0.0,0.0,0.0,0.0,12.0,6.0,5.0,0.0,0.0,0.0,0.0,0.0,0.0,16.0,0.0,0.0,0.0,203.0,3.0,0.0,3.0,438.0,0.0,0.0,2996.0,1.0,853.0,3.0,0.0,0.0,16.0,699.0,403.0,0.0,0.0,0.0,4.0,0.0,153.0,853.0,169.0,0.0,4.0,0.0,0.0,0.0
ctx-rh-lingual,0.0,0.0,0.0,11.0,0.0,0.0,2.0,12.0,2.0,1.0,26.0,14.0,0.0,54.0,0.0,0.0,0.0,0.0,0.0,0.0,0.0,19.0,0.0,6.0,0.0,30.0,0.0,0.0,1.0,23.0,0.0,1.0,0.0,0.0,19.0,0.0,0.0,178.0,2.0,0.0,758.0,38.0,111.0,3.0,207.0,988.0,1.0,5214.0,0.0,42.0,0.0,278.0,0.0,0.0,1.0,1545.0,1.0,5.0,4.0,202.0,0.0,0.0,0.0,84.0,17.0,4.0,0.0,2.0
ctx-rh-medialorbitofrontal,0.0,0.0,0.0,0.0,0.0,0.0,0.0,0.0,0.0,2.0,0.0,0.0,7.0,0.0,14.0,0.0,0.0,0.0,0.0,0.0,1.0,0.0,0.0,0.0,0.0,0.0,16.0,3.0,5.0,0.0,0.0,0.0,0.0,0.0,0.0,10.0,0.0,0.0,0.0,442.0,0.0,0.0,0.0,13.0,0.0,0.0,853.0,0.0,1761.0,0.0,0.0,0.0,3.0,23.0,10.0,0.0,0.0,0.0,0.0,0.0,414.0,311.0,281.0,0.0,0.0,0.0,0.0,0.0
ctx-rh-middletemporal,0.0,0.0,0.0,1.0,0.0,0.0,0.0,2.0,1.0,1.0,5.0,0.0,0.0,1.0,0.0,0.0,1.0,0.0,0.0,0.0,0.0,0.0,1.0,2.0,0.0,6.0,0.0,0.0,0.0,6.0,1.0,1.0,0.0,1.0,666.0,1.0,0.0,5.0,7.0,0.0,208.0,627.0,2162.0,231.0,15.0,93.0,3.0,42.0,0.0,3924.0,2.0,30.0,1.0,0.0,0.0,8.0,12.0,3.0,12.0,35.0,0.0,0.0,0.0,54.0,1051.0,55.0,91.0,15.0
ctx-rh-paracentral,0.0,8.0,2.0,0.0,0.0,0.0,0.0,1.0,0.0,2.0,1.0,0.0,0.0,3.0,0.0,0.0,3.0,0.0,0.0,0.0,0.0,1.0,1.0,32.0,4.0,2.0,0.0,1.0,11.0,3.0,0.0,1.0,0.0,0.0,2.0,7.0,16.0,0.0,0.0,0.0,3.0,7.0,1.0,26.0,30.0,0.0,0.0,0.0,0.0,2.0,1793.0,0.0,1.0,0.0,0.0,0.0,603.0,357.0,1184.0,332.0,0.0,0.0,542.0,184.0,8.0,20.0,0.0,2.0
ctx-rh-parahippocampal,0.0,0.0,0.0,0.0,0.0,0.0,2.0,2.0,0.0,0.0,3.0,3.0,0.0,3.0,0.0,0.0,0.0,0.0,0.0,0.0,0.0,1.0,1.0,0.0,0.0,6.0,0.0,0.0,0.0,3.0,0.0,0.0,0.0,0.0,4.0,0.0,0.0,0.0,98.0,0.0,192.0,3.0,86.0,3.0,96.0,12.0,0.0,278.0,0.0,30.0,0.0,373.0,0.0,0.0,0.0,2.0,0.0,0.0,0.0,9.0,0.0,0.0,0.0,3.0,10.0,2.0,4.0,0.0
ctx-rh-parsopercularis,0.0,9.0,5.0,0.0,0.0,0.0,0.0,0.0,0.0,3.0,0.0,0.0,2.0,0.0,1.0,0.0,0.0,0.0,2.0,0.0,0.0,0.0,0.0,1.0,0.0,0.0,7.0,6.0,12.0,0.0,0.0,0.0,0.0,0.0,2.0,51.0,209.0,0.0,0.0,1.0,0.0,0.0,0.0,279.0,0.0,0.0,16.0,0.0,3.0,1.0,1.0,0.0,1559.0,7.0,549.0,0.0,57.0,4.0,733.0,0.0,6.0,500.0,189.0,3.0,1.0,14.0,0.0,0.0
ctx-rh-parsorbitalis,0.0,1.0,0.0,0.0,0.0,0.0,0.0,0.0,0.0,1.0,0.0,0.0,2.0,0.0,2.0,0.0,0.0,0.0,0.0,0.0,1.0,0.0,0.0,0.0,0.0,0.0,6.0,0.0,1.0,0.0,0.0,0.0,0.0,0.0,0.0,1.0,1.0,0.0,0.0,5.0,1.0,0.0,0.0,22.0,0.0,0.0,699.0,0.0,23.0,0.0,0.0,0.0,7.0,688.0,350.0,0.0,1.0,0.0,0.0,0.0,14.0,560.0,41.0,0.0,1.0,0.0,0.0,0.0
ctx-rh-parstriangularis,0.0,5.0,0.0,0.0,0.0,0.0,0.0,0.0,0.0,0.0,0.0,0.0,2.0,0.0,1.0,0.0,0.0,0.0,0.0,0.0,0.0,0.0,0.0,0.0,0.0,0.0,9.0,3.0,9.0,0.0,0.0,0.0,0.0,0.0,0.0,20.0,7.0,0.0,1.0,6.0,0.0,0.0,0.0,151.0,0.0,0.0,403.0,1.0,10.0,0.0,0.0,0.0,549.0,350.0,1457.0,0.0,2.0,0.0,5.0,0.0,33.0,1009.0,101.0,0.0,1.0,0.0,0.0,0.0
ctx-rh-pericalcarine,2.0,0.0,0.0,17.0,0.0,0.0,1.0,3.0,0.0,1.0,17.0,3.0,0.0,8.0,0.0,0.0,0.0,0.0,0.0,0.0,0.0,7.0,0.0,4.0,0.0,14.0,0.0,0.0,0.0,5.0,1.0,1.0,0.0,0.0,4.0,0.0,0.0,1907.0,0.0,0.0,68.0,26.0,18.0,4.0,36.0,999.0,0.0,1545.0,0.0,8.0,0.0,2.0,0.0,0.0,0.0,1246.0,0.0,3.0,1.0,274.0,0.0,0.0,1.0,171.0,7.0,2.0,0.0,1.0
ctx-rh-postcentral,0.0,5.0,1.0,0.0,0.0,0.0,0.0,4.0,0.0,0.0,2.0,1.0,0.0,1.0,0.0,0.0,2.0,0.0,0.0,0.0,0.0,0.0,0.0,16.0,2.0,3.0,0.0,0.0,5.0,3.0,1.0,1.0,0.0,0.0,18.0,7.0,62.0,1.0,0.0,0.0,1.0,77.0,14.0,223.0,25.0,10.0,0.0,1.0,0.0,12.0,603.0,0.0,57.0,1.0,2.0,0.0,5598.0,52.0,1677.0,221.0,0.0,11.0,65.0,554.0,29.0,1516.0,0.0,6.0
ctx-rh-posteriorcingulate,1.0,58.0,29.0,0.0,0.0,0.0,1.0,11.0,2.0,12.0,5.0,1.0,0.0,3.0,0.0,0.0,54.0,0.0,11.0,0.0,0.0,0.0,16.0,197.0,83.0,26.0,0.0,3.0,107.0,16.0,2.0,9.0,0.0,1.0,7.0,323.0,41.0,2.0,0.0,0.0,2.0,16.0,8.0,80.0,382.0,7.0,0.0,5.0,0.0,3.0,357.0,0.0,4.0,0.0,0.0,3.0,52.0,1414.0,298.0,338.0,2.0,3.0,600.0,50.0,21.0,47.0,0.0,13.0
ctx-rh-precentral,1.0,17.0,7.0,0.0,0.0,0.0,0.0,0.0,0.0,4.0,2.0,2.0,1.0,1.0,0.0,0.0,7.0,0.0,6.0,0.0,2.0,1.0,4.0,54.0,17.0,2.0,0.0,1.0,44.0,4.0,1.0,0.0,0.0,0.0,12.0,63.0,1103.0,0.0,0.0,0.0,2.0,55.0,5.0,417.0,22.0,5.0,4.0,4.0,0.0,12.0,1184.0,0.0,733.0,0.0,5.0,1.0,1677.0,298.0,7567.0,99.0,1.0,126.0,1014.0,130.0,20.0,378.0,0.0,11.0
ctx-rh-precuneus,1.0,1.0,1.0,5.0,0.0,0.0,6.0,54.0,4.0,6.0,120.0,29.0,0.0,18.0,0.0,4.0,12.0,1.0,2.0,0.0,0.0,20.0,6.0,64.0,2.0,105.0,0.0,0.0,4.0,68.0,10.0,8.0,0.0,6.0,25.0,2.0,3.0,385.0,0.0,0.0,68.0,203.0,46.0,47.0,1092.0,212.0,0.0,202.0,0.0,35.0,332.0,9.0,0.0,0.0,0.0,274.0,221.0,338.0,99.0,5134.0,0.0,1.0,7.0,2440.0,48.0,120.0,0.0,16.0
ctx-rh-rostralanteriorcingulate,0.0,21.0,2.0,0.0,0.0,3.0,0.0,0.0,0.0,5.0,0.0,0.0,42.0,0.0,36.0,0.0,0.0,0.0,1.0,1.0,7.0,0.0,0.0,0.0,0.0,0.0,100.0,44.0,46.0,0.0,0.0,0.0,0.0,0.0,0.0,250.0,1.0,0.0,0.0,16.0,0.0,0.0,0.0,24.0,0.0,0.0,153.0,0.0,414.0,0.0,0.0,0.0,6.0,14.0,33.0,0.0,0.0,2.0,1.0,0.0,782.0,243.0,441.0,0.0,0.0,0.0,0.0,0.0
ctx-rh-rostralmiddlefrontal,0.0,48.0,4.0,0.0,0.0,1.0,0.0,0.0,0.0,11.0,0.0,0.0,11.0,0.0,18.0,0.0,0.0,0.0,3.0,0.0,8.0,0.0,0.0,1.0,0.0,0.0,62.0,31.0,78.0,0.0,0.0,1.0,0.0,0.0,0.0,238.0,768.0,0.0,0.0,212.0,0.0,0.0,0.0,218.0,0.0,0.0,853.0,0.0,311.0,0.0,0.0,0.0,500.0,560.0,1009.0,0.0,11.0,3.0,126.0,1.0,243.0,6811.0,2207.0,0.0,0.0,2.0,0.0,1.0
ctx-rh-superiorfrontal,0.0,165.0,54.0,0.0,0.0,2.0,0.0,1.0,1.0,20.0,1.0,0.0,15.0,0.0,13.0,0.0,11.0,0.0,15.0,2.0,8.0,0.0,3.0,76.0,31.0,5.0,51.0,47.0,249.0,4.0,1.0,2.0,0.0,0.0,3.0,1120.0,986.0,0.0,0.0,129.0,1.0,7.0,1.0,166.0,12.0,0.0,169.0,0.0,281.0,0.0,542.0,0.0,189.0,41.0,101.0,1.0,65.0,600.0,1014.0,7.0,441.0,2207.0,10570.0,15.0,2.0,17.0,0.0,1.0
ctx-rh-superiorparietal,3.0,0.0,0.0,3.0,0.0,0.0,2.0,14.0,0.0,4.0,36.0,5.0,0.0,3.0,0.0,0.0,1.0,1.0,0.0,0.0,0.0,5.0,0.0,31.0,5.0,33.0,0.0,0.0,2.0,18.0,3.0,5.0,0.0,1.0,48.0,0.0,6.0,567.0,0.0,0.0,42.0,1269.0,61.0,56.0,123.0,612.0,0.0,84.0,0.0,54.0,184.0,3.0,3.0,0.0,0.0,171.0,554.0,50.0,130.0,2440.0,0.0,0.0,15.0,6396.0,45.0,357.0,0.0,10.0
ctx-rh-superiortemporal,0.0,0.0,0.0,2.0,0.0,0.0,2.0,3.0,0.0,2.0,3.0,1.0,0.0,2.0,0.0,1.0,2.0,0.0,0.0,0.0,0.0,1.0,1.0,7.0,3.0,9.0,0.0,0.0,1.0,5.0,1.0,4.0,0.0,0.0,967.0,1.0,2.0,2.0,6.0,0.0,118.0,126.0,315.0,415.0,27.0,23.0,4.0,17.0,0.0,1051.0,8.0,10.0,1.0,1.0,1.0,7.0,29.0,21.0,20.0,48.0,0.0,0.0,2.0,45.0,5236.0,484.0,206.0,668.0
ctx-rh-supramarginal,0.0,2.0,0.0,1.0,0.0,0.0,1.0,4.0,0.0,1.0,2.0,4.0,1.0,3.0,0.0,0.0,1.0,0.0,0.0,0.0,0.0,1.0,4.0,19.0,3.0,4.0,0.0,0.0,3.0,6.0,1.0,0.0,0.0,0.0,435.0,5.0,18.0,3.0,0.0,0.0,11.0,1180.0,45.0,309.0,30.0,11.0,0.0,4.0,0.0,55.0,20.0,2.0,14.0,0.0,0.0,2.0,1516.0,47.0,378.0,120.0,0.0,2.0,17.0,357.0,484.0,4177.0,0.0,50.0
ctx-rh-temporalpole,0.0,0.0,0.0,0.0,0.0,0.0,0.0,0.0,0.0,0.0,1.0,0.0,0.0,0.0,0.0,0.0,0.0,0.0,0.0,0.0,0.0,0.0,0.0,0.0,0.0,1.0,0.0,0.0,0.0,0.0,0.0,0.0,0.0,0.0,0.0,0.0,0.0,0.0,213.0,0.0,270.0,0.0,183.0,48.0,0.0,0.0,0.0,0.0,0.0,91.0,0.0,4.0,0.0,0.0,0.0,0.0,0.0,0.0,0.0,0.0,0.0,0.0,0.0,0.0,206.0,0.0,379.0,1.0
ctx-rh-transversetemporal,0.0,0.0,0.0,0.0,0.0,0.0,0.0,0.0,0.0,0.0,1.0,0.0,0.0,0.0,0.0,0.0,0.0,0.0,0.0,0.0,0.0,1.0,0.0,5.0,0.0,1.0,0.0,0.0,0.0,1.0,0.0,0.0,0.0,0.0,41.0,0.0,1.0,0.0,0.0,0.0,2.0,17.0,7.0,109.0,14.0,5.0,0.0,2.0,0.0,15.0,2.0,0.0,0.0,0.0,0.0,1.0,6.0,13.0,11.0,16.0,0.0,1.0,1.0,10.0,668.0,50.0,1.0,380.0
