,ctx-lh-bankssts,ctx-lh-caudalanteriorcingulate,ctx-lh-caudalmiddlefrontal,ctx-lh-cuneus,ctx-lh-entorhinal,ctx-lh-frontalpole,ctx-lh-fusiform,ctx-lh-inferiorparietal,ctx-lh-inferiortemporal,ctx-lh-insula,ctx-lh-isthmuscingulate,ctx-lh-lateraloccipital,ctx-lh-lateralorbitofrontal,ctx-lh-lingual,ctx-lh-medialorbitofrontal,ctx-lh-middletemporal,ctx-lh-paracentral,ctx-lh-parahippocampal,ctx-lh-parsopercularis,ctx-lh-parsorbitalis,ctx-lh-parstriangularis,ctx-lh-pericalcarine,ctx-lh-postcentral,ctx-lh-posteriorcingulate,ctx-lh-precentral,ctx-lh-precuneus,ctx-lh-rostralanteriorcingulate,ctx-lh-rostralmiddlefrontal,ctx-lh-superiorfrontal,ctx-lh-superiorparietal,ctx-lh-superiortemporal,ctx-lh-supramarginal,ctx-lh-temporalpole,ctx-lh-transversetemporal,ctx-rh-bankssts,ctx-rh-caudalanteriorcingulate,ctx-rh-caudalmiddlefrontal,ctx-rh-cuneus,ctx-rh-entorhinal,ctx-rh-frontalpole,ctx-rh-fusiform,ctx-rh-inferiorparietal,ctx-rh-inferiortemporal,ctx-rh-insula,ctx-rh-isthmuscingulate,ctx-rh-lateraloccipital,ctx-rh-lateralorbitofrontal,ctx-rh-lingual,ctx-rh-medialorbitofrontal,ctx-rh-middletemporal,ctx-rh-paracentral,ctx-rh-parahippocampal,ctx-rh-parsopercularis,ctx-rh-parsorbitalis,ctx-rh-parstriangularis,ctx-rh-pericalcarine,ctx-rh-postcentral,ctx-rh-posteriorcingulate,ctx-rh-precentral,ctx-rh-precuneus,ctx-rh-rostralanteriorcingulate,ctx-rh-rostralmiddlefrontal,ctx-rh-superiorfrontal,ctx-rh-superiorparietal,ctx-rh-superiortemporal,ctx-rh-supramarginal,ctx-rh-temporalpole,ctx-rh-transversetemporal
ctx-lh-bankssts,585.0,0.0,0.0,3.0,1.0,0.0,114.0,279.0,386.0,18.0,10.0,10.0,0.0,8.0,0.0,484.0,0.0,19.0,0.0,0.0,0.0,2.0,6.0,8.0,7.0,6.0,0.0,0.0,0.0,38.0,849.0,164.0,1.0,19.0,0.0,0.0,0.0,0.0,0.0,0.0,1.0,2.0,1.0,0.0,6.0,1.0,0.0,2.0,0.0,0.0,0.0,0.0,0.0,0.0,0.0,1.0,0.0,1.0,0.0,11.0,0.0,0.0,0.0,1.0,1.0,0.0,0.0,1.0
ctx-lh-caudalanteriorcingulate,0.0,589.0,86.0,0.0,0.0,0.0,0.0,0.0,0.0,24.0,4.0,0.0,11.0,0.0,22.0,0.0,14.0,0.0,29.0,5.0,15.0,0.0,14.0,263.0,51.0,2.0,236.0,164.0,898.0,1.0,0.0,2.0,0.0,0.0,1.0,79.0,26.0,0.0,0.0,0.0,0.0,1.0,0.0,1.0,0.0,0.0,1.0,0.0,4.0,0.0,8.0,0.0,8.0,0.0,2.0,0.0,2.0,30.0,10.0,4.0,2.0,41.0,118.0,0.0,1.0,2.0,0.0,0.0
ctx-lh-caudalmiddlefrontal,0.0,86.0,2410.0,0.0,0.0,0.0,0.0,0.0,0.0,43.0,0.0,0.0,2.0,0.0,0.0,0.0,4.0,0.0,350.0,0.0,17.0,0.0,45.0,36.0,920.0,0.0,5.0,938.0,1279.0,5.0,1.0,12.0,0.0,1.0,0.0,18.0,6.0,0.0,0.0,0.0,0.0,0.0,0.0,1.0,1.0,0.0,0.0,0.0,0.0,0.0,4.0,0.0,0.0,0.0,0.0,0.0,0.0,16.0,6.0,0.0,0.0,3.0,31.0,2.0,0.0,0.0,0.0,0.0
ctx-lh-cuneus,3.0,0.0,0.0,1745.0,0.0,0.0,20.0,39.0,2.0,0.0,41.0,306.0,0.0,229.0,0.0,2.0,1.0,2.0,0.0,0.0,0.0,1549.0,0.0,0.0,1.0,351.0,0.0,0.0,0.0,1079.0,1.0,2.0,0.0,0.0,0.0,0.0,0.0,86.0,0.0,0.0,2.0,2.0,2.0,1.0,17.0,4.0,0.0,18.0,0.0,0.0,0.0,0.0,0.0,0.0,0.0,33.0,0.0,0.0,0.0,18.0,0.0,0.0,0.0,14.0,0.0,0.0,0.0,0.0
ctx-lh-entorhinal,1.0,0.0,0.0,0.0,364.0,0.0,390.0,1.0,39.0,13.0,0.0,0.0,0.0,0.0,0.0,27.0,0.0,181.0,0.0,0.0,0.0,0.0,0.0,1.0,0.0,0.0,0.0,0.0,0.0,1.0,42.0,0.0,193.0,1.0,0.0,0.0,0.0,0.0,0.0,0.0,0.0,0.0,0.0,0.0,0.0,0.0,0.0,0.0,0.0,0.0,0.0,0.0,0.0,0.0,0.0,0.0,0.0,0.0,0.0,0.0,0.0,0.0,0.0,0.0,0.0,0.0,0.0,0.0
ctx-lh-frontalpole,0.0,0.0,0.0,0.0,0.0,88.0,0.0,0.0,0.0,2.0,0.0,0.0,65.0,0.0,221.0,0.0,0.0,0.0,0.0,1.0,2.0,0.0,0.0,0.0,0.0,0.0,5.0,186.0,102.0,0.0,0.0,0.0,0.0,0.0,0.0,0.0,0.0,0.0,0.0,0.0,0.0,0.0,0.0,0.0,0.0,0.0,0.0,0.0,0.0,0.0,0.0,0.0,0.0,0.0,0.0,0.0,0.0,0.0,0.0,0.0,1.0,0.0,0.0,0.0,0.0,0.0,0.0,0.0
ctx-lh-fusiform,114.0,0.0,0.0,20.0,390.0,0.0,2346.0,195.0,1326.0,40.0,36.0,1065.0,0.0,774.0,0.0,458.0,1.0,284.0,0.0,0.0,0.0,106.0,5.0,12.0,1.0,40.0,0.0,0.0,0.0,61.0,204.0,11.0,201.0,14.0,0.0,0.0,0.0,1.0,0.0,0.0,2.0,4.0,2.0,1.0,23.0,1.0,0.0,6.0,0.0,0.0,0.0,0.0,0.0,0.0,0.0,1.0,1.0,2.0,2.0,26.0,0.0,0.0,0.0,10.0,0.0,0.0,0.0,0.0
ctx-lh-inferiorparietal,279.0,0.0,0.0,39.0,1.0,0.0,195.0,3922.0,225.0,27.0,95.0,778.0,0.0,97.0,0.0,358.0,4.0,19.0,0.0,1.0,0.0,62.0,45.0,24.0,6.0,253.0,0.0,0.0,1.0,1170.0,219.0,818.0,2.0,17.0,3.0,0.0,0.0,7.0,0.0,0.0,9.0,9.0,4.0,0.0,55.0,9.0,0.0,34.0,0.0,4.0,1.0,3.0,0.0,0.0,0.0,8.0,2.0,11.0,1.0,100.0,0.0,0.0,0.0,35.0,1.0,0.0,2.0,1.0
ctx-lh-inferiortemporal,386.0,0.0,0.0,2.0,39.0,0.0,1326.0,225.0,2842.0,76.0,8.0,288.0,0.0,57.0,0.0,2185.0,0.0,57.0,2.0,0.0,0.0,6.0,9.0,8.0,4.0,15.0,0.0,0.0,0.0,40.0,310.0,39.0,108.0,20.0,1.0,0.0,0.0,1.0,0.0,0.0,0.0,3.0,2.0,0.0,19.0,0.0,0.0,9.0,0.0,0.0,1.0,0.0,0.0,0.0,0.0,2.0,0.0,2.0,0.0,24.0,0.0,0.0,0.0,6.0,0.0,1.0,0.0,0.0
ctx-lh-insula,18.0,24.0,43.0,0.0,13.0,2.0,40.0,27.0,76.0,1426.0,5.0,4.0,377.0,1.0,17.0,111.0,13.0,2.0,301.0,16.0,93.0,0.0,321.0,28.0,401.0,12.0,16.0,202.0,73.0,42.0,341.0,274.0,59.0,107.0,0.0,6.0,1.0,0.0,0.0,0.0,1.0,1.0,2.0,1.0,2.0,0.0,1.0,1.0,1.0,0.0,1.0,0.0,1.0,0.0,0.0,0.0,1.0,10.0,2.0,4.0,4.0,0.0,8.0,1.0,0.0,2.0,0.0,1.0
ctx-lh-isthmuscingulate,10.0,4.0,0.0,41.0,0.0,0.0,36.0,95.0,8.0,5.0,649.0,22.0,0.0,109.0,0.0,7.0,9.0,61.0,0.0,0.0,0.0,12.0,20.0,296.0,10.0,883.0,0.0,0.0,2.0,212.0,22.0,18.0,0.0,2.0,2.0,0.0,0.0,2.0,0.0,0.0,9.0,20.0,7.0,4.0,113.0,5.0,0.0,31.0,0.0,3.0,3.0,0.0,0.0,0.0,0.0,5.0,3.0,13.0,0.0,114.0,0.0,0.0,0.0,37.0,1.0,7.0,0.0,2.0
ctx-lh-lateraloccipital,10.0,0.0,0.0,306.0,0.0,0.0,1065.0,778.0,288.0,4.0,22.0,5179.0,0.0,872.0,0.0,104.0,0.0,14.0,0.0,0.0,0.0,709.0,1.0,2.0,0.0,62.0,0.0,0.0,0.0,498.0,4.0,2.0,0.0,0.0,1.0,0.0,0.0,2.0,0.0,0.0,4.0,7.0,1.0,0.0,24.0,2.0,0.0,9.0,0.0,1.0,0.0,2.0,0.0,0.0,0.0,2.0,0.0,2.0,0.0,25.0,0.0,0.0,0.0,6.0,0.0,0.0,0.0,1.0
ctx-lh-lateralorbitofrontal,0.0,11.0,2.0,0.0,0.0,65.0,0.0,0.0,0.0,377.0,0.0,0.0,3038.0,0.0,1211.0,2.0,0.0,0.0,21.0,515.0,454.0,0.0,0.0,0.0,1.0,0.0,172.0,1116.0,129.0,1.0,2.0,0.0,6.0,0.0,0.0,9.0,0.0,0.0,0.0,2.0,0.0,0.0,0.0,0.0,0.0,0.0,4.0,0.0,9.0,0.0,0.0,0.0,1.0,1.0,0.0,0.0,0.0,0.0,0.0,0.0,14.0,15.0,6.0,0.0,0.0,0.0,0.0,0.0
ctx-lh-lingual,8.0,0.0,0.0,229.0,0.0,0.0,774.0,97.0,57.0,1.0,109.0,872.0,0.0,4520.0,0.0,28.0,0.0,165.0,0.0,0.0,0.0,1232.0,1.0,6.0,1.0,188.0,0.0,0.0,0.0,131.0,7.0,4.0,0.0,2.0,3.0,0.0,0.0,3.0,0.0,0.0,4.0,6.0,2.0,1.0,35.0,10.0,0.0,132.0,0.0,1.0,1.0,0.0,0.0,0.0,0.0,28.0,1.0,1.0,0.0,51.0,0.0,0.0,0.0,14.0,2.0,2.0,0.0,0.0
ctx-lh-medialorbitofrontal,0.0,22.0,0.0,0.0,0.0,221.0,0.0,0.0,0.0,17.0,0.0,0.0,1211.0,0.0,1423.0,0.0,0.0,0.0,2.0,16.0,28.0,0.0,0.0,0.0,0.0,0.0,539.0,496.0,235.0,0.0,0.0,0.0,0.0,0.0,0.0,6.0,0.0,0.0,0.0,1.0,0.0,0.0,0.0,1.0,0.0,0.0,9.0,0.0,14.0,0.0,0.0,0.0,0.0,4.0,0.0,0.0,0.0,0.0,0.0,0.0,20.0,17.0,14.0,0.0,0.0,0.0,0.0,0.0
ctx-lh-middletemporal,484.0,0.0,0.0,2.0,27.0,0.0,458.0,358.0,2185.0,111.0,7.0,104.0,2.0,28.0,0.0,2335.0,1.0,39.0,0.0,0.0,0.0,5.0,2.0,6.0,2.0,23.0,0.0,0.0,0.0,31.0,1096.0,57.0,230.0,29.0,1.0,0.0,0.0,0.0,0.0,0.0,0.0,5.0,1.0,0.0,12.0,0.0,0.0,6.0,0.0,0.0,0.0,0.0,0.0,0.0,0.0,2.0,0.0,2.0,1.0,15.0,0.0,0.0,0.0,1.0,0.0,0.0,0.0,0.0
ctx-lh-paracentral,0.0,14.0,4.0,1.0,0.0,0.0,1.0,4.0,0.0,13.0,9.0,0.0,0.0,0.0,0.0,1.0,2128.0,0.0,2.0,0.0,0.0,0.0,636.0,475.0,1102.0,262.0,0.0,2.0,487.0,258.0,5.0,14.0,0.0,1.0,1.0,4.0,1.0,0.0,0.0,0.0,0.0,6.0,1.0,0.0,5.0,0.0,0.0,4.0,0.0,1.0,20.0,0.0,0.0,0.0,0.0,1.0,7.0,29.0,22.0,7.0,0.0,1.0,4.0,15.0,1.0,0.0,0.0,0.0
ctx-lh-parahippocampal,19.0,0.0,0.0,2.0,181.0,0.0,284.0,19.0,57.0,2.0,61.0,14.0,0.0,165.0,0.0,39.0,0.0,558.0,0.0,0.0,0.0,4.0,1.0,1.0,1.0,8.0,0.0,0.0,0.0,4.0,6.0,4.0,0.0,0.0,0.0,0.0,0.0,1.0,0.0,0.0,0.0,0.0,1.0,0.0,1.0,1.0,0.0,1.0,0.0,0.0,0.0,0.0,0.0,0.0,0.0,0.0,0.0,1.0,0.0,4.0,0.0,0.0,0.0,0.0,0.0,1.0,0.0,0.0
ctx-lh-parsopercularis,0.0,29.0,350.0,0.0,0.0,0.0,0.0,0.0,2.0,301.0,0.0,0.0,21.0,0.0,2.0,0.0,2.0,0.0,1688.0,9.0,605.0,0.0,77.0,12.0,793.0,0.0,6.0,465.0,83.0,2.0,9.0,33.0,0.0,0.0,0.0,8.0,0.0,0.0,0.0,0.0,0.0,0.0,0.0,0.0,1.0,0.0,0.0,0.0,0.0,0.0,0.0,0.0,1.0,0.0,1.0,0.0,0.0,1.0,1.0,0.0,1.0,6.0,6.0,0.0,0.0,0.0,0.0,0.0
ctx-lh-parsorbitalis,0.0,5.0,0.0,0.0,0.0,1.0,0.0,1.0,0.0,16.0,0.0,0.0,515.0,0.0,16.0,0.0,0.0,0.0,9.0,751.0,345.0,0.0,0.0,0.0,0.0,0.0,20.0,324.0,27.0,0.0,0.0,0.0,0.0,0.0,0.0,3.0,0.0,0.0,0.0,0.0,0.0,0.0,0.0,0.0,0.0,0.0,0.0,0.0,1.0,0.0,0.0,0.0,0.0,0.0,0.0,0.0,0.0,0.0,0.0,0.0,3.0,3.0,0.0,0.0,0.0,0.0,0.0,0.0
ctx-lh-parstriangularis,0.0,15.0,17.0,0.0,0.0,2.0,0.0,0.0,0.0,93.0,0.0,0.0,454.0,0.0,28.0,0.0,0.0,0.0,605.0,345.0,1143.0,0.0,5.0,1.0,22.0,0.0,31.0,789.0,65.0,0.0,0.0,2.0,0.0,0.0,0.0,5.0,0.0,0.0,0.0,0.0,0.0,0.0,0.0,0.0,0.0,0.0,1.0,0.0,1.0,0.0,0.0,0.0,0.0,0.0,0.0,0.0,0.0,0.0,0.0,0.0,2.0,7.0,6.0,0.0,0.0,0.0,0.0,0.0
ctx-lh-pericalcarine,2.0,0.0,0.0,1549.0,0.0,0.0,106.0,62.0,6.0,0.0,12.0,709.0,0.0,1232.0,0.0,5.0,0.0,4.0,0.0,0.0,0.0,1067.0,0.0,1.0,0.0,130.0,0.0,0.0,0.0,301.0,0.0,0.0,0.0,0.0,0.0,0.0,0.0,16.0,0.0,0.0,0.0,1.0,1.0,0.0,5.0,1.0,0.0,7.0,0.0,0.0,0.0,0.0,0.0,0.0,0.0,8.0,1.0,2.0,0.0,18.0,0.0,0.0,0.0,7.0,0.0,0.0,0.0,0.0
ctx-lh-postcentral,6.0,14.0,45.0,0.0,0.0,0.0,5.0,45.0,9.0,321.0,20.0,1.0,0.0,1.0,0.0,2.0,636.0,1.0,77.0,0.0,5.0,0.0,6328.0,141.0,1940.0,138.0,0.0,13.0,46.0,892.0,69.0,1511.0,1.0,32.0,2.0,0.0,0.0,0.0,0.0,0.0,2.0,7.0,0.0,2.0,8.0,1.0,0.0,3.0,0.0,4.0,5.0,0.0,0.0,0.0,0.0,1.0,4.0,18.0,3.0,24.0,0.0,0.0,6.0,11.0,1.0,3.0,0.0,0.0
ctx-lh-posteriorcingulate,8.0,263.0,36.0,0.0,1.0,0.0,12.0,24.0,8.0,28.0,296.0,2.0,0.0,6.0,0.0,6.0,475.0,1.0,12.0,0.0,1.0,1.0,141.0,1112.0,359.0,318.0,4.0,12.0,433.0,184.0,19.0,36.0,0.0,10.0,3.0,20.0,22.0,1.0,0.0,0.0,3.0,23.0,5.0,8.0,39.0,2.0,0.0,6.0,0.0,2.0,44.0,2.0,1.0,0.0,1.0,1.0,8.0,148.0,56.0,52.0,0.0,5.0,61.0,40.0,6.0,15.0,1.0,2.0
ctx-lh-precentral,7.0,51.0,920.0,1.0,0.0,0.0,1.0,6.0,4.0,401.0,10.0,0.0,1.0,1.0,0.0,2.0,1102.0,1.0,793.0,0.0,22.0,0.0,1940.0,359.0,8474.0,44.0,2.0,76.0,1311.0,110.0,37.0,271.0,0.0,8.0,0.0,7.0,5.0,0.0,0.0,0.0,3.0,4.0,4.0,1.0,2.0,1.0,0.0,1.0,1.0,0.0,21.0,0.0,1.0,0.0,0.0,0.0,6.0,64.0,30.0,9.0,0.0,3.0,35.0,9.0,1.0,2.0,0.0,1.0
ctx-lh-precuneus,6.0,2.0,0.0,351.0,0.0,0.0,40.0,253.0,15.0,12.0,883.0,62.0,0.0,188.0,0.0,23.0,262.0,8.0,0.0,0.0,0.0,130.0,138.0,318.0,44.0,4068.0,0.0,0.0,6.0,2244.0,23.0,46.0,0.0,2.0,2.0,0.0,1.0,7.0,0.0,0.0,11.0,20.0,1.0,2.0,95.0,8.0,0.0,40.0,0.0,2.0,3.0,0.0,0.0,0.0,0.0,11.0,6.0,15.0,1.0,117.0,0.0,0.0,0.0,38.0,3.0,4.0,0.0,0.0
ctx-lh-rostralanteriorcingulate,0.0,236.0,5.0,0.0,0.0,5.0,0.0,0.0,0.0,16.0,0.0,0.0,172.0,0.0,539.0,0.0,0.0,0.0,6.0,20.0,31.0,0.0,0.0,4.0,2.0,0.0,922.0,215.0,509.0,0.0,0.0,0.0,0.0,0.0,0.0,43.0,1.0,0.0,0.0,1.0,0.0,0.0,0.0,3.0,0.0,0.0,27.0,0.0,58.0,0.0,0.0,0.0,2.0,4.0,6.0,0.0,0.0,1.0,0.0,0.0,124.0,87.0,59.0,0.0,0.0,0.0,0.0,0.0
ctx-lh-rostralmiddlefrontal,0.0,164.0,938.0,0.0,0.0,186.0,0.0,0.0,0.0,202.0,0.0,0.0,1116.0,0.0,496.0,0.0,2.0,0.0,465.0,324.0,789.0,0.0,13.0,12.0,76.0,0.0,215.0,7026.0,2519.0,0.0,2.0,4.0,0.0,0.0,0.0,53.0,5.0,0.0,0.0,0.0,0.0,0.0,1.0,2.0,0.0,0.0,4.0,0.0,18.0,0.0,0.0,0.0,3.0,1.0,6.0,0.0,0.0,5.0,4.0,0.0,45.0,53.0,48.0,0.0,0.0,0.0,0.0,0.0
ctx-lh-superiorfrontal,0.0,898.0,1279.0,0.0,0.0,102.0,0.0,1.0,0.0,73.0,2.0,0.0,129.0,0.0,235.0,0.0,487.0,0.0,83.0,27.0,65.0,0.0,46.0,433.0,1311.0,6.0,509.0,2519.0,10870.0,13.0,0.0,13.0,0.0,1.0,1.0,112.0,34.0,0.0,0.0,1.0,0.0,2.0,2.0,11.0,2.0,1.0,7.0,0.0,10.0,0.0,38.0,0.0,4.0,1.0,8.0,0.0,10.0,98.0,52.0,10.0,23.0,63.0,182.0,9.0,0.0,4.0,0.0,1.0
ctx-lh-superiorparietal,38.0,1.0,5.0,1079.0,1.0,0.0,61.0,1170.0,40.0,42.0,212.0,498.0,1.0,131.0,0.0,31.0,258.0,4.0,2.0,0.0,0.0,301.0,892.0,184.0,110.0,2244.0,0.0,0.0,13.0,5138.0,85.0,356.0,0.0,18.0,2.0,1.0,0.0,7.0,0.0,0.0,14.0,30.0,7.0,3.0,103.0,3.0,0.0,24.0,0.0,4.0,4.0,3.0,0.0,0.0,0.0,10.0,3.0,25.0,1.0,139.0,0.0,0.0,2.0,56.0,3.0,6.0,0.0,0.0
ctx-lh-superiortemporal,849.0,0.0,1.0,1.0,42.0,0.0,204.0,219.0,310.0,341.0,22.0,4.0,2.0,7.0,0.0,1096.0,5.0,6.0,9.0,0.0,0.0,0.0,69.0,19.0,37.0,23.0,0.0,2.0,0.0,85.0,6052.0,564.0,316.0,1100.0,1.0,0.0,0.0,2.0,0.0,0.0,0.0,6.0,0.0,0.0,14.0,2.0,0.0,3.0,0.0,0.0,0.0,0.0,0.0,0.0,0.0,1.0,0.0,5.0,0.0,11.0,0.0,0.0,0.0,6.0,0.0,1.0,0.0,1.0
ctx-lh-supramarginal,164.0,2.0,12.0,2.0,0.0,0.0,11.0,818.0,39.0,274.0,18.0,2.0,0.0,4.0,0.0,57.0,14.0,4.0,33.0,0.0,2.0,0.0,1511.0,36.0,271.0,46.0,0.0,4.0,13.0,356.0,564.0,4187.0,0.0,57.0,2.0,1.0,0.0,2.0,0.0,0.0,3.0,6.0,2.0,1.0,16.0,0.0,0.0,6.0,0.0,1.0,1.0,0.0,0.0,0.0,0.0,1.0,0.0,4.0,2.0,20.0,0.0,0.0,3.0,7.0,1.0,2.0,0.0,1.0
ctx-lh-temporalpole,1.0,0.0,0.0,0.0,193.0,0.0,201.0,2.0,108.0,59.0,0.0,0.0,6.0,0.0,0.0,230.0,0.0,0.0,0.0,0.0,0.0,0.0,1.0,0.0,0.0,0.0,0.0,0.0,0.0,0.0,316.0,0.0,506.0,2.0,0.0,0.0,0.0,0.0,0.0,0.0,0.0,0.0,0.0,0.0,1.0,0.0,0.0,0.0,0.0,0.0,0.0,0.0,0.0,0.0,0.0,0.0,0.0,0.0,0.0,0.0,0.0,0.0,0.0,0.0,0.0,0.0,0.0,0.0
ctx-lh-transversetemporal,19.0,0.0,1.0,0.0,1.0,0.0,14.0,17.0,20.0,107.0,2.0,0.0,0.0,2.0,0.0,29.0,1.0,0.0,0.0,0.0,0.0,0.0,32.0,10.0,8.0,2.0,0.0,0.0,1.0,18.0,1100.0,57.0,2.0,550.0,0.0,0.0,0.0,0.0,0.0,0.0,1.0,1.0,1.0,0.0,6.0,0.0,0.0,0.0,0.0,0.0,0.0,0.0,0.0,0.0,0.0,0.0,0.0,1.0,0.0,7.0,0.0,0.0,1.0,2.0,0.0,2.0,0.0,0.0
ctx-rh-bankssts,0.0,1.0,0.0,0.0,0.0,0.0,0.0,3.0,1.0,0.0,2.0,1.0,0.0,3.0,0.0,1.0,1.0,0.0,0.0,0.0,0.0,0.0,2.0,3.0,0.0,2.0,0.0,0.0,1.0,2.0,1.0,2.0,0.0,0.0,563.0,0.0,1.0,0.0,0.0,0.0,77.0,526.0,354.0,34.0,8.0,24.0,0.0,24.0,0.0,629.0,3.0,9.0,0.0,0.0,0.0,3.0,14.0,7.0,10.0,15.0,0.0,0.0,2.0,43.0,699.0,407.0,0.0,16.0
ctx-rh-caudalanteriorcingulate,0.0,79.0,18.0,0.0,0.0,0.0,0.0,0.0,0.0,6.0,0.0,0.0,9.0,0.0,6.0,0.0,4.0,0.0,8.0,3.0,5.0,0.0,0.0,20.0,7.0,0.0,43.0,53.0,112.0,1.0,0.0,1.0,0.0,0.0,0.0,643.0,76.0,0.0,0.0,0.0,0.0,1.0,0.0,8.0,3.0,0.0,7.0,0.0,11.0,1.0,11.0,0.0,20.0,2.0,17.0,0.0,4.0,205.0,35.0,1.0,175.0,264.0,969.0,2.0,1.0,0.0,0.0,0.0
ctx-rh-caudalmiddlefrontal,0.0,26.0,6.0,0.0,0.0,0.0,0.0,0.0,0.0,1.0,0.0,0.0,0.0,0.0,0.0,0.0,1.0,0.0,0.0,0.0,0.0,0.0,0.0,22.0,5.0,1.0,1.0,5.0,34.0,0.0,0.0,0.0,0.0,0.0,1.0,76.0,1622.0,0.0,0.0,0.0,1.0,3.0,0.0,41.0,2.0,0.0,0.0,0.0,0.0,0.0,26.0,0.0,152.0,0.0,14.0,0.0,102.0,63.0,1141.0,2.0,1.0,792.0,788.0,6.0,1.0,27.0,0.0,0.0
ctx-rh-cuneus,0.0,0.0,0.0,86.0,0.0,0.0,1.0,7.0,1.0,0.0,2.0,2.0,0.0,3.0,0.0,0.0,0.0,1.0,0.0,0.0,0.0,16.0,0.0,1.0,0.0,7.0,0.0,0.0,0.0,7.0,2.0,2.0,0.0,0.0,0.0,0.0,0.0,1714.0,0.0,0.0,10.0,24.0,1.0,0.0,16.0,363.0,0.0,160.0,0.0,3.0,1.0,1.0,0.0,0.0,0.0,1603.0,0.0,2.0,0.0,339.0,0.0,0.0,0.0,657.0,0.0,1.0,0.0,0.0
ctx-rh-entorhinal,0.0,0.0,0.0,0.0,0.0,0.0,0.0,0.0,0.0,0.0,0.0,0.0,0.0,0.0,0.0,0.0,0.0,0.0,0.0,0.0,0.0,0.0,0.0,0.0,0.0,0.0,0.0,0.0,0.0,0.0,0.0,0.0,0.0,0.0,0.0,0.0,0.0,0.0,333.0,0.0,270.0,0.0,79.0,18.0,0.0,0.0,0.0,1.0,0.0,14.0,0.0,230.0,0.0,0.0,0.0,0.0,0.0,0.0,0.0,0.0,0.0,0.0,0.0,0.0,26.0,0.0,105.0,0.0
ctx-rh-frontalpole,0.0,0.0,0.0,0.0,0.0,0.0,0.0,0.0,0.0,0.0,0.0,0.0,2.0,0.0,1.0,0.0,0.0,0.0,0.0,0.0,0.0,0.0,0.0,0.0,0.0,0.0,1.0,0.0,1.0,0.0,0.0,0.0,0.0,0.0,0.0,0.0,0.0,0.0,0.0,57.0,0.0,0.0,0.0,0.0,0.0,0.0,91.0,0.0,372.0,0.0,0.0,0.0,0.0,0.0,0.0,0.0,0.0,0.0,0.0,0.0,7.0,157.0,99.0,0.0,0.0,0.0,0.0,0.0
ctx-rh-fusiform,1.0,0.0,0.0,2.0,0.0,0.0,2.0,9.0,0.0,1.0,9.0,4.0,0.0,4.0,0.0,0.0,0.0,0.0,0.0,0.0,0.0,0.0,2.0,3.0,3.0,11.0,0.0,0.0,0.0,14.0,0.0,3.0,0.0,1.0,77.0,0.0,1.0,10.0,270.0,0.0,2811.0,171.0,1295.0,42.0,19.0,914.0,1.0,600.0,0.0,297.0,0.0,344.0,0.0,0.0,0.0,60.0,3.0,5.0,0.0,45.0,0.0,0.0,0.0,62.0,104.0,13.0,112.0,1.0
ctx-rh-inferiorparietal,2.0,1.0,0.0,2.0,0.0,0.0,4.0,9.0,3.0,1.0,20.0,7.0,0.0,6.0,0.0,5.0,6.0,0.0,0.0,0.0,0.0,1.0,7.0,23.0,4.0,20.0,0.0,0.0,2.0,30.0,6.0,6.0,0.0,1.0,526.0,1.0,3.0,24.0,0.0,0.0,171.0,6099.0,237.0,46.0,56.0,810.0,0.0,114.0,0.0,371.0,16.0,10.0,1.0,0.0,0.0,41.0,124.0,49.0,58.0,220.0,0.0,1.0,3.0,1429.0,103.0,1094.0,1.0,25.0
ctx-rh-inferiortemporal,1.0,0.0,0.0,2.0,0.0,0.0,2.0,4.0,2.0,2.0,7.0,1.0,0.0,2.0,0.0,1.0,1.0,1.0,0.0,0.0,0.0,1.0,0.0,5.0,4.0,1.0,0.0,1.0,2.0,7.0,0.0,2.0,0.0,1.0,354.0,0.0,0.0,1.0,79.0,0.0,1295.0,237.0,3432.0,107.0,8.0,255.0,0.0,78.0,0.0,1669.0,3.0,40.0,0.0,0.0,0.0,5.0,3.0,9.0,2.0,22.0,0.0,0.0,1.0,47.0,268.0,29.0,248.0,12.0
ctx-rh-insula,0.0,1.0,1.0,1.0,0.0,0.0,1.0,0.0,0.0,1.0,4.0,0.0,0.0,1.0,1.0,0.0,0.0,0.0,0.0,0.0,0.0,0.0,2.0,8.0,1.0,2.0,3.0,2.0,11.0,3.0,0.0,1.0,0.0,0.0,34.0,8.0,41.0,0.0,18.0,0.0,42.0,46.0,107.0,1373.0,7.0,3.0,234.0,3.0,3.0,160.0,29.0,3.0,150.0,12.0,134.0,0.0,223.0,52.0,193.0,21.0,5.0,155.0,33.0,47.0,422.0,302.0,54.0,135.0
ctx-rh-isthmuscingulate,6.0,0.0,1.0,17.0,0.0,0.0,23.0,55.0,19.0,2.0,113.0,24.0,0.0,35.0,0.0,12.0,5.0,1.0,1.0,0.0,0.0,5.0,8.0,39.0,2.0,95.0,0.0,0.0,2.0,103.0,14.0,16.0,1.0,6.0,8.0,3.0,2.0,16.0,0.0,0.0,19.0,56.0,8.0,7.0,472.0,18.0,0.0,155.0,0.0,16.0,40.0,54.0,0.0,0.0,0.0,23.0,12.0,300.0,8.0,795.0,0.0,0.0,3.0,123.0,9.0,17.0,0.0,4.0
ctx-rh-lateraloccipital,1.0,0.0,0.0,4.0,0.0,0.0,1.0,9.0,0.0,0.0,5.0,2.0,0.0,10.0,0.0,0.0,0.0,1.0,0.0,0.0,0.0,1.0,1.0,2.0,1.0,8.0,0.0,0.0,1.0,3.0,2.0,0.0,0.0,0.0,24.0,0.0,0.0,363.0,0.0,0.0,914.0,810.0,255.0,3.0,18.0,5560.0,0.0,958.0,0.0,125.0,0.0,3.0,0.0,0.0,0.0,803.0,1.0,5.0,0.0,91.0,0.0,0.0,0.0,400.0,5.0,2.0,0.0,2.0
ctx-rh-lateralorbitofrontal,0.0,1.0,0.0,0.0,0.0,0.0,0.0,0.0,0.0,1.0,0.0,0.0,4.0,0.0,9.0,0.0,0.0,0.0,0.0,0.0,1.0,0.0,0.0,0.0,0.0,0.0,27.0,4.0,7.0,0.0,0.0,0.0,0.0,0.0,0.0,7.0,0.0,0.0,0.0,91.0,1.0,0.0,0.0,234.0,0.0,0.0,2670.0,0.0,1178.0,0.0,0.0,0.0,10.0,498.0,314.0,0.0,0.0,0.0,1.0,0.0,127.0,891.0,99.0,0.0,1.0,0.0,1.0,0.0
ctx-rh-lingual,2.0,0.0,0.0,18.0,0.0,0.0,6.0,34.0,9.0,1.0,31.0,9.0,0.0,132.0,0.0,6.0,4.0,1.0,0.0,0.0,0.0,7.0,3.0,6.0,1.0,40.0,0.0,0.0,0.0,24.0,3.0,6.0,0.0,0.0,24.0,0.0,0.0,160.0,1.0,0.0,600.0,114.0,78.0,3.0,155.0,958.0,0.0,5269.0,0.0,42.0,3.0,232.0,0.0,0.0,0.0,1485.0,1.0,3.0,1.0,268.0,0.0,0.0,1.0,94.0,5.0,3.0,0.0,0.0
ctx-rh-medialorbitofrontal,0.0,4.0,0.0,0.0,0.0,0.0,0.0,0.0,0.0,1.0,0.0,0.0,9.0,0.0,14.0,0.0,0.0,0.0,0.0,1.0,1.0,0.0,0.0,0.0,1.0,0.0,58.0,18.0,10.0,0.0,0.0,0.0,0.0,0.0,0.0,11.0,0.0,0.0,0.0,372.0,0.0,0.0,0.0,3.0,0.0,0.0,1178.0,0.0,1459.0,0.0,0.0,0.0,1.0,16.0,9.0,0.0,0.0,1.0,1.0,0.0,442.0,665.0,345.0,0.0,0.0,0.0,0.0,0.0
ctx-rh-middletemporal,0.0,0.0,0.0,0.0,0.0,0.0,0.0,4.0,0.0,0.0,3.0,1.0,0.0,1.0,0.0,0.0,1.0,0.0,0.0,0.0,0.0,0.0,4.0,2.0,0.0,2.0,0.0,0.0,0.0,4.0,0.0,1.0,0.0,0.0,629.0,1.0,0.0,3.0,14.0,0.0,297.0,371.0,1669.0,160.0,16.0,125.0,0.0,42.0,0.0,3404.0,0.0,12.0,0.0,0.0,0.0,9.0,2.0,5.0,3.0,15.0,0.0,0.0,0.0,60.0,924.0,48.0,160.0,12.0
ctx-rh-paracentral,0.0,8.0,4.0,0.0,0.0,0.0,0.0,1.0,1.0,1.0,3.0,0.0,0.0,1.0,0.0,0.0,20.0,0.0,0.0,0.0,0.0,0.0,5.0,44.0,21.0,3.0,0.0,0.0,38.0,4.0,0.0,1.0,0.0,0.0,3.0,11.0,26.0,1.0,0.0,0.0,0.0,16.0,3.0,29.0,40.0,0.0,0.0,3.0,0.0,0.0,2034.0,0.0,4.0,0.0,2.0,0.0,567.0,484.0,1449.0,240.0,0.0,9.0,479.0,239.0,5.0,53.0,0.0,2.0
ctx-rh-parahippocampal,0.0,0.0,0.0,0.0,0.0,0.0,0.0,3.0,0.0,0.0,0.0,2.0,0.0,0.0,0.0,0.0,0.0,0.0,0.0,0.0,0.0,0.0,0.0,2.0,0.0,0.0,0.0,0.0,0.0,3.0,0.0,0.0,0.0,0.0,9.0,0.0,0.0,1.0,230.0,0.0,344.0,10.0,40.0,3.0,54.0,3.0,0.0,232.0,0.0,12.0,0.0,576.0,0.0,0.0,0.0,5.0,1.0,0.0,0.0,5.0,0.0,0.0,0.0,5.0,5.0,0.0,1.0,1.0
ctx-rh-parsopercularis,0.0,8.0,0.0,0.0,0.0,0.0,0.0,0.0,0.0,1.0,0.0,0.0,1.0,0.0,0.0,0.0,0.0,0.0,1.0,0.0,0.0,0.0,0.0,1.0,1.0,0.0,2.0,3.0,4.0,0.0,0.0,0.0,0.0,0.0,0.0,20.0,152.0,0.0,0.0,0.0,0.0,1.0,0.0,150.0,0.0,0.0,10.0,0.0,1.0,0.0,4.0,0.0,1203.0,4.0,536.0,0.0,102.0,9.0,713.0,1.0,1.0,448.0,64.0,3.0,13.0,28.0,0.0,0.0
ctx-rh-parsorbitalis,0.0,0.0,0.0,0.0,0.0,0.0,0.0,0.0,0.0,0.0,0.0,0.0,1.0,0.0,4.0,0.0,0.0,0.0,0.0,0.0,0.0,0.0,0.0,0.0,0.0,0.0,4.0,1.0,1.0,0.0,0.0,0.0,0.0,0.0,0.0,2.0,0.0,0.0,0.0,0.0,0.0,0.0,0.0,12.0,0.0,0.0,498.0,0.0,16.0,0.0,0.0,0.0,4.0,554.0,387.0,0.0,1.0,0.0,1.0,0.0,3.0,550.0,18.0,0.0,0.0,1.0,0.0,0.0
ctx-rh-parstriangularis,0.0,2.0,0.0,0.0,0.0,0.0,0.0,0.0,0.0,0.0,0.0,0.0,0.0,0.0,0.0,0.0,0.0,0.0,1.0,0.0,0.0,0.0,0.0,1.0,0.0,0.0,6.0,6.0,8.0,0.0,0.0,0.0,0.0,0.0,0.0,17.0,14.0,0.0,0.0,0.0,0.0,0.0,0.0,134.0,0.0,0.0,314.0,0.0,9.0,0.0,2.0,0.0,536.0,387.0,1441.0,0.0,10.0,1.0,36.0,0.0,6.0,1023.0,51.0,0.0,0.0,4.0,0.0,0.0
ctx-rh-pericalcarine,1.0,0.0,0.0,33.0,0.0,0.0,1.0,8.0,2.0,0.0,5.0,2.0,0.0,28.0,0.0,2.0,1.0,0.0,0.0,0.0,0.0,8.0,1.0,1.0,0.0,11.0,0.0,0.0,0.0,10.0,1.0,1.0,0.0,0.0,3.0,0.0,0.0,1603.0,0.0,0.0,60.0,41.0,5.0,0.0,23.0,803.0,0.0,1485.0,0.0,9.0,0.0,5.0,0.0,0.0,0.0,1143.0,0.0,5.0,0.0,271.0,0.0,0.0,0.0,225.0,2.0,0.0,0.0,0.0
ctx-rh-postcentral,0.0,2.0,0.0,0.0,0.0,0.0,1.0,2.0,0.0,1.0,3.0,0.0,0.0,1.0,0.0,0.0,7.0,0.0,0.0,0.0,0.0,1.0,4.0,8.0,6.0,6.0,0.0,0.0,10.0,3.0,0.0,0.0,0.0,0.0,14.0,4.0,102.0,0.0,0.0,0.0,3.0,124.0,3.0,223.0,12.0,1.0,0.0,1.0,0.0,2.0,567.0,1.0,102.0,1.0,10.0,0.0,5448.0,75.0,1765.0,131.0,0.0,29.0,45.0,640.0,47.0,1432.0,0.0,12.0
ctx-rh-posteriorcingulate,1.0,30.0,16.0,0.0,0.0,0.0,2.0,11.0,2.0,10.0,13.0,2.0,0.0,1.0,0.0,2.0,29.0,1.0,1.0,0.0,0.0,2.0,18.0,148.0,64.0,15.0,1.0,5.0,98.0,25.0,5.0,4.0,0.0,1.0,7.0,205.0,63.0,2.0,0.0,0.0,5.0,49.0,9.0,52.0,300.0,5.0,0.0,3.0,1.0,5.0,484.0,0.0,9.0,0.0,1.0,5.0,75.0,1072.0,250.0,268.0,1.0,25.0,555.0,135.0,20.0,72.0,0.0,5.0
ctx-rh-precentral,0.0,10.0,6.0,0.0,0.0,0.0,2.0,1.0,0.0,2.0,0.0,0.0,0.0,0.0,0.0,1.0,22.0,0.0,1.0,0.0,0.0,0.0,3.0,56.0,30.0,1.0,0.0,4.0,52.0,1.0,0.0,2.0,0.0,0.0,10.0,35.0,1141.0,0.0,0.0,0.0,0.0,58.0,2.0,193.0,8.0,0.0,1.0,1.0,1.0,3.0,1449.0,0.0,713.0,1.0,36.0,0.0,1765.0,250.0,6810.0,58.0,1.0,152.0,666.0,148.0,45.0,328.0,0.0,6.0
ctx-rh-precuneus,11.0,4.0,0.0,18.0,0.0,0.0,26.0,100.0,24.0,4.0,114.0,25.0,0.0,51.0,0.0,15.0,7.0,4.0,0.0,0.0,0.0,18.0,24.0,52.0,9.0,117.0,0.0,0.0,10.0,139.0,11.0,20.0,0.0,7.0,15.0,1.0,2.0,339.0,0.0,0.0,45.0,220.0,22.0,21.0,795.0,91.0,0.0,268.0,0.0,15.0,240.0,5.0,1.0,0.0,0.0,271.0,131.0,268.0,58.0,3976.0,0.0,0.0,4.0,2020.0,26.0,40.0,0.0,7.0
ctx-rh-rostralanteriorcingulate,0.0,2.0,0.0,0.0,0.0,1.0,0.0,0.0,0.0,4.0,0.0,0.0,14.0,0.0,20.0,0.0,0.0,0.0,1.0,3.0,2.0,0.0,0.0,0.0,0.0,0.0,124.0,45.0,23.0,0.0,0.0,0.0,0.0,0.0,0.0,175.0,1.0,0.0,0.0,7.0,0.0,0.0,0.0,5.0,0.0,0.0,127.0,0.0,442.0,0.0,0.0,0.0,1.0,3.0,6.0,0.0,0.0,1.0,1.0,0.0,589.0,209.0,455.0,0.0,0.0,0.0,0.0,0.0
ctx-rh-rostralmiddlefrontal,0.0,41.0,3.0,0.0,0.0,0.0,0.0,0.0,0.0,0.0,0.0,0.0,15.0,0.0,17.0,0.0,1.0,0.0,6.0,3.0,7.0,0.0,0.0,5.0,3.0,0.0,87.0,53.0,63.0,0.0,0.0,0.0,0.0,0.0,0.0,264.0,792.0,0.0,0.0,157.0,0.0,1.0,0.0,155.0,0.0,0.0,891.0,0.0,665.0,0.0,9.0,0.0,448.0,550.0,1023.0,0.0,29.0,25.0,152.0,0.0,209.0,6694.0,2468.0,4.0,2.0,7.0,0.0,0.0
ctx-rh-superiorfrontal,0.0,118.0,31.0,0.0,0.0,0.0,0.0,0.0,0.0,8.0,0.0,0.0,6.0,0.0,14.0,0.0,4.0,0.0,6.0,0.0,6.0,0.0,6.0,61.0,35.0,0.0,59.0,48.0,182.0,2.0,0.0,3.0,0.0,1.0,2.0,969.0,788.0,0.0,0.0,99.0,0.0,3.0,1.0,33.0,3.0,0.0,99.0,1.0,345.0,0.0,479.0,0.0,64.0,18.0,51.0,0.0,45.0,555.0,666.0,4.0,455.0,2468.0,9418.0,11.0,0.0,20.0,0.0,0.0
ctx-rh-superiorparietal,1.0,0.0,2.0,14.0,0.0,0.0,10.0,35.0,6.0,1.0,37.0,6.0,0.0,14.0,0.0,1.0,15.0,0.0,0.0,0.0,0.0,7.0,11.0,40.0,9.0,38.0,0.0,0.0,9.0,56.0,6.0,7.0,0.0,2.0,43.0,2.0,6.0,657.0,0.0,0.0,62.0,1429.0,47.0,47.0,123.0,400.0,0.0,94.0,0.0,60.0,239.0,5.0,3.0,0.0,0.0,225.0,640.0,135.0,148.0,2020.0,0.0,4.0,11.0,6273.0,37.0,415.0,0.0,11.0
ctx-rh-superiortemporal,1.0,1.0,0.0,0.0,0.0,0.0,0.0,1.0,0.0,0.0,1.0,0.0,0.0,2.0,0.0,0.0,1.0,0.0,0.0,0.0,0.0,0.0,1.0,6.0,1.0,3.0,0.0,0.0,0.0,3.0,0.0,1.0,0.0,0.0,699.0,1.0,1.0,0.0,26.0,0.0,104.0,103.0,268.0,422.0,9.0,5.0,1.0,5.0,0.0,924.0,5.0,5.0,13.0,0.0,0.0,2.0,47.0,20.0,45.0,26.0,0.0,2.0,0.0,37.0,5270.0,506.0,194.0,865.0
ctx-rh-supramarginal,0.0,2.0,0.0,0.0,0.0,0.0,0.0,0.0,1.0,2.0,7.0,0.0,0.0,2.0,0.0,0.0,0.0,1.0,0.0,0.0,0.0,0.0,3.0,15.0,2.0,4.0,0.0,0.0,4.0,6.0,1.0,2.0,0.0,2.0,407.0,0.0,27.0,1.0,0.0,0.0,13.0,1094.0,29.0,302.0,17.0,2.0,0.0,3.0,0.0,48.0,53.0,0.0,28.0,1.0,4.0,0.0,1432.0,72.0,328.0,40.0,0.0,7.0,20.0,415.0,506.0,4440.0,0.0,30.0
ctx-rh-temporalpole,0.0,0.0,0.0,0.0,0.0,0.0,0.0,2.0,0.0,0.0,0.0,0.0,0.0,0.0,0.0,0.0,0.0,0.0,0.0,0.0,0.0,0.0,0.0,1.0,0.0,0.0,0.0,0.0,0.0,0.0,0.0,0.0,0.0,0.0,0.0,0.0,0.0,0.0,105.0,0.0,112.0,1.0,248.0,54.0,0.0,0.0,1.0,0.0,0.0,160.0,0.0,1.0,0.0,0.0,0.0,0.0,0.0,0.0,0.0,0.0,0.0,0.0,0.0,0.0,194.0,0.0,459.0,0.0
ctx-rh-transversetemporal,1.0,0.0,0.0,0.0,0.0,0.0,0.0,1.0,0.0,1.0,2.0,1.0,0.0,0.0,0.0,0.0,0.0,0.0,0.0,0.0,0.0,0.0,0.0,2.0,1.0,0.0,0.0,0.0,1.0,0.0,1.0,1.0,0.0,0.0,16.0,0.0,0.0,0.0,0.0,0.0,1.0,25.0,12.0,135.0,4.0,2.0,0.0,0.0,0.0,12.0,2.0,1.0,0.0,0.0,0.0,0.0,12.0,5.0,6.0,7.0,0.0,0.0,0.0,11.0,865.0,30.0,0.0,314.0
