,ctx-lh-bankssts,ctx-lh-caudalanteriorcingulate,ctx-lh-caudalmiddlefrontal,ctx-lh-cuneus,ctx-lh-entorhinal,ctx-lh-frontalpole,ctx-lh-fusiform,ctx-lh-inferiorparietal,ctx-lh-inferiortemporal,ctx-lh-insula,ctx-lh-isthmuscingulate,ctx-lh-lateraloccipital,ctx-lh-lateralorbitofrontal,ctx-lh-lingual,ctx-lh-medialorbitofrontal,ctx-lh-middletemporal,ctx-lh-paracentral,ctx-lh-parahippocampal,ctx-lh-parsopercularis,ctx-lh-parsorbitalis,ctx-lh-parstriangularis,ctx-lh-pericalcarine,ctx-lh-postcentral,ctx-lh-posteriorcingulate,ctx-lh-precentral,ctx-lh-precuneus,ctx-lh-rostralanteriorcingulate,ctx-lh-rostralmiddlefrontal,ctx-lh-superiorfrontal,ctx-lh-superiorparietal,ctx-lh-superiortemporal,ctx-lh-supramarginal,ctx-lh-temporalpole,ctx-lh-transversetemporal,ctx-rh-bankssts,ctx-rh-caudalanteriorcingulate,ctx-rh-caudalmiddlefrontal,ctx-rh-cuneus,ctx-rh-entorhinal,ctx-rh-frontalpole,ctx-rh-fusiform,ctx-rh-inferiorparietal,ctx-rh-inferiortemporal,ctx-rh-insula,ctx-rh-isthmuscingulate,ctx-rh-lateraloccipital,ctx-rh-lateralorbitofrontal,ctx-rh-lingual,ctx-rh-medialorbitofrontal,ctx-rh-middletemporal,ctx-rh-paracentral,ctx-rh-parahippocampal,ctx-rh-parsopercularis,ctx-rh-parsorbitalis,ctx-rh-parstriangularis,ctx-rh-pericalcarine,ctx-rh-postcentral,ctx-rh-posteriorcingulate,ctx-rh-precentral,ctx-rh-precuneus,ctx-rh-rostralanteriorcingulate,ctx-rh-rostralmiddlefrontal,ctx-rh-superiorfrontal,ctx-rh-superiorparietal,ctx-rh-superiortemporal,ctx-rh-supramarginal,ctx-rh-temporalpole,ctx-rh-transversetemporal
ctx-lh-bankssts,623.0,0.0,0.0,2.0,1.0,0.0,12.0,345.0,202.0,30.0,8.0,18.0,0.0,3.0,0.0,849.0,2.0,2.0,2.0,0.0,0.0,1.0,11.0,2.0,8.0,23.0,0.0,0.0,0.0,36.0,795.0,225.0,2.0,61.0,0.0,0.0,0.0,1.0,0.0,0.0,0.0,5.0,2.0,0.0,11.0,1.0,0.0,2.0,0.0,1.0,1.0,0.0,0.0,0.0,0.0,0.0,0.0,1.0,0.0,7.0,0.0,0.0,0.0,3.0,0.0,1.0,0.0,0.0
ctx-lh-caudalanteriorcingulate,0.0,635.0,83.0,0.0,0.0,1.0,0.0,1.0,0.0,26.0,5.0,0.0,15.0,0.0,18.0,0.0,20.0,0.0,32.0,4.0,24.0,0.0,2.0,320.0,20.0,4.0,309.0,122.0,891.0,0.0,1.0,1.0,0.0,0.0,0.0,149.0,17.0,0.0,0.0,0.0,0.0,0.0,0.0,7.0,2.0,0.0,3.0,0.0,7.0,0.0,10.0,0.0,6.0,2.0,11.0,0.0,1.0,32.0,16.0,2.0,34.0,51.0,215.0,0.0,0.0,0.0,0.0,0.0
ctx-lh-caudalmiddlefrontal,0.0,83.0,3324.0,0.0,0.0,0.0,0.0,0.0,0.0,75.0,1.0,0.0,4.0,0.0,3.0,2.0,27.0,0.0,365.0,3.0,26.0,0.0,80.0,26.0,1250.0,5.0,10.0,726.0,1295.0,10.0,6.0,21.0,0.0,0.0,0.0,39.0,5.0,0.0,0.0,0.0,0.0,0.0,0.0,3.0,2.0,0.0,0.0,1.0,0.0,0.0,4.0,0.0,2.0,1.0,7.0,0.0,0.0,12.0,12.0,1.0,2.0,9.0,77.0,0.0,0.0,1.0,0.0,0.0
ctx-lh-cuneus,2.0,0.0,0.0,1412.0,0.0,0.0,26.0,36.0,11.0,1.0,56.0,394.0,0.0,163.0,0.0,5.0,0.0,5.0,0.0,0.0,0.0,1444.0,1.0,0.0,2.0,159.0,0.0,0.0,0.0,904.0,1.0,1.0,0.0,0.0,1.0,0.0,0.0,24.0,0.0,0.0,1.0,3.0,3.0,1.0,15.0,12.0,0.0,13.0,0.0,1.0,1.0,1.0,0.0,0.0,0.0,7.0,0.0,0.0,0.0,13.0,0.0,0.0,0.0,8.0,3.0,0.0,1.0,0.0
ctx-lh-entorhinal,1.0,0.0,0.0,0.0,287.0,0.0,121.0,0.0,162.0,4.0,1.0,2.0,0.0,2.0,0.0,29.0,0.0,173.0,0.0,0.0,0.0,0.0,0.0,0.0,0.0,0.0,0.0,0.0,0.0,1.0,9.0,0.0,89.0,1.0,0.0,0.0,0.0,0.0,0.0,0.0,0.0,0.0,0.0,0.0,0.0,0.0,0.0,0.0,0.0,0.0,0.0,0.0,0.0,0.0,0.0,0.0,0.0,0.0,0.0,0.0,0.0,0.0,0.0,0.0,0.0,0.0,0.0,0.0
ctx-lh-frontalpole,0.0,1.0,0.0,0.0,0.0,95.0,0.0,0.0,0.0,0.0,0.0,0.0,72.0,0.0,175.0,0.0,0.0,0.0,1.0,6.0,4.0,0.0,0.0,0.0,0.0,0.0,6.0,175.0,136.0,0.0,0.0,0.0,0.0,0.0,0.0,1.0,0.0,0.0,0.0,0.0,0.0,0.0,0.0,0.0,0.0,0.0,0.0,0.0,0.0,0.0,0.0,0.0,0.0,0.0,0.0,0.0,0.0,0.0,0.0,0.0,1.0,0.0,0.0,0.0,0.0,0.0,0.0,0.0
ctx-lh-fusiform,12.0,0.0,0.0,26.0,121.0,0.0,2775.0,82.0,1512.0,27.0,27.0,1019.0,1.0,527.0,1.0,94.0,0.0,299.0,0.0,0.0,0.0,75.0,1.0,0.0,0.0,26.0,0.0,0.0,0.0,38.0,45.0,4.0,136.0,0.0,1.0,0.0,0.0,3.0,0.0,0.0,1.0,4.0,0.0,0.0,4.0,2.0,0.0,3.0,0.0,0.0,0.0,0.0,0.0,0.0,0.0,2.0,0.0,0.0,0.0,11.0,0.0,0.0,0.0,4.0,0.0,0.0,0.0,0.0
ctx-lh-inferiorparietal,345.0,1.0,0.0,36.0,0.0,0.0,82.0,5432.0,313.0,32.0,68.0,959.0,0.0,24.0,0.0,600.0,6.0,7.0,1.0,0.0,1.0,16.0,58.0,10.0,29.0,214.0,0.0,0.0,1.0,1336.0,123.0,845.0,2.0,19.0,2.0,0.0,0.0,4.0,0.0,0.0,4.0,7.0,4.0,4.0,29.0,8.0,0.0,5.0,0.0,7.0,4.0,0.0,0.0,0.0,0.0,6.0,5.0,1.0,0.0,42.0,0.0,0.0,1.0,24.0,5.0,8.0,0.0,4.0
ctx-lh-inferiortemporal,202.0,0.0,0.0,11.0,162.0,0.0,1512.0,313.0,4341.0,102.0,36.0,522.0,8.0,99.0,1.0,1626.0,1.0,86.0,0.0,0.0,1.0,25.0,7.0,5.0,0.0,57.0,0.0,0.0,0.0,71.0,243.0,45.0,331.0,17.0,3.0,0.0,0.0,4.0,0.0,0.0,0.0,4.0,0.0,1.0,8.0,4.0,0.0,7.0,0.0,2.0,2.0,1.0,0.0,0.0,0.0,3.0,0.0,1.0,0.0,21.0,0.0,0.0,0.0,7.0,3.0,2.0,0.0,0.0
ctx-lh-insula,30.0,26.0,75.0,1.0,4.0,0.0,27.0,32.0,102.0,1475.0,12.0,9.0,434.0,5.0,49.0,138.0,17.0,13.0,265.0,14.0,138.0,1.0,274.0,15.0,355.0,23.0,51.0,96.0,111.0,53.0,258.0,300.0,28.0,81.0,2.0,19.0,3.0,0.0,0.0,0.0,1.0,3.0,2.0,4.0,7.0,1.0,0.0,1.0,1.0,1.0,4.0,0.0,1.0,0.0,0.0,0.0,3.0,11.0,2.0,10.0,6.0,8.0,14.0,5.0,5.0,0.0,0.0,3.0
ctx-lh-isthmuscingulate,8.0,5.0,1.0,56.0,1.0,0.0,27.0,68.0,36.0,12.0,652.0,64.0,0.0,179.0,0.0,17.0,17.0,69.0,0.0,0.0,0.0,34.0,17.0,290.0,5.0,943.0,0.0,0.0,9.0,190.0,35.0,16.0,0.0,5.0,5.0,2.0,1.0,15.0,2.0,0.0,3.0,38.0,12.0,9.0,117.0,18.0,0.0,12.0,0.0,12.0,11.0,3.0,1.0,0.0,0.0,5.0,9.0,20.0,7.0,133.0,0.0,0.0,2.0,53.0,16.0,28.0,1.0,9.0
ctx-lh-lateraloccipital,18.0,0.0,0.0,394.0,2.0,0.0,1019.0,959.0,522.0,9.0,64.0,6475.0,0.0,800.0,0.0,99.0,0.0,26.0,0.0,0.0,0.0,1018.0,5.0,2.0,0.0,105.0,0.0,0.0,1.0,703.0,13.0,4.0,1.0,2.0,5.0,0.0,0.0,7.0,0.0,0.0,2.0,5.0,11.0,0.0,20.0,10.0,0.0,8.0,0.0,5.0,0.0,1.0,0.0,0.0,0.0,3.0,2.0,0.0,0.0,31.0,0.0,0.0,0.0,13.0,5.0,2.0,0.0,0.0
ctx-lh-lateralorbitofrontal,0.0,15.0,4.0,0.0,0.0,72.0,1.0,0.0,8.0,434.0,0.0,0.0,3002.0,1.0,2011.0,6.0,0.0,1.0,30.0,628.0,384.0,0.0,1.0,1.0,5.0,0.0,193.0,740.0,90.0,2.0,8.0,0.0,1.0,0.0,0.0,7.0,0.0,0.0,0.0,0.0,0.0,0.0,0.0,1.0,0.0,0.0,0.0,0.0,3.0,0.0,0.0,0.0,0.0,0.0,1.0,0.0,0.0,0.0,0.0,0.0,9.0,4.0,5.0,1.0,0.0,0.0,0.0,0.0
ctx-lh-lingual,3.0,0.0,0.0,163.0,2.0,0.0,527.0,24.0,99.0,5.0,179.0,800.0,1.0,5259.0,0.0,5.0,1.0,394.0,0.0,0.0,0.0,1119.0,0.0,0.0,1.0,132.0,0.0,0.0,1.0,48.0,12.0,1.0,0.0,1.0,1.0,0.0,0.0,6.0,0.0,0.0,1.0,2.0,5.0,1.0,17.0,9.0,0.0,36.0,0.0,1.0,0.0,2.0,0.0,0.0,0.0,5.0,0.0,0.0,0.0,16.0,0.0,0.0,0.0,5.0,0.0,1.0,0.0,0.0
ctx-lh-medialorbitofrontal,0.0,18.0,3.0,0.0,0.0,175.0,1.0,0.0,1.0,49.0,0.0,0.0,2011.0,0.0,1621.0,0.0,0.0,0.0,7.0,71.0,58.0,0.0,0.0,2.0,1.0,0.0,469.0,585.0,249.0,0.0,1.0,1.0,0.0,0.0,0.0,10.0,0.0,0.0,0.0,0.0,0.0,0.0,0.0,1.0,0.0,0.0,1.0,0.0,5.0,0.0,1.0,0.0,1.0,0.0,3.0,0.0,0.0,0.0,1.0,0.0,16.0,2.0,5.0,0.0,0.0,0.0,0.0,0.0
ctx-lh-middletemporal,849.0,0.0,2.0,5.0,29.0,0.0,94.0,600.0,1626.0,138.0,17.0,99.0,6.0,5.0,0.0,3607.0,0.0,11.0,1.0,1.0,2.0,4.0,7.0,2.0,4.0,26.0,1.0,1.0,0.0,43.0,950.0,63.0,216.0,34.0,1.0,0.0,0.0,3.0,0.0,0.0,1.0,3.0,4.0,0.0,6.0,2.0,0.0,1.0,0.0,1.0,0.0,0.0,0.0,0.0,0.0,1.0,2.0,0.0,0.0,16.0,0.0,0.0,0.0,8.0,0.0,0.0,0.0,0.0
ctx-lh-paracentral,2.0,20.0,27.0,0.0,0.0,0.0,0.0,6.0,1.0,17.0,17.0,0.0,0.0,1.0,0.0,0.0,1384.0,0.0,3.0,0.0,0.0,0.0,553.0,408.0,658.0,141.0,1.0,1.0,552.0,193.0,5.0,10.0,0.0,0.0,1.0,10.0,2.0,0.0,0.0,0.0,1.0,2.0,0.0,5.0,8.0,0.0,0.0,0.0,0.0,0.0,35.0,0.0,3.0,0.0,0.0,0.0,7.0,72.0,27.0,14.0,1.0,2.0,31.0,6.0,6.0,4.0,0.0,1.0
ctx-lh-parahippocampal,2.0,0.0,0.0,5.0,173.0,0.0,299.0,7.0,86.0,13.0,69.0,26.0,1.0,394.0,0.0,11.0,0.0,710.0,0.0,0.0,0.0,16.0,1.0,0.0,0.0,21.0,0.0,0.0,0.0,3.0,8.0,1.0,4.0,0.0,0.0,0.0,0.0,1.0,0.0,0.0,0.0,1.0,0.0,0.0,8.0,2.0,0.0,1.0,0.0,0.0,0.0,1.0,0.0,0.0,0.0,1.0,0.0,0.0,0.0,7.0,0.0,0.0,1.0,0.0,0.0,0.0,0.0,0.0
ctx-lh-parsopercularis,2.0,32.0,365.0,0.0,0.0,1.0,0.0,1.0,0.0,265.0,0.0,0.0,30.0,0.0,7.0,1.0,3.0,0.0,1646.0,12.0,528.0,0.0,41.0,5.0,522.0,1.0,17.0,479.0,200.0,4.0,1.0,25.0,0.0,0.0,0.0,11.0,0.0,0.0,0.0,0.0,0.0,0.0,0.0,1.0,1.0,0.0,0.0,0.0,0.0,0.0,0.0,1.0,1.0,0.0,2.0,0.0,1.0,3.0,1.0,1.0,4.0,2.0,19.0,0.0,0.0,0.0,0.0,0.0
ctx-lh-parsorbitalis,0.0,4.0,3.0,0.0,0.0,6.0,0.0,0.0,0.0,14.0,0.0,0.0,628.0,0.0,71.0,1.0,0.0,0.0,12.0,382.0,325.0,0.0,0.0,0.0,0.0,0.0,38.0,454.0,31.0,0.0,0.0,0.0,0.0,0.0,0.0,3.0,1.0,0.0,0.0,0.0,0.0,0.0,0.0,0.0,0.0,0.0,0.0,0.0,0.0,0.0,0.0,0.0,0.0,0.0,0.0,0.0,0.0,0.0,0.0,0.0,1.0,1.0,1.0,0.0,0.0,0.0,0.0,0.0
ctx-lh-parstriangularis,0.0,24.0,26.0,0.0,0.0,4.0,0.0,1.0,1.0,138.0,0.0,0.0,384.0,0.0,58.0,2.0,0.0,0.0,528.0,325.0,1109.0,0.0,2.0,1.0,14.0,0.0,55.0,581.0,114.0,0.0,0.0,0.0,0.0,0.0,0.0,5.0,0.0,0.0,0.0,0.0,0.0,0.0,0.0,1.0,0.0,0.0,0.0,0.0,1.0,0.0,0.0,0.0,0.0,0.0,1.0,0.0,0.0,0.0,0.0,0.0,8.0,2.0,9.0,0.0,0.0,0.0,0.0,0.0
ctx-lh-pericalcarine,1.0,0.0,0.0,1444.0,0.0,0.0,75.0,16.0,25.0,1.0,34.0,1018.0,0.0,1119.0,0.0,4.0,0.0,16.0,0.0,0.0,0.0,961.0,0.0,1.0,0.0,116.0,0.0,0.0,0.0,243.0,3.0,2.0,1.0,0.0,1.0,0.0,0.0,9.0,0.0,0.0,4.0,3.0,3.0,1.0,4.0,5.0,0.0,5.0,0.0,0.0,0.0,3.0,0.0,0.0,0.0,5.0,1.0,0.0,0.0,7.0,0.0,0.0,0.0,4.0,0.0,0.0,0.0,0.0
ctx-lh-postcentral,11.0,2.0,80.0,1.0,0.0,0.0,1.0,58.0,7.0,274.0,17.0,5.0,1.0,0.0,0.0,7.0,553.0,1.0,41.0,0.0,2.0,0.0,5348.0,62.0,1736.0,100.0,0.0,3.0,54.0,683.0,46.0,1408.0,0.0,12.0,2.0,2.0,3.0,1.0,0.0,0.0,0.0,3.0,0.0,6.0,10.0,4.0,0.0,1.0,0.0,3.0,10.0,0.0,1.0,0.0,0.0,1.0,5.0,18.0,8.0,15.0,1.0,0.0,10.0,12.0,1.0,3.0,0.0,2.0
ctx-lh-posteriorcingulate,2.0,320.0,26.0,0.0,0.0,0.0,0.0,10.0,5.0,15.0,290.0,2.0,1.0,0.0,2.0,2.0,408.0,0.0,5.0,0.0,1.0,1.0,62.0,1067.0,90.0,321.0,11.0,7.0,396.0,56.0,18.0,12.0,0.0,5.0,1.0,34.0,9.0,0.0,0.0,0.0,1.0,6.0,3.0,10.0,26.0,3.0,0.0,1.0,0.0,0.0,71.0,0.0,0.0,0.0,0.0,0.0,26.0,125.0,51.0,56.0,1.0,6.0,101.0,20.0,3.0,2.0,0.0,4.0
ctx-lh-precentral,8.0,20.0,1250.0,2.0,0.0,0.0,0.0,29.0,0.0,355.0,5.0,0.0,5.0,1.0,1.0,4.0,658.0,0.0,522.0,0.0,14.0,0.0,1736.0,90.0,7232.0,35.0,2.0,35.0,977.0,126.0,31.0,276.0,0.0,4.0,0.0,20.0,10.0,0.0,0.0,0.0,0.0,1.0,2.0,4.0,6.0,0.0,0.0,0.0,0.0,0.0,25.0,0.0,2.0,0.0,0.0,0.0,3.0,41.0,34.0,10.0,0.0,1.0,63.0,5.0,3.0,3.0,0.0,0.0
ctx-lh-precuneus,23.0,4.0,5.0,159.0,0.0,0.0,26.0,214.0,57.0,23.0,943.0,105.0,0.0,132.0,0.0,26.0,141.0,21.0,1.0,0.0,0.0,116.0,100.0,321.0,35.0,3358.0,0.0,0.0,14.0,2507.0,37.0,40.0,1.0,14.0,13.0,0.0,2.0,21.0,0.0,0.0,9.0,26.0,11.0,3.0,97.0,21.0,0.0,20.0,0.0,13.0,5.0,5.0,1.0,0.0,0.0,12.0,15.0,23.0,10.0,161.0,0.0,0.0,2.0,52.0,17.0,18.0,0.0,3.0
ctx-lh-rostralanteriorcingulate,0.0,309.0,10.0,0.0,0.0,6.0,0.0,0.0,0.0,51.0,0.0,0.0,193.0,0.0,469.0,1.0,1.0,0.0,17.0,38.0,55.0,0.0,0.0,11.0,2.0,0.0,989.0,278.0,496.0,0.0,1.0,0.0,0.0,0.0,0.0,38.0,2.0,0.0,0.0,0.0,0.0,0.0,0.0,0.0,0.0,0.0,6.0,0.0,22.0,0.0,1.0,0.0,2.0,2.0,3.0,0.0,0.0,1.0,1.0,0.0,52.0,23.0,50.0,0.0,0.0,0.0,0.0,0.0
ctx-lh-rostralmiddlefrontal,0.0,122.0,726.0,0.0,0.0,175.0,0.0,0.0,0.0,96.0,0.0,0.0,740.0,0.0,585.0,1.0,1.0,0.0,479.0,454.0,581.0,0.0,3.0,7.0,35.0,0.0,278.0,5373.0,2723.0,1.0,0.0,3.0,0.0,0.0,0.0,44.0,3.0,0.0,0.0,1.0,0.0,0.0,0.0,6.0,0.0,0.0,3.0,0.0,7.0,0.0,0.0,0.0,0.0,2.0,7.0,0.0,0.0,3.0,0.0,0.0,20.0,18.0,48.0,0.0,0.0,0.0,0.0,0.0
ctx-lh-superiorfrontal,0.0,891.0,1295.0,0.0,0.0,136.0,0.0,1.0,0.0,111.0,9.0,1.0,90.0,1.0,249.0,0.0,552.0,0.0,200.0,31.0,114.0,0.0,54.0,396.0,977.0,14.0,496.0,2723.0,9497.0,15.0,1.0,10.0,0.0,0.0,0.0,181.0,31.0,0.0,0.0,1.0,0.0,0.0,0.0,11.0,8.0,0.0,6.0,0.0,9.0,0.0,51.0,0.0,14.0,6.0,19.0,0.0,4.0,81.0,54.0,8.0,39.0,57.0,354.0,4.0,1.0,0.0,0.0,0.0
ctx-lh-superiorparietal,36.0,0.0,10.0,904.0,1.0,0.0,38.0,1336.0,71.0,53.0,190.0,703.0,2.0,48.0,0.0,43.0,193.0,3.0,4.0,0.0,0.0,243.0,683.0,56.0,126.0,2507.0,0.0,1.0,15.0,7413.0,62.0,537.0,0.0,21.0,2.0,1.0,1.0,9.0,0.0,0.0,7.0,15.0,11.0,4.0,72.0,16.0,0.0,8.0,0.0,14.0,8.0,2.0,1.0,0.0,0.0,10.0,6.0,18.0,8.0,84.0,0.0,1.0,4.0,34.0,14.0,13.0,0.0,3.0
ctx-lh-superiortemporal,795.0,1.0,6.0,1.0,9.0,0.0,45.0,123.0,243.0,258.0,35.0,13.0,8.0,12.0,1.0,950.0,5.0,8.0,1.0,0.0,0.0,3.0,46.0,18.0,31.0,37.0,1.0,0.0,1.0,62.0,3744.0,532.0,231.0,564.0,0.0,0.0,0.0,0.0,0.0,0.0,0.0,7.0,1.0,2.0,7.0,2.0,0.0,1.0,0.0,2.0,2.0,1.0,0.0,0.0,0.0,2.0,1.0,8.0,1.0,26.0,0.0,0.0,0.0,10.0,4.0,1.0,0.0,0.0
ctx-lh-supramarginal,225.0,1.0,21.0,1.0,0.0,0.0,4.0,845.0,45.0,300.0,16.0,4.0,0.0,1.0,1.0,63.0,10.0,1.0,25.0,0.0,0.0,2.0,1408.0,12.0,276.0,40.0,0.0,3.0,10.0,537.0,532.0,4029.0,1.0,29.0,0.0,1.0,0.0,1.0,0.0,0.0,0.0,0.0,3.0,5.0,12.0,2.0,0.0,1.0,0.0,1.0,4.0,0.0,0.0,0.0,0.0,2.0,3.0,5.0,2.0,14.0,0.0,1.0,1.0,9.0,3.0,2.0,0.0,2.0
ctx-lh-temporalpole,2.0,0.0,0.0,0.0,89.0,0.0,136.0,2.0,331.0,28.0,0.0,1.0,1.0,0.0,0.0,216.0,0.0,4.0,0.0,0.0,0.0,1.0,0.0,0.0,0.0,1.0,0.0,0.0,0.0,0.0,231.0,1.0,501.0,0.0,0.0,0.0,0.0,0.0,0.0,0.0,0.0,0.0,0.0,0.0,0.0,0.0,0.0,0.0,0.0,0.0,0.0,0.0,0.0,0.0,0.0,0.0,0.0,0.0,0.0,1.0,0.0,0.0,0.0,0.0,0.0,0.0,0.0,0.0
ctx-lh-transversetemporal,61.0,0.0,0.0,0.0,1.0,0.0,0.0,19.0,17.0,81.0,5.0,2.0,0.0,1.0,0.0,34.0,0.0,0.0,0.0,0.0,0.0,0.0,12.0,5.0,4.0,14.0,0.0,0.0,0.0,21.0,564.0,29.0,0.0,315.0,1.0,0.0,0.0,1.0,0.0,0.0,0.0,2.0,1.0,2.0,9.0,1.0,0.0,1.0,0.0,1.0,0.0,0.0,0.0,0.0,0.0,0.0,5.0,1.0,1.0,4.0,0.0,0.0,1.0,5.0,0.0,2.0,0.0,0.0
ctx-rh-bankssts,0.0,0.0,0.0,1.0,0.0,0.0,1.0,2.0,3.0,2.0,5.0,5.0,0.0,1.0,0.0,1.0,1.0,0.0,0.0,0.0,0.0,1.0,2.0,1.0,0.0,13.0,0.0,0.0,0.0,2.0,0.0,0.0,0.0,1.0,536.0,0.0,1.0,2.0,2.0,0.0,28.0,340.0,153.0,18.0,9.0,30.0,1.0,8.0,0.0,647.0,0.0,2.0,2.0,0.0,0.0,2.0,28.0,2.0,8.0,27.0,0.0,0.0,1.0,44.0,581.0,362.0,0.0,5.0
ctx-rh-caudalanteriorcingulate,0.0,149.0,39.0,0.0,0.0,1.0,0.0,0.0,0.0,19.0,2.0,0.0,7.0,0.0,10.0,0.0,10.0,0.0,11.0,3.0,5.0,0.0,2.0,34.0,20.0,0.0,38.0,44.0,181.0,1.0,0.0,1.0,0.0,0.0,0.0,428.0,42.0,0.0,0.0,2.0,0.0,0.0,0.0,23.0,12.0,0.0,13.0,0.0,22.0,0.0,14.0,0.0,31.0,8.0,33.0,0.0,3.0,223.0,20.0,4.0,216.0,159.0,1004.0,1.0,0.0,3.0,0.0,0.0
ctx-rh-caudalmiddlefrontal,0.0,17.0,5.0,0.0,0.0,0.0,0.0,0.0,0.0,3.0,1.0,0.0,0.0,0.0,0.0,0.0,2.0,0.0,0.0,1.0,0.0,0.0,3.0,9.0,10.0,2.0,2.0,3.0,31.0,1.0,0.0,0.0,0.0,0.0,1.0,42.0,1988.0,0.0,0.0,0.0,0.0,4.0,0.0,46.0,0.0,0.0,1.0,0.0,0.0,1.0,24.0,0.0,289.0,0.0,27.0,0.0,49.0,10.0,1182.0,4.0,2.0,748.0,812.0,8.0,1.0,18.0,0.0,0.0
ctx-rh-cuneus,1.0,0.0,0.0,24.0,0.0,0.0,3.0,4.0,4.0,0.0,15.0,7.0,0.0,6.0,0.0,3.0,0.0,1.0,0.0,0.0,0.0,9.0,1.0,0.0,0.0,21.0,0.0,0.0,0.0,9.0,0.0,1.0,0.0,1.0,2.0,0.0,0.0,1736.0,0.0,0.0,25.0,36.0,26.0,4.0,62.0,670.0,0.0,236.0,0.0,13.0,0.0,4.0,0.0,0.0,0.0,1695.0,0.0,1.0,0.0,402.0,0.0,0.0,0.0,593.0,6.0,4.0,0.0,0.0
ctx-rh-entorhinal,0.0,0.0,0.0,0.0,0.0,0.0,0.0,0.0,0.0,0.0,2.0,0.0,0.0,0.0,0.0,0.0,0.0,0.0,0.0,0.0,0.0,0.0,0.0,0.0,0.0,0.0,0.0,0.0,0.0,0.0,0.0,0.0,0.0,0.0,2.0,0.0,0.0,0.0,310.0,0.0,244.0,1.0,286.0,13.0,0.0,1.0,1.0,1.0,0.0,13.0,0.0,165.0,0.0,0.0,0.0,0.0,0.0,0.0,0.0,1.0,0.0,0.0,0.0,0.0,10.0,0.0,155.0,0.0
ctx-rh-frontalpole,0.0,0.0,0.0,0.0,0.0,0.0,0.0,0.0,0.0,0.0,0.0,0.0,0.0,0.0,0.0,0.0,0.0,0.0,0.0,0.0,0.0,0.0,0.0,0.0,0.0,0.0,0.0,1.0,1.0,0.0,0.0,0.0,0.0,0.0,0.0,2.0,0.0,0.0,0.0,81.0,0.0,0.0,0.0,1.0,0.0,0.0,122.0,0.0,358.0,0.0,0.0,0.0,0.0,10.0,7.0,0.0,0.0,0.0,0.0,0.0,7.0,242.0,100.0,0.0,0.0,0.0,0.0,0.0
ctx-rh-fusiform,0.0,0.0,0.0,1.0,0.0,0.0,1.0,4.0,0.0,1.0,3.0,2.0,0.0,1.0,0.0,1.0,1.0,0.0,0.0,0.0,0.0,4.0,0.0,1.0,0.0,9.0,0.0,0.0,0.0,7.0,0.0,0.0,0.0,0.0,28.0,0.0,0.0,25.0,244.0,0.0,3691.0,26.0,1487.0,31.0,24.0,748.0,1.0,524.0,0.0,143.0,0.0,274.0,0.0,0.0,0.0,82.0,0.0,0.0,2.0,32.0,0.0,0.0,0.0,36.0,51.0,7.0,72.0,3.0
ctx-rh-inferiorparietal,5.0,0.0,0.0,3.0,0.0,0.0,4.0,7.0,4.0,3.0,38.0,5.0,0.0,2.0,0.0,3.0,2.0,1.0,0.0,0.0,0.0,3.0,3.0,6.0,1.0,26.0,0.0,0.0,0.0,15.0,7.0,0.0,0.0,2.0,340.0,0.0,4.0,36.0,1.0,0.0,26.0,5297.0,199.0,29.0,59.0,799.0,1.0,18.0,0.0,554.0,2.0,0.0,5.0,0.0,1.0,17.0,73.0,3.0,27.0,261.0,0.0,1.0,3.0,1414.0,84.0,1031.0,0.0,10.0
ctx-rh-inferiortemporal,2.0,0.0,0.0,3.0,0.0,0.0,0.0,4.0,0.0,2.0,12.0,11.0,0.0,5.0,0.0,4.0,0.0,0.0,0.0,0.0,0.0,3.0,0.0,3.0,2.0,11.0,0.0,0.0,0.0,11.0,1.0,3.0,0.0,1.0,153.0,0.0,0.0,26.0,286.0,0.0,1487.0,199.0,3485.0,85.0,34.0,407.0,5.0,97.0,2.0,1564.0,2.0,79.0,0.0,0.0,0.0,22.0,4.0,2.0,2.0,56.0,1.0,0.0,0.0,66.0,278.0,33.0,396.0,7.0
ctx-rh-insula,0.0,7.0,3.0,1.0,0.0,0.0,0.0,4.0,1.0,4.0,9.0,0.0,1.0,1.0,1.0,0.0,5.0,0.0,1.0,0.0,1.0,1.0,6.0,10.0,4.0,3.0,0.0,6.0,11.0,4.0,2.0,5.0,0.0,2.0,18.0,23.0,46.0,4.0,13.0,1.0,31.0,29.0,85.0,1423.0,16.0,6.0,491.0,10.0,72.0,180.0,18.0,2.0,216.0,22.0,160.0,6.0,300.0,11.0,324.0,39.0,21.0,113.0,117.0,53.0,332.0,265.0,60.0,79.0
ctx-rh-isthmuscingulate,11.0,2.0,2.0,15.0,0.0,0.0,4.0,29.0,8.0,7.0,117.0,20.0,0.0,17.0,0.0,6.0,8.0,8.0,1.0,0.0,0.0,4.0,10.0,26.0,6.0,97.0,0.0,0.0,8.0,72.0,7.0,12.0,0.0,9.0,9.0,12.0,0.0,62.0,0.0,0.0,24.0,59.0,34.0,16.0,765.0,35.0,0.0,189.0,0.0,19.0,33.0,80.0,0.0,0.0,0.0,34.0,20.0,304.0,8.0,1291.0,0.0,0.0,10.0,128.0,32.0,19.0,0.0,8.0
ctx-rh-lateraloccipital,1.0,0.0,0.0,12.0,0.0,0.0,2.0,8.0,4.0,1.0,18.0,10.0,0.0,9.0,0.0,2.0,0.0,2.0,0.0,0.0,0.0,5.0,4.0,3.0,0.0,21.0,0.0,0.0,0.0,16.0,2.0,2.0,0.0,1.0,30.0,0.0,0.0,670.0,1.0,0.0,748.0,799.0,407.0,6.0,35.0,6653.0,0.0,694.0,0.0,159.0,0.0,12.0,0.0,0.0,0.0,1253.0,2.0,0.0,1.0,117.0,0.0,0.0,0.0,495.0,26.0,15.0,1.0,5.0
ctx-rh-lateralorbitofrontal,0.0,3.0,0.0,0.0,0.0,0.0,0.0,0.0,0.0,0.0,0.0,0.0,0.0,0.0,1.0,0.0,0.0,0.0,0.0,0.0,0.0,0.0,0.0,0.0,0.0,0.0,6.0,3.0,6.0,0.0,0.0,0.0,0.0,0.0,1.0,13.0,1.0,0.0,1.0,122.0,1.0,1.0,5.0,491.0,0.0,0.0,2959.0,0.0,1374.0,7.0,0.0,0.0,16.0,601.0,347.0,0.0,0.0,1.0,2.0,1.0,90.0,529.0,92.0,0.0,12.0,0.0,5.0,0.0
ctx-rh-lingual,2.0,0.0,1.0,13.0,0.0,0.0,3.0,5.0,7.0,1.0,12.0,8.0,0.0,36.0,0.0,1.0,0.0,1.0,0.0,0.0,0.0,5.0,1.0,1.0,0.0,20.0,0.0,0.0,0.0,8.0,1.0,1.0,0.0,1.0,8.0,0.0,0.0,236.0,1.0,0.0,524.0,18.0,97.0,10.0,189.0,694.0,0.0,4991.0,0.0,32.0,0.0,350.0,0.0,0.0,0.0,1338.0,3.0,1.0,3.0,168.0,0.0,0.0,1.0,32.0,6.0,5.0,1.0,2.0
ctx-rh-medialorbitofrontal,0.0,7.0,0.0,0.0,0.0,0.0,0.0,0.0,0.0,1.0,0.0,0.0,3.0,0.0,5.0,0.0,0.0,0.0,0.0,0.0,1.0,0.0,0.0,0.0,0.0,0.0,22.0,7.0,9.0,0.0,0.0,0.0,0.0,0.0,0.0,22.0,0.0,0.0,0.0,358.0,0.0,0.0,2.0,72.0,0.0,0.0,1374.0,0.0,1840.0,4.0,0.0,0.0,0.0,69.0,56.0,0.0,0.0,1.0,1.0,0.0,365.0,430.0,351.0,0.0,2.0,0.0,1.0,0.0
ctx-rh-middletemporal,1.0,0.0,0.0,1.0,0.0,0.0,0.0,7.0,2.0,1.0,12.0,5.0,0.0,1.0,0.0,1.0,0.0,0.0,0.0,0.0,0.0,0.0,3.0,0.0,0.0,13.0,0.0,0.0,0.0,14.0,2.0,1.0,0.0,1.0,647.0,0.0,1.0,13.0,13.0,0.0,143.0,554.0,1564.0,180.0,19.0,159.0,7.0,32.0,4.0,3305.0,0.0,6.0,0.0,0.0,2.0,11.0,13.0,3.0,2.0,45.0,1.0,0.0,0.0,60.0,1032.0,80.0,338.0,15.0
ctx-rh-paracentral,1.0,10.0,4.0,1.0,0.0,0.0,0.0,4.0,2.0,4.0,11.0,0.0,0.0,0.0,1.0,0.0,35.0,0.0,0.0,0.0,0.0,0.0,10.0,71.0,25.0,5.0,1.0,0.0,51.0,8.0,2.0,4.0,0.0,0.0,0.0,14.0,24.0,0.0,0.0,0.0,0.0,2.0,2.0,18.0,33.0,0.0,0.0,0.0,0.0,0.0,1645.0,0.0,2.0,0.0,2.0,0.0,399.0,372.0,783.0,241.0,0.0,6.0,545.0,119.0,5.0,10.0,0.0,3.0
ctx-rh-parahippocampal,0.0,0.0,0.0,1.0,0.0,0.0,0.0,0.0,1.0,0.0,3.0,1.0,0.0,2.0,0.0,0.0,0.0,1.0,1.0,0.0,0.0,3.0,0.0,0.0,0.0,5.0,0.0,0.0,0.0,2.0,1.0,0.0,0.0,0.0,2.0,0.0,0.0,4.0,165.0,0.0,274.0,0.0,79.0,2.0,80.0,12.0,0.0,350.0,0.0,6.0,0.0,662.0,0.0,0.0,0.0,7.0,0.0,0.0,0.0,18.0,0.0,0.0,0.0,6.0,3.0,1.0,4.0,0.0
ctx-rh-parsopercularis,0.0,6.0,2.0,0.0,0.0,0.0,0.0,0.0,0.0,1.0,1.0,0.0,0.0,0.0,1.0,0.0,3.0,0.0,1.0,0.0,0.0,0.0,1.0,0.0,2.0,1.0,2.0,0.0,14.0,1.0,0.0,0.0,0.0,0.0,2.0,31.0,289.0,0.0,0.0,0.0,0.0,5.0,0.0,216.0,0.0,0.0,16.0,0.0,0.0,0.0,2.0,0.0,1242.0,8.0,482.0,0.0,72.0,11.0,694.0,0.0,7.0,464.0,135.0,8.0,2.0,32.0,0.0,2.0
ctx-rh-parsorbitalis,0.0,2.0,1.0,0.0,0.0,0.0,0.0,0.0,0.0,0.0,0.0,0.0,0.0,0.0,0.0,0.0,0.0,0.0,0.0,0.0,0.0,0.0,0.0,0.0,0.0,0.0,2.0,2.0,6.0,0.0,0.0,0.0,0.0,0.0,0.0,8.0,0.0,0.0,0.0,10.0,0.0,0.0,0.0,22.0,0.0,0.0,601.0,0.0,69.0,0.0,0.0,0.0,8.0,411.0,405.0,0.0,0.0,0.0,1.0,0.0,16.0,450.0,52.0,0.0,0.0,0.0,0.0,0.0
ctx-rh-parstriangularis,0.0,11.0,7.0,0.0,0.0,0.0,0.0,0.0,0.0,0.0,0.0,0.0,1.0,0.0,3.0,0.0,0.0,0.0,2.0,0.0,1.0,0.0,0.0,0.0,0.0,0.0,3.0,7.0,19.0,0.0,0.0,0.0,0.0,0.0,0.0,33.0,27.0,0.0,0.0,7.0,0.0,1.0,0.0,160.0,0.0,0.0,347.0,0.0,56.0,2.0,2.0,0.0,482.0,405.0,1264.0,0.0,6.0,2.0,27.0,1.0,52.0,794.0,166.0,0.0,0.0,5.0,0.0,0.0
ctx-rh-pericalcarine,0.0,0.0,0.0,7.0,0.0,0.0,2.0,6.0,3.0,0.0,5.0,3.0,0.0,5.0,0.0,1.0,0.0,1.0,0.0,0.0,0.0,5.0,1.0,0.0,0.0,12.0,0.0,0.0,0.0,10.0,2.0,2.0,0.0,0.0,2.0,0.0,0.0,1695.0,0.0,0.0,82.0,17.0,22.0,6.0,34.0,1253.0,0.0,1338.0,0.0,11.0,0.0,7.0,0.0,0.0,0.0,1118.0,1.0,0.0,0.0,146.0,0.0,0.0,0.0,92.0,4.0,2.0,0.0,1.0
ctx-rh-postcentral,0.0,1.0,0.0,0.0,0.0,0.0,0.0,5.0,0.0,3.0,9.0,2.0,0.0,0.0,0.0,2.0,7.0,0.0,1.0,0.0,0.0,1.0,5.0,26.0,3.0,15.0,0.0,0.0,4.0,6.0,1.0,3.0,0.0,5.0,28.0,3.0,49.0,0.0,0.0,0.0,0.0,73.0,4.0,300.0,20.0,2.0,0.0,3.0,0.0,13.0,399.0,0.0,72.0,0.0,6.0,1.0,5625.0,32.0,1735.0,229.0,0.0,18.0,35.0,749.0,29.0,1487.0,0.0,5.0
ctx-rh-posteriorcingulate,1.0,32.0,12.0,0.0,0.0,0.0,0.0,1.0,1.0,11.0,20.0,0.0,0.0,0.0,0.0,0.0,72.0,0.0,3.0,0.0,0.0,0.0,18.0,125.0,41.0,23.0,1.0,3.0,81.0,18.0,8.0,5.0,0.0,1.0,2.0,223.0,10.0,1.0,0.0,0.0,0.0,3.0,2.0,11.0,304.0,0.0,1.0,1.0,1.0,3.0,372.0,0.0,11.0,0.0,2.0,0.0,32.0,1115.0,100.0,301.0,8.0,8.0,435.0,36.0,9.0,14.0,0.0,4.0
ctx-rh-precentral,0.0,16.0,12.0,0.0,0.0,0.0,0.0,0.0,0.0,2.0,7.0,0.0,0.0,0.0,1.0,0.0,27.0,0.0,1.0,0.0,0.0,0.0,8.0,51.0,34.0,10.0,1.0,0.0,54.0,8.0,1.0,2.0,0.0,1.0,8.0,20.0,1182.0,0.0,0.0,0.0,2.0,27.0,2.0,324.0,8.0,1.0,2.0,3.0,1.0,2.0,783.0,0.0,694.0,1.0,27.0,0.0,1735.0,100.0,7138.0,59.0,1.0,86.0,834.0,118.0,22.0,265.0,1.0,7.0
ctx-rh-precuneus,7.0,2.0,1.0,13.0,0.0,0.0,11.0,42.0,21.0,10.0,133.0,31.0,0.0,16.0,0.0,16.0,14.0,7.0,1.0,0.0,0.0,7.0,15.0,56.0,10.0,161.0,0.0,0.0,8.0,84.0,26.0,14.0,1.0,4.0,27.0,4.0,4.0,402.0,1.0,0.0,32.0,261.0,56.0,39.0,1291.0,117.0,1.0,168.0,0.0,45.0,241.0,18.0,0.0,0.0,1.0,146.0,229.0,301.0,59.0,3973.0,0.0,0.0,20.0,2184.0,68.0,70.0,0.0,17.0
ctx-rh-rostralanteriorcingulate,0.0,34.0,2.0,0.0,0.0,1.0,0.0,0.0,0.0,6.0,0.0,0.0,9.0,0.0,16.0,0.0,1.0,0.0,4.0,1.0,8.0,0.0,1.0,1.0,0.0,0.0,52.0,20.0,39.0,0.0,0.0,0.0,0.0,0.0,0.0,216.0,2.0,0.0,0.0,7.0,0.0,0.0,1.0,21.0,0.0,0.0,90.0,0.0,365.0,1.0,0.0,0.0,7.0,16.0,52.0,0.0,0.0,8.0,1.0,0.0,641.0,126.0,371.0,0.0,0.0,0.0,0.0,0.0
ctx-rh-rostralmiddlefrontal,0.0,51.0,9.0,0.0,0.0,0.0,0.0,0.0,0.0,8.0,0.0,0.0,4.0,0.0,2.0,0.0,2.0,0.0,2.0,1.0,2.0,0.0,0.0,6.0,1.0,0.0,23.0,18.0,57.0,1.0,0.0,1.0,0.0,0.0,0.0,159.0,748.0,0.0,0.0,242.0,0.0,1.0,0.0,113.0,0.0,0.0,529.0,0.0,430.0,0.0,6.0,0.0,464.0,450.0,794.0,0.0,18.0,8.0,86.0,0.0,126.0,5540.0,2239.0,4.0,3.0,5.0,0.0,0.0
ctx-rh-superiorfrontal,0.0,215.0,77.0,0.0,0.0,0.0,0.0,1.0,0.0,14.0,2.0,0.0,5.0,0.0,5.0,0.0,31.0,1.0,19.0,1.0,9.0,0.0,10.0,101.0,63.0,2.0,50.0,48.0,354.0,4.0,0.0,1.0,0.0,1.0,1.0,1004.0,812.0,0.0,0.0,100.0,0.0,3.0,0.0,117.0,10.0,0.0,92.0,1.0,351.0,0.0,545.0,0.0,135.0,52.0,166.0,0.0,35.0,435.0,834.0,20.0,371.0,2239.0,8963.0,13.0,4.0,13.0,0.0,3.0
ctx-rh-superiorparietal,3.0,0.0,0.0,8.0,0.0,0.0,4.0,24.0,7.0,5.0,53.0,13.0,1.0,5.0,0.0,8.0,6.0,0.0,0.0,0.0,0.0,4.0,12.0,20.0,5.0,52.0,0.0,0.0,4.0,34.0,10.0,9.0,0.0,5.0,44.0,1.0,8.0,593.0,0.0,0.0,36.0,1414.0,66.0,53.0,128.0,495.0,0.0,32.0,0.0,60.0,119.0,6.0,8.0,0.0,0.0,92.0,749.0,36.0,118.0,2184.0,0.0,4.0,13.0,5996.0,49.0,455.0,0.0,24.0
ctx-rh-superiortemporal,0.0,0.0,0.0,3.0,0.0,0.0,0.0,5.0,3.0,5.0,16.0,5.0,0.0,0.0,0.0,0.0,6.0,0.0,0.0,0.0,0.0,0.0,1.0,3.0,3.0,17.0,0.0,0.0,1.0,14.0,4.0,3.0,0.0,0.0,581.0,0.0,1.0,6.0,10.0,0.0,51.0,84.0,278.0,332.0,32.0,26.0,12.0,6.0,2.0,1032.0,5.0,3.0,2.0,0.0,0.0,4.0,29.0,9.0,22.0,68.0,0.0,3.0,4.0,49.0,4332.0,389.0,233.0,497.0
ctx-rh-supramarginal,1.0,0.0,1.0,0.0,0.0,0.0,0.0,8.0,2.0,0.0,28.0,2.0,0.0,1.0,0.0,0.0,4.0,0.0,0.0,0.0,0.0,0.0,3.0,2.0,3.0,18.0,0.0,0.0,0.0,13.0,1.0,2.0,0.0,2.0,362.0,3.0,18.0,4.0,0.0,0.0,7.0,1031.0,33.0,265.0,19.0,15.0,0.0,5.0,0.0,80.0,10.0,1.0,32.0,0.0,5.0,2.0,1487.0,14.0,265.0,70.0,0.0,5.0,13.0,455.0,389.0,4490.0,0.0,45.0
ctx-rh-temporalpole,0.0,0.0,0.0,1.0,0.0,0.0,0.0,0.0,0.0,0.0,1.0,0.0,0.0,0.0,0.0,0.0,0.0,0.0,0.0,0.0,0.0,0.0,0.0,0.0,0.0,0.0,0.0,0.0,0.0,0.0,0.0,0.0,0.0,0.0,0.0,0.0,0.0,0.0,155.0,0.0,72.0,0.0,396.0,60.0,0.0,1.0,5.0,1.0,1.0,338.0,0.0,4.0,0.0,0.0,0.0,0.0,0.0,0.0,1.0,0.0,0.0,0.0,0.0,0.0,233.0,0.0,348.0,0.0
ctx-rh-transversetemporal,0.0,0.0,0.0,0.0,0.0,0.0,0.0,4.0,0.0,3.0,9.0,0.0,0.0,0.0,0.0,0.0,1.0,0.0,0.0,0.0,0.0,0.0,2.0,4.0,0.0,3.0,0.0,0.0,0.0,3.0,0.0,2.0,0.0,0.0,5.0,0.0,0.0,0.0,0.0,0.0,3.0,10.0,7.0,79.0,8.0,5.0,0.0,2.0,0.0,15.0,3.0,0.0,2.0,0.0,0.0,1.0,5.0,4.0,7.0,17.0,0.0,0.0,3.0,24.0,497.0,45.0,0.0,216.0
