,ctx-lh-bankssts,ctx-lh-caudalanteriorcingulate,ctx-lh-caudalmiddlefrontal,ctx-lh-cuneus,ctx-lh-entorhinal,ctx-lh-frontalpole,ctx-lh-fusiform,ctx-lh-inferiorparietal,ctx-lh-inferiortemporal,ctx-lh-insula,ctx-lh-isthmuscingulate,ctx-lh-lateraloccipital,ctx-lh-lateralorbitofrontal,ctx-lh-lingual,ctx-lh-medialorbitofrontal,ctx-lh-middletemporal,ctx-lh-paracentral,ctx-lh-parahippocampal,ctx-lh-parsopercularis,ctx-lh-parsorbitalis,ctx-lh-parstriangularis,ctx-lh-pericalcarine,ctx-lh-postcentral,ctx-lh-posteriorcingulate,ctx-lh-precentral,ctx-lh-precuneus,ctx-lh-rostralanteriorcingulate,ctx-lh-rostralmiddlefrontal,ctx-lh-superiorfrontal,ctx-lh-superiorparietal,ctx-lh-superiortemporal,ctx-lh-supramarginal,ctx-lh-temporalpole,ctx-lh-transversetemporal,ctx-rh-bankssts,ctx-rh-caudalanteriorcingulate,ctx-rh-caudalmiddlefrontal,ctx-rh-cuneus,ctx-rh-entorhinal,ctx-rh-frontalpole,ctx-rh-fusiform,ctx-rh-inferiorparietal,ctx-rh-inferiortemporal,ctx-rh-insula,ctx-rh-isthmuscingulate,ctx-rh-lateraloccipital,ctx-rh-lateralorbitofrontal,ctx-rh-lingual,ctx-rh-medialorbitofrontal,ctx-rh-middletemporal,ctx-rh-paracentral,ctx-rh-parahippocampal,ctx-rh-parsopercularis,ctx-rh-parsorbitalis,ctx-rh-parstriangularis,ctx-rh-pericalcarine,ctx-rh-postcentral,ctx-rh-posteriorcingulate,ctx-rh-precentral,ctx-rh-precuneus,ctx-rh-rostralanteriorcingulate,ctx-rh-rostralmiddlefrontal,ctx-rh-superiorfrontal,ctx-rh-superiorparietal,ctx-rh-superiortemporal,ctx-rh-supramarginal,ctx-rh-temporalpole,ctx-rh-transversetemporal
ctx-lh-bankssts,826.0,0.0,1.0,0.0,1.0,0.0,85.0,294.0,307.0,20.0,9.0,30.0,2.0,9.0,0.0,664.0,1.0,12.0,0.0,0.0,0.0,1.0,23.0,2.0,4.0,7.0,0.0,0.0,0.0,40.0,911.0,228.0,5.0,20.0,0.0,0.0,0.0,0.0,0.0,0.0,0.0,2.0,0.0,0.0,6.0,0.0,0.0,0.0,0.0,0.0,0.0,0.0,0.0,0.0,0.0,0.0,0.0,1.0,0.0,2.0,0.0,0.0,0.0,3.0,1.0,0.0,0.0,0.0
ctx-lh-caudalanteriorcingulate,0.0,444.0,85.0,0.0,0.0,1.0,0.0,2.0,1.0,29.0,9.0,0.0,10.0,0.0,12.0,0.0,13.0,0.0,33.0,3.0,22.0,0.0,8.0,286.0,58.0,8.0,286.0,143.0,747.0,7.0,0.0,0.0,0.0,0.0,1.0,149.0,51.0,0.0,0.0,1.0,0.0,0.0,0.0,7.0,1.0,0.0,4.0,0.0,10.0,0.0,8.0,0.0,16.0,2.0,14.0,0.0,5.0,43.0,25.0,0.0,21.0,50.0,196.0,3.0,1.0,3.0,0.0,0.0
ctx-lh-caudalmiddlefrontal,1.0,85.0,3469.0,0.0,0.0,0.0,0.0,1.0,1.0,77.0,1.0,0.0,2.0,0.0,0.0,1.0,16.0,0.0,274.0,0.0,12.0,0.0,99.0,56.0,1326.0,6.0,7.0,637.0,1352.0,19.0,5.0,21.0,0.0,1.0,0.0,44.0,19.0,0.0,0.0,0.0,1.0,3.0,0.0,6.0,1.0,0.0,1.0,0.0,0.0,0.0,13.0,0.0,4.0,0.0,2.0,0.0,5.0,36.0,16.0,1.0,0.0,9.0,81.0,0.0,0.0,1.0,0.0,0.0
ctx-lh-cuneus,0.0,0.0,0.0,1388.0,0.0,0.0,22.0,28.0,0.0,0.0,32.0,319.0,0.0,222.0,0.0,2.0,0.0,2.0,0.0,0.0,0.0,1562.0,0.0,0.0,0.0,199.0,0.0,0.0,0.0,1167.0,2.0,2.0,0.0,0.0,1.0,0.0,0.0,49.0,0.0,0.0,1.0,0.0,1.0,2.0,10.0,7.0,0.0,3.0,0.0,2.0,0.0,0.0,0.0,0.0,0.0,44.0,0.0,0.0,0.0,15.0,0.0,0.0,0.0,4.0,3.0,0.0,0.0,0.0
ctx-lh-entorhinal,1.0,0.0,0.0,0.0,173.0,0.0,89.0,2.0,64.0,11.0,1.0,0.0,0.0,0.0,0.0,16.0,0.0,124.0,0.0,0.0,0.0,0.0,0.0,0.0,0.0,1.0,0.0,0.0,1.0,1.0,26.0,0.0,100.0,0.0,0.0,0.0,0.0,0.0,0.0,0.0,0.0,0.0,0.0,0.0,0.0,0.0,0.0,0.0,0.0,0.0,0.0,0.0,0.0,0.0,0.0,0.0,0.0,0.0,0.0,0.0,0.0,0.0,0.0,0.0,0.0,0.0,0.0,0.0
ctx-lh-frontalpole,0.0,1.0,0.0,0.0,0.0,75.0,0.0,0.0,0.0,0.0,0.0,0.0,62.0,0.0,249.0,0.0,0.0,0.0,1.0,2.0,4.0,0.0,0.0,0.0,0.0,0.0,12.0,173.0,99.0,0.0,0.0,0.0,0.0,0.0,0.0,0.0,0.0,0.0,0.0,0.0,0.0,0.0,0.0,0.0,0.0,0.0,1.0,0.0,0.0,0.0,0.0,0.0,0.0,0.0,0.0,0.0,0.0,0.0,0.0,0.0,1.0,2.0,0.0,0.0,0.0,0.0,0.0,0.0
ctx-lh-fusiform,85.0,0.0,0.0,22.0,89.0,0.0,3106.0,225.0,1522.0,14.0,18.0,1700.0,0.0,815.0,0.0,289.0,0.0,159.0,0.0,0.0,0.0,112.0,2.0,2.0,1.0,22.0,0.0,0.0,0.0,70.0,38.0,7.0,100.0,5.0,3.0,0.0,0.0,1.0,0.0,0.0,3.0,1.0,0.0,1.0,12.0,5.0,0.0,3.0,0.0,1.0,0.0,2.0,0.0,0.0,0.0,0.0,0.0,0.0,0.0,14.0,0.0,0.0,0.0,8.0,2.0,2.0,0.0,0.0
ctx-lh-inferiorparietal,294.0,2.0,1.0,28.0,2.0,0.0,225.0,5534.0,284.0,26.0,131.0,881.0,1.0,111.0,0.0,531.0,3.0,36.0,0.0,0.0,0.0,54.0,50.0,13.0,21.0,256.0,0.0,0.0,0.0,1340.0,213.0,1041.0,3.0,33.0,3.0,0.0,0.0,2.0,0.0,0.0,5.0,19.0,3.0,4.0,56.0,8.0,0.0,11.0,0.0,4.0,1.0,1.0,0.0,0.0,0.0,1.0,1.0,11.0,0.0,67.0,0.0,0.0,0.0,39.0,4.0,7.0,0.0,1.0
ctx-lh-inferiortemporal,307.0,1.0,1.0,0.0,64.0,0.0,1522.0,284.0,3134.0,87.0,6.0,340.0,0.0,43.0,0.0,2300.0,1.0,67.0,1.0,0.0,0.0,3.0,6.0,5.0,3.0,18.0,0.0,0.0,1.0,43.0,186.0,27.0,173.0,11.0,1.0,0.0,1.0,1.0,0.0,0.0,0.0,2.0,0.0,0.0,6.0,1.0,0.0,0.0,0.0,1.0,0.0,0.0,0.0,0.0,0.0,0.0,1.0,2.0,0.0,6.0,0.0,0.0,0.0,2.0,0.0,0.0,0.0,0.0
ctx-lh-insula,20.0,29.0,77.0,0.0,11.0,0.0,14.0,26.0,87.0,1645.0,19.0,2.0,497.0,3.0,19.0,136.0,16.0,2.0,281.0,14.0,98.0,1.0,367.0,32.0,425.0,36.0,14.0,196.0,154.0,67.0,298.0,298.0,66.0,81.0,0.0,15.0,7.0,1.0,0.0,0.0,0.0,4.0,0.0,1.0,12.0,0.0,1.0,0.0,4.0,1.0,4.0,0.0,2.0,0.0,4.0,0.0,1.0,9.0,6.0,12.0,2.0,10.0,39.0,7.0,0.0,4.0,0.0,0.0
ctx-lh-isthmuscingulate,9.0,9.0,1.0,32.0,1.0,0.0,18.0,131.0,6.0,19.0,706.0,32.0,0.0,99.0,0.0,15.0,19.0,37.0,2.0,0.0,0.0,25.0,24.0,382.0,14.0,1068.0,1.0,0.0,11.0,329.0,26.0,34.0,0.0,13.0,9.0,0.0,1.0,6.0,0.0,0.0,5.0,17.0,7.0,12.0,122.0,18.0,0.0,19.0,0.0,9.0,8.0,1.0,1.0,0.0,0.0,2.0,6.0,23.0,5.0,150.0,0.0,0.0,3.0,52.0,12.0,10.0,0.0,2.0
ctx-lh-lateraloccipital,30.0,0.0,0.0,319.0,0.0,0.0,1700.0,881.0,340.0,2.0,32.0,5864.0,0.0,840.0,0.0,151.0,0.0,27.0,0.0,0.0,0.0,778.0,1.0,3.0,0.0,59.0,0.0,0.0,0.0,574.0,6.0,4.0,0.0,1.0,2.0,0.0,0.0,3.0,0.0,0.0,0.0,4.0,2.0,0.0,12.0,3.0,0.0,4.0,0.0,1.0,0.0,1.0,0.0,0.0,0.0,2.0,0.0,1.0,0.0,26.0,0.0,0.0,2.0,8.0,5.0,4.0,0.0,1.0
ctx-lh-lateralorbitofrontal,2.0,10.0,2.0,0.0,0.0,62.0,0.0,1.0,0.0,497.0,0.0,0.0,3111.0,0.0,1453.0,3.0,0.0,0.0,36.0,457.0,475.0,0.0,0.0,0.0,1.0,1.0,121.0,792.0,128.0,0.0,6.0,0.0,3.0,0.0,0.0,5.0,1.0,0.0,0.0,0.0,0.0,0.0,0.0,2.0,0.0,0.0,3.0,0.0,5.0,0.0,0.0,0.0,0.0,3.0,5.0,0.0,0.0,0.0,0.0,0.0,13.0,12.0,10.0,0.0,0.0,0.0,0.0,0.0
ctx-lh-lingual,9.0,0.0,0.0,222.0,0.0,0.0,815.0,111.0,43.0,3.0,99.0,840.0,0.0,4281.0,0.0,13.0,0.0,238.0,0.0,0.0,0.0,1467.0,3.0,1.0,2.0,100.0,0.0,0.0,0.0,286.0,9.0,6.0,0.0,1.0,3.0,0.0,0.0,1.0,0.0,0.0,0.0,14.0,5.0,0.0,27.0,10.0,0.0,16.0,0.0,5.0,2.0,2.0,0.0,0.0,0.0,3.0,1.0,2.0,1.0,38.0,0.0,0.0,1.0,25.0,4.0,0.0,0.0,0.0
ctx-lh-medialorbitofrontal,0.0,12.0,0.0,0.0,0.0,249.0,0.0,0.0,0.0,19.0,0.0,0.0,1453.0,0.0,1506.0,0.0,0.0,0.0,3.0,26.0,18.0,0.0,0.0,1.0,1.0,0.0,412.0,548.0,421.0,0.0,0.0,0.0,2.0,0.0,0.0,4.0,0.0,0.0,0.0,0.0,0.0,0.0,0.0,0.0,0.0,0.0,6.0,0.0,12.0,0.0,0.0,0.0,0.0,1.0,3.0,0.0,0.0,0.0,0.0,0.0,19.0,12.0,8.0,0.0,0.0,0.0,0.0,0.0
ctx-lh-middletemporal,664.0,0.0,1.0,2.0,16.0,0.0,289.0,531.0,2300.0,136.0,15.0,151.0,3.0,13.0,0.0,3533.0,0.0,53.0,1.0,0.0,0.0,5.0,5.0,1.0,3.0,16.0,0.0,0.0,1.0,42.0,676.0,64.0,145.0,17.0,0.0,0.0,0.0,0.0,0.0,0.0,0.0,2.0,0.0,1.0,5.0,2.0,0.0,0.0,0.0,2.0,1.0,0.0,0.0,0.0,0.0,1.0,0.0,1.0,0.0,8.0,0.0,0.0,0.0,2.0,0.0,1.0,0.0,0.0
ctx-lh-paracentral,1.0,13.0,16.0,0.0,0.0,0.0,0.0,3.0,1.0,16.0,19.0,0.0,0.0,0.0,0.0,0.0,1144.0,0.0,0.0,0.0,0.0,0.0,539.0,220.0,1207.0,170.0,1.0,0.0,428.0,136.0,3.0,6.0,0.0,1.0,0.0,6.0,4.0,0.0,0.0,0.0,1.0,2.0,2.0,4.0,7.0,0.0,0.0,0.0,0.0,1.0,11.0,0.0,0.0,0.0,0.0,0.0,4.0,43.0,11.0,11.0,0.0,0.0,9.0,10.0,0.0,2.0,0.0,0.0
ctx-lh-parahippocampal,12.0,0.0,0.0,2.0,124.0,0.0,159.0,36.0,67.0,2.0,37.0,27.0,0.0,238.0,0.0,53.0,0.0,282.0,0.0,0.0,0.0,7.0,0.0,2.0,0.0,15.0,0.0,0.0,0.0,12.0,18.0,3.0,2.0,0.0,2.0,0.0,0.0,0.0,0.0,0.0,1.0,2.0,1.0,0.0,4.0,1.0,0.0,1.0,0.0,0.0,0.0,0.0,0.0,0.0,0.0,0.0,0.0,1.0,0.0,6.0,0.0,0.0,1.0,3.0,0.0,0.0,0.0,0.0
ctx-lh-parsopercularis,0.0,33.0,274.0,0.0,0.0,1.0,0.0,0.0,1.0,281.0,2.0,0.0,36.0,0.0,3.0,1.0,0.0,0.0,1763.0,8.0,568.0,0.0,37.0,6.0,634.0,1.0,16.0,576.0,185.0,5.0,2.0,13.0,0.0,0.0,0.0,19.0,9.0,0.0,0.0,0.0,0.0,0.0,0.0,7.0,1.0,0.0,1.0,0.0,1.0,0.0,0.0,0.0,1.0,1.0,6.0,0.0,1.0,3.0,2.0,1.0,2.0,8.0,46.0,0.0,0.0,0.0,0.0,0.0
ctx-lh-parsorbitalis,0.0,3.0,0.0,0.0,0.0,2.0,0.0,0.0,0.0,14.0,0.0,0.0,457.0,0.0,26.0,0.0,0.0,0.0,8.0,447.0,444.0,0.0,0.0,0.0,1.0,0.0,4.0,364.0,30.0,0.0,1.0,0.0,0.0,0.0,0.0,1.0,0.0,0.0,0.0,0.0,0.0,0.0,0.0,1.0,0.0,0.0,0.0,0.0,0.0,0.0,0.0,0.0,0.0,0.0,0.0,0.0,0.0,0.0,0.0,0.0,3.0,4.0,2.0,0.0,0.0,0.0,0.0,0.0
ctx-lh-parstriangularis,0.0,22.0,12.0,0.0,0.0,4.0,0.0,0.0,0.0,98.0,0.0,0.0,475.0,0.0,18.0,0.0,0.0,0.0,568.0,444.0,1208.0,0.0,0.0,0.0,12.0,0.0,39.0,938.0,84.0,1.0,1.0,0.0,0.0,0.0,0.0,10.0,0.0,0.0,0.0,0.0,0.0,0.0,0.0,1.0,0.0,0.0,0.0,0.0,0.0,0.0,0.0,0.0,0.0,0.0,9.0,0.0,0.0,0.0,0.0,0.0,4.0,6.0,9.0,0.0,0.0,0.0,0.0,0.0
ctx-lh-pericalcarine,1.0,0.0,0.0,1562.0,0.0,0.0,112.0,54.0,3.0,1.0,25.0,778.0,0.0,1467.0,0.0,5.0,0.0,7.0,0.0,0.0,0.0,815.0,0.0,1.0,0.0,135.0,0.0,0.0,1.0,457.0,1.0,0.0,1.0,0.0,0.0,0.0,0.0,4.0,0.0,0.0,0.0,5.0,1.0,1.0,3.0,0.0,0.0,3.0,0.0,1.0,1.0,0.0,0.0,0.0,0.0,5.0,1.0,0.0,1.0,14.0,0.0,0.0,0.0,11.0,1.0,1.0,0.0,0.0
ctx-lh-postcentral,23.0,8.0,99.0,0.0,0.0,0.0,2.0,50.0,6.0,367.0,24.0,1.0,0.0,3.0,0.0,5.0,539.0,0.0,37.0,0.0,0.0,0.0,5605.0,122.0,1755.0,122.0,0.0,4.0,71.0,752.0,52.0,1299.0,1.0,14.0,2.0,1.0,3.0,0.0,0.0,0.0,0.0,6.0,0.0,7.0,14.0,1.0,0.0,0.0,0.0,2.0,14.0,0.0,0.0,0.0,0.0,1.0,3.0,34.0,14.0,26.0,0.0,0.0,7.0,12.0,4.0,4.0,0.0,0.0
ctx-lh-posteriorcingulate,2.0,286.0,56.0,0.0,0.0,0.0,2.0,13.0,5.0,32.0,382.0,3.0,0.0,1.0,1.0,1.0,220.0,2.0,6.0,0.0,0.0,1.0,122.0,1347.0,239.0,482.0,2.0,6.0,332.0,147.0,8.0,20.0,0.0,3.0,1.0,20.0,25.0,0.0,0.0,0.0,2.0,13.0,0.0,24.0,27.0,1.0,0.0,0.0,0.0,1.0,69.0,0.0,1.0,0.0,0.0,0.0,21.0,201.0,61.0,70.0,0.0,0.0,73.0,34.0,7.0,20.0,0.0,2.0
ctx-lh-precentral,4.0,58.0,1326.0,0.0,0.0,0.0,1.0,21.0,3.0,425.0,14.0,0.0,1.0,2.0,1.0,3.0,1207.0,0.0,634.0,1.0,12.0,0.0,1755.0,239.0,6823.0,51.0,1.0,34.0,1028.0,186.0,15.0,208.0,0.0,4.0,2.0,18.0,19.0,0.0,0.0,0.0,0.0,6.0,1.0,12.0,9.0,0.0,0.0,1.0,0.0,1.0,39.0,0.0,4.0,0.0,0.0,0.0,16.0,86.0,57.0,26.0,0.0,2.0,67.0,12.0,4.0,8.0,0.0,2.0
ctx-lh-precuneus,7.0,8.0,6.0,199.0,1.0,0.0,22.0,256.0,18.0,36.0,1068.0,59.0,1.0,100.0,0.0,16.0,170.0,15.0,1.0,0.0,0.0,135.0,122.0,482.0,51.0,3893.0,0.0,0.0,15.0,2875.0,25.0,46.0,1.0,14.0,9.0,0.0,0.0,4.0,0.0,0.0,9.0,38.0,7.0,10.0,91.0,17.0,0.0,19.0,0.0,9.0,8.0,3.0,0.0,0.0,0.0,3.0,5.0,26.0,7.0,118.0,0.0,0.0,3.0,61.0,17.0,13.0,0.0,0.0
ctx-lh-rostralanteriorcingulate,0.0,286.0,7.0,0.0,0.0,12.0,0.0,0.0,0.0,14.0,1.0,0.0,121.0,0.0,412.0,0.0,1.0,0.0,16.0,4.0,39.0,0.0,0.0,2.0,1.0,0.0,803.0,211.0,593.0,0.0,0.0,0.0,0.0,0.0,0.0,35.0,1.0,0.0,0.0,3.0,0.0,0.0,0.0,8.0,0.0,0.0,9.0,0.0,46.0,0.0,0.0,0.0,10.0,7.0,13.0,0.0,0.0,0.0,1.0,0.0,110.0,42.0,72.0,0.0,0.0,0.0,0.0,0.0
ctx-lh-rostralmiddlefrontal,0.0,143.0,637.0,0.0,0.0,173.0,0.0,0.0,0.0,196.0,0.0,0.0,792.0,0.0,548.0,0.0,0.0,0.0,576.0,364.0,938.0,0.0,4.0,6.0,34.0,0.0,211.0,6254.0,1964.0,2.0,1.0,2.0,1.0,0.0,0.0,64.0,9.0,0.0,0.0,1.0,0.0,0.0,0.0,9.0,0.0,0.0,9.0,0.0,6.0,0.0,0.0,0.0,8.0,3.0,14.0,0.0,2.0,2.0,7.0,1.0,41.0,60.0,101.0,0.0,0.0,0.0,0.0,0.0
ctx-lh-superiorfrontal,0.0,747.0,1352.0,0.0,1.0,99.0,0.0,0.0,1.0,154.0,11.0,0.0,128.0,0.0,421.0,1.0,428.0,0.0,185.0,30.0,84.0,1.0,71.0,332.0,1028.0,15.0,593.0,1964.0,11814.0,18.0,0.0,6.0,0.0,2.0,0.0,188.0,61.0,0.0,0.0,0.0,0.0,2.0,2.0,25.0,1.0,0.0,11.0,1.0,4.0,1.0,15.0,0.0,23.0,3.0,17.0,0.0,9.0,73.0,67.0,7.0,49.0,88.0,270.0,7.0,0.0,4.0,0.0,1.0
ctx-lh-superiorparietal,40.0,7.0,19.0,1167.0,1.0,0.0,70.0,1340.0,43.0,67.0,329.0,574.0,0.0,286.0,0.0,42.0,136.0,12.0,5.0,0.0,1.0,457.0,752.0,147.0,186.0,2875.0,0.0,2.0,18.0,5739.0,72.0,420.0,2.0,30.0,10.0,0.0,1.0,4.0,1.0,0.0,14.0,49.0,11.0,12.0,106.0,19.0,0.0,25.0,0.0,17.0,11.0,4.0,0.0,0.0,0.0,3.0,9.0,47.0,11.0,134.0,0.0,0.0,4.0,86.0,22.0,19.0,0.0,1.0
ctx-lh-superiortemporal,911.0,0.0,5.0,2.0,26.0,0.0,38.0,213.0,186.0,298.0,26.0,6.0,6.0,9.0,0.0,676.0,3.0,18.0,2.0,1.0,1.0,1.0,52.0,8.0,15.0,25.0,0.0,1.0,0.0,72.0,4700.0,461.0,226.0,660.0,2.0,0.0,0.0,0.0,0.0,0.0,0.0,3.0,1.0,0.0,15.0,1.0,0.0,2.0,0.0,3.0,2.0,0.0,0.0,0.0,0.0,0.0,1.0,7.0,0.0,5.0,0.0,1.0,0.0,3.0,0.0,5.0,0.0,0.0
ctx-lh-supramarginal,228.0,0.0,21.0,2.0,0.0,0.0,7.0,1041.0,27.0,298.0,34.0,4.0,0.0,6.0,0.0,64.0,6.0,3.0,13.0,0.0,0.0,0.0,1299.0,20.0,208.0,46.0,0.0,2.0,6.0,420.0,461.0,4198.0,0.0,32.0,0.0,0.0,1.0,0.0,0.0,0.0,1.0,10.0,0.0,1.0,15.0,2.0,0.0,2.0,0.0,2.0,2.0,1.0,0.0,0.0,0.0,1.0,0.0,9.0,3.0,18.0,0.0,0.0,0.0,7.0,3.0,5.0,0.0,0.0
ctx-lh-temporalpole,5.0,0.0,0.0,0.0,100.0,0.0,100.0,3.0,173.0,66.0,0.0,0.0,3.0,0.0,2.0,145.0,0.0,2.0,0.0,0.0,0.0,1.0,1.0,0.0,0.0,1.0,0.0,1.0,0.0,2.0,226.0,0.0,281.0,0.0,0.0,0.0,0.0,0.0,0.0,0.0,0.0,0.0,0.0,0.0,0.0,0.0,0.0,0.0,0.0,0.0,0.0,0.0,0.0,0.0,0.0,0.0,0.0,0.0,0.0,2.0,0.0,0.0,0.0,0.0,0.0,0.0,0.0,0.0
ctx-lh-transversetemporal,20.0,0.0,1.0,0.0,0.0,0.0,5.0,33.0,11.0,81.0,13.0,1.0,0.0,1.0,0.0,17.0,1.0,0.0,0.0,0.0,0.0,0.0,14.0,3.0,4.0,14.0,0.0,0.0,2.0,30.0,660.0,32.0,0.0,358.0,1.0,0.0,0.0,0.0,0.0,0.0,0.0,2.0,0.0,0.0,6.0,0.0,0.0,0.0,0.0,1.0,1.0,0.0,0.0,0.0,0.0,0.0,0.0,1.0,2.0,8.0,0.0,1.0,0.0,6.0,1.0,0.0,0.0,0.0
ctx-rh-bankssts,0.0,1.0,0.0,1.0,0.0,0.0,3.0,3.0,1.0,0.0,9.0,2.0,0.0,3.0,0.0,0.0,0.0,2.0,0.0,0.0,0.0,0.0,2.0,1.0,2.0,9.0,0.0,0.0,0.0,10.0,2.0,0.0,0.0,1.0,664.0,0.0,2.0,3.0,0.0,0.0,36.0,412.0,180.0,52.0,21.0,31.0,0.0,9.0,0.0,729.0,4.0,2.0,1.0,0.0,0.0,2.0,25.0,11.0,13.0,30.0,0.0,0.0,1.0,43.0,1012.0,429.0,1.0,48.0
ctx-rh-caudalanteriorcingulate,0.0,149.0,44.0,0.0,0.0,0.0,0.0,0.0,0.0,15.0,0.0,0.0,5.0,0.0,4.0,0.0,6.0,0.0,19.0,1.0,10.0,0.0,1.0,20.0,18.0,0.0,35.0,64.0,188.0,0.0,0.0,0.0,0.0,0.0,0.0,588.0,101.0,0.0,0.0,0.0,0.0,0.0,0.0,28.0,5.0,0.0,12.0,0.0,11.0,0.0,17.0,0.0,38.0,8.0,32.0,0.0,5.0,255.0,49.0,1.0,98.0,147.0,857.0,2.0,1.0,7.0,0.0,0.0
ctx-rh-caudalmiddlefrontal,0.0,51.0,19.0,0.0,0.0,0.0,0.0,0.0,1.0,7.0,1.0,0.0,1.0,0.0,0.0,0.0,4.0,0.0,9.0,0.0,0.0,0.0,3.0,25.0,19.0,0.0,1.0,9.0,61.0,1.0,0.0,1.0,0.0,0.0,2.0,101.0,2718.0,0.0,0.0,0.0,0.0,4.0,0.0,60.0,2.0,0.0,2.0,0.0,0.0,0.0,27.0,0.0,241.0,2.0,15.0,0.0,61.0,69.0,1300.0,4.0,5.0,588.0,961.0,12.0,2.0,21.0,0.0,0.0
ctx-rh-cuneus,0.0,0.0,0.0,49.0,0.0,0.0,1.0,2.0,1.0,1.0,6.0,3.0,0.0,1.0,0.0,0.0,0.0,0.0,0.0,0.0,0.0,4.0,0.0,0.0,0.0,4.0,0.0,0.0,0.0,4.0,0.0,0.0,0.0,0.0,3.0,0.0,0.0,1343.0,0.0,0.0,25.0,29.0,5.0,1.0,22.0,515.0,0.0,269.0,0.0,6.0,0.0,0.0,0.0,0.0,0.0,1659.0,0.0,0.0,0.0,173.0,0.0,0.0,0.0,760.0,1.0,1.0,0.0,0.0
ctx-rh-entorhinal,0.0,0.0,0.0,0.0,0.0,0.0,0.0,0.0,0.0,0.0,0.0,0.0,0.0,0.0,0.0,0.0,0.0,0.0,0.0,0.0,0.0,0.0,0.0,0.0,0.0,0.0,0.0,0.0,0.0,1.0,0.0,0.0,0.0,0.0,0.0,0.0,0.0,0.0,181.0,0.0,56.0,0.0,110.0,4.0,0.0,0.0,0.0,1.0,0.0,6.0,0.0,82.0,0.0,0.0,0.0,0.0,0.0,0.0,0.0,0.0,0.0,0.0,0.0,0.0,7.0,0.0,131.0,0.0
ctx-rh-frontalpole,0.0,1.0,0.0,0.0,0.0,0.0,0.0,0.0,0.0,0.0,0.0,0.0,0.0,0.0,0.0,0.0,0.0,0.0,0.0,0.0,0.0,0.0,0.0,0.0,0.0,0.0,3.0,1.0,0.0,0.0,0.0,0.0,0.0,0.0,0.0,0.0,0.0,0.0,0.0,93.0,0.0,0.0,0.0,2.0,0.0,0.0,131.0,0.0,352.0,0.0,0.0,0.0,0.0,10.0,4.0,0.0,0.0,0.0,0.0,0.0,11.0,166.0,189.0,0.0,0.0,0.0,0.0,0.0
ctx-rh-fusiform,0.0,0.0,1.0,1.0,0.0,0.0,3.0,5.0,0.0,0.0,5.0,0.0,0.0,0.0,0.0,0.0,1.0,1.0,0.0,0.0,0.0,0.0,0.0,2.0,0.0,9.0,0.0,0.0,0.0,14.0,0.0,1.0,0.0,0.0,36.0,0.0,0.0,25.0,56.0,0.0,3440.0,164.0,1907.0,16.0,40.0,1491.0,0.0,642.0,0.0,250.0,0.0,115.0,0.0,1.0,0.0,105.0,0.0,2.0,3.0,77.0,0.0,0.0,0.0,62.0,55.0,6.0,68.0,0.0
ctx-rh-inferiorparietal,2.0,0.0,3.0,0.0,0.0,0.0,1.0,19.0,2.0,4.0,17.0,4.0,0.0,14.0,0.0,2.0,2.0,2.0,0.0,0.0,0.0,5.0,6.0,13.0,6.0,38.0,0.0,0.0,2.0,49.0,3.0,10.0,0.0,2.0,412.0,0.0,4.0,29.0,0.0,0.0,164.0,7373.0,286.0,76.0,104.0,952.0,0.0,50.0,0.0,645.0,10.0,5.0,1.0,0.0,0.0,28.0,114.0,19.0,62.0,228.0,0.0,0.0,5.0,1505.0,137.0,936.0,0.0,17.0
ctx-rh-inferiortemporal,0.0,0.0,0.0,1.0,0.0,0.0,0.0,3.0,0.0,0.0,7.0,2.0,0.0,5.0,0.0,0.0,2.0,1.0,0.0,0.0,0.0,1.0,0.0,0.0,1.0,7.0,0.0,0.0,2.0,11.0,1.0,0.0,0.0,0.0,180.0,0.0,0.0,5.0,110.0,0.0,1907.0,286.0,3708.0,104.0,27.0,374.0,2.0,101.0,0.0,1710.0,2.0,126.0,0.0,0.0,1.0,9.0,3.0,4.0,1.0,29.0,0.0,0.0,1.0,55.0,223.0,16.0,167.0,8.0
ctx-rh-insula,0.0,7.0,6.0,2.0,0.0,0.0,1.0,4.0,0.0,1.0,12.0,0.0,2.0,0.0,0.0,1.0,4.0,0.0,7.0,1.0,1.0,1.0,7.0,24.0,12.0,10.0,8.0,9.0,25.0,12.0,0.0,1.0,0.0,0.0,52.0,28.0,60.0,1.0,4.0,2.0,16.0,76.0,104.0,1352.0,17.0,3.0,319.0,4.0,5.0,142.0,61.0,6.0,186.0,20.0,136.0,0.0,200.0,84.0,251.0,49.0,10.0,133.0,134.0,92.0,390.0,273.0,34.0,97.0
ctx-rh-isthmuscingulate,6.0,1.0,1.0,10.0,0.0,0.0,12.0,56.0,6.0,12.0,122.0,12.0,0.0,27.0,0.0,5.0,7.0,4.0,1.0,0.0,0.0,3.0,14.0,27.0,9.0,91.0,0.0,0.0,1.0,106.0,15.0,15.0,0.0,6.0,21.0,5.0,2.0,22.0,0.0,0.0,40.0,104.0,27.0,17.0,497.0,30.0,1.0,115.0,0.0,23.0,27.0,41.0,0.0,0.0,0.0,20.0,20.0,268.0,20.0,965.0,0.0,0.0,8.0,209.0,37.0,25.0,0.0,3.0
ctx-rh-lateraloccipital,0.0,0.0,0.0,7.0,0.0,0.0,5.0,8.0,1.0,0.0,18.0,3.0,0.0,10.0,0.0,2.0,0.0,1.0,0.0,0.0,0.0,0.0,1.0,1.0,0.0,17.0,0.0,0.0,0.0,19.0,1.0,2.0,0.0,0.0,31.0,0.0,0.0,515.0,0.0,0.0,1491.0,952.0,374.0,3.0,30.0,7367.0,0.0,734.0,0.0,94.0,0.0,8.0,0.0,0.0,0.0,782.0,0.0,3.0,0.0,130.0,0.0,0.0,0.0,651.0,21.0,7.0,0.0,0.0
ctx-rh-lateralorbitofrontal,0.0,4.0,1.0,0.0,0.0,1.0,0.0,0.0,0.0,1.0,0.0,0.0,3.0,0.0,6.0,0.0,0.0,0.0,1.0,0.0,0.0,0.0,0.0,0.0,0.0,0.0,9.0,9.0,11.0,0.0,0.0,0.0,0.0,0.0,0.0,12.0,2.0,0.0,0.0,131.0,0.0,0.0,2.0,319.0,1.0,0.0,2213.0,0.0,890.0,0.0,0.0,0.0,13.0,625.0,278.0,0.0,0.0,0.0,0.0,0.0,149.0,605.0,129.0,0.0,0.0,0.0,0.0,0.0
ctx-rh-lingual,0.0,0.0,0.0,3.0,0.0,0.0,3.0,11.0,0.0,0.0,19.0,4.0,0.0,16.0,0.0,0.0,0.0,1.0,0.0,0.0,0.0,3.0,0.0,0.0,1.0,19.0,0.0,0.0,1.0,25.0,2.0,2.0,0.0,0.0,9.0,0.0,0.0,269.0,1.0,0.0,642.0,50.0,101.0,4.0,115.0,734.0,0.0,4399.0,0.0,46.0,0.0,199.0,0.0,0.0,0.0,1569.0,2.0,4.0,1.0,275.0,0.0,0.0,0.0,119.0,25.0,3.0,0.0,1.0
ctx-rh-medialorbitofrontal,0.0,10.0,0.0,0.0,0.0,0.0,0.0,0.0,0.0,4.0,0.0,0.0,5.0,0.0,12.0,0.0,0.0,0.0,1.0,0.0,0.0,0.0,0.0,0.0,0.0,0.0,46.0,6.0,4.0,0.0,0.0,0.0,0.0,0.0,0.0,11.0,0.0,0.0,0.0,352.0,0.0,0.0,0.0,5.0,0.0,0.0,890.0,0.0,1450.0,0.0,0.0,0.0,0.0,14.0,12.0,0.0,0.0,0.0,0.0,0.0,565.0,300.0,312.0,0.0,0.0,0.0,0.0,0.0
ctx-rh-middletemporal,0.0,0.0,0.0,2.0,0.0,0.0,1.0,4.0,1.0,1.0,9.0,1.0,0.0,5.0,0.0,2.0,1.0,0.0,0.0,0.0,0.0,1.0,2.0,1.0,1.0,9.0,0.0,0.0,1.0,17.0,3.0,2.0,0.0,1.0,729.0,0.0,0.0,6.0,6.0,0.0,250.0,645.0,1710.0,142.0,23.0,94.0,0.0,46.0,0.0,4388.0,4.0,86.0,0.0,0.0,0.0,9.0,12.0,4.0,6.0,30.0,0.0,0.0,1.0,65.0,726.0,58.0,92.0,9.0
ctx-rh-paracentral,0.0,8.0,13.0,0.0,0.0,0.0,0.0,1.0,0.0,4.0,8.0,0.0,0.0,2.0,0.0,1.0,11.0,0.0,0.0,0.0,0.0,1.0,14.0,69.0,39.0,8.0,0.0,0.0,15.0,11.0,2.0,2.0,0.0,1.0,4.0,17.0,27.0,0.0,0.0,0.0,0.0,10.0,2.0,61.0,27.0,0.0,0.0,0.0,0.0,4.0,1806.0,2.0,5.0,0.0,1.0,1.0,613.0,454.0,1037.0,193.0,0.0,0.0,516.0,198.0,7.0,27.0,0.0,0.0
ctx-rh-parahippocampal,0.0,0.0,0.0,0.0,0.0,0.0,2.0,1.0,0.0,0.0,1.0,1.0,0.0,2.0,0.0,0.0,0.0,0.0,0.0,0.0,0.0,0.0,0.0,0.0,0.0,3.0,0.0,0.0,0.0,4.0,0.0,1.0,0.0,0.0,2.0,0.0,0.0,0.0,82.0,0.0,115.0,5.0,126.0,6.0,41.0,8.0,0.0,199.0,0.0,86.0,2.0,348.0,0.0,0.0,0.0,2.0,1.0,1.0,0.0,13.0,0.0,0.0,1.0,5.0,13.0,1.0,4.0,0.0
ctx-rh-parsopercularis,0.0,16.0,4.0,0.0,0.0,0.0,0.0,0.0,0.0,2.0,1.0,0.0,0.0,0.0,0.0,0.0,0.0,0.0,1.0,0.0,0.0,0.0,0.0,1.0,4.0,0.0,10.0,8.0,23.0,0.0,0.0,0.0,0.0,0.0,1.0,38.0,241.0,0.0,0.0,0.0,0.0,1.0,0.0,186.0,0.0,0.0,13.0,0.0,0.0,0.0,5.0,0.0,1517.0,5.0,519.0,0.0,39.0,10.0,600.0,1.0,5.0,311.0,158.0,1.0,0.0,12.0,0.0,0.0
ctx-rh-parsorbitalis,0.0,2.0,0.0,0.0,0.0,0.0,0.0,0.0,0.0,0.0,0.0,0.0,3.0,0.0,1.0,0.0,0.0,0.0,1.0,0.0,0.0,0.0,0.0,0.0,0.0,0.0,7.0,3.0,3.0,0.0,0.0,0.0,0.0,0.0,0.0,8.0,2.0,0.0,0.0,10.0,1.0,0.0,0.0,20.0,0.0,0.0,625.0,0.0,14.0,0.0,0.0,0.0,5.0,729.0,407.0,0.0,1.0,0.0,1.0,0.0,28.0,556.0,47.0,0.0,1.0,0.0,0.0,0.0
ctx-rh-parstriangularis,0.0,14.0,2.0,0.0,0.0,0.0,0.0,0.0,0.0,4.0,0.0,0.0,5.0,0.0,3.0,0.0,0.0,0.0,6.0,0.0,9.0,0.0,0.0,0.0,0.0,0.0,13.0,14.0,17.0,0.0,0.0,0.0,0.0,0.0,0.0,32.0,15.0,0.0,0.0,4.0,0.0,0.0,1.0,136.0,0.0,0.0,278.0,0.0,12.0,0.0,1.0,0.0,519.0,407.0,1391.0,0.0,2.0,1.0,17.0,0.0,30.0,957.0,121.0,0.0,2.0,0.0,0.0,0.0
ctx-rh-pericalcarine,0.0,0.0,0.0,44.0,0.0,0.0,0.0,1.0,0.0,0.0,2.0,2.0,0.0,3.0,0.0,1.0,0.0,0.0,0.0,0.0,0.0,5.0,1.0,0.0,0.0,3.0,0.0,0.0,0.0,3.0,0.0,1.0,0.0,0.0,2.0,0.0,0.0,1659.0,0.0,0.0,105.0,28.0,9.0,0.0,20.0,782.0,0.0,1569.0,0.0,9.0,1.0,2.0,0.0,0.0,0.0,803.0,0.0,1.0,0.0,161.0,0.0,0.0,0.0,210.0,6.0,2.0,0.0,0.0
ctx-rh-postcentral,0.0,5.0,5.0,0.0,0.0,0.0,0.0,1.0,1.0,1.0,6.0,0.0,0.0,1.0,0.0,0.0,4.0,0.0,1.0,0.0,0.0,1.0,3.0,21.0,16.0,5.0,0.0,2.0,9.0,9.0,1.0,0.0,0.0,0.0,25.0,5.0,61.0,0.0,0.0,0.0,0.0,114.0,3.0,200.0,20.0,0.0,0.0,2.0,0.0,12.0,613.0,1.0,39.0,1.0,2.0,0.0,5121.0,82.0,1787.0,111.0,0.0,3.0,60.0,632.0,31.0,1594.0,0.0,8.0
ctx-rh-posteriorcingulate,1.0,43.0,36.0,0.0,0.0,0.0,0.0,11.0,2.0,9.0,23.0,1.0,0.0,2.0,0.0,1.0,43.0,1.0,3.0,0.0,0.0,0.0,34.0,201.0,86.0,26.0,0.0,2.0,73.0,47.0,7.0,9.0,0.0,1.0,11.0,255.0,69.0,0.0,0.0,0.0,2.0,19.0,4.0,84.0,268.0,3.0,0.0,4.0,0.0,4.0,454.0,1.0,10.0,0.0,1.0,1.0,82.0,1155.0,291.0,404.0,4.0,4.0,545.0,131.0,15.0,49.0,0.0,2.0
ctx-rh-precentral,0.0,25.0,16.0,0.0,0.0,0.0,0.0,0.0,0.0,6.0,5.0,0.0,0.0,1.0,0.0,0.0,11.0,0.0,2.0,0.0,0.0,1.0,14.0,61.0,57.0,7.0,1.0,7.0,67.0,11.0,0.0,3.0,0.0,2.0,13.0,49.0,1300.0,0.0,0.0,0.0,3.0,62.0,1.0,251.0,20.0,0.0,0.0,1.0,0.0,6.0,1037.0,0.0,600.0,1.0,17.0,0.0,1787.0,291.0,8412.0,61.0,0.0,42.0,1033.0,234.0,15.0,415.0,0.0,5.0
ctx-rh-precuneus,2.0,0.0,1.0,15.0,0.0,0.0,14.0,67.0,6.0,12.0,150.0,26.0,0.0,38.0,0.0,8.0,11.0,6.0,1.0,0.0,0.0,14.0,26.0,70.0,26.0,118.0,0.0,1.0,7.0,134.0,5.0,18.0,2.0,8.0,30.0,1.0,4.0,173.0,0.0,0.0,77.0,228.0,29.0,49.0,965.0,130.0,0.0,275.0,0.0,30.0,193.0,13.0,1.0,0.0,0.0,161.0,111.0,404.0,61.0,3879.0,0.0,0.0,16.0,2132.0,47.0,68.0,0.0,7.0
ctx-rh-rostralanteriorcingulate,0.0,21.0,0.0,0.0,0.0,1.0,0.0,0.0,0.0,2.0,0.0,0.0,13.0,0.0,19.0,0.0,0.0,0.0,2.0,3.0,4.0,0.0,0.0,0.0,0.0,0.0,110.0,41.0,49.0,0.0,0.0,0.0,0.0,0.0,0.0,98.0,5.0,0.0,0.0,11.0,0.0,0.0,0.0,10.0,0.0,0.0,149.0,0.0,565.0,0.0,0.0,0.0,5.0,28.0,30.0,0.0,0.0,4.0,0.0,0.0,515.0,184.0,354.0,0.0,1.0,0.0,0.0,0.0
ctx-rh-rostralmiddlefrontal,0.0,50.0,9.0,0.0,0.0,2.0,0.0,0.0,0.0,10.0,0.0,0.0,12.0,0.0,12.0,0.0,0.0,0.0,8.0,4.0,6.0,0.0,0.0,0.0,2.0,0.0,42.0,60.0,88.0,0.0,1.0,0.0,0.0,1.0,0.0,147.0,588.0,0.0,0.0,166.0,0.0,0.0,0.0,133.0,0.0,0.0,605.0,0.0,300.0,0.0,0.0,0.0,311.0,556.0,957.0,0.0,3.0,4.0,42.0,0.0,184.0,5735.0,1944.0,0.0,2.0,2.0,0.0,0.0
ctx-rh-superiorfrontal,0.0,196.0,81.0,0.0,0.0,0.0,0.0,0.0,0.0,39.0,3.0,2.0,10.0,1.0,8.0,0.0,9.0,1.0,46.0,2.0,9.0,0.0,7.0,73.0,67.0,3.0,72.0,101.0,270.0,4.0,0.0,0.0,0.0,0.0,1.0,857.0,961.0,0.0,0.0,189.0,0.0,5.0,1.0,134.0,8.0,0.0,129.0,0.0,312.0,1.0,516.0,1.0,158.0,47.0,121.0,0.0,60.0,545.0,1033.0,16.0,354.0,1944.0,10859.0,30.0,2.0,20.0,0.0,0.0
ctx-rh-superiorparietal,3.0,3.0,0.0,4.0,0.0,0.0,8.0,39.0,2.0,7.0,52.0,8.0,0.0,25.0,0.0,2.0,10.0,3.0,0.0,0.0,0.0,11.0,12.0,34.0,12.0,61.0,0.0,0.0,7.0,86.0,3.0,7.0,0.0,6.0,43.0,2.0,12.0,760.0,0.0,0.0,62.0,1505.0,55.0,92.0,209.0,651.0,0.0,119.0,0.0,65.0,198.0,5.0,1.0,0.0,0.0,210.0,632.0,131.0,234.0,2132.0,0.0,0.0,30.0,6567.0,61.0,431.0,3.0,15.0
ctx-rh-superiortemporal,1.0,1.0,0.0,3.0,0.0,0.0,2.0,4.0,0.0,0.0,12.0,5.0,0.0,4.0,0.0,0.0,0.0,0.0,0.0,0.0,0.0,1.0,4.0,7.0,4.0,17.0,0.0,0.0,0.0,22.0,0.0,3.0,0.0,1.0,1012.0,1.0,2.0,1.0,7.0,0.0,55.0,137.0,223.0,390.0,37.0,21.0,0.0,25.0,0.0,726.0,7.0,13.0,0.0,1.0,2.0,6.0,31.0,15.0,15.0,47.0,1.0,2.0,2.0,61.0,4375.0,328.0,79.0,650.0
ctx-rh-supramarginal,0.0,3.0,1.0,0.0,0.0,0.0,2.0,7.0,0.0,4.0,10.0,4.0,0.0,0.0,0.0,1.0,2.0,0.0,0.0,0.0,0.0,1.0,4.0,20.0,8.0,13.0,0.0,0.0,4.0,19.0,5.0,5.0,0.0,0.0,429.0,7.0,21.0,1.0,0.0,0.0,6.0,936.0,16.0,273.0,25.0,7.0,0.0,3.0,0.0,58.0,27.0,1.0,12.0,0.0,0.0,2.0,1594.0,49.0,415.0,68.0,0.0,2.0,20.0,431.0,328.0,4834.0,0.0,39.0
ctx-rh-temporalpole,0.0,0.0,0.0,0.0,0.0,0.0,0.0,0.0,0.0,0.0,0.0,0.0,0.0,0.0,0.0,0.0,0.0,0.0,0.0,0.0,0.0,0.0,0.0,0.0,0.0,0.0,0.0,0.0,0.0,0.0,0.0,0.0,0.0,0.0,1.0,0.0,0.0,0.0,131.0,0.0,68.0,0.0,167.0,34.0,0.0,0.0,0.0,0.0,0.0,92.0,0.0,4.0,0.0,0.0,0.0,0.0,0.0,0.0,0.0,0.0,0.0,0.0,0.0,3.0,79.0,0.0,174.0,0.0
ctx-rh-transversetemporal,0.0,0.0,0.0,0.0,0.0,0.0,0.0,1.0,0.0,0.0,2.0,1.0,0.0,0.0,0.0,0.0,0.0,0.0,0.0,0.0,0.0,0.0,0.0,2.0,2.0,0.0,0.0,0.0,1.0,1.0,0.0,0.0,0.0,0.0,48.0,0.0,0.0,0.0,0.0,0.0,0.0,17.0,8.0,97.0,3.0,0.0,0.0,1.0,0.0,9.0,0.0,0.0,0.0,0.0,0.0,0.0,8.0,2.0,5.0,7.0,0.0,0.0,0.0,15.0,650.0,39.0,0.0,231.0
