,ctx-lh-bankssts,ctx-lh-caudalanteriorcingulate,ctx-lh-caudalmiddlefrontal,ctx-lh-cuneus,ctx-lh-entorhinal,ctx-lh-frontalpole,ctx-lh-fusiform,ctx-lh-inferiorparietal,ctx-lh-inferiortemporal,ctx-lh-insula,ctx-lh-isthmuscingulate,ctx-lh-lateraloccipital,ctx-lh-lateralorbitofrontal,ctx-lh-lingual,ctx-lh-medialorbitofrontal,ctx-lh-middletemporal,ctx-lh-paracentral,ctx-lh-parahippocampal,ctx-lh-parsopercularis,ctx-lh-parsorbitalis,ctx-lh-parstriangularis,ctx-lh-pericalcarine,ctx-lh-postcentral,ctx-lh-posteriorcingulate,ctx-lh-precentral,ctx-lh-precuneus,ctx-lh-rostralanteriorcingulate,ctx-lh-rostralmiddlefrontal,ctx-lh-superiorfrontal,ctx-lh-superiorparietal,ctx-lh-superiortemporal,ctx-lh-supramarginal,ctx-lh-temporalpole,ctx-lh-transversetemporal,ctx-rh-bankssts,ctx-rh-caudalanteriorcingulate,ctx-rh-caudalmiddlefrontal,ctx-rh-cuneus,ctx-rh-entorhinal,ctx-rh-frontalpole,ctx-rh-fusiform,ctx-rh-inferiorparietal,ctx-rh-inferiortemporal,ctx-rh-insula,ctx-rh-isthmuscingulate,ctx-rh-lateraloccipital,ctx-rh-lateralorbitofrontal,ctx-rh-lingual,ctx-rh-medialorbitofrontal,ctx-rh-middletemporal,ctx-rh-paracentral,ctx-rh-parahippocampal,ctx-rh-parsopercularis,ctx-rh-parsorbitalis,ctx-rh-parstriangularis,ctx-rh-pericalcarine,ctx-rh-postcentral,ctx-rh-posteriorcingulate,ctx-rh-precentral,ctx-rh-precuneus,ctx-rh-rostralanteriorcingulate,ctx-rh-rostralmiddlefrontal,ctx-rh-superiorfrontal,ctx-rh-superiorparietal,ctx-rh-superiortemporal,ctx-rh-supramarginal,ctx-rh-temporalpole,ctx-rh-transversetemporal
ctx-lh-bankssts,810.0,0.0,0.0,6.0,0.0,0.0,11.0,332.0,163.0,18.0,9.0,23.0,0.0,7.0,0.0,603.0,1.0,0.0,1.0,0.0,0.0,2.0,9.0,3.0,11.0,20.0,0.0,0.0,0.0,37.0,928.0,285.0,1.0,21.0,0.0,0.0,1.0,1.0,0.0,0.0,0.0,1.0,0.0,0.0,3.0,2.0,0.0,1.0,0.0,1.0,1.0,0.0,0.0,0.0,0.0,1.0,0.0,5.0,0.0,6.0,0.0,0.0,0.0,4.0,0.0,1.0,0.0,0.0
ctx-lh-caudalanteriorcingulate,0.0,479.0,60.0,0.0,0.0,0.0,0.0,0.0,0.0,17.0,4.0,0.0,7.0,0.0,2.0,0.0,23.0,0.0,28.0,1.0,9.0,0.0,3.0,216.0,34.0,4.0,273.0,101.0,643.0,1.0,0.0,1.0,0.0,0.0,0.0,168.0,4.0,0.0,0.0,0.0,0.0,0.0,0.0,2.0,0.0,0.0,1.0,0.0,4.0,0.0,2.0,0.0,4.0,1.0,8.0,0.0,1.0,6.0,2.0,1.0,35.0,43.0,73.0,1.0,0.0,0.0,0.0,0.0
ctx-lh-caudalmiddlefrontal,0.0,60.0,2829.0,0.0,0.0,0.0,0.0,1.0,0.0,35.0,0.0,0.0,6.0,0.0,0.0,0.0,18.0,0.0,187.0,0.0,21.0,0.0,70.0,19.0,1071.0,4.0,10.0,1078.0,1050.0,9.0,0.0,10.0,0.0,0.0,0.0,33.0,0.0,0.0,0.0,0.0,0.0,1.0,0.0,1.0,0.0,0.0,0.0,0.0,0.0,0.0,2.0,0.0,0.0,0.0,0.0,0.0,1.0,1.0,1.0,0.0,0.0,11.0,34.0,1.0,0.0,0.0,0.0,0.0
ctx-lh-cuneus,6.0,0.0,0.0,1433.0,0.0,0.0,23.0,75.0,11.0,1.0,28.0,737.0,0.0,156.0,0.0,10.0,0.0,2.0,0.0,0.0,0.0,1438.0,2.0,0.0,1.0,256.0,0.0,0.0,0.0,713.0,2.0,5.0,0.0,1.0,1.0,0.0,0.0,7.0,0.0,0.0,2.0,1.0,2.0,0.0,3.0,9.0,0.0,3.0,0.0,2.0,0.0,0.0,0.0,0.0,0.0,2.0,0.0,2.0,1.0,12.0,0.0,0.0,0.0,8.0,4.0,0.0,0.0,0.0
ctx-lh-entorhinal,0.0,0.0,0.0,0.0,249.0,0.0,133.0,0.0,165.0,7.0,0.0,1.0,0.0,1.0,0.0,203.0,0.0,82.0,0.0,0.0,0.0,0.0,0.0,0.0,0.0,0.0,0.0,0.0,0.0,0.0,82.0,0.0,252.0,0.0,0.0,0.0,0.0,0.0,0.0,0.0,0.0,0.0,0.0,0.0,0.0,0.0,0.0,0.0,0.0,0.0,0.0,0.0,0.0,0.0,0.0,0.0,0.0,1.0,0.0,0.0,0.0,0.0,0.0,0.0,0.0,0.0,0.0,0.0
ctx-lh-frontalpole,0.0,0.0,0.0,0.0,0.0,40.0,0.0,0.0,0.0,0.0,0.0,0.0,21.0,0.0,117.0,0.0,0.0,0.0,0.0,0.0,0.0,0.0,0.0,0.0,0.0,0.0,0.0,90.0,36.0,0.0,0.0,0.0,0.0,0.0,0.0,0.0,0.0,0.0,0.0,0.0,0.0,0.0,0.0,0.0,0.0,0.0,0.0,0.0,0.0,0.0,0.0,0.0,0.0,0.0,0.0,0.0,0.0,0.0,0.0,0.0,0.0,0.0,0.0,0.0,0.0,0.0,0.0,0.0
ctx-lh-fusiform,11.0,0.0,0.0,23.0,133.0,0.0,2992.0,56.0,1625.0,28.0,9.0,1151.0,0.0,577.0,0.0,289.0,0.0,84.0,0.0,0.0,0.0,108.0,1.0,0.0,1.0,31.0,0.0,0.0,0.0,22.0,144.0,6.0,101.0,6.0,0.0,0.0,0.0,1.0,0.0,0.0,1.0,0.0,1.0,0.0,3.0,1.0,0.0,0.0,0.0,0.0,0.0,0.0,0.0,0.0,0.0,1.0,0.0,0.0,0.0,10.0,0.0,0.0,1.0,2.0,0.0,0.0,0.0,0.0
ctx-lh-inferiorparietal,332.0,0.0,1.0,75.0,0.0,0.0,56.0,6220.0,237.0,47.0,24.0,855.0,0.0,19.0,0.0,414.0,4.0,1.0,3.0,0.0,0.0,34.0,73.0,9.0,46.0,227.0,0.0,2.0,2.0,1001.0,173.0,1066.0,0.0,18.0,0.0,0.0,1.0,1.0,0.0,0.0,0.0,3.0,3.0,2.0,8.0,3.0,0.0,3.0,0.0,0.0,2.0,0.0,0.0,0.0,0.0,1.0,2.0,6.0,0.0,23.0,0.0,1.0,0.0,4.0,4.0,0.0,0.0,3.0
ctx-lh-inferiortemporal,163.0,0.0,0.0,11.0,165.0,0.0,1625.0,237.0,3369.0,35.0,10.0,237.0,0.0,101.0,0.0,1921.0,0.0,57.0,0.0,0.0,0.0,24.0,8.0,3.0,6.0,54.0,0.0,0.0,0.0,32.0,182.0,37.0,156.0,9.0,1.0,0.0,0.0,0.0,0.0,0.0,2.0,2.0,0.0,1.0,3.0,5.0,0.0,5.0,0.0,4.0,0.0,0.0,0.0,0.0,0.0,1.0,0.0,1.0,0.0,9.0,0.0,0.0,0.0,4.0,2.0,0.0,0.0,0.0
ctx-lh-insula,18.0,17.0,35.0,1.0,7.0,0.0,28.0,47.0,35.0,1586.0,9.0,12.0,336.0,12.0,36.0,73.0,11.0,7.0,197.0,6.0,56.0,4.0,212.0,22.0,264.0,47.0,55.0,112.0,129.0,67.0,214.0,268.0,7.0,90.0,0.0,6.0,0.0,0.0,0.0,0.0,1.0,1.0,1.0,2.0,7.0,1.0,0.0,0.0,0.0,0.0,1.0,0.0,0.0,0.0,0.0,0.0,1.0,4.0,4.0,9.0,1.0,1.0,7.0,4.0,2.0,1.0,0.0,0.0
ctx-lh-isthmuscingulate,9.0,4.0,0.0,28.0,0.0,0.0,9.0,24.0,10.0,9.0,629.0,36.0,0.0,125.0,0.0,5.0,10.0,65.0,0.0,0.0,0.0,40.0,7.0,291.0,4.0,821.0,0.0,0.0,7.0,39.0,12.0,20.0,0.0,7.0,1.0,3.0,1.0,1.0,0.0,0.0,6.0,16.0,9.0,4.0,68.0,7.0,0.0,8.0,0.0,3.0,14.0,3.0,1.0,0.0,1.0,5.0,2.0,52.0,7.0,73.0,0.0,1.0,7.0,27.0,17.0,5.0,0.0,3.0
ctx-lh-lateraloccipital,23.0,0.0,0.0,737.0,1.0,0.0,1151.0,855.0,237.0,12.0,36.0,7236.0,0.0,684.0,0.0,158.0,0.0,5.0,0.0,0.0,0.0,830.0,2.0,7.0,1.0,129.0,0.0,0.0,0.0,535.0,38.0,16.0,1.0,3.0,1.0,0.0,0.0,3.0,0.0,0.0,1.0,6.0,4.0,3.0,12.0,11.0,0.0,7.0,0.0,2.0,0.0,0.0,0.0,0.0,0.0,1.0,1.0,3.0,1.0,18.0,0.0,1.0,1.0,10.0,1.0,3.0,0.0,0.0
ctx-lh-lateralorbitofrontal,0.0,7.0,6.0,0.0,0.0,21.0,0.0,0.0,0.0,336.0,0.0,0.0,2653.0,0.0,2218.0,0.0,0.0,0.0,16.0,467.0,240.0,0.0,0.0,0.0,3.0,0.0,265.0,1022.0,122.0,0.0,3.0,0.0,0.0,0.0,0.0,1.0,0.0,0.0,0.0,0.0,0.0,0.0,0.0,0.0,0.0,0.0,1.0,0.0,0.0,0.0,0.0,0.0,0.0,0.0,0.0,0.0,0.0,0.0,0.0,0.0,2.0,0.0,1.0,0.0,0.0,0.0,0.0,0.0
ctx-lh-lingual,7.0,0.0,0.0,156.0,1.0,0.0,577.0,19.0,101.0,12.0,125.0,684.0,0.0,6125.0,0.0,36.0,0.0,212.0,0.0,0.0,0.0,1276.0,2.0,3.0,0.0,139.0,0.0,0.0,0.0,23.0,25.0,2.0,0.0,3.0,1.0,0.0,0.0,1.0,0.0,0.0,5.0,2.0,3.0,0.0,10.0,7.0,0.0,6.0,0.0,1.0,2.0,0.0,0.0,0.0,0.0,0.0,1.0,3.0,0.0,14.0,0.0,0.0,0.0,12.0,3.0,2.0,0.0,1.0
ctx-lh-medialorbitofrontal,0.0,2.0,0.0,0.0,0.0,117.0,0.0,0.0,0.0,36.0,0.0,0.0,2218.0,0.0,1318.0,0.0,1.0,0.0,5.0,47.0,35.0,0.0,1.0,0.0,0.0,0.0,248.0,1116.0,274.0,0.0,0.0,0.0,0.0,0.0,0.0,2.0,0.0,0.0,0.0,0.0,0.0,0.0,0.0,0.0,0.0,0.0,0.0,0.0,3.0,0.0,0.0,0.0,0.0,0.0,0.0,0.0,0.0,0.0,0.0,0.0,4.0,0.0,0.0,0.0,0.0,0.0,0.0,0.0
ctx-lh-middletemporal,603.0,0.0,0.0,10.0,203.0,0.0,289.0,414.0,1921.0,73.0,5.0,158.0,0.0,36.0,0.0,3465.0,0.0,25.0,0.0,0.0,0.0,13.0,5.0,3.0,4.0,38.0,0.0,0.0,0.0,31.0,555.0,60.0,342.0,20.0,1.0,0.0,0.0,0.0,0.0,0.0,0.0,3.0,4.0,1.0,5.0,1.0,0.0,1.0,0.0,1.0,2.0,0.0,0.0,0.0,0.0,1.0,0.0,2.0,3.0,11.0,0.0,0.0,1.0,4.0,2.0,1.0,0.0,1.0
ctx-lh-paracentral,1.0,23.0,18.0,0.0,0.0,0.0,0.0,4.0,0.0,11.0,10.0,0.0,0.0,0.0,1.0,0.0,1447.0,1.0,3.0,0.0,1.0,1.0,499.0,239.0,663.0,130.0,0.0,8.0,552.0,105.0,0.0,7.0,0.0,0.0,0.0,25.0,8.0,0.0,0.0,0.0,0.0,0.0,0.0,2.0,0.0,0.0,0.0,1.0,0.0,0.0,6.0,0.0,3.0,0.0,1.0,0.0,1.0,22.0,4.0,3.0,1.0,7.0,28.0,4.0,0.0,1.0,0.0,0.0
ctx-lh-parahippocampal,0.0,0.0,0.0,2.0,82.0,0.0,84.0,1.0,57.0,7.0,65.0,5.0,0.0,212.0,0.0,25.0,1.0,361.0,0.0,0.0,0.0,7.0,0.0,0.0,0.0,7.0,0.0,0.0,0.0,1.0,18.0,0.0,1.0,0.0,0.0,0.0,0.0,0.0,0.0,0.0,0.0,1.0,0.0,1.0,0.0,0.0,0.0,0.0,0.0,0.0,0.0,0.0,0.0,0.0,0.0,1.0,0.0,0.0,0.0,3.0,0.0,0.0,0.0,1.0,0.0,0.0,0.0,0.0
ctx-lh-parsopercularis,1.0,28.0,187.0,0.0,0.0,0.0,0.0,3.0,0.0,197.0,0.0,0.0,16.0,0.0,5.0,0.0,3.0,0.0,1579.0,10.0,534.0,0.0,49.0,5.0,618.0,4.0,23.0,563.0,157.0,9.0,3.0,14.0,0.0,0.0,0.0,10.0,0.0,0.0,0.0,0.0,0.0,0.0,0.0,2.0,0.0,0.0,0.0,0.0,0.0,0.0,0.0,0.0,1.0,0.0,0.0,0.0,1.0,0.0,0.0,0.0,0.0,1.0,5.0,0.0,0.0,0.0,0.0,0.0
ctx-lh-parsorbitalis,0.0,1.0,0.0,0.0,0.0,0.0,0.0,0.0,0.0,6.0,0.0,0.0,467.0,0.0,47.0,0.0,0.0,0.0,10.0,490.0,331.0,0.0,0.0,0.0,2.0,0.0,28.0,377.0,14.0,0.0,0.0,0.0,0.0,0.0,0.0,0.0,0.0,0.0,0.0,0.0,0.0,0.0,0.0,0.0,0.0,0.0,0.0,0.0,0.0,0.0,0.0,0.0,0.0,0.0,0.0,0.0,0.0,0.0,0.0,0.0,1.0,0.0,0.0,0.0,0.0,0.0,0.0,0.0
ctx-lh-parstriangularis,0.0,9.0,21.0,0.0,0.0,0.0,0.0,0.0,0.0,56.0,0.0,0.0,240.0,0.0,35.0,0.0,1.0,0.0,534.0,331.0,1038.0,0.0,4.0,2.0,12.0,0.0,48.0,781.0,68.0,0.0,0.0,0.0,0.0,0.0,0.0,2.0,0.0,0.0,0.0,0.0,0.0,0.0,0.0,0.0,0.0,0.0,0.0,0.0,0.0,0.0,0.0,0.0,0.0,0.0,0.0,0.0,0.0,0.0,0.0,0.0,0.0,0.0,2.0,0.0,0.0,0.0,0.0,0.0
ctx-lh-pericalcarine,2.0,0.0,0.0,1438.0,0.0,0.0,108.0,34.0,24.0,4.0,40.0,830.0,0.0,1276.0,0.0,13.0,1.0,7.0,0.0,0.0,0.0,1251.0,1.0,4.0,1.0,160.0,0.0,0.0,1.0,106.0,9.0,0.0,2.0,2.0,3.0,0.0,0.0,1.0,0.0,0.0,3.0,3.0,2.0,0.0,13.0,5.0,0.0,1.0,0.0,1.0,0.0,1.0,0.0,0.0,0.0,2.0,0.0,0.0,0.0,24.0,0.0,0.0,0.0,9.0,5.0,1.0,0.0,0.0
ctx-lh-postcentral,9.0,3.0,70.0,2.0,0.0,0.0,1.0,73.0,8.0,212.0,7.0,2.0,0.0,2.0,1.0,5.0,499.0,0.0,49.0,0.0,4.0,1.0,5890.0,19.0,1792.0,176.0,1.0,12.0,60.0,697.0,39.0,1120.0,0.0,7.0,0.0,6.0,0.0,1.0,0.0,0.0,0.0,4.0,1.0,3.0,1.0,2.0,0.0,1.0,0.0,0.0,1.0,0.0,1.0,0.0,0.0,0.0,1.0,12.0,0.0,9.0,0.0,4.0,8.0,8.0,1.0,0.0,0.0,1.0
ctx-lh-posteriorcingulate,3.0,216.0,19.0,0.0,0.0,0.0,0.0,9.0,3.0,22.0,291.0,7.0,0.0,3.0,0.0,3.0,239.0,0.0,5.0,0.0,2.0,4.0,19.0,877.0,77.0,493.0,6.0,6.0,259.0,34.0,4.0,16.0,0.0,1.0,0.0,49.0,10.0,0.0,0.0,0.0,2.0,6.0,1.0,7.0,12.0,2.0,0.0,2.0,0.0,3.0,17.0,0.0,0.0,0.0,1.0,0.0,5.0,103.0,17.0,27.0,0.0,23.0,73.0,19.0,2.0,4.0,0.0,2.0
ctx-lh-precentral,11.0,34.0,1071.0,1.0,0.0,0.0,1.0,46.0,6.0,264.0,4.0,1.0,3.0,0.0,0.0,4.0,663.0,0.0,618.0,2.0,12.0,1.0,1792.0,77.0,7100.0,79.0,4.0,98.0,746.0,255.0,10.0,162.0,0.0,5.0,0.0,44.0,6.0,0.0,0.0,0.0,0.0,0.0,0.0,3.0,2.0,0.0,0.0,0.0,0.0,0.0,8.0,0.0,2.0,0.0,1.0,0.0,1.0,27.0,6.0,4.0,1.0,13.0,50.0,1.0,1.0,2.0,0.0,0.0
ctx-lh-precuneus,20.0,4.0,4.0,256.0,0.0,0.0,31.0,227.0,54.0,47.0,821.0,129.0,0.0,139.0,0.0,38.0,130.0,7.0,4.0,0.0,0.0,160.0,176.0,493.0,79.0,3924.0,0.0,2.0,24.0,1700.0,63.0,81.0,0.0,25.0,6.0,6.0,5.0,16.0,0.0,0.0,13.0,29.0,16.0,13.0,65.0,25.0,0.0,12.0,0.0,16.0,25.0,2.0,0.0,0.0,2.0,2.0,16.0,57.0,15.0,97.0,0.0,3.0,19.0,32.0,18.0,7.0,1.0,6.0
ctx-lh-rostralanteriorcingulate,0.0,273.0,10.0,0.0,0.0,0.0,0.0,0.0,0.0,55.0,0.0,0.0,265.0,0.0,248.0,0.0,0.0,0.0,23.0,28.0,48.0,0.0,1.0,6.0,4.0,0.0,769.0,414.0,506.0,0.0,0.0,0.0,0.0,0.0,0.0,52.0,0.0,0.0,0.0,0.0,0.0,0.0,0.0,2.0,0.0,0.0,5.0,0.0,12.0,0.0,0.0,0.0,1.0,0.0,10.0,0.0,0.0,0.0,0.0,0.0,86.0,16.0,20.0,0.0,0.0,0.0,0.0,0.0
ctx-lh-rostralmiddlefrontal,0.0,101.0,1078.0,0.0,0.0,90.0,0.0,2.0,0.0,112.0,0.0,0.0,1022.0,0.0,1116.0,0.0,8.0,0.0,563.0,377.0,781.0,0.0,12.0,6.0,98.0,2.0,414.0,7135.0,2770.0,8.0,0.0,4.0,0.0,0.0,0.0,22.0,1.0,0.0,0.0,0.0,0.0,0.0,0.0,1.0,0.0,0.0,0.0,0.0,3.0,0.0,0.0,0.0,0.0,0.0,2.0,0.0,0.0,0.0,1.0,0.0,7.0,3.0,4.0,0.0,0.0,1.0,0.0,0.0
ctx-lh-superiorfrontal,0.0,643.0,1050.0,0.0,0.0,36.0,0.0,2.0,0.0,129.0,7.0,0.0,122.0,0.0,274.0,0.0,552.0,0.0,157.0,14.0,68.0,1.0,60.0,259.0,746.0,24.0,506.0,2770.0,9471.0,29.0,0.0,13.0,0.0,1.0,0.0,144.0,11.0,0.0,0.0,0.0,0.0,2.0,0.0,4.0,2.0,0.0,1.0,0.0,2.0,0.0,5.0,0.0,5.0,0.0,1.0,0.0,1.0,17.0,3.0,2.0,13.0,44.0,99.0,2.0,0.0,0.0,0.0,0.0
ctx-lh-superiorparietal,37.0,1.0,9.0,713.0,0.0,0.0,22.0,1001.0,32.0,67.0,39.0,535.0,0.0,23.0,0.0,31.0,105.0,1.0,9.0,0.0,0.0,106.0,697.0,34.0,255.0,1700.0,0.0,8.0,29.0,5362.0,45.0,606.0,0.0,16.0,3.0,5.0,4.0,0.0,0.0,0.0,0.0,3.0,7.0,8.0,19.0,2.0,0.0,5.0,0.0,4.0,4.0,1.0,0.0,0.0,0.0,2.0,5.0,19.0,3.0,15.0,0.0,1.0,11.0,13.0,7.0,2.0,0.0,2.0
ctx-lh-superiortemporal,928.0,0.0,0.0,2.0,82.0,0.0,144.0,173.0,182.0,214.0,12.0,38.0,3.0,25.0,0.0,555.0,0.0,18.0,3.0,0.0,0.0,9.0,39.0,4.0,10.0,63.0,0.0,0.0,0.0,45.0,4924.0,478.0,179.0,631.0,3.0,0.0,0.0,0.0,0.0,0.0,0.0,1.0,2.0,1.0,9.0,2.0,0.0,2.0,0.0,1.0,2.0,0.0,0.0,0.0,0.0,1.0,2.0,10.0,2.0,15.0,0.0,2.0,0.0,3.0,4.0,2.0,0.0,1.0
ctx-lh-supramarginal,285.0,1.0,10.0,5.0,0.0,0.0,6.0,1066.0,37.0,268.0,20.0,16.0,0.0,2.0,0.0,60.0,7.0,0.0,14.0,0.0,0.0,0.0,1120.0,16.0,162.0,81.0,0.0,4.0,13.0,606.0,478.0,5128.0,0.0,50.0,0.0,1.0,0.0,0.0,0.0,0.0,0.0,2.0,0.0,1.0,5.0,3.0,0.0,1.0,0.0,0.0,4.0,0.0,0.0,0.0,0.0,0.0,0.0,5.0,3.0,10.0,0.0,3.0,3.0,3.0,1.0,3.0,0.0,0.0
ctx-lh-temporalpole,1.0,0.0,0.0,0.0,252.0,0.0,101.0,0.0,156.0,7.0,0.0,1.0,0.0,0.0,0.0,342.0,0.0,1.0,0.0,0.0,0.0,2.0,0.0,0.0,0.0,0.0,0.0,0.0,0.0,0.0,179.0,0.0,293.0,0.0,0.0,0.0,0.0,0.0,0.0,0.0,0.0,0.0,0.0,0.0,0.0,0.0,0.0,0.0,0.0,0.0,0.0,0.0,0.0,0.0,0.0,0.0,0.0,0.0,0.0,0.0,0.0,0.0,0.0,0.0,0.0,0.0,0.0,0.0
ctx-lh-transversetemporal,21.0,0.0,0.0,1.0,0.0,0.0,6.0,18.0,9.0,90.0,7.0,3.0,0.0,3.0,0.0,20.0,0.0,0.0,0.0,0.0,0.0,2.0,7.0,1.0,5.0,25.0,0.0,0.0,1.0,16.0,631.0,50.0,0.0,303.0,0.0,0.0,2.0,0.0,0.0,0.0,0.0,0.0,1.0,0.0,2.0,1.0,0.0,0.0,0.0,0.0,2.0,0.0,0.0,0.0,0.0,0.0,3.0,0.0,0.0,7.0,0.0,1.0,0.0,2.0,0.0,0.0,0.0,0.0
ctx-rh-bankssts,0.0,0.0,0.0,1.0,0.0,0.0,0.0,0.0,1.0,0.0,1.0,1.0,0.0,1.0,0.0,1.0,0.0,0.0,0.0,0.0,0.0,3.0,0.0,0.0,0.0,6.0,0.0,0.0,0.0,3.0,3.0,0.0,0.0,0.0,900.0,0.0,9.0,0.0,0.0,0.0,19.0,428.0,200.0,26.0,5.0,22.0,0.0,6.0,0.0,755.0,2.0,1.0,3.0,0.0,2.0,1.0,27.0,4.0,30.0,23.0,0.0,5.0,4.0,26.0,417.0,280.0,0.0,9.0
ctx-rh-caudalanteriorcingulate,0.0,168.0,33.0,0.0,0.0,0.0,0.0,0.0,0.0,6.0,3.0,0.0,1.0,0.0,2.0,0.0,25.0,0.0,10.0,0.0,2.0,0.0,6.0,49.0,44.0,6.0,52.0,22.0,144.0,5.0,0.0,1.0,0.0,0.0,0.0,886.0,25.0,0.0,0.0,0.0,0.0,3.0,0.0,27.0,8.0,0.0,16.0,0.0,11.0,1.0,20.0,0.0,19.0,4.0,47.0,0.0,4.0,288.0,11.0,5.0,253.0,261.0,1045.0,4.0,0.0,1.0,0.0,0.0
ctx-rh-caudalmiddlefrontal,1.0,4.0,0.0,0.0,0.0,0.0,0.0,1.0,0.0,0.0,1.0,0.0,0.0,0.0,0.0,0.0,8.0,0.0,0.0,0.0,0.0,0.0,0.0,10.0,6.0,5.0,0.0,1.0,11.0,4.0,0.0,0.0,0.0,2.0,9.0,25.0,2098.0,0.0,0.0,0.0,0.0,38.0,3.0,83.0,2.0,0.0,0.0,1.0,0.0,4.0,20.0,0.0,121.0,0.0,15.0,0.0,142.0,17.0,853.0,10.0,0.0,1038.0,772.0,57.0,6.0,72.0,0.0,2.0
ctx-rh-cuneus,1.0,0.0,0.0,7.0,0.0,0.0,1.0,1.0,0.0,0.0,1.0,3.0,0.0,1.0,0.0,0.0,0.0,0.0,0.0,0.0,0.0,1.0,1.0,0.0,0.0,16.0,0.0,0.0,0.0,0.0,0.0,0.0,0.0,0.0,0.0,0.0,0.0,1236.0,0.0,0.0,22.0,18.0,19.0,4.0,26.0,524.0,0.0,201.0,0.0,10.0,0.0,3.0,0.0,0.0,0.0,1536.0,0.0,0.0,1.0,225.0,0.0,1.0,0.0,495.0,2.0,0.0,0.0,0.0
ctx-rh-entorhinal,0.0,0.0,0.0,0.0,0.0,0.0,0.0,0.0,0.0,0.0,0.0,0.0,0.0,0.0,0.0,0.0,0.0,0.0,0.0,0.0,0.0,0.0,0.0,0.0,0.0,0.0,0.0,0.0,0.0,0.0,0.0,0.0,0.0,0.0,0.0,0.0,0.0,0.0,318.0,0.0,329.0,1.0,165.0,1.0,0.0,1.0,0.0,2.0,0.0,71.0,0.0,153.0,0.0,0.0,0.0,0.0,0.0,0.0,0.0,1.0,0.0,0.0,0.0,0.0,44.0,1.0,294.0,0.0
ctx-rh-frontalpole,0.0,0.0,0.0,0.0,0.0,0.0,0.0,0.0,0.0,0.0,0.0,0.0,0.0,0.0,0.0,0.0,0.0,0.0,0.0,0.0,0.0,0.0,0.0,0.0,0.0,0.0,0.0,0.0,0.0,0.0,0.0,0.0,0.0,0.0,0.0,0.0,0.0,0.0,0.0,88.0,0.0,0.0,0.0,0.0,0.0,0.0,85.0,0.0,403.0,0.0,0.0,0.0,0.0,7.0,6.0,0.0,0.0,0.0,0.0,0.0,6.0,287.0,99.0,0.0,0.0,0.0,0.0,0.0
ctx-rh-fusiform,0.0,0.0,0.0,2.0,0.0,0.0,1.0,0.0,2.0,1.0,6.0,1.0,0.0,5.0,0.0,0.0,0.0,0.0,0.0,0.0,0.0,3.0,0.0,2.0,0.0,13.0,0.0,0.0,0.0,0.0,0.0,0.0,0.0,0.0,19.0,0.0,0.0,22.0,329.0,0.0,3478.0,39.0,1318.0,18.0,24.0,1127.0,0.0,478.0,0.0,267.0,0.0,243.0,0.0,0.0,0.0,52.0,1.0,1.0,1.0,26.0,0.0,0.0,0.0,27.0,108.0,3.0,155.0,0.0
ctx-rh-inferiorparietal,1.0,0.0,1.0,1.0,0.0,0.0,0.0,3.0,2.0,1.0,16.0,6.0,0.0,2.0,0.0,3.0,0.0,1.0,0.0,0.0,0.0,3.0,4.0,6.0,0.0,29.0,0.0,0.0,2.0,3.0,1.0,2.0,0.0,0.0,428.0,3.0,38.0,18.0,1.0,0.0,39.0,4854.0,234.0,60.0,27.0,682.0,0.0,17.0,0.0,436.0,16.0,2.0,15.0,0.0,1.0,2.0,119.0,9.0,105.0,187.0,0.0,20.0,15.0,1035.0,139.0,1400.0,1.0,18.0
ctx-rh-inferiortemporal,0.0,0.0,0.0,2.0,0.0,0.0,1.0,3.0,0.0,1.0,9.0,4.0,0.0,3.0,0.0,4.0,0.0,0.0,0.0,0.0,0.0,2.0,1.0,1.0,0.0,16.0,0.0,0.0,0.0,7.0,2.0,0.0,0.0,1.0,200.0,0.0,3.0,19.0,165.0,0.0,1318.0,234.0,3038.0,59.0,16.0,320.0,2.0,124.0,0.0,1797.0,2.0,58.0,1.0,0.0,0.0,14.0,7.0,3.0,7.0,43.0,0.0,1.0,1.0,48.0,215.0,24.0,234.0,1.0
ctx-rh-insula,0.0,2.0,1.0,0.0,0.0,0.0,0.0,2.0,1.0,2.0,4.0,3.0,0.0,0.0,0.0,1.0,2.0,1.0,2.0,0.0,0.0,0.0,3.0,7.0,3.0,13.0,2.0,1.0,4.0,8.0,1.0,1.0,0.0,0.0,26.0,27.0,83.0,4.0,1.0,0.0,18.0,60.0,59.0,1410.0,10.0,6.0,317.0,14.0,22.0,65.0,10.0,2.0,205.0,9.0,169.0,3.0,205.0,12.0,188.0,22.0,17.0,204.0,102.0,43.0,344.0,223.0,5.0,98.0
ctx-rh-isthmuscingulate,3.0,0.0,0.0,3.0,0.0,0.0,3.0,8.0,3.0,7.0,68.0,12.0,0.0,10.0,0.0,5.0,0.0,0.0,0.0,0.0,0.0,13.0,1.0,12.0,2.0,65.0,0.0,0.0,2.0,19.0,9.0,5.0,0.0,2.0,5.0,8.0,2.0,26.0,0.0,0.0,24.0,27.0,16.0,10.0,624.0,46.0,0.0,149.0,0.0,15.0,24.0,105.0,2.0,0.0,0.0,20.0,4.0,290.0,6.0,868.0,0.0,0.0,13.0,60.0,12.0,13.0,0.0,3.0
ctx-rh-lateraloccipital,2.0,0.0,0.0,9.0,0.0,0.0,1.0,3.0,5.0,1.0,7.0,11.0,0.0,7.0,0.0,1.0,0.0,0.0,0.0,0.0,0.0,5.0,2.0,2.0,0.0,25.0,0.0,0.0,0.0,2.0,2.0,3.0,0.0,1.0,22.0,0.0,0.0,524.0,1.0,0.0,1127.0,682.0,320.0,6.0,46.0,7317.0,0.0,953.0,0.0,115.0,0.0,5.0,1.0,0.0,0.0,661.0,4.0,1.0,1.0,135.0,0.0,1.0,0.0,601.0,30.0,10.0,1.0,3.0
ctx-rh-lateralorbitofrontal,0.0,1.0,0.0,0.0,0.0,0.0,0.0,0.0,0.0,0.0,0.0,0.0,1.0,0.0,0.0,0.0,0.0,0.0,0.0,0.0,0.0,0.0,0.0,0.0,0.0,0.0,5.0,0.0,1.0,0.0,0.0,0.0,0.0,0.0,0.0,16.0,0.0,0.0,0.0,85.0,0.0,0.0,2.0,317.0,0.0,0.0,2309.0,0.0,1606.0,1.0,0.0,0.0,4.0,575.0,202.0,0.0,0.0,0.0,0.0,0.0,248.0,693.0,71.0,0.0,3.0,0.0,0.0,0.0
ctx-rh-lingual,1.0,0.0,0.0,3.0,0.0,0.0,0.0,3.0,5.0,0.0,8.0,7.0,0.0,6.0,0.0,1.0,1.0,0.0,0.0,0.0,0.0,1.0,1.0,2.0,0.0,12.0,0.0,0.0,0.0,5.0,2.0,1.0,0.0,0.0,6.0,0.0,1.0,201.0,2.0,0.0,478.0,17.0,124.0,14.0,149.0,953.0,0.0,5615.0,0.0,29.0,1.0,377.0,0.0,0.0,0.0,1654.0,0.0,2.0,1.0,116.0,0.0,0.0,0.0,72.0,18.0,1.0,3.0,0.0
ctx-rh-medialorbitofrontal,0.0,4.0,0.0,0.0,0.0,0.0,0.0,0.0,0.0,0.0,0.0,0.0,0.0,0.0,3.0,0.0,0.0,0.0,0.0,0.0,0.0,0.0,0.0,0.0,0.0,0.0,12.0,3.0,2.0,0.0,0.0,0.0,0.0,0.0,0.0,11.0,0.0,0.0,0.0,403.0,0.0,0.0,0.0,22.0,0.0,0.0,1606.0,0.0,1386.0,0.0,0.0,0.0,2.0,104.0,40.0,0.0,0.0,0.0,0.0,0.0,437.0,1239.0,303.0,0.0,0.0,0.0,0.0,0.0
ctx-rh-middletemporal,1.0,0.0,0.0,2.0,0.0,0.0,0.0,0.0,4.0,0.0,3.0,2.0,0.0,1.0,0.0,1.0,0.0,0.0,0.0,0.0,0.0,1.0,0.0,3.0,0.0,16.0,0.0,0.0,0.0,4.0,1.0,0.0,0.0,0.0,755.0,1.0,4.0,10.0,71.0,0.0,267.0,436.0,1797.0,65.0,15.0,115.0,1.0,29.0,0.0,3412.0,2.0,12.0,3.0,0.0,0.0,2.0,14.0,4.0,8.0,37.0,0.0,4.0,0.0,60.0,440.0,45.0,271.0,5.0
ctx-rh-paracentral,1.0,2.0,2.0,0.0,0.0,0.0,0.0,2.0,0.0,1.0,14.0,0.0,0.0,2.0,0.0,2.0,6.0,0.0,0.0,0.0,0.0,0.0,1.0,17.0,8.0,25.0,0.0,0.0,5.0,4.0,2.0,4.0,0.0,2.0,2.0,20.0,20.0,0.0,0.0,0.0,0.0,16.0,2.0,10.0,24.0,0.0,0.0,1.0,0.0,2.0,1301.0,0.0,4.0,0.0,2.0,0.0,293.0,316.0,671.0,519.0,1.0,9.0,678.0,141.0,5.0,6.0,0.0,3.0
ctx-rh-parahippocampal,0.0,0.0,0.0,0.0,0.0,0.0,0.0,0.0,0.0,0.0,3.0,0.0,0.0,0.0,0.0,0.0,0.0,0.0,0.0,0.0,0.0,1.0,0.0,0.0,0.0,2.0,0.0,0.0,0.0,1.0,0.0,0.0,0.0,0.0,1.0,0.0,0.0,3.0,153.0,0.0,243.0,2.0,58.0,2.0,105.0,5.0,0.0,377.0,0.0,12.0,0.0,580.0,0.0,0.0,0.0,5.0,0.0,0.0,0.0,13.0,0.0,0.0,0.0,5.0,11.0,0.0,6.0,0.0
ctx-rh-parsopercularis,0.0,4.0,0.0,0.0,0.0,0.0,0.0,0.0,0.0,0.0,1.0,0.0,0.0,0.0,0.0,0.0,3.0,0.0,1.0,0.0,0.0,0.0,1.0,0.0,2.0,0.0,1.0,0.0,5.0,0.0,0.0,0.0,0.0,0.0,3.0,19.0,121.0,0.0,0.0,0.0,0.0,15.0,1.0,205.0,2.0,1.0,4.0,0.0,2.0,3.0,4.0,0.0,1352.0,1.0,456.0,0.0,102.0,3.0,718.0,2.0,2.0,851.0,80.0,9.0,7.0,56.0,0.0,0.0
ctx-rh-parsorbitalis,0.0,1.0,0.0,0.0,0.0,0.0,0.0,0.0,0.0,0.0,0.0,0.0,0.0,0.0,0.0,0.0,0.0,0.0,0.0,0.0,0.0,0.0,0.0,0.0,0.0,0.0,0.0,0.0,0.0,0.0,0.0,0.0,0.0,0.0,0.0,4.0,0.0,0.0,0.0,7.0,0.0,0.0,0.0,9.0,0.0,0.0,575.0,0.0,104.0,0.0,0.0,0.0,1.0,591.0,349.0,0.0,0.0,0.0,0.0,0.0,38.0,431.0,15.0,0.0,0.0,0.0,0.0,0.0
ctx-rh-parstriangularis,0.0,8.0,0.0,0.0,0.0,0.0,0.0,0.0,0.0,0.0,1.0,0.0,0.0,0.0,0.0,0.0,1.0,0.0,0.0,0.0,0.0,0.0,0.0,1.0,1.0,2.0,10.0,2.0,1.0,0.0,0.0,0.0,0.0,0.0,2.0,47.0,15.0,0.0,0.0,6.0,0.0,1.0,0.0,169.0,0.0,0.0,202.0,0.0,40.0,0.0,2.0,0.0,456.0,349.0,1834.0,0.0,6.0,2.0,20.0,1.0,43.0,1135.0,167.0,3.0,6.0,7.0,0.0,0.0
ctx-rh-pericalcarine,1.0,0.0,0.0,2.0,0.0,0.0,1.0,1.0,1.0,0.0,5.0,1.0,0.0,0.0,0.0,1.0,0.0,1.0,0.0,0.0,0.0,2.0,0.0,0.0,0.0,2.0,0.0,0.0,0.0,2.0,1.0,0.0,0.0,0.0,1.0,0.0,0.0,1536.0,0.0,0.0,52.0,2.0,14.0,3.0,20.0,661.0,0.0,1654.0,0.0,2.0,0.0,5.0,0.0,0.0,0.0,972.0,0.0,0.0,0.0,141.0,0.0,0.0,0.0,107.0,4.0,3.0,0.0,0.0
ctx-rh-postcentral,0.0,1.0,1.0,0.0,0.0,0.0,0.0,2.0,0.0,1.0,2.0,1.0,0.0,1.0,0.0,0.0,1.0,0.0,1.0,0.0,0.0,0.0,1.0,5.0,1.0,16.0,0.0,0.0,1.0,5.0,2.0,0.0,0.0,3.0,27.0,4.0,142.0,0.0,0.0,0.0,1.0,119.0,7.0,205.0,4.0,4.0,0.0,0.0,0.0,14.0,293.0,0.0,102.0,0.0,6.0,0.0,3354.0,24.0,1192.0,96.0,0.0,85.0,94.0,632.0,39.0,1512.0,0.0,7.0
ctx-rh-posteriorcingulate,5.0,6.0,1.0,2.0,1.0,0.0,0.0,6.0,1.0,4.0,52.0,3.0,0.0,3.0,0.0,2.0,22.0,0.0,0.0,0.0,0.0,0.0,12.0,103.0,27.0,57.0,0.0,0.0,17.0,19.0,10.0,5.0,0.0,0.0,4.0,288.0,17.0,0.0,0.0,0.0,1.0,9.0,3.0,12.0,290.0,1.0,0.0,2.0,0.0,4.0,316.0,0.0,3.0,0.0,2.0,0.0,24.0,1092.0,27.0,367.0,1.0,18.0,294.0,62.0,8.0,8.0,0.0,1.0
ctx-rh-precentral,0.0,2.0,1.0,1.0,0.0,0.0,0.0,0.0,0.0,4.0,7.0,1.0,0.0,0.0,0.0,3.0,4.0,0.0,0.0,0.0,0.0,0.0,0.0,17.0,6.0,15.0,0.0,1.0,3.0,3.0,2.0,3.0,0.0,0.0,30.0,11.0,853.0,1.0,0.0,0.0,1.0,105.0,7.0,188.0,6.0,1.0,0.0,1.0,0.0,8.0,671.0,0.0,718.0,0.0,20.0,0.0,1192.0,27.0,5130.0,34.0,2.0,237.0,504.0,209.0,28.0,340.0,0.0,8.0
ctx-rh-precuneus,6.0,1.0,0.0,12.0,0.0,0.0,10.0,23.0,9.0,9.0,73.0,18.0,0.0,14.0,0.0,11.0,3.0,3.0,0.0,0.0,0.0,24.0,9.0,27.0,4.0,97.0,0.0,0.0,2.0,15.0,15.0,10.0,0.0,7.0,23.0,5.0,10.0,225.0,1.0,0.0,26.0,187.0,43.0,22.0,868.0,135.0,0.0,116.0,0.0,37.0,519.0,13.0,2.0,0.0,1.0,141.0,96.0,367.0,34.0,3504.0,0.0,11.0,41.0,1581.0,58.0,37.0,0.0,8.0
ctx-rh-rostralanteriorcingulate,0.0,35.0,0.0,0.0,0.0,0.0,0.0,0.0,0.0,1.0,0.0,0.0,2.0,0.0,4.0,0.0,1.0,0.0,0.0,1.0,0.0,0.0,0.0,0.0,1.0,0.0,86.0,7.0,13.0,0.0,0.0,0.0,0.0,0.0,0.0,253.0,0.0,0.0,0.0,6.0,0.0,0.0,0.0,17.0,0.0,0.0,248.0,0.0,437.0,0.0,1.0,0.0,2.0,38.0,43.0,0.0,0.0,1.0,2.0,0.0,822.0,274.0,450.0,0.0,0.0,0.0,0.0,0.0
ctx-rh-rostralmiddlefrontal,0.0,43.0,11.0,0.0,0.0,0.0,0.0,1.0,0.0,1.0,1.0,1.0,0.0,0.0,0.0,0.0,7.0,0.0,1.0,0.0,0.0,0.0,4.0,23.0,13.0,3.0,16.0,3.0,44.0,1.0,2.0,3.0,0.0,1.0,5.0,261.0,1038.0,1.0,0.0,287.0,0.0,20.0,1.0,204.0,0.0,1.0,693.0,0.0,1239.0,4.0,9.0,0.0,851.0,431.0,1135.0,0.0,85.0,18.0,237.0,11.0,274.0,10662.0,3515.0,30.0,8.0,44.0,0.0,2.0
ctx-rh-superiorfrontal,0.0,73.0,34.0,0.0,0.0,0.0,1.0,0.0,0.0,7.0,7.0,1.0,1.0,0.0,0.0,1.0,28.0,0.0,5.0,0.0,2.0,0.0,8.0,73.0,50.0,19.0,20.0,4.0,99.0,11.0,0.0,3.0,0.0,0.0,4.0,1045.0,772.0,0.0,0.0,99.0,0.0,15.0,1.0,102.0,13.0,0.0,71.0,0.0,303.0,0.0,678.0,0.0,80.0,15.0,167.0,0.0,94.0,294.0,504.0,41.0,450.0,3515.0,11817.0,46.0,5.0,17.0,0.0,1.0
ctx-rh-superiorparietal,4.0,1.0,1.0,8.0,0.0,0.0,2.0,4.0,4.0,4.0,27.0,10.0,0.0,12.0,0.0,4.0,4.0,1.0,0.0,0.0,0.0,9.0,8.0,19.0,1.0,32.0,0.0,0.0,2.0,13.0,3.0,3.0,0.0,2.0,26.0,4.0,57.0,495.0,0.0,0.0,27.0,1035.0,48.0,43.0,60.0,601.0,0.0,72.0,0.0,60.0,141.0,5.0,9.0,0.0,3.0,107.0,632.0,62.0,209.0,1581.0,0.0,30.0,46.0,3885.0,56.0,198.0,0.0,6.0
ctx-rh-superiortemporal,0.0,0.0,0.0,4.0,0.0,0.0,0.0,4.0,2.0,2.0,17.0,1.0,0.0,3.0,0.0,2.0,0.0,0.0,0.0,0.0,0.0,5.0,1.0,2.0,1.0,18.0,0.0,0.0,0.0,7.0,4.0,1.0,0.0,0.0,417.0,0.0,6.0,2.0,44.0,0.0,108.0,139.0,215.0,344.0,12.0,30.0,3.0,18.0,0.0,440.0,5.0,11.0,7.0,0.0,6.0,4.0,39.0,8.0,28.0,58.0,0.0,8.0,5.0,56.0,5231.0,509.0,249.0,536.0
ctx-rh-supramarginal,1.0,0.0,0.0,0.0,0.0,0.0,0.0,0.0,0.0,1.0,5.0,3.0,0.0,2.0,0.0,1.0,1.0,0.0,0.0,0.0,0.0,1.0,0.0,4.0,2.0,7.0,0.0,1.0,0.0,2.0,2.0,3.0,0.0,0.0,280.0,1.0,72.0,0.0,1.0,0.0,3.0,1400.0,24.0,223.0,13.0,10.0,0.0,1.0,0.0,45.0,6.0,0.0,56.0,0.0,7.0,3.0,1512.0,8.0,340.0,37.0,0.0,44.0,17.0,198.0,509.0,3768.0,0.0,43.0
ctx-rh-temporalpole,0.0,0.0,0.0,0.0,0.0,0.0,0.0,0.0,0.0,0.0,0.0,0.0,0.0,0.0,0.0,0.0,0.0,0.0,0.0,0.0,0.0,0.0,0.0,0.0,0.0,1.0,0.0,0.0,0.0,0.0,0.0,0.0,0.0,0.0,0.0,0.0,0.0,0.0,294.0,0.0,155.0,1.0,234.0,5.0,0.0,1.0,0.0,3.0,0.0,271.0,0.0,6.0,0.0,0.0,0.0,0.0,0.0,0.0,0.0,0.0,0.0,0.0,0.0,0.0,249.0,0.0,256.0,0.0
ctx-rh-transversetemporal,0.0,0.0,0.0,0.0,0.0,0.0,0.0,3.0,0.0,0.0,3.0,0.0,0.0,1.0,0.0,1.0,0.0,0.0,0.0,0.0,0.0,0.0,1.0,2.0,0.0,6.0,0.0,0.0,0.0,2.0,1.0,0.0,0.0,0.0,9.0,0.0,2.0,0.0,0.0,0.0,0.0,18.0,1.0,98.0,3.0,3.0,0.0,0.0,0.0,5.0,3.0,0.0,0.0,0.0,0.0,0.0,7.0,1.0,8.0,8.0,0.0,2.0,1.0,6.0,536.0,43.0,0.0,243.0
