,ctx-lh-bankssts,ctx-lh-caudalanteriorcingulate,ctx-lh-caudalmiddlefrontal,ctx-lh-cuneus,ctx-lh-entorhinal,ctx-lh-frontalpole,ctx-lh-fusiform,ctx-lh-inferiorparietal,ctx-lh-inferiortemporal,ctx-lh-insula,ctx-lh-isthmuscingulate,ctx-lh-lateraloccipital,ctx-lh-lateralorbitofrontal,ctx-lh-lingual,ctx-lh-medialorbitofrontal,ctx-lh-middletemporal,ctx-lh-paracentral,ctx-lh-parahippocampal,ctx-lh-parsopercularis,ctx-lh-parsorbitalis,ctx-lh-parstriangularis,ctx-lh-pericalcarine,ctx-lh-postcentral,ctx-lh-posteriorcingulate,ctx-lh-precentral,ctx-lh-precuneus,ctx-lh-rostralanteriorcingulate,ctx-lh-rostralmiddlefrontal,ctx-lh-superiorfrontal,ctx-lh-superiorparietal,ctx-lh-superiortemporal,ctx-lh-supramarginal,ctx-lh-temporalpole,ctx-lh-transversetemporal,ctx-rh-bankssts,ctx-rh-caudalanteriorcingulate,ctx-rh-caudalmiddlefrontal,ctx-rh-cuneus,ctx-rh-entorhinal,ctx-rh-frontalpole,ctx-rh-fusiform,ctx-rh-inferiorparietal,ctx-rh-inferiortemporal,ctx-rh-insula,ctx-rh-isthmuscingulate,ctx-rh-lateraloccipital,ctx-rh-lateralorbitofrontal,ctx-rh-lingual,ctx-rh-medialorbitofrontal,ctx-rh-middletemporal,ctx-rh-paracentral,ctx-rh-parahippocampal,ctx-rh-parsopercularis,ctx-rh-parsorbitalis,ctx-rh-parstriangularis,ctx-rh-pericalcarine,ctx-rh-postcentral,ctx-rh-posteriorcingulate,ctx-rh-precentral,ctx-rh-precuneus,ctx-rh-rostralanteriorcingulate,ctx-rh-rostralmiddlefrontal,ctx-rh-superiorfrontal,ctx-rh-superiorparietal,ctx-rh-superiortemporal,ctx-rh-supramarginal,ctx-rh-temporalpole,ctx-rh-transversetemporal
ctx-lh-bankssts,662.0,0.0,1.0,3.0,0.0,0.0,20.0,327.0,220.0,42.0,4.0,21.0,1.0,10.0,0.0,802.0,0.0,1.0,11.0,0.0,0.0,6.0,16.0,3.0,15.0,12.0,0.0,1.0,1.0,18.0,852.0,217.0,3.0,58.0,1.0,0.0,0.0,0.0,0.0,0.0,1.0,1.0,0.0,0.0,5.0,0.0,0.0,1.0,0.0,0.0,0.0,0.0,0.0,0.0,0.0,1.0,1.0,0.0,1.0,9.0,0.0,0.0,0.0,5.0,2.0,0.0,0.0,0.0
ctx-lh-caudalanteriorcingulate,0.0,593.0,67.0,0.0,0.0,2.0,0.0,1.0,0.0,8.0,13.0,0.0,7.0,0.0,17.0,0.0,12.0,0.0,19.0,1.0,6.0,0.0,5.0,311.0,14.0,18.0,376.0,168.0,767.0,1.0,0.0,1.0,0.0,0.0,0.0,94.0,15.0,0.0,0.0,0.0,0.0,0.0,0.0,10.0,0.0,0.0,12.0,0.0,3.0,0.0,5.0,0.0,9.0,3.0,7.0,0.0,2.0,35.0,10.0,1.0,40.0,67.0,160.0,3.0,0.0,2.0,0.0,1.0
ctx-lh-caudalmiddlefrontal,1.0,67.0,2421.0,0.0,0.0,0.0,0.0,14.0,0.0,33.0,4.0,0.0,1.0,0.0,0.0,1.0,27.0,0.0,424.0,1.0,40.0,0.0,66.0,24.0,963.0,6.0,5.0,961.0,1372.0,11.0,2.0,17.0,0.0,1.0,0.0,41.0,13.0,0.0,0.0,0.0,0.0,0.0,0.0,6.0,0.0,0.0,0.0,0.0,1.0,0.0,12.0,1.0,3.0,0.0,3.0,1.0,2.0,22.0,20.0,2.0,5.0,14.0,74.0,0.0,1.0,0.0,0.0,0.0
ctx-lh-cuneus,3.0,0.0,0.0,1340.0,0.0,0.0,13.0,61.0,8.0,4.0,68.0,362.0,0.0,159.0,0.0,6.0,0.0,5.0,0.0,0.0,0.0,1628.0,3.0,3.0,2.0,297.0,0.0,0.0,0.0,762.0,2.0,2.0,0.0,0.0,2.0,0.0,0.0,97.0,0.0,0.0,2.0,7.0,0.0,0.0,16.0,19.0,0.0,12.0,0.0,5.0,0.0,3.0,0.0,0.0,0.0,46.0,0.0,0.0,0.0,34.0,0.0,0.0,0.0,25.0,5.0,0.0,0.0,1.0
ctx-lh-entorhinal,0.0,0.0,0.0,0.0,272.0,0.0,362.0,2.0,317.0,6.0,0.0,0.0,1.0,1.0,0.0,38.0,0.0,181.0,0.0,0.0,0.0,0.0,0.0,0.0,0.0,0.0,0.0,0.0,0.0,1.0,28.0,0.0,314.0,0.0,0.0,0.0,0.0,0.0,0.0,0.0,0.0,0.0,0.0,1.0,0.0,0.0,0.0,0.0,0.0,0.0,0.0,0.0,0.0,0.0,0.0,0.0,0.0,0.0,0.0,0.0,0.0,0.0,0.0,0.0,0.0,0.0,0.0,0.0
ctx-lh-frontalpole,0.0,2.0,0.0,0.0,0.0,74.0,0.0,0.0,0.0,1.0,0.0,0.0,49.0,0.0,281.0,0.0,0.0,0.0,0.0,2.0,4.0,0.0,0.0,1.0,0.0,0.0,7.0,127.0,134.0,0.0,0.0,0.0,0.0,0.0,0.0,0.0,0.0,0.0,0.0,1.0,0.0,0.0,0.0,0.0,0.0,0.0,1.0,0.0,3.0,0.0,0.0,0.0,0.0,0.0,0.0,0.0,0.0,0.0,0.0,0.0,0.0,2.0,0.0,0.0,0.0,0.0,0.0,0.0
ctx-lh-fusiform,20.0,0.0,0.0,13.0,362.0,0.0,3494.0,110.0,1475.0,37.0,7.0,1203.0,2.0,706.0,0.0,241.0,0.0,428.0,0.0,0.0,0.0,62.0,1.0,0.0,2.0,16.0,0.0,0.0,0.0,48.0,80.0,6.0,76.0,4.0,0.0,0.0,1.0,2.0,1.0,0.0,0.0,4.0,4.0,0.0,12.0,6.0,0.0,4.0,0.0,4.0,0.0,0.0,0.0,0.0,0.0,1.0,1.0,0.0,0.0,20.0,0.0,0.0,1.0,4.0,0.0,1.0,0.0,0.0
ctx-lh-inferiorparietal,327.0,1.0,14.0,61.0,2.0,0.0,110.0,5255.0,275.0,59.0,37.0,1002.0,3.0,49.0,0.0,448.0,13.0,0.0,8.0,0.0,0.0,27.0,121.0,14.0,104.0,165.0,0.0,0.0,7.0,1452.0,207.0,1079.0,1.0,20.0,0.0,0.0,0.0,3.0,0.0,0.0,0.0,7.0,1.0,3.0,24.0,4.0,0.0,3.0,0.0,4.0,3.0,0.0,0.0,0.0,0.0,1.0,1.0,9.0,2.0,26.0,0.0,0.0,1.0,14.0,8.0,0.0,0.0,0.0
ctx-lh-inferiortemporal,220.0,0.0,0.0,8.0,317.0,0.0,1475.0,275.0,4040.0,53.0,11.0,333.0,2.0,129.0,0.0,2384.0,1.0,36.0,3.0,0.0,0.0,14.0,1.0,3.0,2.0,12.0,0.0,0.0,1.0,37.0,299.0,32.0,189.0,4.0,1.0,0.0,0.0,2.0,0.0,0.0,0.0,2.0,4.0,2.0,8.0,3.0,1.0,3.0,0.0,2.0,0.0,0.0,0.0,0.0,0.0,2.0,0.0,2.0,1.0,12.0,0.0,0.0,0.0,9.0,4.0,1.0,0.0,0.0
ctx-lh-insula,42.0,8.0,33.0,4.0,6.0,1.0,37.0,59.0,53.0,1518.0,7.0,12.0,487.0,9.0,21.0,82.0,9.0,4.0,267.0,26.0,143.0,4.0,311.0,1.0,327.0,14.0,5.0,99.0,47.0,36.0,256.0,309.0,7.0,74.0,0.0,5.0,1.0,0.0,0.0,0.0,0.0,2.0,0.0,1.0,0.0,0.0,2.0,1.0,0.0,2.0,1.0,0.0,0.0,0.0,0.0,0.0,0.0,5.0,5.0,3.0,2.0,2.0,14.0,1.0,2.0,0.0,0.0,0.0
ctx-lh-isthmuscingulate,4.0,13.0,4.0,68.0,0.0,0.0,7.0,37.0,11.0,7.0,640.0,23.0,0.0,99.0,0.0,5.0,19.0,39.0,2.0,0.0,0.0,27.0,3.0,293.0,5.0,964.0,1.0,1.0,12.0,126.0,16.0,9.0,0.0,2.0,7.0,0.0,1.0,3.0,0.0,0.0,4.0,20.0,4.0,7.0,100.0,15.0,0.0,9.0,0.0,6.0,18.0,2.0,0.0,0.0,0.0,3.0,4.0,22.0,5.0,118.0,1.0,0.0,2.0,42.0,21.0,5.0,0.0,0.0
ctx-lh-lateraloccipital,21.0,0.0,0.0,362.0,0.0,0.0,1203.0,1002.0,333.0,12.0,23.0,8300.0,1.0,735.0,0.0,185.0,1.0,17.0,1.0,0.0,0.0,764.0,3.0,3.0,3.0,51.0,0.0,0.0,0.0,518.0,26.0,8.0,1.0,2.0,2.0,0.0,0.0,14.0,0.0,0.0,5.0,9.0,6.0,0.0,9.0,7.0,0.0,8.0,0.0,7.0,0.0,3.0,0.0,0.0,0.0,2.0,0.0,2.0,2.0,30.0,0.0,0.0,0.0,12.0,7.0,2.0,0.0,0.0
ctx-lh-lateralorbitofrontal,1.0,7.0,1.0,0.0,1.0,49.0,2.0,3.0,2.0,487.0,0.0,1.0,3108.0,0.0,1396.0,6.0,0.0,0.0,14.0,580.0,326.0,0.0,2.0,0.0,2.0,1.0,77.0,904.0,60.0,0.0,12.0,2.0,1.0,0.0,0.0,4.0,0.0,0.0,0.0,1.0,0.0,0.0,0.0,2.0,0.0,0.0,3.0,0.0,6.0,0.0,0.0,0.0,1.0,1.0,1.0,0.0,0.0,1.0,0.0,0.0,13.0,8.0,3.0,0.0,0.0,0.0,0.0,0.0
ctx-lh-lingual,10.0,0.0,0.0,159.0,1.0,0.0,706.0,49.0,129.0,9.0,99.0,735.0,0.0,4027.0,0.0,38.0,1.0,182.0,1.0,0.0,0.0,1101.0,2.0,4.0,1.0,96.0,0.0,0.0,1.0,75.0,18.0,2.0,1.0,2.0,3.0,0.0,0.0,31.0,0.0,0.0,9.0,10.0,6.0,0.0,32.0,14.0,0.0,137.0,0.0,4.0,2.0,2.0,0.0,0.0,0.0,118.0,0.0,3.0,2.0,37.0,0.0,0.0,0.0,21.0,2.0,1.0,0.0,0.0
ctx-lh-medialorbitofrontal,0.0,17.0,0.0,0.0,0.0,281.0,0.0,0.0,0.0,21.0,0.0,0.0,1396.0,0.0,1457.0,0.0,0.0,0.0,2.0,25.0,20.0,0.0,0.0,1.0,0.0,0.0,440.0,513.0,387.0,0.0,0.0,0.0,0.0,0.0,0.0,5.0,0.0,0.0,0.0,1.0,0.0,0.0,0.0,0.0,0.0,0.0,7.0,0.0,21.0,0.0,0.0,0.0,1.0,3.0,0.0,0.0,0.0,1.0,0.0,1.0,45.0,8.0,13.0,0.0,0.0,0.0,0.0,0.0
ctx-lh-middletemporal,802.0,0.0,1.0,6.0,38.0,0.0,241.0,448.0,2384.0,82.0,5.0,185.0,6.0,38.0,0.0,3926.0,4.0,7.0,0.0,0.0,0.0,8.0,12.0,2.0,7.0,13.0,0.0,1.0,4.0,41.0,764.0,77.0,97.0,20.0,0.0,0.0,0.0,2.0,0.0,0.0,0.0,1.0,0.0,1.0,8.0,3.0,0.0,1.0,0.0,0.0,2.0,0.0,0.0,0.0,0.0,0.0,0.0,2.0,0.0,8.0,0.0,0.0,0.0,6.0,2.0,1.0,0.0,0.0
ctx-lh-paracentral,0.0,12.0,27.0,0.0,0.0,0.0,0.0,13.0,1.0,9.0,19.0,1.0,0.0,1.0,0.0,4.0,1566.0,0.0,6.0,0.0,3.0,0.0,470.0,267.0,805.0,254.0,2.0,3.0,507.0,190.0,3.0,6.0,0.0,0.0,0.0,4.0,1.0,0.0,0.0,0.0,1.0,1.0,2.0,0.0,4.0,0.0,0.0,0.0,0.0,0.0,31.0,0.0,1.0,0.0,0.0,0.0,3.0,39.0,16.0,12.0,0.0,2.0,18.0,2.0,0.0,2.0,0.0,0.0
ctx-lh-parahippocampal,1.0,0.0,0.0,5.0,181.0,0.0,428.0,0.0,36.0,4.0,39.0,17.0,0.0,182.0,0.0,7.0,0.0,471.0,0.0,0.0,0.0,7.0,1.0,0.0,0.0,6.0,0.0,0.0,0.0,6.0,4.0,0.0,1.0,1.0,1.0,0.0,0.0,0.0,0.0,0.0,0.0,1.0,0.0,0.0,2.0,1.0,0.0,2.0,0.0,0.0,0.0,0.0,0.0,0.0,0.0,0.0,0.0,0.0,0.0,3.0,0.0,0.0,0.0,3.0,0.0,0.0,0.0,0.0
ctx-lh-parsopercularis,11.0,19.0,424.0,0.0,0.0,0.0,0.0,8.0,3.0,267.0,2.0,1.0,14.0,1.0,2.0,0.0,6.0,0.0,1754.0,5.0,552.0,0.0,81.0,4.0,722.0,1.0,2.0,419.0,108.0,14.0,5.0,33.0,0.0,2.0,1.0,8.0,2.0,1.0,0.0,0.0,0.0,0.0,0.0,3.0,1.0,0.0,2.0,0.0,0.0,0.0,2.0,0.0,2.0,0.0,2.0,0.0,1.0,4.0,6.0,1.0,3.0,10.0,23.0,0.0,0.0,0.0,0.0,0.0
ctx-lh-parsorbitalis,0.0,1.0,1.0,0.0,0.0,2.0,0.0,0.0,0.0,26.0,0.0,0.0,580.0,0.0,25.0,0.0,0.0,0.0,5.0,439.0,388.0,0.0,0.0,0.0,1.0,0.0,7.0,391.0,16.0,0.0,0.0,0.0,0.0,0.0,0.0,2.0,0.0,0.0,0.0,0.0,0.0,0.0,0.0,0.0,0.0,0.0,3.0,0.0,3.0,0.0,0.0,0.0,0.0,0.0,0.0,0.0,0.0,0.0,0.0,0.0,4.0,4.0,4.0,0.0,0.0,0.0,0.0,0.0
ctx-lh-parstriangularis,0.0,6.0,40.0,0.0,0.0,4.0,0.0,0.0,0.0,143.0,0.0,0.0,326.0,0.0,20.0,0.0,3.0,0.0,552.0,388.0,1210.0,0.0,5.0,0.0,11.0,0.0,7.0,782.0,47.0,2.0,0.0,2.0,0.0,0.0,0.0,2.0,0.0,0.0,0.0,1.0,0.0,0.0,0.0,1.0,1.0,0.0,0.0,0.0,3.0,0.0,0.0,0.0,0.0,4.0,1.0,0.0,1.0,1.0,4.0,0.0,7.0,4.0,9.0,0.0,0.0,0.0,0.0,0.0
ctx-lh-pericalcarine,6.0,0.0,0.0,1628.0,0.0,0.0,62.0,27.0,14.0,4.0,27.0,764.0,0.0,1101.0,0.0,8.0,0.0,7.0,0.0,0.0,0.0,1124.0,1.0,0.0,0.0,118.0,0.0,0.0,1.0,231.0,3.0,4.0,0.0,0.0,0.0,0.0,0.0,53.0,0.0,0.0,1.0,8.0,1.0,0.0,19.0,8.0,0.0,25.0,0.0,4.0,1.0,0.0,0.0,0.0,0.0,51.0,1.0,1.0,0.0,18.0,0.0,0.0,0.0,8.0,2.0,0.0,1.0,0.0
ctx-lh-postcentral,16.0,5.0,66.0,3.0,0.0,0.0,1.0,121.0,1.0,311.0,3.0,3.0,2.0,2.0,0.0,12.0,470.0,1.0,81.0,0.0,5.0,1.0,4977.0,23.0,1683.0,125.0,0.0,3.0,36.0,758.0,27.0,1109.0,1.0,11.0,2.0,1.0,0.0,0.0,0.0,0.0,0.0,2.0,1.0,3.0,2.0,0.0,0.0,0.0,0.0,0.0,4.0,0.0,0.0,0.0,0.0,0.0,0.0,12.0,5.0,4.0,1.0,0.0,8.0,4.0,0.0,1.0,0.0,0.0
ctx-lh-posteriorcingulate,3.0,311.0,24.0,3.0,0.0,1.0,0.0,14.0,3.0,1.0,293.0,3.0,0.0,4.0,1.0,2.0,267.0,0.0,4.0,0.0,0.0,0.0,23.0,895.0,89.0,557.0,7.0,13.0,396.0,64.0,3.0,7.0,0.0,2.0,2.0,16.0,16.0,1.0,0.0,0.0,0.0,7.0,2.0,3.0,9.0,0.0,0.0,0.0,0.0,0.0,36.0,0.0,1.0,0.0,1.0,0.0,7.0,109.0,38.0,17.0,1.0,7.0,70.0,10.0,6.0,3.0,0.0,0.0
ctx-lh-precentral,15.0,14.0,963.0,2.0,0.0,0.0,2.0,104.0,2.0,327.0,5.0,3.0,2.0,1.0,0.0,7.0,805.0,0.0,722.0,1.0,11.0,0.0,1683.0,89.0,6278.0,62.0,0.0,48.0,647.0,267.0,19.0,222.0,0.0,2.0,1.0,14.0,8.0,0.0,0.0,0.0,0.0,4.0,0.0,3.0,5.0,0.0,1.0,1.0,1.0,0.0,27.0,0.0,3.0,0.0,2.0,0.0,1.0,47.0,22.0,9.0,0.0,4.0,47.0,5.0,2.0,0.0,0.0,0.0
ctx-lh-precuneus,12.0,18.0,6.0,297.0,0.0,0.0,16.0,165.0,12.0,14.0,964.0,51.0,1.0,96.0,0.0,13.0,254.0,6.0,1.0,0.0,0.0,118.0,125.0,557.0,62.0,3804.0,0.0,0.0,29.0,1806.0,21.0,20.0,0.0,4.0,6.0,1.0,2.0,11.0,0.0,0.0,1.0,34.0,5.0,4.0,89.0,15.0,0.0,12.0,0.0,15.0,10.0,2.0,0.0,0.0,0.0,11.0,3.0,51.0,7.0,130.0,0.0,0.0,8.0,31.0,15.0,11.0,0.0,3.0
ctx-lh-rostralanteriorcingulate,0.0,376.0,5.0,0.0,0.0,7.0,0.0,0.0,0.0,5.0,1.0,0.0,77.0,0.0,440.0,0.0,2.0,0.0,2.0,7.0,7.0,0.0,0.0,7.0,0.0,0.0,1045.0,164.0,419.0,0.0,0.0,0.0,0.0,0.0,0.0,29.0,0.0,0.0,0.0,4.0,0.0,0.0,1.0,3.0,0.0,0.0,23.0,0.0,59.0,0.0,2.0,0.0,4.0,5.0,6.0,0.0,1.0,1.0,1.0,0.0,146.0,42.0,40.0,0.0,0.0,0.0,0.0,0.0
ctx-lh-rostralmiddlefrontal,1.0,168.0,961.0,0.0,0.0,127.0,0.0,0.0,0.0,99.0,1.0,0.0,904.0,0.0,513.0,1.0,3.0,0.0,419.0,391.0,782.0,0.0,3.0,13.0,48.0,0.0,164.0,6718.0,1932.0,1.0,0.0,7.0,0.0,0.0,0.0,60.0,9.0,0.0,0.0,8.0,0.0,0.0,0.0,10.0,0.0,0.0,46.0,0.0,47.0,0.0,1.0,0.0,5.0,7.0,16.0,0.0,1.0,13.0,1.0,0.0,88.0,88.0,126.0,0.0,0.0,0.0,0.0,0.0
ctx-lh-superiorfrontal,1.0,767.0,1372.0,0.0,0.0,134.0,0.0,7.0,1.0,47.0,12.0,0.0,60.0,1.0,387.0,4.0,507.0,0.0,108.0,16.0,47.0,1.0,36.0,396.0,647.0,29.0,419.0,1932.0,9673.0,18.0,2.0,4.0,0.0,0.0,0.0,143.0,42.0,0.0,0.0,2.0,0.0,1.0,1.0,11.0,4.0,0.0,30.0,0.0,34.0,0.0,32.0,0.0,16.0,7.0,12.0,0.0,4.0,102.0,50.0,4.0,68.0,124.0,311.0,3.0,1.0,4.0,0.0,0.0
ctx-lh-superiorparietal,18.0,1.0,11.0,762.0,1.0,0.0,48.0,1452.0,37.0,36.0,126.0,518.0,0.0,75.0,0.0,41.0,190.0,6.0,14.0,0.0,2.0,231.0,758.0,64.0,267.0,1806.0,0.0,1.0,18.0,6959.0,54.0,439.0,0.0,11.0,5.0,0.0,1.0,5.0,0.0,0.0,2.0,20.0,3.0,0.0,48.0,10.0,0.0,9.0,0.0,8.0,9.0,4.0,0.0,0.0,0.0,10.0,2.0,25.0,5.0,70.0,0.0,0.0,9.0,13.0,11.0,1.0,0.0,1.0
ctx-lh-superiortemporal,852.0,0.0,2.0,2.0,28.0,0.0,80.0,207.0,299.0,256.0,16.0,26.0,12.0,18.0,0.0,764.0,3.0,4.0,5.0,0.0,0.0,3.0,27.0,3.0,19.0,21.0,0.0,0.0,2.0,54.0,5540.0,403.0,310.0,731.0,2.0,0.0,0.0,3.0,0.0,0.0,0.0,2.0,1.0,0.0,7.0,1.0,0.0,2.0,0.0,0.0,1.0,1.0,0.0,0.0,0.0,2.0,1.0,5.0,1.0,11.0,0.0,0.0,0.0,1.0,2.0,2.0,0.0,1.0
ctx-lh-supramarginal,217.0,1.0,17.0,2.0,0.0,0.0,6.0,1079.0,32.0,309.0,9.0,8.0,2.0,2.0,0.0,77.0,6.0,0.0,33.0,0.0,2.0,4.0,1109.0,7.0,222.0,20.0,0.0,7.0,4.0,439.0,403.0,3547.0,2.0,30.0,0.0,0.0,1.0,1.0,0.0,0.0,1.0,3.0,1.0,2.0,3.0,1.0,0.0,0.0,0.0,3.0,3.0,0.0,0.0,0.0,0.0,1.0,0.0,1.0,1.0,13.0,0.0,0.0,3.0,4.0,2.0,1.0,0.0,1.0
ctx-lh-temporalpole,3.0,0.0,0.0,0.0,314.0,0.0,76.0,1.0,189.0,7.0,0.0,1.0,1.0,1.0,0.0,97.0,0.0,1.0,0.0,0.0,0.0,0.0,1.0,0.0,0.0,0.0,0.0,0.0,0.0,0.0,310.0,2.0,648.0,0.0,0.0,0.0,0.0,0.0,0.0,0.0,0.0,0.0,0.0,0.0,0.0,0.0,0.0,0.0,0.0,0.0,0.0,0.0,0.0,0.0,0.0,0.0,0.0,0.0,0.0,0.0,0.0,0.0,0.0,0.0,0.0,0.0,0.0,0.0
ctx-lh-transversetemporal,58.0,0.0,1.0,0.0,0.0,0.0,4.0,20.0,4.0,74.0,2.0,2.0,0.0,2.0,0.0,20.0,0.0,1.0,2.0,0.0,0.0,0.0,11.0,2.0,2.0,4.0,0.0,0.0,0.0,11.0,731.0,30.0,0.0,272.0,1.0,0.0,0.0,0.0,0.0,0.0,0.0,0.0,0.0,0.0,2.0,1.0,0.0,1.0,0.0,1.0,0.0,0.0,0.0,0.0,0.0,0.0,1.0,4.0,0.0,2.0,0.0,0.0,0.0,0.0,2.0,0.0,0.0,0.0
ctx-rh-bankssts,1.0,0.0,0.0,2.0,0.0,0.0,0.0,0.0,1.0,0.0,7.0,2.0,0.0,3.0,0.0,0.0,0.0,1.0,1.0,0.0,0.0,0.0,2.0,2.0,1.0,6.0,0.0,0.0,0.0,5.0,2.0,0.0,0.0,1.0,653.0,0.0,0.0,9.0,0.0,0.0,11.0,341.0,98.0,38.0,9.0,31.0,2.0,11.0,0.0,626.0,1.0,2.0,2.0,0.0,2.0,8.0,22.0,2.0,8.0,29.0,0.0,1.0,0.0,44.0,931.0,273.0,1.0,33.0
ctx-rh-caudalanteriorcingulate,0.0,94.0,41.0,0.0,0.0,0.0,0.0,0.0,0.0,5.0,0.0,0.0,4.0,0.0,5.0,0.0,4.0,0.0,8.0,2.0,2.0,0.0,1.0,16.0,14.0,1.0,29.0,60.0,143.0,0.0,0.0,0.0,0.0,0.0,0.0,597.0,39.0,0.0,0.0,2.0,0.0,1.0,0.0,16.0,8.0,0.0,10.0,1.0,18.0,0.0,24.0,0.0,29.0,6.0,30.0,0.0,4.0,228.0,41.0,6.0,177.0,181.0,941.0,4.0,0.0,1.0,0.0,0.0
ctx-rh-caudalmiddlefrontal,0.0,15.0,13.0,0.0,0.0,0.0,1.0,0.0,0.0,1.0,1.0,0.0,0.0,0.0,0.0,0.0,1.0,0.0,2.0,0.0,0.0,0.0,0.0,16.0,8.0,2.0,0.0,9.0,42.0,1.0,0.0,1.0,0.0,0.0,0.0,39.0,1978.0,0.0,0.0,0.0,0.0,3.0,0.0,22.0,0.0,0.0,2.0,0.0,1.0,0.0,13.0,0.0,253.0,2.0,38.0,0.0,22.0,21.0,1044.0,4.0,1.0,888.0,882.0,4.0,0.0,8.0,0.0,0.0
ctx-rh-cuneus,0.0,0.0,0.0,97.0,0.0,0.0,2.0,3.0,2.0,0.0,3.0,14.0,0.0,31.0,0.0,2.0,0.0,0.0,1.0,0.0,0.0,53.0,0.0,1.0,0.0,11.0,0.0,0.0,0.0,5.0,3.0,1.0,0.0,0.0,9.0,0.0,0.0,1440.0,0.0,0.0,50.0,29.0,18.0,1.0,48.0,643.0,0.0,199.0,0.0,11.0,4.0,5.0,0.0,0.0,0.0,1588.0,0.0,0.0,0.0,305.0,0.0,0.0,0.0,648.0,13.0,1.0,0.0,1.0
ctx-rh-entorhinal,0.0,0.0,0.0,0.0,0.0,0.0,1.0,0.0,0.0,0.0,0.0,0.0,0.0,0.0,0.0,0.0,0.0,0.0,0.0,0.0,0.0,0.0,0.0,0.0,0.0,0.0,0.0,0.0,0.0,0.0,0.0,0.0,0.0,0.0,0.0,0.0,0.0,0.0,204.0,0.0,234.0,0.0,215.0,2.0,0.0,0.0,0.0,0.0,0.0,56.0,0.0,94.0,0.0,0.0,0.0,0.0,0.0,0.0,0.0,0.0,0.0,0.0,0.0,0.0,18.0,0.0,211.0,0.0
ctx-rh-frontalpole,0.0,0.0,0.0,0.0,0.0,1.0,0.0,0.0,0.0,0.0,0.0,0.0,1.0,0.0,1.0,0.0,0.0,0.0,0.0,0.0,1.0,0.0,0.0,0.0,0.0,0.0,4.0,8.0,2.0,0.0,0.0,0.0,0.0,0.0,0.0,2.0,0.0,0.0,0.0,40.0,0.0,0.0,0.0,1.0,0.0,0.0,69.0,0.0,269.0,0.0,0.0,0.0,0.0,3.0,0.0,0.0,0.0,0.0,0.0,0.0,9.0,158.0,102.0,0.0,0.0,0.0,0.0,0.0
ctx-rh-fusiform,1.0,0.0,0.0,2.0,0.0,0.0,0.0,0.0,0.0,0.0,4.0,5.0,0.0,9.0,0.0,0.0,1.0,0.0,0.0,0.0,0.0,1.0,0.0,0.0,0.0,1.0,0.0,0.0,0.0,2.0,0.0,1.0,0.0,0.0,11.0,0.0,0.0,50.0,234.0,0.0,3711.0,81.0,1253.0,8.0,17.0,1361.0,2.0,711.0,0.0,186.0,0.0,335.0,0.0,0.0,0.0,136.0,0.0,0.0,0.0,32.0,0.0,0.0,0.0,20.0,60.0,3.0,48.0,2.0
ctx-rh-inferiorparietal,1.0,0.0,0.0,7.0,0.0,0.0,4.0,7.0,2.0,2.0,20.0,9.0,0.0,10.0,0.0,1.0,1.0,1.0,0.0,0.0,0.0,8.0,2.0,7.0,4.0,34.0,0.0,0.0,1.0,20.0,2.0,3.0,0.0,0.0,341.0,1.0,3.0,29.0,0.0,0.0,81.0,7524.0,317.0,64.0,56.0,937.0,1.0,22.0,0.0,676.0,13.0,2.0,6.0,0.0,0.0,23.0,118.0,14.0,78.0,261.0,0.0,3.0,4.0,1584.0,207.0,967.0,0.0,11.0
ctx-rh-inferiortemporal,0.0,0.0,0.0,0.0,0.0,0.0,4.0,1.0,4.0,0.0,4.0,6.0,0.0,6.0,0.0,0.0,2.0,0.0,0.0,0.0,0.0,1.0,1.0,2.0,0.0,5.0,1.0,0.0,1.0,3.0,1.0,1.0,0.0,0.0,98.0,0.0,0.0,18.0,215.0,0.0,1253.0,317.0,4017.0,82.0,15.0,411.0,5.0,131.0,0.0,1988.0,1.0,28.0,0.0,1.0,0.0,46.0,4.0,2.0,4.0,36.0,0.0,1.0,0.0,36.0,255.0,22.0,240.0,5.0
ctx-rh-insula,0.0,10.0,6.0,0.0,1.0,0.0,0.0,3.0,2.0,1.0,7.0,0.0,2.0,0.0,0.0,1.0,0.0,0.0,3.0,0.0,1.0,0.0,3.0,3.0,3.0,4.0,3.0,10.0,11.0,0.0,0.0,2.0,0.0,0.0,38.0,16.0,22.0,1.0,2.0,1.0,8.0,64.0,82.0,1116.0,9.0,12.0,463.0,8.0,15.0,116.0,23.0,2.0,155.0,62.0,196.0,3.0,198.0,15.0,280.0,32.0,10.0,151.0,68.0,59.0,420.0,272.0,11.0,56.0
ctx-rh-isthmuscingulate,5.0,0.0,0.0,16.0,0.0,0.0,12.0,24.0,8.0,0.0,100.0,9.0,0.0,32.0,0.0,8.0,4.0,2.0,1.0,0.0,1.0,19.0,2.0,9.0,5.0,89.0,0.0,0.0,4.0,48.0,7.0,3.0,0.0,2.0,9.0,8.0,0.0,48.0,0.0,0.0,17.0,56.0,15.0,9.0,637.0,41.0,0.0,120.0,0.0,21.0,35.0,97.0,0.0,0.0,0.0,18.0,8.0,312.0,3.0,931.0,1.0,2.0,8.0,87.0,29.0,13.0,0.0,1.0
ctx-rh-lateraloccipital,0.0,0.0,0.0,19.0,0.0,0.0,6.0,4.0,3.0,0.0,15.0,7.0,0.0,14.0,0.0,3.0,0.0,1.0,0.0,0.0,0.0,8.0,0.0,0.0,0.0,15.0,0.0,0.0,0.0,10.0,1.0,1.0,0.0,1.0,31.0,0.0,0.0,643.0,0.0,0.0,1361.0,937.0,411.0,12.0,41.0,8397.0,1.0,829.0,0.0,160.0,2.0,0.0,0.0,0.0,0.0,1236.0,1.0,2.0,0.0,96.0,0.0,0.0,0.0,473.0,44.0,12.0,0.0,2.0
ctx-rh-lateralorbitofrontal,0.0,12.0,0.0,0.0,0.0,1.0,0.0,0.0,1.0,2.0,0.0,0.0,3.0,0.0,7.0,0.0,0.0,0.0,2.0,3.0,0.0,0.0,0.0,0.0,1.0,0.0,23.0,46.0,30.0,0.0,0.0,0.0,0.0,0.0,2.0,10.0,2.0,0.0,0.0,69.0,2.0,1.0,5.0,463.0,0.0,1.0,2731.0,1.0,1101.0,11.0,0.0,0.0,10.0,440.0,201.0,0.0,2.0,1.0,2.0,1.0,120.0,603.0,106.0,1.0,20.0,1.0,3.0,0.0
ctx-rh-lingual,1.0,0.0,0.0,12.0,0.0,0.0,4.0,3.0,3.0,1.0,9.0,8.0,0.0,137.0,0.0,1.0,0.0,2.0,0.0,0.0,0.0,25.0,0.0,0.0,1.0,12.0,0.0,0.0,0.0,9.0,2.0,0.0,0.0,1.0,11.0,1.0,0.0,199.0,0.0,0.0,711.0,22.0,131.0,8.0,120.0,829.0,1.0,3655.0,0.0,37.0,0.0,231.0,0.0,0.0,0.0,1287.0,0.0,1.0,1.0,133.0,0.0,0.0,0.0,35.0,19.0,1.0,1.0,1.0
ctx-rh-medialorbitofrontal,0.0,3.0,1.0,0.0,0.0,3.0,0.0,0.0,0.0,0.0,0.0,0.0,6.0,0.0,21.0,0.0,0.0,0.0,0.0,3.0,3.0,0.0,0.0,0.0,1.0,0.0,59.0,47.0,34.0,0.0,0.0,0.0,0.0,0.0,0.0,18.0,1.0,0.0,0.0,269.0,0.0,0.0,0.0,15.0,0.0,0.0,1101.0,0.0,1708.0,0.0,0.0,0.0,0.0,14.0,2.0,0.0,0.0,2.0,2.0,0.0,467.0,386.0,305.0,0.0,1.0,0.0,0.0,0.0
ctx-rh-middletemporal,0.0,0.0,0.0,5.0,0.0,0.0,4.0,4.0,2.0,2.0,6.0,7.0,0.0,4.0,0.0,0.0,0.0,0.0,0.0,0.0,0.0,4.0,0.0,0.0,0.0,15.0,0.0,0.0,0.0,8.0,0.0,3.0,0.0,1.0,626.0,0.0,0.0,11.0,56.0,0.0,186.0,676.0,1988.0,116.0,21.0,160.0,11.0,37.0,0.0,4530.0,5.0,7.0,1.0,0.0,0.0,19.0,11.0,2.0,7.0,51.0,0.0,2.0,1.0,52.0,648.0,53.0,163.0,18.0
ctx-rh-paracentral,0.0,5.0,12.0,0.0,0.0,0.0,0.0,3.0,0.0,1.0,18.0,0.0,0.0,2.0,0.0,2.0,31.0,0.0,2.0,0.0,0.0,1.0,4.0,36.0,27.0,10.0,2.0,1.0,32.0,9.0,1.0,3.0,0.0,0.0,1.0,24.0,13.0,4.0,0.0,0.0,0.0,13.0,1.0,23.0,35.0,2.0,0.0,0.0,0.0,5.0,1804.0,0.0,4.0,0.0,1.0,0.0,378.0,467.0,689.0,301.0,0.0,5.0,345.0,223.0,5.0,25.0,0.0,1.0
ctx-rh-parahippocampal,0.0,0.0,1.0,3.0,0.0,0.0,0.0,0.0,0.0,0.0,2.0,3.0,0.0,2.0,0.0,0.0,0.0,0.0,0.0,0.0,0.0,0.0,0.0,0.0,0.0,2.0,0.0,0.0,0.0,4.0,1.0,0.0,0.0,0.0,2.0,0.0,0.0,5.0,94.0,0.0,335.0,2.0,28.0,2.0,97.0,0.0,0.0,231.0,0.0,7.0,0.0,333.0,0.0,0.0,0.0,3.0,0.0,1.0,0.0,26.0,0.0,0.0,0.0,1.0,4.0,0.0,0.0,0.0
ctx-rh-parsopercularis,0.0,9.0,3.0,0.0,0.0,0.0,0.0,0.0,0.0,0.0,0.0,0.0,1.0,0.0,1.0,0.0,1.0,0.0,2.0,0.0,0.0,0.0,0.0,1.0,3.0,0.0,4.0,5.0,16.0,0.0,0.0,0.0,0.0,0.0,2.0,29.0,253.0,0.0,0.0,0.0,0.0,6.0,0.0,155.0,0.0,0.0,10.0,0.0,0.0,1.0,4.0,0.0,1095.0,14.0,472.0,0.0,54.0,6.0,639.0,0.0,2.0,484.0,133.0,11.0,2.0,13.0,0.0,0.0
ctx-rh-parsorbitalis,0.0,3.0,0.0,0.0,0.0,0.0,0.0,0.0,0.0,0.0,0.0,0.0,1.0,0.0,3.0,0.0,0.0,0.0,0.0,0.0,4.0,0.0,0.0,0.0,0.0,0.0,5.0,7.0,7.0,0.0,0.0,0.0,0.0,0.0,0.0,6.0,2.0,0.0,0.0,3.0,0.0,0.0,1.0,62.0,0.0,0.0,440.0,0.0,14.0,0.0,0.0,0.0,14.0,634.0,380.0,0.0,1.0,1.0,3.0,0.0,10.0,661.0,49.0,0.0,1.0,0.0,0.0,0.0
ctx-rh-parstriangularis,0.0,7.0,3.0,0.0,0.0,0.0,0.0,0.0,0.0,0.0,0.0,0.0,1.0,0.0,0.0,0.0,0.0,0.0,2.0,0.0,1.0,0.0,0.0,1.0,2.0,0.0,6.0,16.0,12.0,0.0,0.0,0.0,0.0,0.0,2.0,30.0,38.0,0.0,0.0,0.0,0.0,0.0,0.0,196.0,0.0,0.0,201.0,0.0,2.0,0.0,1.0,0.0,472.0,380.0,1426.0,0.0,4.0,2.0,40.0,0.0,11.0,957.0,97.0,1.0,0.0,4.0,0.0,0.0
ctx-rh-pericalcarine,1.0,0.0,1.0,46.0,0.0,0.0,1.0,1.0,2.0,0.0,3.0,2.0,0.0,118.0,0.0,0.0,0.0,0.0,0.0,0.0,0.0,51.0,0.0,0.0,0.0,11.0,0.0,0.0,0.0,10.0,2.0,1.0,0.0,0.0,8.0,0.0,0.0,1588.0,0.0,0.0,136.0,23.0,46.0,3.0,18.0,1236.0,0.0,1287.0,0.0,19.0,0.0,3.0,0.0,0.0,0.0,1023.0,1.0,1.0,0.0,105.0,0.0,0.0,0.0,87.0,7.0,0.0,0.0,1.0
ctx-rh-postcentral,1.0,2.0,2.0,0.0,0.0,0.0,1.0,1.0,0.0,0.0,4.0,0.0,0.0,0.0,0.0,0.0,3.0,0.0,1.0,0.0,1.0,1.0,0.0,7.0,1.0,3.0,1.0,1.0,4.0,2.0,1.0,0.0,0.0,1.0,22.0,4.0,22.0,0.0,0.0,0.0,0.0,118.0,4.0,198.0,8.0,1.0,2.0,0.0,0.0,11.0,378.0,0.0,54.0,1.0,4.0,1.0,4126.0,22.0,1762.0,147.0,0.0,10.0,30.0,655.0,23.0,1325.0,0.0,2.0
ctx-rh-posteriorcingulate,0.0,35.0,22.0,0.0,0.0,0.0,0.0,9.0,2.0,5.0,22.0,2.0,1.0,3.0,1.0,2.0,39.0,0.0,4.0,0.0,1.0,1.0,12.0,109.0,47.0,51.0,1.0,13.0,102.0,25.0,5.0,1.0,0.0,4.0,2.0,228.0,21.0,0.0,0.0,0.0,0.0,14.0,2.0,15.0,312.0,2.0,1.0,1.0,2.0,2.0,467.0,1.0,6.0,1.0,2.0,1.0,22.0,897.0,124.0,356.0,8.0,22.0,467.0,58.0,7.0,13.0,0.0,2.0
ctx-rh-precentral,1.0,10.0,20.0,0.0,0.0,0.0,0.0,2.0,1.0,5.0,5.0,2.0,0.0,2.0,0.0,0.0,16.0,0.0,6.0,0.0,4.0,0.0,5.0,38.0,22.0,7.0,1.0,1.0,50.0,5.0,1.0,1.0,0.0,0.0,8.0,41.0,1044.0,0.0,0.0,0.0,0.0,78.0,4.0,280.0,3.0,0.0,2.0,1.0,2.0,7.0,689.0,0.0,639.0,3.0,40.0,0.0,1762.0,124.0,6928.0,41.0,2.0,122.0,855.0,255.0,12.0,268.0,0.0,2.0
ctx-rh-precuneus,9.0,1.0,2.0,34.0,0.0,0.0,20.0,26.0,12.0,3.0,118.0,30.0,0.0,37.0,1.0,8.0,12.0,3.0,1.0,0.0,0.0,18.0,4.0,17.0,9.0,130.0,0.0,0.0,4.0,70.0,11.0,13.0,0.0,2.0,29.0,6.0,4.0,305.0,0.0,0.0,32.0,261.0,36.0,32.0,931.0,96.0,1.0,133.0,0.0,51.0,301.0,26.0,0.0,0.0,0.0,105.0,147.0,356.0,41.0,4424.0,0.0,2.0,10.0,1862.0,75.0,55.0,0.0,9.0
ctx-rh-rostralanteriorcingulate,0.0,40.0,5.0,0.0,0.0,0.0,0.0,0.0,0.0,2.0,1.0,0.0,13.0,0.0,45.0,0.0,0.0,0.0,3.0,4.0,7.0,0.0,1.0,1.0,0.0,0.0,146.0,88.0,68.0,0.0,0.0,0.0,0.0,0.0,0.0,177.0,1.0,0.0,0.0,9.0,0.0,0.0,0.0,10.0,1.0,0.0,120.0,0.0,467.0,0.0,0.0,0.0,2.0,10.0,11.0,0.0,0.0,8.0,2.0,0.0,497.0,124.0,379.0,0.0,0.0,0.0,0.0,0.0
ctx-rh-rostralmiddlefrontal,0.0,67.0,14.0,0.0,0.0,2.0,0.0,0.0,0.0,2.0,0.0,0.0,8.0,0.0,8.0,0.0,2.0,0.0,10.0,4.0,4.0,0.0,0.0,7.0,4.0,0.0,42.0,88.0,124.0,0.0,0.0,0.0,0.0,0.0,1.0,181.0,888.0,0.0,0.0,158.0,0.0,3.0,1.0,151.0,2.0,0.0,603.0,0.0,386.0,2.0,5.0,0.0,484.0,661.0,957.0,0.0,10.0,22.0,122.0,2.0,124.0,7672.0,2398.0,4.0,0.0,4.0,0.0,0.0
ctx-rh-superiorfrontal,0.0,160.0,74.0,0.0,0.0,0.0,1.0,1.0,0.0,14.0,2.0,0.0,3.0,0.0,13.0,0.0,18.0,0.0,23.0,4.0,9.0,0.0,8.0,70.0,47.0,8.0,40.0,126.0,311.0,9.0,0.0,3.0,0.0,0.0,0.0,941.0,882.0,0.0,0.0,102.0,0.0,4.0,0.0,68.0,8.0,0.0,106.0,0.0,305.0,1.0,345.0,0.0,133.0,49.0,97.0,0.0,30.0,467.0,855.0,10.0,379.0,2398.0,8962.0,12.0,1.0,7.0,0.0,0.0
ctx-rh-superiorparietal,5.0,3.0,0.0,25.0,0.0,0.0,4.0,14.0,9.0,1.0,42.0,12.0,0.0,21.0,0.0,6.0,2.0,3.0,0.0,0.0,0.0,8.0,4.0,10.0,5.0,31.0,0.0,0.0,3.0,13.0,1.0,4.0,0.0,0.0,44.0,4.0,4.0,648.0,0.0,0.0,20.0,1584.0,36.0,59.0,87.0,473.0,1.0,35.0,0.0,52.0,223.0,1.0,11.0,0.0,1.0,87.0,655.0,58.0,255.0,1862.0,0.0,4.0,12.0,6704.0,79.0,505.0,1.0,13.0
ctx-rh-superiortemporal,2.0,0.0,1.0,5.0,0.0,0.0,0.0,8.0,4.0,2.0,21.0,7.0,0.0,2.0,0.0,2.0,0.0,0.0,0.0,0.0,0.0,2.0,0.0,6.0,2.0,15.0,0.0,0.0,1.0,11.0,2.0,2.0,0.0,2.0,931.0,0.0,0.0,13.0,18.0,0.0,60.0,207.0,255.0,420.0,29.0,44.0,20.0,19.0,1.0,648.0,5.0,4.0,2.0,1.0,0.0,7.0,23.0,7.0,12.0,75.0,0.0,0.0,1.0,79.0,6013.0,339.0,203.0,592.0
ctx-rh-supramarginal,0.0,2.0,0.0,0.0,0.0,0.0,1.0,0.0,1.0,0.0,5.0,2.0,0.0,1.0,0.0,1.0,2.0,0.0,0.0,0.0,0.0,0.0,1.0,3.0,0.0,11.0,0.0,0.0,4.0,1.0,2.0,1.0,0.0,0.0,273.0,1.0,8.0,1.0,0.0,0.0,3.0,967.0,22.0,272.0,13.0,12.0,1.0,1.0,0.0,53.0,25.0,0.0,13.0,0.0,4.0,0.0,1325.0,13.0,268.0,55.0,0.0,4.0,7.0,505.0,339.0,3893.0,0.0,22.0
ctx-rh-temporalpole,0.0,0.0,0.0,0.0,0.0,0.0,0.0,0.0,0.0,0.0,0.0,0.0,0.0,0.0,0.0,0.0,0.0,0.0,0.0,0.0,0.0,1.0,0.0,0.0,0.0,0.0,0.0,0.0,0.0,0.0,0.0,0.0,0.0,0.0,1.0,0.0,0.0,0.0,211.0,0.0,48.0,0.0,240.0,11.0,0.0,0.0,3.0,1.0,0.0,163.0,0.0,0.0,0.0,0.0,0.0,0.0,0.0,0.0,0.0,0.0,0.0,0.0,0.0,1.0,203.0,0.0,458.0,0.0
ctx-rh-transversetemporal,0.0,1.0,0.0,1.0,0.0,0.0,0.0,0.0,0.0,0.0,0.0,0.0,0.0,0.0,0.0,0.0,0.0,0.0,0.0,0.0,0.0,0.0,0.0,0.0,0.0,3.0,0.0,0.0,0.0,1.0,1.0,1.0,0.0,0.0,33.0,0.0,0.0,1.0,0.0,0.0,2.0,11.0,5.0,56.0,1.0,2.0,0.0,1.0,0.0,18.0,1.0,0.0,0.0,0.0,0.0,1.0,2.0,2.0,2.0,9.0,0.0,0.0,0.0,13.0,592.0,22.0,0.0,197.0
