,ctx-lh-bankssts,ctx-lh-caudalanteriorcingulate,ctx-lh-caudalmiddlefrontal,ctx-lh-cuneus,ctx-lh-entorhinal,ctx-lh-frontalpole,ctx-lh-fusiform,ctx-lh-inferiorparietal,ctx-lh-inferiortemporal,ctx-lh-insula,ctx-lh-isthmuscingulate,ctx-lh-lateraloccipital,ctx-lh-lateralorbitofrontal,ctx-lh-lingual,ctx-lh-medialorbitofrontal,ctx-lh-middletemporal,ctx-lh-paracentral,ctx-lh-parahippocampal,ctx-lh-parsopercularis,ctx-lh-parsorbitalis,ctx-lh-parstriangularis,ctx-lh-pericalcarine,ctx-lh-postcentral,ctx-lh-posteriorcingulate,ctx-lh-precentral,ctx-lh-precuneus,ctx-lh-rostralanteriorcingulate,ctx-lh-rostralmiddlefrontal,ctx-lh-superiorfrontal,ctx-lh-superiorparietal,ctx-lh-superiortemporal,ctx-lh-supramarginal,ctx-lh-temporalpole,ctx-lh-transversetemporal,ctx-rh-bankssts,ctx-rh-caudalanteriorcingulate,ctx-rh-caudalmiddlefrontal,ctx-rh-cuneus,ctx-rh-entorhinal,ctx-rh-frontalpole,ctx-rh-fusiform,ctx-rh-inferiorparietal,ctx-rh-inferiortemporal,ctx-rh-insula,ctx-rh-isthmuscingulate,ctx-rh-lateraloccipital,ctx-rh-lateralorbitofrontal,ctx-rh-lingual,ctx-rh-medialorbitofrontal,ctx-rh-middletemporal,ctx-rh-paracentral,ctx-rh-parahippocampal,ctx-rh-parsopercularis,ctx-rh-parsorbitalis,ctx-rh-parstriangularis,ctx-rh-pericalcarine,ctx-rh-postcentral,ctx-rh-posteriorcingulate,ctx-rh-precentral,ctx-rh-precuneus,ctx-rh-rostralanteriorcingulate,ctx-rh-rostralmiddlefrontal,ctx-rh-superiorfrontal,ctx-rh-superiorparietal,ctx-rh-superiortemporal,ctx-rh-supramarginal,ctx-rh-temporalpole,ctx-rh-transversetemporal
ctx-lh-bankssts,917.0,0.0,2.0,3.0,0.0,0.0,14.0,374.0,179.0,15.0,9.0,39.0,0.0,1.0,0.0,746.0,1.0,1.0,0.0,0.0,0.0,2.0,23.0,1.0,11.0,31.0,0.0,0.0,0.0,37.0,963.0,293.0,0.0,10.0,3.0,0.0,0.0,0.0,0.0,0.0,0.0,3.0,1.0,1.0,5.0,1.0,0.0,4.0,0.0,0.0,1.0,1.0,0.0,0.0,0.0,0.0,3.0,2.0,1.0,9.0,0.0,0.0,1.0,4.0,3.0,4.0,0.0,1.0
ctx-lh-caudalanteriorcingulate,0.0,233.0,55.0,0.0,0.0,1.0,0.0,0.0,0.0,82.0,2.0,0.0,6.0,0.0,13.0,0.0,7.0,0.0,30.0,1.0,13.0,0.0,4.0,218.0,22.0,9.0,193.0,112.0,546.0,1.0,0.0,0.0,0.0,0.0,0.0,129.0,25.0,0.0,0.0,0.0,0.0,0.0,0.0,13.0,0.0,0.0,6.0,0.0,5.0,0.0,9.0,0.0,20.0,5.0,7.0,0.0,2.0,32.0,16.0,1.0,16.0,29.0,164.0,0.0,0.0,1.0,0.0,0.0
ctx-lh-caudalmiddlefrontal,2.0,55.0,2999.0,0.0,0.0,0.0,0.0,1.0,1.0,215.0,1.0,0.0,3.0,0.0,0.0,0.0,19.0,0.0,311.0,0.0,43.0,0.0,81.0,25.0,1318.0,5.0,2.0,667.0,1303.0,11.0,2.0,10.0,0.0,0.0,0.0,44.0,12.0,0.0,0.0,0.0,0.0,0.0,0.0,3.0,2.0,0.0,1.0,0.0,0.0,0.0,6.0,0.0,11.0,0.0,4.0,0.0,4.0,30.0,14.0,1.0,2.0,7.0,60.0,0.0,0.0,2.0,0.0,0.0
ctx-lh-cuneus,3.0,0.0,0.0,1262.0,0.0,0.0,34.0,82.0,24.0,0.0,43.0,289.0,0.0,175.0,0.0,14.0,0.0,9.0,0.0,0.0,0.0,1373.0,0.0,0.0,0.0,192.0,0.0,0.0,0.0,632.0,2.0,3.0,0.0,1.0,2.0,1.0,0.0,2.0,0.0,0.0,3.0,3.0,3.0,2.0,13.0,5.0,0.0,10.0,0.0,1.0,0.0,1.0,0.0,0.0,0.0,2.0,0.0,0.0,0.0,16.0,0.0,0.0,0.0,4.0,4.0,2.0,0.0,0.0
ctx-lh-entorhinal,0.0,0.0,0.0,0.0,187.0,0.0,70.0,0.0,112.0,4.0,1.0,1.0,0.0,0.0,0.0,6.0,0.0,73.0,0.0,0.0,0.0,0.0,0.0,0.0,0.0,0.0,0.0,0.0,0.0,0.0,16.0,0.0,174.0,0.0,0.0,0.0,0.0,0.0,0.0,0.0,0.0,0.0,0.0,0.0,0.0,0.0,0.0,0.0,0.0,0.0,0.0,0.0,0.0,0.0,0.0,0.0,0.0,0.0,0.0,0.0,0.0,0.0,0.0,0.0,0.0,0.0,0.0,0.0
ctx-lh-frontalpole,0.0,1.0,0.0,0.0,0.0,89.0,0.0,0.0,0.0,3.0,0.0,0.0,43.0,0.0,187.0,0.0,0.0,0.0,1.0,14.0,3.0,0.0,0.0,0.0,0.0,0.0,19.0,216.0,79.0,0.0,0.0,0.0,0.0,0.0,0.0,0.0,0.0,0.0,0.0,0.0,0.0,0.0,0.0,0.0,0.0,0.0,0.0,0.0,1.0,0.0,0.0,0.0,0.0,0.0,1.0,0.0,0.0,0.0,0.0,0.0,1.0,1.0,1.0,0.0,0.0,0.0,0.0,0.0
ctx-lh-fusiform,14.0,0.0,0.0,34.0,70.0,0.0,3538.0,54.0,1532.0,33.0,22.0,1198.0,3.0,866.0,0.0,87.0,0.0,178.0,0.0,0.0,0.0,94.0,1.0,0.0,1.0,26.0,0.0,0.0,0.0,19.0,70.0,3.0,173.0,2.0,4.0,0.0,0.0,0.0,0.0,0.0,0.0,3.0,2.0,3.0,7.0,5.0,0.0,3.0,0.0,5.0,0.0,1.0,0.0,0.0,0.0,2.0,1.0,0.0,0.0,11.0,0.0,0.0,0.0,9.0,3.0,1.0,0.0,0.0
ctx-lh-inferiorparietal,374.0,0.0,1.0,82.0,0.0,0.0,54.0,5247.0,246.0,17.0,54.0,849.0,1.0,31.0,0.0,524.0,3.0,7.0,4.0,0.0,0.0,18.0,79.0,5.0,43.0,339.0,0.0,0.0,2.0,1181.0,164.0,1093.0,1.0,15.0,5.0,0.0,0.0,2.0,0.0,0.0,0.0,20.0,11.0,7.0,19.0,6.0,0.0,5.0,0.0,11.0,1.0,1.0,0.0,0.0,0.0,1.0,3.0,1.0,2.0,24.0,0.0,0.0,1.0,17.0,11.0,1.0,0.0,1.0
ctx-lh-inferiortemporal,179.0,0.0,1.0,24.0,112.0,0.0,1532.0,246.0,2861.0,61.0,30.0,427.0,4.0,160.0,2.0,1980.0,0.0,75.0,0.0,0.0,0.0,12.0,14.0,2.0,7.0,63.0,0.0,1.0,0.0,59.0,341.0,35.0,324.0,8.0,7.0,0.0,0.0,3.0,0.0,0.0,2.0,11.0,6.0,3.0,25.0,2.0,0.0,4.0,0.0,4.0,0.0,0.0,0.0,0.0,0.0,1.0,1.0,0.0,1.0,22.0,0.0,0.0,0.0,11.0,6.0,7.0,0.0,1.0
ctx-lh-insula,15.0,82.0,215.0,0.0,4.0,3.0,33.0,17.0,61.0,1906.0,10.0,3.0,510.0,4.0,63.0,70.0,21.0,4.0,340.0,9.0,91.0,0.0,363.0,46.0,464.0,26.0,83.0,286.0,378.0,59.0,237.0,204.0,16.0,107.0,0.0,55.0,10.0,0.0,0.0,0.0,0.0,2.0,1.0,17.0,3.0,2.0,6.0,0.0,7.0,2.0,7.0,0.0,8.0,3.0,7.0,0.0,5.0,24.0,8.0,10.0,17.0,21.0,76.0,4.0,3.0,4.0,0.0,1.0
ctx-lh-isthmuscingulate,9.0,2.0,1.0,43.0,1.0,0.0,22.0,54.0,30.0,10.0,695.0,40.0,1.0,132.0,0.0,34.0,15.0,59.0,0.0,0.0,0.0,26.0,31.0,314.0,24.0,991.0,0.0,1.0,16.0,144.0,31.0,19.0,0.0,16.0,16.0,2.0,2.0,4.0,0.0,0.0,8.0,38.0,7.0,12.0,84.0,9.0,0.0,3.0,0.0,12.0,10.0,3.0,1.0,0.0,0.0,3.0,11.0,27.0,11.0,91.0,0.0,1.0,3.0,57.0,27.0,21.0,1.0,4.0
ctx-lh-lateraloccipital,39.0,0.0,0.0,289.0,1.0,0.0,1198.0,849.0,427.0,3.0,40.0,6362.0,0.0,850.0,0.0,169.0,1.0,10.0,0.0,0.0,0.0,545.0,5.0,0.0,2.0,78.0,0.0,0.0,0.0,506.0,17.0,7.0,1.0,1.0,6.0,0.0,0.0,2.0,0.0,0.0,6.0,16.0,4.0,5.0,23.0,9.0,0.0,8.0,0.0,7.0,0.0,3.0,0.0,0.0,0.0,4.0,0.0,0.0,0.0,34.0,0.0,0.0,0.0,13.0,11.0,4.0,0.0,0.0
ctx-lh-lateralorbitofrontal,0.0,6.0,3.0,0.0,0.0,43.0,3.0,1.0,4.0,510.0,1.0,0.0,3424.0,0.0,1796.0,2.0,0.0,0.0,22.0,429.0,418.0,0.0,0.0,0.0,1.0,1.0,290.0,474.0,101.0,0.0,13.0,0.0,4.0,0.0,0.0,7.0,0.0,0.0,0.0,2.0,0.0,0.0,0.0,4.0,0.0,0.0,16.0,0.0,18.0,0.0,0.0,0.0,2.0,4.0,8.0,0.0,0.0,0.0,0.0,0.0,39.0,7.0,13.0,0.0,0.0,0.0,0.0,0.0
ctx-lh-lingual,1.0,0.0,0.0,175.0,0.0,0.0,866.0,31.0,160.0,4.0,132.0,850.0,0.0,4628.0,0.0,35.0,0.0,211.0,0.0,1.0,0.0,1009.0,1.0,0.0,1.0,113.0,0.0,0.0,0.0,73.0,14.0,0.0,3.0,3.0,1.0,0.0,0.0,3.0,0.0,0.0,2.0,11.0,4.0,1.0,10.0,4.0,0.0,8.0,0.0,1.0,0.0,6.0,0.0,0.0,0.0,3.0,0.0,1.0,0.0,8.0,0.0,0.0,1.0,9.0,3.0,1.0,0.0,0.0
ctx-lh-medialorbitofrontal,0.0,13.0,0.0,0.0,0.0,187.0,0.0,0.0,2.0,63.0,0.0,0.0,1796.0,0.0,1388.0,0.0,0.0,0.0,8.0,80.0,53.0,0.0,0.0,0.0,0.0,0.0,475.0,476.0,199.0,0.0,1.0,0.0,1.0,0.0,0.0,2.0,0.0,0.0,0.0,0.0,0.0,0.0,0.0,4.0,0.0,0.0,27.0,0.0,20.0,0.0,0.0,0.0,2.0,0.0,5.0,0.0,0.0,0.0,0.0,0.0,35.0,13.0,13.0,0.0,0.0,0.0,0.0,0.0
ctx-lh-middletemporal,746.0,0.0,0.0,14.0,6.0,0.0,87.0,524.0,1980.0,70.0,34.0,169.0,2.0,35.0,0.0,3456.0,1.0,12.0,0.0,0.0,0.0,9.0,13.0,2.0,4.0,64.0,0.0,0.0,1.0,65.0,804.0,91.0,114.0,18.0,8.0,0.0,0.0,1.0,0.0,0.0,1.0,9.0,0.0,3.0,11.0,2.0,0.0,0.0,0.0,4.0,0.0,0.0,0.0,0.0,0.0,0.0,1.0,0.0,2.0,19.0,0.0,0.0,0.0,4.0,10.0,4.0,0.0,1.0
ctx-lh-paracentral,1.0,7.0,19.0,0.0,0.0,0.0,0.0,3.0,0.0,21.0,15.0,1.0,0.0,0.0,0.0,1.0,1367.0,0.0,1.0,0.0,0.0,1.0,324.0,240.0,635.0,129.0,1.0,1.0,479.0,97.0,2.0,6.0,0.0,0.0,2.0,5.0,8.0,0.0,0.0,0.0,0.0,0.0,0.0,4.0,4.0,0.0,0.0,0.0,0.0,0.0,27.0,0.0,1.0,0.0,0.0,0.0,4.0,42.0,24.0,7.0,0.0,0.0,29.0,5.0,3.0,1.0,0.0,0.0
ctx-lh-parahippocampal,1.0,0.0,0.0,9.0,73.0,0.0,178.0,7.0,75.0,4.0,59.0,10.0,0.0,211.0,0.0,12.0,0.0,431.0,0.0,0.0,0.0,7.0,1.0,0.0,0.0,12.0,0.0,0.0,0.0,4.0,9.0,1.0,0.0,0.0,0.0,0.0,0.0,0.0,0.0,0.0,1.0,0.0,2.0,0.0,1.0,0.0,0.0,0.0,0.0,0.0,0.0,0.0,0.0,0.0,0.0,0.0,0.0,0.0,0.0,1.0,0.0,0.0,0.0,1.0,2.0,0.0,0.0,0.0
ctx-lh-parsopercularis,0.0,30.0,311.0,0.0,0.0,1.0,0.0,4.0,0.0,340.0,0.0,0.0,22.0,0.0,8.0,0.0,1.0,0.0,1870.0,11.0,557.0,0.0,33.0,6.0,453.0,1.0,19.0,504.0,155.0,0.0,1.0,6.0,0.0,0.0,0.0,17.0,3.0,0.0,0.0,0.0,0.0,0.0,0.0,2.0,1.0,0.0,2.0,0.0,0.0,0.0,0.0,0.0,1.0,1.0,1.0,0.0,1.0,1.0,4.0,0.0,4.0,7.0,14.0,0.0,0.0,0.0,0.0,0.0
ctx-lh-parsorbitalis,0.0,1.0,0.0,0.0,0.0,14.0,0.0,0.0,0.0,9.0,0.0,0.0,429.0,1.0,80.0,0.0,0.0,0.0,11.0,507.0,539.0,0.0,0.0,0.0,0.0,0.0,28.0,324.0,18.0,0.0,0.0,0.0,0.0,0.0,0.0,0.0,0.0,0.0,0.0,0.0,0.0,0.0,0.0,0.0,0.0,0.0,1.0,0.0,1.0,0.0,0.0,0.0,0.0,0.0,0.0,0.0,0.0,1.0,0.0,0.0,10.0,3.0,0.0,0.0,0.0,0.0,0.0,0.0
ctx-lh-parstriangularis,0.0,13.0,43.0,0.0,0.0,3.0,0.0,0.0,0.0,91.0,0.0,0.0,418.0,0.0,53.0,0.0,0.0,0.0,557.0,539.0,1430.0,0.0,0.0,0.0,11.0,0.0,107.0,919.0,130.0,0.0,1.0,0.0,0.0,0.0,0.0,12.0,0.0,0.0,0.0,0.0,0.0,0.0,0.0,5.0,0.0,0.0,7.0,0.0,7.0,0.0,0.0,0.0,1.0,3.0,7.0,0.0,0.0,1.0,0.0,0.0,20.0,13.0,19.0,0.0,0.0,0.0,0.0,0.0
ctx-lh-pericalcarine,2.0,0.0,0.0,1373.0,0.0,0.0,94.0,18.0,12.0,0.0,26.0,545.0,0.0,1009.0,0.0,9.0,1.0,7.0,0.0,0.0,0.0,687.0,1.0,0.0,0.0,97.0,0.0,0.0,0.0,133.0,3.0,2.0,0.0,0.0,4.0,0.0,0.0,4.0,0.0,0.0,5.0,2.0,0.0,1.0,11.0,0.0,0.0,6.0,0.0,1.0,0.0,1.0,0.0,0.0,0.0,1.0,0.0,0.0,0.0,7.0,0.0,0.0,0.0,7.0,4.0,1.0,0.0,0.0
ctx-lh-postcentral,23.0,4.0,81.0,0.0,0.0,0.0,1.0,79.0,14.0,363.0,31.0,5.0,0.0,1.0,0.0,13.0,324.0,1.0,33.0,0.0,0.0,1.0,5066.0,31.0,1645.0,124.0,0.0,1.0,46.0,684.0,55.0,1221.0,0.0,21.0,3.0,2.0,3.0,0.0,0.0,0.0,1.0,4.0,2.0,3.0,13.0,0.0,1.0,1.0,0.0,2.0,12.0,0.0,2.0,0.0,0.0,0.0,5.0,16.0,8.0,15.0,0.0,1.0,8.0,11.0,3.0,8.0,0.0,0.0
ctx-lh-posteriorcingulate,1.0,218.0,25.0,0.0,0.0,0.0,0.0,5.0,2.0,46.0,314.0,0.0,0.0,0.0,0.0,2.0,240.0,0.0,6.0,0.0,0.0,0.0,31.0,1144.0,117.0,434.0,8.0,7.0,490.0,34.0,8.0,9.0,0.0,0.0,3.0,47.0,26.0,0.0,0.0,0.0,0.0,6.0,0.0,15.0,24.0,0.0,0.0,0.0,0.0,2.0,94.0,0.0,7.0,0.0,1.0,0.0,14.0,186.0,79.0,26.0,0.0,7.0,108.0,16.0,9.0,13.0,0.0,0.0
ctx-lh-precentral,11.0,22.0,1318.0,0.0,0.0,0.0,1.0,43.0,7.0,464.0,24.0,2.0,1.0,1.0,0.0,4.0,635.0,0.0,453.0,0.0,11.0,0.0,1645.0,117.0,7075.0,79.0,2.0,31.0,870.0,219.0,22.0,172.0,0.0,10.0,3.0,34.0,16.0,0.0,0.0,0.0,0.0,3.0,3.0,3.0,12.0,0.0,0.0,0.0,0.0,1.0,45.0,0.0,1.0,0.0,1.0,0.0,6.0,71.0,40.0,10.0,1.0,0.0,59.0,7.0,7.0,8.0,0.0,0.0
ctx-lh-precuneus,31.0,9.0,5.0,192.0,0.0,0.0,26.0,339.0,63.0,26.0,991.0,78.0,1.0,113.0,0.0,64.0,129.0,12.0,1.0,0.0,0.0,97.0,124.0,434.0,79.0,3631.0,0.0,1.0,37.0,1760.0,59.0,54.0,0.0,16.0,24.0,2.0,3.0,7.0,0.0,0.0,16.0,40.0,16.0,25.0,76.0,17.0,0.0,11.0,0.0,21.0,12.0,2.0,1.0,0.0,0.0,6.0,6.0,27.0,21.0,83.0,0.0,1.0,4.0,34.0,32.0,22.0,0.0,9.0
ctx-lh-rostralanteriorcingulate,0.0,193.0,2.0,0.0,0.0,19.0,0.0,0.0,0.0,83.0,0.0,0.0,290.0,0.0,475.0,0.0,1.0,0.0,19.0,28.0,107.0,0.0,0.0,8.0,2.0,0.0,534.0,476.0,557.0,0.0,3.0,0.0,0.0,0.0,0.0,49.0,1.0,0.0,0.0,2.0,0.0,0.0,0.0,10.0,0.0,0.0,49.0,0.0,70.0,0.0,0.0,0.0,10.0,15.0,18.0,0.0,0.0,2.0,0.0,0.0,89.0,52.0,62.0,0.0,0.0,0.0,0.0,0.0
ctx-lh-rostralmiddlefrontal,0.0,112.0,667.0,0.0,0.0,216.0,0.0,0.0,1.0,286.0,1.0,0.0,474.0,0.0,476.0,0.0,1.0,0.0,504.0,324.0,919.0,0.0,1.0,7.0,31.0,1.0,476.0,5365.0,2259.0,0.0,1.0,1.0,0.0,0.0,0.0,48.0,6.0,0.0,0.0,1.0,0.0,0.0,1.0,12.0,0.0,0.0,14.0,0.0,16.0,0.0,0.0,0.0,4.0,8.0,19.0,0.0,0.0,0.0,0.0,0.0,70.0,54.0,58.0,0.0,0.0,0.0,0.0,0.0
ctx-lh-superiorfrontal,0.0,546.0,1303.0,0.0,0.0,79.0,0.0,2.0,0.0,378.0,16.0,0.0,101.0,0.0,199.0,1.0,479.0,0.0,155.0,18.0,130.0,0.0,46.0,490.0,870.0,37.0,557.0,2259.0,9112.0,20.0,1.0,3.0,0.0,0.0,0.0,201.0,55.0,0.0,0.0,2.0,0.0,1.0,0.0,25.0,2.0,0.0,15.0,0.0,17.0,1.0,30.0,0.0,35.0,6.0,25.0,0.0,9.0,103.0,48.0,2.0,53.0,63.0,278.0,3.0,1.0,4.0,0.0,0.0
ctx-lh-superiorparietal,37.0,1.0,11.0,632.0,0.0,0.0,19.0,1181.0,59.0,59.0,144.0,506.0,0.0,73.0,0.0,65.0,97.0,4.0,0.0,0.0,0.0,133.0,684.0,34.0,219.0,1760.0,0.0,0.0,20.0,5725.0,74.0,448.0,0.0,20.0,13.0,1.0,0.0,6.0,0.0,0.0,3.0,29.0,8.0,7.0,44.0,12.0,0.0,7.0,0.0,18.0,12.0,0.0,0.0,0.0,0.0,8.0,9.0,19.0,3.0,45.0,0.0,0.0,3.0,28.0,21.0,7.0,1.0,4.0
ctx-lh-superiortemporal,963.0,0.0,2.0,2.0,16.0,0.0,70.0,164.0,341.0,237.0,31.0,17.0,13.0,14.0,1.0,804.0,2.0,9.0,1.0,0.0,1.0,3.0,55.0,8.0,22.0,59.0,3.0,1.0,1.0,74.0,4541.0,433.0,210.0,508.0,7.0,0.0,0.0,0.0,0.0,0.0,1.0,5.0,1.0,4.0,16.0,2.0,0.0,0.0,0.0,3.0,4.0,0.0,0.0,0.0,0.0,1.0,5.0,3.0,2.0,23.0,0.0,0.0,0.0,13.0,8.0,9.0,0.0,2.0
ctx-lh-supramarginal,293.0,0.0,10.0,3.0,0.0,0.0,3.0,1093.0,35.0,204.0,19.0,7.0,0.0,0.0,0.0,91.0,6.0,1.0,6.0,0.0,0.0,2.0,1221.0,9.0,172.0,54.0,0.0,1.0,3.0,448.0,433.0,4347.0,0.0,39.0,4.0,0.0,0.0,0.0,0.0,0.0,0.0,5.0,2.0,4.0,9.0,1.0,0.0,1.0,0.0,2.0,2.0,0.0,0.0,0.0,0.0,0.0,3.0,5.0,3.0,13.0,1.0,0.0,2.0,8.0,8.0,5.0,0.0,0.0
ctx-lh-temporalpole,0.0,0.0,0.0,0.0,174.0,0.0,173.0,1.0,324.0,16.0,0.0,1.0,4.0,3.0,1.0,114.0,0.0,0.0,0.0,0.0,0.0,0.0,0.0,0.0,0.0,0.0,0.0,0.0,0.0,0.0,210.0,0.0,492.0,1.0,0.0,0.0,0.0,0.0,0.0,0.0,0.0,0.0,0.0,0.0,0.0,0.0,0.0,1.0,0.0,0.0,0.0,0.0,0.0,0.0,0.0,0.0,0.0,0.0,0.0,1.0,0.0,0.0,0.0,0.0,0.0,0.0,0.0,0.0
ctx-lh-transversetemporal,10.0,0.0,0.0,1.0,0.0,0.0,2.0,15.0,8.0,107.0,16.0,1.0,0.0,3.0,0.0,18.0,0.0,0.0,0.0,0.0,0.0,0.0,21.0,0.0,10.0,16.0,0.0,0.0,0.0,20.0,508.0,39.0,1.0,311.0,0.0,0.0,0.0,0.0,0.0,0.0,0.0,3.0,2.0,0.0,8.0,1.0,0.0,0.0,0.0,1.0,0.0,0.0,0.0,0.0,0.0,0.0,3.0,2.0,0.0,9.0,0.0,0.0,0.0,1.0,3.0,1.0,0.0,0.0
ctx-rh-bankssts,3.0,0.0,0.0,2.0,0.0,0.0,4.0,5.0,7.0,0.0,16.0,6.0,0.0,1.0,0.0,8.0,2.0,0.0,0.0,0.0,0.0,4.0,3.0,3.0,3.0,24.0,0.0,0.0,0.0,13.0,7.0,4.0,0.0,0.0,711.0,0.0,1.0,1.0,0.0,0.0,24.0,477.0,98.0,32.0,41.0,22.0,0.0,7.0,0.0,668.0,2.0,5.0,4.0,0.0,0.0,4.0,40.0,4.0,19.0,56.0,0.0,0.0,3.0,58.0,761.0,422.0,1.0,14.0
ctx-rh-caudalanteriorcingulate,0.0,129.0,44.0,1.0,0.0,0.0,0.0,0.0,0.0,55.0,2.0,0.0,7.0,0.0,2.0,0.0,5.0,0.0,17.0,0.0,12.0,0.0,2.0,47.0,34.0,2.0,49.0,48.0,201.0,1.0,0.0,0.0,0.0,0.0,0.0,483.0,70.0,0.0,0.0,1.0,0.0,0.0,0.0,33.0,6.0,0.0,6.0,0.0,4.0,0.0,14.0,0.0,41.0,1.0,52.0,0.0,3.0,326.0,20.0,7.0,67.0,140.0,813.0,0.0,0.0,0.0,0.0,0.0
ctx-rh-caudalmiddlefrontal,0.0,25.0,12.0,0.0,0.0,0.0,0.0,0.0,0.0,10.0,2.0,0.0,0.0,0.0,0.0,0.0,8.0,0.0,3.0,0.0,0.0,0.0,3.0,26.0,16.0,3.0,1.0,6.0,55.0,0.0,0.0,0.0,0.0,0.0,1.0,70.0,2042.0,0.0,0.0,0.0,0.0,14.0,2.0,72.0,1.0,0.0,0.0,0.0,0.0,2.0,36.0,0.0,267.0,0.0,25.0,0.0,63.0,16.0,1183.0,6.0,6.0,535.0,1063.0,20.0,1.0,16.0,0.0,0.0
ctx-rh-cuneus,0.0,0.0,0.0,2.0,0.0,0.0,0.0,2.0,3.0,0.0,4.0,2.0,0.0,3.0,0.0,1.0,0.0,0.0,0.0,0.0,0.0,4.0,0.0,0.0,0.0,7.0,0.0,0.0,0.0,6.0,0.0,0.0,0.0,0.0,1.0,0.0,0.0,1257.0,0.0,0.0,24.0,48.0,17.0,2.0,29.0,566.0,1.0,236.0,0.0,13.0,0.0,4.0,0.0,0.0,0.0,1394.0,0.0,0.0,0.0,187.0,0.0,0.0,0.0,692.0,2.0,1.0,0.0,0.0
ctx-rh-entorhinal,0.0,0.0,0.0,0.0,0.0,0.0,0.0,0.0,0.0,0.0,0.0,0.0,0.0,0.0,0.0,0.0,0.0,0.0,0.0,0.0,0.0,0.0,0.0,0.0,0.0,0.0,0.0,0.0,0.0,0.0,0.0,0.0,0.0,0.0,0.0,0.0,0.0,0.0,191.0,0.0,113.0,1.0,90.0,3.0,0.0,0.0,0.0,0.0,0.0,8.0,0.0,46.0,0.0,0.0,0.0,0.0,0.0,0.0,0.0,1.0,0.0,0.0,0.0,0.0,3.0,0.0,129.0,0.0
ctx-rh-frontalpole,0.0,0.0,0.0,0.0,0.0,0.0,0.0,0.0,0.0,0.0,0.0,0.0,2.0,0.0,0.0,0.0,0.0,0.0,0.0,0.0,0.0,0.0,0.0,0.0,0.0,0.0,2.0,1.0,2.0,0.0,0.0,0.0,0.0,0.0,0.0,1.0,0.0,0.0,0.0,51.0,0.0,0.0,0.0,1.0,0.0,0.0,137.0,0.0,253.0,0.0,0.0,0.0,0.0,5.0,4.0,0.0,0.0,0.0,0.0,0.0,13.0,137.0,101.0,0.0,0.0,0.0,0.0,0.0
ctx-rh-fusiform,0.0,0.0,0.0,3.0,0.0,0.0,0.0,0.0,2.0,0.0,8.0,6.0,0.0,2.0,0.0,1.0,0.0,1.0,0.0,0.0,0.0,5.0,1.0,0.0,0.0,16.0,0.0,0.0,0.0,3.0,1.0,0.0,0.0,0.0,24.0,0.0,0.0,24.0,113.0,0.0,3151.0,75.0,1833.0,41.0,33.0,1125.0,0.0,640.0,0.0,214.0,0.0,132.0,0.0,1.0,1.0,94.0,2.0,1.0,0.0,44.0,0.0,0.0,0.0,30.0,54.0,3.0,138.0,2.0
ctx-rh-inferiorparietal,3.0,0.0,0.0,3.0,0.0,0.0,3.0,20.0,11.0,2.0,38.0,16.0,0.0,11.0,0.0,9.0,0.0,0.0,0.0,0.0,0.0,2.0,4.0,6.0,3.0,40.0,0.0,0.0,1.0,29.0,5.0,5.0,0.0,3.0,477.0,0.0,14.0,48.0,1.0,0.0,75.0,6085.0,247.0,37.0,87.0,833.0,1.0,27.0,0.0,569.0,3.0,7.0,5.0,0.0,1.0,25.0,141.0,9.0,86.0,379.0,0.0,0.0,5.0,1474.0,89.0,890.0,0.0,8.0
ctx-rh-inferiortemporal,1.0,0.0,0.0,3.0,0.0,0.0,2.0,11.0,6.0,1.0,7.0,4.0,0.0,4.0,0.0,0.0,0.0,2.0,0.0,0.0,0.0,0.0,2.0,0.0,3.0,16.0,0.0,1.0,0.0,8.0,1.0,2.0,0.0,2.0,98.0,0.0,2.0,17.0,90.0,0.0,1833.0,247.0,3334.0,102.0,20.0,420.0,1.0,91.0,0.0,1550.0,0.0,78.0,1.0,0.0,0.0,12.0,6.0,0.0,3.0,53.0,1.0,2.0,0.0,41.0,241.0,10.0,191.0,6.0
ctx-rh-insula,1.0,13.0,3.0,2.0,0.0,0.0,3.0,7.0,3.0,17.0,12.0,5.0,4.0,1.0,4.0,3.0,4.0,0.0,2.0,0.0,5.0,1.0,3.0,15.0,3.0,25.0,10.0,12.0,25.0,7.0,4.0,4.0,0.0,0.0,32.0,33.0,72.0,2.0,3.0,1.0,41.0,37.0,102.0,1050.0,27.0,11.0,293.0,6.0,14.0,146.0,35.0,9.0,147.0,24.0,168.0,2.0,225.0,30.0,276.0,35.0,39.0,94.0,138.0,53.0,356.0,190.0,14.0,54.0
ctx-rh-isthmuscingulate,5.0,0.0,2.0,13.0,0.0,0.0,7.0,19.0,25.0,3.0,84.0,23.0,0.0,10.0,0.0,11.0,4.0,1.0,1.0,0.0,0.0,11.0,13.0,24.0,12.0,76.0,0.0,0.0,2.0,44.0,16.0,9.0,0.0,8.0,41.0,6.0,1.0,29.0,0.0,0.0,33.0,87.0,20.0,27.0,578.0,49.0,0.0,148.0,0.0,36.0,29.0,35.0,2.0,0.0,0.0,32.0,24.0,219.0,10.0,1103.0,1.0,0.0,7.0,144.0,43.0,35.0,1.0,9.0
ctx-rh-lateraloccipital,1.0,0.0,0.0,5.0,0.0,0.0,5.0,6.0,2.0,2.0,9.0,9.0,0.0,4.0,0.0,2.0,0.0,0.0,0.0,0.0,0.0,0.0,0.0,0.0,0.0,17.0,0.0,0.0,0.0,12.0,2.0,1.0,0.0,1.0,22.0,0.0,0.0,566.0,0.0,0.0,1125.0,833.0,420.0,11.0,49.0,6528.0,1.0,881.0,0.0,164.0,0.0,16.0,0.0,0.0,0.0,642.0,1.0,0.0,0.0,132.0,0.0,0.0,0.0,549.0,27.0,4.0,2.0,1.0
ctx-rh-lateralorbitofrontal,0.0,6.0,1.0,0.0,0.0,0.0,0.0,0.0,0.0,6.0,0.0,0.0,16.0,0.0,27.0,0.0,0.0,0.0,2.0,1.0,7.0,0.0,1.0,0.0,0.0,0.0,49.0,14.0,15.0,0.0,0.0,0.0,0.0,0.0,0.0,6.0,0.0,1.0,0.0,137.0,0.0,1.0,1.0,293.0,0.0,1.0,2328.0,2.0,1173.0,8.0,0.0,0.0,4.0,499.0,251.0,0.0,0.0,0.0,0.0,0.0,170.0,360.0,98.0,0.0,1.0,0.0,0.0,0.0
ctx-rh-lingual,4.0,0.0,0.0,10.0,0.0,0.0,3.0,5.0,4.0,0.0,3.0,8.0,0.0,8.0,0.0,0.0,0.0,0.0,0.0,0.0,0.0,6.0,1.0,0.0,0.0,11.0,0.0,0.0,0.0,7.0,0.0,1.0,1.0,0.0,7.0,0.0,0.0,236.0,0.0,0.0,640.0,27.0,91.0,6.0,148.0,881.0,2.0,4404.0,0.0,45.0,0.0,313.0,0.0,0.0,0.0,1461.0,0.0,0.0,0.0,173.0,0.0,0.0,0.0,66.0,14.0,0.0,3.0,2.0
ctx-rh-medialorbitofrontal,0.0,5.0,0.0,0.0,0.0,1.0,0.0,0.0,0.0,7.0,0.0,0.0,18.0,0.0,20.0,0.0,0.0,0.0,0.0,1.0,7.0,0.0,0.0,0.0,0.0,0.0,70.0,16.0,17.0,0.0,0.0,0.0,0.0,0.0,0.0,4.0,0.0,0.0,0.0,253.0,0.0,0.0,0.0,14.0,0.0,0.0,1173.0,0.0,1392.0,0.0,0.0,0.0,0.0,55.0,25.0,0.0,0.0,1.0,0.0,0.0,430.0,405.0,279.0,0.0,0.0,0.0,0.0,0.0
ctx-rh-middletemporal,0.0,0.0,0.0,1.0,0.0,0.0,5.0,11.0,4.0,2.0,12.0,7.0,0.0,1.0,0.0,4.0,0.0,0.0,0.0,0.0,0.0,1.0,2.0,2.0,1.0,21.0,0.0,0.0,1.0,18.0,3.0,2.0,0.0,1.0,668.0,0.0,2.0,13.0,8.0,0.0,214.0,569.0,1550.0,146.0,36.0,164.0,8.0,45.0,0.0,3427.0,0.0,27.0,0.0,1.0,0.0,11.0,9.0,3.0,3.0,69.0,0.0,1.0,2.0,55.0,653.0,62.0,156.0,9.0
ctx-rh-paracentral,1.0,9.0,6.0,0.0,0.0,0.0,0.0,1.0,0.0,7.0,10.0,0.0,0.0,0.0,0.0,0.0,27.0,0.0,0.0,0.0,0.0,0.0,12.0,94.0,45.0,12.0,0.0,0.0,30.0,12.0,4.0,2.0,0.0,0.0,2.0,14.0,36.0,0.0,0.0,0.0,0.0,3.0,0.0,35.0,29.0,0.0,0.0,0.0,0.0,0.0,1917.0,0.0,2.0,0.0,0.0,0.0,428.0,352.0,603.0,199.0,0.0,2.0,510.0,182.0,8.0,19.0,0.0,0.0
ctx-rh-parahippocampal,1.0,0.0,0.0,1.0,0.0,0.0,1.0,1.0,0.0,0.0,3.0,3.0,0.0,6.0,0.0,0.0,0.0,0.0,0.0,0.0,0.0,1.0,0.0,0.0,0.0,2.0,0.0,0.0,0.0,0.0,0.0,0.0,0.0,0.0,5.0,0.0,0.0,4.0,46.0,0.0,132.0,7.0,78.0,9.0,35.0,16.0,0.0,313.0,0.0,27.0,0.0,377.0,0.0,0.0,0.0,8.0,0.0,0.0,1.0,14.0,0.0,0.0,0.0,3.0,7.0,1.0,0.0,0.0
ctx-rh-parsopercularis,0.0,20.0,11.0,0.0,0.0,0.0,0.0,0.0,0.0,8.0,1.0,0.0,2.0,0.0,2.0,0.0,1.0,0.0,1.0,0.0,1.0,0.0,2.0,7.0,1.0,1.0,10.0,4.0,35.0,0.0,0.0,0.0,0.0,0.0,4.0,41.0,267.0,0.0,0.0,0.0,0.0,5.0,1.0,147.0,2.0,0.0,4.0,0.0,0.0,0.0,2.0,0.0,877.0,4.0,367.0,0.0,56.0,6.0,545.0,4.0,13.0,365.0,229.0,6.0,0.0,11.0,0.0,0.0
ctx-rh-parsorbitalis,0.0,5.0,0.0,0.0,0.0,0.0,0.0,0.0,0.0,3.0,0.0,0.0,4.0,0.0,0.0,0.0,0.0,0.0,1.0,0.0,3.0,0.0,0.0,0.0,0.0,0.0,15.0,8.0,6.0,0.0,0.0,0.0,0.0,0.0,0.0,1.0,0.0,0.0,0.0,5.0,1.0,0.0,0.0,24.0,0.0,0.0,499.0,0.0,55.0,1.0,0.0,0.0,4.0,523.0,319.0,0.0,0.0,0.0,1.0,0.0,49.0,391.0,66.0,0.0,2.0,0.0,0.0,0.0
ctx-rh-parstriangularis,0.0,7.0,4.0,0.0,0.0,1.0,0.0,0.0,0.0,7.0,0.0,0.0,8.0,0.0,5.0,0.0,0.0,0.0,1.0,0.0,7.0,0.0,0.0,1.0,1.0,0.0,18.0,19.0,25.0,0.0,0.0,0.0,0.0,0.0,0.0,52.0,25.0,0.0,0.0,4.0,1.0,1.0,0.0,168.0,0.0,0.0,251.0,0.0,25.0,0.0,0.0,0.0,367.0,319.0,1267.0,0.0,1.0,1.0,6.0,0.0,66.0,720.0,228.0,0.0,0.0,0.0,0.0,0.0
ctx-rh-pericalcarine,0.0,0.0,0.0,2.0,0.0,0.0,2.0,1.0,1.0,0.0,3.0,4.0,0.0,3.0,0.0,0.0,0.0,0.0,0.0,0.0,0.0,1.0,0.0,0.0,0.0,6.0,0.0,0.0,0.0,8.0,1.0,0.0,0.0,0.0,4.0,0.0,0.0,1394.0,0.0,0.0,94.0,25.0,12.0,2.0,32.0,642.0,0.0,1461.0,0.0,11.0,0.0,8.0,0.0,0.0,0.0,871.0,0.0,0.0,0.0,116.0,0.0,0.0,0.0,119.0,1.0,0.0,0.0,0.0
ctx-rh-postcentral,3.0,2.0,4.0,0.0,0.0,0.0,1.0,3.0,1.0,5.0,11.0,0.0,0.0,0.0,0.0,1.0,4.0,0.0,1.0,0.0,0.0,0.0,5.0,14.0,6.0,6.0,0.0,0.0,9.0,9.0,5.0,3.0,0.0,3.0,40.0,3.0,63.0,0.0,0.0,0.0,2.0,141.0,6.0,225.0,24.0,1.0,0.0,0.0,0.0,9.0,428.0,0.0,56.0,0.0,1.0,0.0,4370.0,35.0,1780.0,107.0,0.0,2.0,58.0,578.0,30.0,1518.0,1.0,5.0
ctx-rh-posteriorcingulate,2.0,32.0,30.0,0.0,0.0,0.0,0.0,1.0,0.0,24.0,27.0,0.0,0.0,1.0,0.0,0.0,42.0,0.0,1.0,1.0,1.0,0.0,16.0,186.0,71.0,27.0,2.0,0.0,103.0,19.0,3.0,5.0,0.0,2.0,4.0,326.0,16.0,0.0,0.0,0.0,1.0,9.0,0.0,30.0,219.0,0.0,0.0,0.0,1.0,3.0,352.0,0.0,6.0,0.0,1.0,0.0,35.0,969.0,79.0,264.0,4.0,2.0,333.0,42.0,8.0,27.0,0.0,2.0
ctx-rh-precentral,1.0,16.0,14.0,0.0,0.0,0.0,0.0,2.0,1.0,8.0,11.0,0.0,0.0,0.0,0.0,2.0,24.0,0.0,4.0,0.0,0.0,0.0,8.0,79.0,40.0,21.0,0.0,0.0,48.0,3.0,2.0,3.0,0.0,0.0,19.0,20.0,1183.0,0.0,0.0,0.0,0.0,86.0,3.0,276.0,10.0,0.0,0.0,0.0,0.0,3.0,603.0,1.0,545.0,1.0,6.0,0.0,1780.0,79.0,8449.0,70.0,1.0,54.0,996.0,221.0,24.0,247.0,0.0,4.0
ctx-rh-precuneus,9.0,1.0,1.0,16.0,0.0,0.0,11.0,24.0,22.0,10.0,91.0,34.0,0.0,8.0,0.0,19.0,7.0,1.0,0.0,0.0,0.0,7.0,15.0,26.0,10.0,83.0,0.0,0.0,2.0,45.0,23.0,13.0,1.0,9.0,56.0,7.0,6.0,187.0,1.0,0.0,44.0,379.0,53.0,35.0,1103.0,132.0,0.0,173.0,0.0,69.0,199.0,14.0,4.0,0.0,0.0,116.0,107.0,264.0,70.0,3849.0,0.0,0.0,11.0,2056.0,54.0,67.0,0.0,11.0
ctx-rh-rostralanteriorcingulate,0.0,16.0,2.0,0.0,0.0,1.0,0.0,0.0,0.0,17.0,0.0,0.0,39.0,0.0,35.0,0.0,0.0,0.0,4.0,10.0,20.0,0.0,0.0,0.0,1.0,0.0,89.0,70.0,53.0,0.0,0.0,1.0,0.0,0.0,0.0,67.0,6.0,0.0,0.0,13.0,0.0,0.0,1.0,39.0,1.0,0.0,170.0,0.0,430.0,0.0,0.0,0.0,13.0,49.0,66.0,0.0,0.0,4.0,1.0,0.0,459.0,194.0,445.0,0.0,0.0,0.0,0.0,0.0
ctx-rh-rostralmiddlefrontal,0.0,29.0,7.0,0.0,0.0,1.0,0.0,0.0,0.0,21.0,1.0,0.0,7.0,0.0,13.0,0.0,0.0,0.0,7.0,3.0,13.0,0.0,1.0,7.0,0.0,1.0,52.0,54.0,63.0,0.0,0.0,0.0,0.0,0.0,0.0,140.0,535.0,0.0,0.0,137.0,0.0,0.0,2.0,94.0,0.0,0.0,360.0,0.0,405.0,1.0,2.0,0.0,365.0,391.0,720.0,0.0,2.0,2.0,54.0,0.0,194.0,4466.0,2139.0,0.0,0.0,1.0,0.0,0.0
ctx-rh-superiorfrontal,1.0,164.0,60.0,0.0,0.0,1.0,0.0,1.0,0.0,76.0,3.0,0.0,13.0,1.0,13.0,0.0,29.0,0.0,14.0,0.0,19.0,0.0,8.0,108.0,59.0,4.0,62.0,58.0,278.0,3.0,0.0,2.0,0.0,0.0,3.0,813.0,1063.0,0.0,0.0,101.0,0.0,5.0,0.0,138.0,7.0,0.0,98.0,0.0,279.0,2.0,510.0,0.0,229.0,66.0,228.0,0.0,58.0,333.0,996.0,11.0,445.0,2139.0,8680.0,8.0,1.0,16.0,0.0,0.0
ctx-rh-superiorparietal,4.0,0.0,0.0,4.0,0.0,0.0,9.0,17.0,11.0,4.0,57.0,13.0,0.0,9.0,0.0,4.0,5.0,1.0,0.0,0.0,0.0,7.0,11.0,16.0,7.0,34.0,0.0,0.0,3.0,28.0,13.0,8.0,0.0,1.0,58.0,0.0,20.0,692.0,0.0,0.0,30.0,1474.0,41.0,53.0,144.0,549.0,0.0,66.0,0.0,55.0,182.0,3.0,6.0,0.0,0.0,119.0,578.0,42.0,221.0,2056.0,0.0,0.0,8.0,5728.0,64.0,342.0,1.0,13.0
ctx-rh-superiortemporal,3.0,0.0,0.0,4.0,0.0,0.0,3.0,11.0,6.0,3.0,27.0,11.0,0.0,3.0,0.0,10.0,3.0,2.0,0.0,0.0,0.0,4.0,3.0,9.0,7.0,32.0,0.0,0.0,1.0,21.0,8.0,8.0,0.0,3.0,761.0,0.0,1.0,2.0,3.0,0.0,54.0,89.0,241.0,356.0,43.0,27.0,1.0,14.0,0.0,653.0,8.0,7.0,0.0,2.0,0.0,1.0,30.0,8.0,24.0,54.0,0.0,0.0,1.0,64.0,4061.0,377.0,160.0,527.0
ctx-rh-supramarginal,4.0,1.0,2.0,2.0,0.0,0.0,1.0,1.0,7.0,4.0,21.0,4.0,0.0,1.0,0.0,4.0,1.0,0.0,0.0,0.0,0.0,1.0,8.0,13.0,8.0,22.0,0.0,0.0,4.0,7.0,9.0,5.0,0.0,1.0,422.0,0.0,16.0,1.0,0.0,0.0,3.0,890.0,10.0,190.0,35.0,4.0,0.0,0.0,0.0,62.0,19.0,1.0,11.0,0.0,0.0,0.0,1518.0,27.0,247.0,67.0,0.0,1.0,16.0,342.0,377.0,4508.0,0.0,32.0
ctx-rh-temporalpole,0.0,0.0,0.0,0.0,0.0,0.0,0.0,0.0,0.0,0.0,1.0,0.0,0.0,0.0,0.0,0.0,0.0,0.0,0.0,0.0,0.0,0.0,0.0,0.0,0.0,0.0,0.0,0.0,0.0,1.0,0.0,0.0,0.0,0.0,1.0,0.0,0.0,0.0,129.0,0.0,138.0,0.0,191.0,14.0,1.0,2.0,0.0,3.0,0.0,156.0,0.0,0.0,0.0,0.0,0.0,0.0,1.0,0.0,0.0,0.0,0.0,0.0,0.0,1.0,160.0,0.0,295.0,0.0
ctx-rh-transversetemporal,1.0,0.0,0.0,0.0,0.0,0.0,0.0,1.0,1.0,1.0,4.0,0.0,0.0,0.0,0.0,1.0,0.0,0.0,0.0,0.0,0.0,0.0,0.0,0.0,0.0,9.0,0.0,0.0,0.0,4.0,2.0,0.0,0.0,0.0,14.0,0.0,0.0,0.0,0.0,0.0,2.0,8.0,6.0,54.0,9.0,1.0,0.0,2.0,0.0,9.0,0.0,0.0,0.0,0.0,0.0,0.0,5.0,2.0,4.0,11.0,0.0,0.0,0.0,13.0,527.0,32.0,0.0,221.0
