,ctx-lh-bankssts,ctx-lh-caudalanteriorcingulate,ctx-lh-caudalmiddlefrontal,ctx-lh-cuneus,ctx-lh-entorhinal,ctx-lh-frontalpole,ctx-lh-fusiform,ctx-lh-inferiorparietal,ctx-lh-inferiortemporal,ctx-lh-insula,ctx-lh-isthmuscingulate,ctx-lh-lateraloccipital,ctx-lh-lateralorbitofrontal,ctx-lh-lingual,ctx-lh-medialorbitofrontal,ctx-lh-middletemporal,ctx-lh-paracentral,ctx-lh-parahippocampal,ctx-lh-parsopercularis,ctx-lh-parsorbitalis,ctx-lh-parstriangularis,ctx-lh-pericalcarine,ctx-lh-postcentral,ctx-lh-posteriorcingulate,ctx-lh-precentral,ctx-lh-precuneus,ctx-lh-rostralanteriorcingulate,ctx-lh-rostralmiddlefrontal,ctx-lh-superiorfrontal,ctx-lh-superiorparietal,ctx-lh-superiortemporal,ctx-lh-supramarginal,ctx-lh-temporalpole,ctx-lh-transversetemporal,ctx-rh-bankssts,ctx-rh-caudalanteriorcingulate,ctx-rh-caudalmiddlefrontal,ctx-rh-cuneus,ctx-rh-entorhinal,ctx-rh-frontalpole,ctx-rh-fusiform,ctx-rh-inferiorparietal,ctx-rh-inferiortemporal,ctx-rh-insula,ctx-rh-isthmuscingulate,ctx-rh-lateraloccipital,ctx-rh-lateralorbitofrontal,ctx-rh-lingual,ctx-rh-medialorbitofrontal,ctx-rh-middletemporal,ctx-rh-paracentral,ctx-rh-parahippocampal,ctx-rh-parsopercularis,ctx-rh-parsorbitalis,ctx-rh-parstriangularis,ctx-rh-pericalcarine,ctx-rh-postcentral,ctx-rh-posteriorcingulate,ctx-rh-precentral,ctx-rh-precuneus,ctx-rh-rostralanteriorcingulate,ctx-rh-rostralmiddlefrontal,ctx-rh-superiorfrontal,ctx-rh-superiorparietal,ctx-rh-superiortemporal,ctx-rh-supramarginal,ctx-rh-temporalpole,ctx-rh-transversetemporal
ctx-lh-bankssts,948.0,0.0,0.0,2.0,0.0,0.0,53.0,502.0,424.0,50.0,10.0,33.0,0.0,8.0,0.0,846.0,0.0,6.0,1.0,0.0,0.0,6.0,20.0,2.0,7.0,30.0,1.0,0.0,2.0,24.0,1259.0,417.0,0.0,48.0,1.0,1.0,0.0,0.0,0.0,0.0,0.0,1.0,0.0,0.0,8.0,0.0,0.0,0.0,0.0,1.0,1.0,0.0,0.0,0.0,0.0,0.0,0.0,0.0,1.0,10.0,0.0,0.0,0.0,1.0,0.0,0.0,0.0,0.0
ctx-lh-caudalanteriorcingulate,0.0,1066.0,66.0,0.0,0.0,3.0,0.0,0.0,0.0,33.0,16.0,0.0,13.0,0.0,24.0,0.0,30.0,0.0,28.0,2.0,24.0,0.0,5.0,323.0,44.0,8.0,431.0,215.0,935.0,3.0,0.0,0.0,0.0,0.0,0.0,188.0,3.0,0.0,0.0,0.0,0.0,0.0,0.0,8.0,1.0,0.0,3.0,0.0,5.0,0.0,6.0,0.0,5.0,0.0,7.0,0.0,3.0,9.0,9.0,4.0,22.0,28.0,103.0,1.0,0.0,1.0,0.0,0.0
ctx-lh-caudalmiddlefrontal,0.0,66.0,2482.0,0.0,0.0,0.0,0.0,1.0,0.0,38.0,2.0,0.0,1.0,0.0,2.0,0.0,23.0,0.0,270.0,0.0,21.0,0.0,54.0,31.0,949.0,1.0,3.0,819.0,1070.0,6.0,0.0,13.0,0.0,0.0,0.0,16.0,0.0,0.0,0.0,0.0,0.0,0.0,0.0,0.0,0.0,0.0,0.0,0.0,0.0,0.0,0.0,0.0,1.0,1.0,0.0,0.0,0.0,4.0,2.0,2.0,2.0,3.0,17.0,0.0,0.0,0.0,0.0,0.0
ctx-lh-cuneus,2.0,0.0,0.0,1189.0,0.0,0.0,16.0,52.0,8.0,0.0,9.0,258.0,0.0,193.0,0.0,1.0,0.0,2.0,0.0,0.0,0.0,1082.0,0.0,0.0,0.0,171.0,0.0,0.0,0.0,740.0,1.0,0.0,0.0,0.0,0.0,0.0,0.0,51.0,0.0,0.0,0.0,0.0,0.0,0.0,0.0,6.0,0.0,35.0,0.0,0.0,0.0,0.0,0.0,0.0,0.0,34.0,0.0,1.0,0.0,1.0,0.0,0.0,0.0,5.0,0.0,0.0,0.0,0.0
ctx-lh-entorhinal,0.0,0.0,0.0,0.0,226.0,0.0,48.0,0.0,147.0,4.0,0.0,0.0,0.0,0.0,0.0,22.0,0.0,107.0,0.0,0.0,0.0,1.0,0.0,0.0,0.0,1.0,0.0,0.0,0.0,0.0,24.0,0.0,242.0,0.0,0.0,0.0,0.0,0.0,0.0,0.0,0.0,0.0,0.0,0.0,0.0,0.0,0.0,0.0,0.0,0.0,0.0,0.0,0.0,0.0,0.0,0.0,0.0,0.0,0.0,0.0,0.0,0.0,0.0,0.0,0.0,0.0,0.0,0.0
ctx-lh-frontalpole,0.0,3.0,0.0,0.0,0.0,81.0,0.0,0.0,0.0,4.0,0.0,0.0,61.0,0.0,255.0,0.0,0.0,0.0,0.0,3.0,1.0,0.0,0.0,0.0,0.0,0.0,6.0,273.0,131.0,0.0,0.0,0.0,0.0,0.0,0.0,0.0,0.0,0.0,0.0,0.0,0.0,0.0,0.0,0.0,0.0,0.0,0.0,0.0,0.0,0.0,0.0,0.0,0.0,0.0,0.0,0.0,0.0,0.0,0.0,0.0,0.0,0.0,0.0,0.0,0.0,0.0,0.0,0.0
ctx-lh-fusiform,53.0,0.0,0.0,16.0,48.0,0.0,3922.0,201.0,2118.0,33.0,9.0,1485.0,0.0,560.0,0.0,296.0,1.0,179.0,0.0,0.0,0.0,124.0,1.0,0.0,0.0,70.0,0.0,0.0,0.0,43.0,126.0,7.0,176.0,4.0,0.0,0.0,0.0,0.0,0.0,0.0,0.0,0.0,0.0,0.0,7.0,0.0,0.0,1.0,0.0,0.0,0.0,0.0,0.0,0.0,0.0,0.0,0.0,1.0,0.0,5.0,0.0,0.0,0.0,0.0,0.0,0.0,0.0,0.0
ctx-lh-inferiorparietal,502.0,0.0,1.0,52.0,0.0,0.0,201.0,7926.0,355.0,63.0,111.0,1085.0,0.0,57.0,0.0,340.0,10.0,2.0,1.0,0.0,0.0,61.0,78.0,23.0,23.0,632.0,0.0,0.0,2.0,1560.0,127.0,1418.0,2.0,29.0,4.0,1.0,0.0,1.0,0.0,0.0,1.0,8.0,1.0,2.0,77.0,2.0,0.0,1.0,0.0,2.0,2.0,0.0,1.0,0.0,0.0,0.0,0.0,9.0,0.0,84.0,0.0,0.0,2.0,13.0,4.0,3.0,0.0,0.0
ctx-lh-inferiortemporal,424.0,0.0,0.0,8.0,147.0,0.0,2118.0,355.0,5181.0,55.0,8.0,338.0,2.0,98.0,0.0,2892.0,1.0,60.0,0.0,0.0,1.0,25.0,1.0,0.0,0.0,31.0,0.0,2.0,0.0,24.0,335.0,43.0,304.0,18.0,1.0,0.0,0.0,0.0,0.0,0.0,0.0,0.0,0.0,0.0,4.0,0.0,0.0,0.0,0.0,1.0,1.0,0.0,0.0,0.0,0.0,0.0,0.0,1.0,0.0,12.0,0.0,0.0,0.0,0.0,2.0,0.0,0.0,0.0
ctx-lh-insula,50.0,33.0,38.0,0.0,4.0,4.0,33.0,63.0,55.0,1624.0,10.0,4.0,465.0,1.0,20.0,74.0,19.0,11.0,182.0,33.0,147.0,0.0,301.0,13.0,313.0,26.0,40.0,136.0,79.0,74.0,198.0,330.0,5.0,69.0,1.0,6.0,0.0,0.0,0.0,0.0,0.0,0.0,0.0,2.0,10.0,1.0,1.0,1.0,0.0,0.0,0.0,0.0,0.0,1.0,0.0,0.0,0.0,7.0,1.0,4.0,1.0,0.0,1.0,3.0,1.0,0.0,0.0,2.0
ctx-lh-isthmuscingulate,10.0,16.0,2.0,9.0,0.0,0.0,9.0,111.0,8.0,10.0,945.0,20.0,0.0,168.0,0.0,4.0,14.0,47.0,1.0,0.0,0.0,14.0,10.0,342.0,4.0,1009.0,0.0,0.0,6.0,137.0,7.0,30.0,0.0,1.0,6.0,1.0,0.0,1.0,0.0,0.0,1.0,27.0,5.0,5.0,147.0,4.0,0.0,5.0,0.0,2.0,9.0,0.0,0.0,0.0,0.0,1.0,2.0,16.0,2.0,148.0,0.0,0.0,1.0,26.0,7.0,7.0,0.0,1.0
ctx-lh-lateraloccipital,33.0,0.0,0.0,258.0,0.0,0.0,1485.0,1085.0,338.0,4.0,20.0,6087.0,0.0,710.0,0.0,80.0,0.0,2.0,0.0,0.0,0.0,725.0,0.0,1.0,0.0,122.0,0.0,0.0,0.0,371.0,9.0,8.0,0.0,2.0,1.0,0.0,0.0,0.0,0.0,0.0,0.0,0.0,0.0,0.0,7.0,0.0,0.0,1.0,0.0,0.0,0.0,0.0,0.0,0.0,0.0,0.0,1.0,1.0,0.0,12.0,0.0,0.0,0.0,1.0,1.0,0.0,0.0,0.0
ctx-lh-lateralorbitofrontal,0.0,13.0,1.0,0.0,0.0,61.0,0.0,0.0,2.0,465.0,0.0,0.0,3143.0,0.0,1801.0,2.0,0.0,0.0,9.0,491.0,306.0,0.0,1.0,3.0,1.0,0.0,189.0,789.0,68.0,0.0,5.0,0.0,1.0,1.0,0.0,4.0,0.0,0.0,0.0,0.0,0.0,0.0,0.0,0.0,0.0,0.0,0.0,0.0,0.0,0.0,0.0,0.0,0.0,0.0,0.0,0.0,0.0,0.0,0.0,0.0,1.0,1.0,1.0,0.0,0.0,0.0,0.0,0.0
ctx-lh-lingual,8.0,0.0,0.0,193.0,0.0,0.0,560.0,57.0,98.0,1.0,168.0,710.0,0.0,4020.0,0.0,19.0,0.0,213.0,0.0,0.0,0.0,1311.0,0.0,1.0,1.0,326.0,0.0,0.0,0.0,95.0,5.0,5.0,2.0,2.0,0.0,0.0,0.0,0.0,0.0,0.0,1.0,3.0,1.0,0.0,6.0,0.0,0.0,3.0,0.0,0.0,0.0,0.0,0.0,0.0,0.0,0.0,0.0,1.0,0.0,14.0,0.0,0.0,0.0,1.0,0.0,0.0,0.0,0.0
ctx-lh-medialorbitofrontal,0.0,24.0,2.0,0.0,0.0,255.0,0.0,0.0,0.0,20.0,0.0,0.0,1801.0,0.0,1805.0,0.0,0.0,0.0,3.0,67.0,47.0,0.0,0.0,0.0,2.0,0.0,585.0,836.0,237.0,0.0,2.0,0.0,0.0,0.0,0.0,8.0,0.0,0.0,0.0,1.0,0.0,0.0,0.0,0.0,0.0,0.0,1.0,0.0,4.0,0.0,0.0,0.0,0.0,0.0,0.0,0.0,0.0,0.0,0.0,0.0,7.0,3.0,4.0,0.0,0.0,0.0,0.0,0.0
ctx-lh-middletemporal,846.0,0.0,0.0,1.0,22.0,0.0,296.0,340.0,2892.0,74.0,4.0,80.0,2.0,19.0,0.0,4067.0,1.0,29.0,0.0,0.0,0.0,5.0,2.0,0.0,1.0,19.0,0.0,0.0,0.0,16.0,988.0,39.0,208.0,40.0,0.0,0.0,0.0,0.0,0.0,0.0,0.0,1.0,0.0,0.0,4.0,0.0,0.0,0.0,0.0,0.0,0.0,0.0,0.0,0.0,0.0,0.0,0.0,1.0,0.0,9.0,0.0,0.0,0.0,1.0,3.0,0.0,0.0,0.0
ctx-lh-paracentral,0.0,30.0,23.0,0.0,0.0,0.0,1.0,10.0,1.0,19.0,14.0,0.0,0.0,0.0,0.0,1.0,2107.0,0.0,3.0,0.0,2.0,0.0,443.0,291.0,890.0,137.0,1.0,4.0,544.0,163.0,3.0,16.0,0.0,1.0,0.0,10.0,1.0,0.0,0.0,0.0,0.0,2.0,0.0,0.0,2.0,0.0,0.0,0.0,0.0,0.0,28.0,0.0,0.0,0.0,0.0,0.0,7.0,39.0,13.0,6.0,0.0,1.0,7.0,1.0,0.0,1.0,0.0,1.0
ctx-lh-parahippocampal,6.0,0.0,0.0,2.0,107.0,0.0,179.0,2.0,60.0,11.0,47.0,2.0,0.0,213.0,0.0,29.0,0.0,437.0,0.0,0.0,0.0,1.0,0.0,0.0,0.0,10.0,0.0,0.0,0.0,3.0,14.0,2.0,0.0,0.0,0.0,0.0,1.0,0.0,0.0,0.0,0.0,0.0,0.0,0.0,0.0,0.0,0.0,1.0,0.0,0.0,0.0,0.0,0.0,0.0,0.0,0.0,0.0,0.0,0.0,0.0,0.0,0.0,0.0,0.0,1.0,0.0,0.0,0.0
ctx-lh-parsopercularis,1.0,28.0,270.0,0.0,0.0,0.0,0.0,1.0,0.0,182.0,1.0,0.0,9.0,0.0,3.0,0.0,3.0,0.0,2163.0,2.0,403.0,0.0,80.0,5.0,922.0,0.0,6.0,769.0,146.0,4.0,14.0,27.0,0.0,1.0,0.0,9.0,0.0,0.0,0.0,0.0,0.0,0.0,0.0,0.0,0.0,0.0,0.0,0.0,0.0,0.0,1.0,0.0,0.0,0.0,0.0,0.0,0.0,2.0,2.0,0.0,1.0,0.0,6.0,0.0,0.0,1.0,0.0,0.0
ctx-lh-parsorbitalis,0.0,2.0,0.0,0.0,0.0,3.0,0.0,0.0,0.0,33.0,0.0,0.0,491.0,0.0,67.0,0.0,0.0,0.0,2.0,716.0,431.0,0.0,0.0,0.0,2.0,0.0,24.0,569.0,27.0,0.0,0.0,0.0,0.0,0.0,0.0,1.0,0.0,0.0,0.0,0.0,0.0,0.0,0.0,0.0,0.0,0.0,0.0,0.0,0.0,0.0,0.0,0.0,0.0,0.0,0.0,0.0,0.0,0.0,0.0,0.0,1.0,0.0,0.0,0.0,0.0,0.0,0.0,0.0
ctx-lh-parstriangularis,0.0,24.0,21.0,0.0,0.0,1.0,0.0,0.0,1.0,147.0,0.0,0.0,306.0,0.0,47.0,0.0,2.0,0.0,403.0,431.0,1632.0,0.0,3.0,0.0,24.0,1.0,29.0,853.0,84.0,2.0,2.0,1.0,0.0,0.0,0.0,3.0,0.0,0.0,0.0,0.0,0.0,0.0,0.0,0.0,0.0,0.0,1.0,0.0,0.0,0.0,1.0,0.0,0.0,0.0,0.0,0.0,0.0,1.0,0.0,0.0,5.0,1.0,0.0,0.0,0.0,0.0,0.0,0.0
ctx-lh-pericalcarine,6.0,0.0,0.0,1082.0,1.0,0.0,124.0,61.0,25.0,0.0,14.0,725.0,0.0,1311.0,0.0,5.0,0.0,1.0,0.0,0.0,0.0,645.0,0.0,0.0,0.0,135.0,0.0,0.0,0.0,232.0,1.0,2.0,0.0,0.0,0.0,0.0,0.0,0.0,0.0,0.0,0.0,2.0,0.0,0.0,0.0,0.0,0.0,7.0,0.0,0.0,0.0,1.0,0.0,0.0,0.0,1.0,0.0,0.0,0.0,5.0,0.0,0.0,0.0,1.0,0.0,0.0,0.0,0.0
ctx-lh-postcentral,20.0,5.0,54.0,0.0,0.0,0.0,1.0,78.0,1.0,301.0,10.0,0.0,1.0,0.0,0.0,2.0,443.0,0.0,80.0,0.0,3.0,0.0,6554.0,46.0,2010.0,102.0,0.0,12.0,69.0,793.0,29.0,1235.0,0.0,7.0,0.0,3.0,1.0,0.0,0.0,0.0,0.0,1.0,1.0,0.0,1.0,0.0,0.0,0.0,0.0,0.0,8.0,0.0,0.0,0.0,0.0,0.0,0.0,9.0,1.0,4.0,0.0,0.0,1.0,3.0,0.0,1.0,0.0,0.0
ctx-lh-posteriorcingulate,2.0,323.0,31.0,0.0,0.0,0.0,0.0,23.0,0.0,13.0,342.0,1.0,3.0,1.0,0.0,0.0,291.0,0.0,5.0,0.0,0.0,0.0,46.0,1298.0,88.0,438.0,9.0,9.0,387.0,92.0,7.0,15.0,0.0,2.0,2.0,74.0,6.0,0.0,0.0,0.0,0.0,10.0,0.0,3.0,26.0,0.0,1.0,1.0,0.0,3.0,35.0,0.0,1.0,0.0,0.0,1.0,11.0,146.0,25.0,31.0,3.0,8.0,50.0,15.0,4.0,9.0,0.0,0.0
ctx-lh-precentral,7.0,44.0,949.0,0.0,0.0,0.0,0.0,23.0,0.0,313.0,4.0,0.0,1.0,1.0,2.0,1.0,890.0,0.0,922.0,2.0,24.0,0.0,2010.0,88.0,7772.0,49.0,4.0,98.0,870.0,184.0,30.0,306.0,0.0,8.0,0.0,21.0,1.0,0.0,0.0,0.0,0.0,1.0,0.0,4.0,3.0,0.0,0.0,1.0,0.0,0.0,15.0,0.0,3.0,0.0,0.0,0.0,4.0,37.0,10.0,2.0,1.0,0.0,20.0,3.0,0.0,1.0,0.0,0.0
ctx-lh-precuneus,30.0,8.0,1.0,171.0,1.0,0.0,70.0,632.0,31.0,26.0,1009.0,122.0,0.0,326.0,0.0,19.0,137.0,10.0,0.0,0.0,1.0,135.0,102.0,438.0,49.0,4495.0,0.0,0.0,12.0,2951.0,20.0,62.0,0.0,5.0,11.0,1.0,0.0,18.0,0.0,0.0,7.0,29.0,5.0,5.0,132.0,6.0,0.0,11.0,0.0,8.0,5.0,0.0,0.0,0.0,0.0,1.0,1.0,38.0,0.0,169.0,0.0,0.0,3.0,40.0,10.0,12.0,0.0,5.0
ctx-lh-rostralanteriorcingulate,1.0,431.0,3.0,0.0,0.0,6.0,0.0,0.0,0.0,40.0,0.0,0.0,189.0,0.0,585.0,0.0,1.0,0.0,6.0,24.0,29.0,0.0,0.0,9.0,4.0,0.0,1284.0,214.0,457.0,0.0,0.0,0.0,0.0,0.0,0.0,36.0,0.0,0.0,0.0,0.0,0.0,0.0,0.0,3.0,0.0,0.0,4.0,0.0,15.0,0.0,0.0,0.0,1.0,0.0,0.0,0.0,0.0,0.0,1.0,1.0,42.0,9.0,24.0,0.0,0.0,0.0,0.0,0.0
ctx-lh-rostralmiddlefrontal,0.0,215.0,819.0,0.0,0.0,273.0,0.0,0.0,2.0,136.0,0.0,0.0,789.0,0.0,836.0,0.0,4.0,0.0,769.0,569.0,853.0,0.0,12.0,9.0,98.0,0.0,214.0,8152.0,2661.0,0.0,2.0,3.0,0.0,0.0,0.0,36.0,1.0,0.0,0.0,0.0,0.0,0.0,0.0,0.0,0.0,0.0,0.0,0.0,4.0,0.0,0.0,0.0,1.0,0.0,3.0,0.0,0.0,1.0,0.0,1.0,21.0,5.0,16.0,0.0,0.0,0.0,0.0,0.0
ctx-lh-superiorfrontal,2.0,935.0,1070.0,0.0,0.0,131.0,0.0,2.0,0.0,79.0,6.0,0.0,68.0,0.0,237.0,0.0,544.0,0.0,146.0,27.0,84.0,0.0,69.0,387.0,870.0,12.0,457.0,2661.0,10232.0,27.0,1.0,8.0,0.0,1.0,0.0,133.0,7.0,0.0,0.0,0.0,0.0,2.0,0.0,7.0,3.0,0.0,3.0,0.0,3.0,0.0,10.0,0.0,1.0,0.0,1.0,0.0,4.0,36.0,8.0,0.0,18.0,12.0,82.0,1.0,1.0,1.0,0.0,0.0
ctx-lh-superiorparietal,24.0,3.0,6.0,740.0,0.0,0.0,43.0,1560.0,24.0,74.0,137.0,371.0,0.0,95.0,0.0,16.0,163.0,3.0,4.0,0.0,2.0,232.0,793.0,92.0,184.0,2951.0,0.0,0.0,27.0,6234.0,21.0,380.0,0.0,12.0,2.0,1.0,0.0,0.0,0.0,0.0,2.0,18.0,5.0,2.0,45.0,0.0,0.0,1.0,0.0,3.0,5.0,0.0,0.0,0.0,0.0,5.0,5.0,27.0,2.0,64.0,0.0,0.0,2.0,11.0,4.0,3.0,0.0,1.0
ctx-lh-superiortemporal,1259.0,0.0,0.0,1.0,24.0,0.0,126.0,127.0,335.0,198.0,7.0,9.0,5.0,5.0,2.0,988.0,3.0,14.0,14.0,0.0,2.0,1.0,29.0,7.0,30.0,20.0,0.0,2.0,1.0,21.0,4670.0,413.0,303.0,833.0,0.0,1.0,0.0,0.0,0.0,0.0,0.0,4.0,1.0,1.0,8.0,0.0,0.0,0.0,0.0,0.0,1.0,0.0,0.0,0.0,0.0,0.0,1.0,5.0,0.0,14.0,0.0,0.0,0.0,2.0,0.0,3.0,0.0,0.0
ctx-lh-supramarginal,417.0,0.0,13.0,0.0,0.0,0.0,7.0,1418.0,43.0,330.0,30.0,8.0,0.0,5.0,0.0,39.0,16.0,2.0,27.0,0.0,1.0,2.0,1235.0,15.0,306.0,62.0,0.0,3.0,8.0,380.0,413.0,6104.0,0.0,59.0,2.0,3.0,0.0,2.0,0.0,0.0,0.0,3.0,0.0,1.0,8.0,0.0,0.0,0.0,0.0,0.0,2.0,0.0,0.0,0.0,0.0,0.0,0.0,4.0,1.0,20.0,0.0,0.0,1.0,4.0,2.0,0.0,0.0,0.0
ctx-lh-temporalpole,0.0,0.0,0.0,0.0,242.0,0.0,176.0,2.0,304.0,5.0,0.0,0.0,1.0,2.0,0.0,208.0,0.0,0.0,0.0,0.0,0.0,0.0,0.0,0.0,0.0,0.0,0.0,0.0,0.0,0.0,303.0,0.0,506.0,0.0,0.0,0.0,0.0,0.0,0.0,0.0,0.0,0.0,0.0,0.0,0.0,0.0,0.0,0.0,0.0,0.0,0.0,0.0,0.0,0.0,0.0,0.0,0.0,0.0,0.0,0.0,0.0,0.0,0.0,0.0,0.0,0.0,0.0,0.0
ctx-lh-transversetemporal,48.0,0.0,0.0,0.0,0.0,0.0,4.0,29.0,18.0,69.0,1.0,2.0,1.0,2.0,0.0,40.0,1.0,0.0,1.0,0.0,0.0,0.0,7.0,2.0,8.0,5.0,0.0,0.0,1.0,12.0,833.0,59.0,0.0,354.0,0.0,0.0,0.0,0.0,0.0,0.0,0.0,0.0,0.0,0.0,5.0,0.0,0.0,0.0,0.0,3.0,0.0,0.0,0.0,0.0,0.0,0.0,0.0,2.0,0.0,4.0,0.0,0.0,0.0,0.0,1.0,2.0,0.0,0.0
ctx-rh-bankssts,1.0,0.0,0.0,0.0,0.0,0.0,0.0,4.0,1.0,1.0,6.0,1.0,0.0,0.0,0.0,0.0,0.0,0.0,0.0,0.0,0.0,0.0,0.0,2.0,0.0,11.0,0.0,0.0,0.0,2.0,0.0,2.0,0.0,0.0,911.0,0.0,1.0,3.0,2.0,0.0,35.0,478.0,228.0,32.0,10.0,14.0,0.0,9.0,0.0,1096.0,1.0,7.0,1.0,0.0,0.0,3.0,12.0,7.0,5.0,79.0,0.0,0.0,1.0,43.0,973.0,625.0,0.0,22.0
ctx-rh-caudalanteriorcingulate,1.0,188.0,16.0,0.0,0.0,0.0,0.0,1.0,0.0,6.0,1.0,0.0,4.0,0.0,8.0,0.0,10.0,0.0,9.0,1.0,3.0,0.0,3.0,74.0,21.0,1.0,36.0,36.0,133.0,1.0,1.0,3.0,0.0,0.0,0.0,883.0,62.0,0.0,0.0,0.0,0.0,5.0,0.0,45.0,10.0,0.0,13.0,1.0,18.0,0.0,35.0,0.0,26.0,6.0,33.0,0.0,12.0,262.0,82.0,3.0,231.0,197.0,999.0,12.0,0.0,4.0,0.0,0.0
ctx-rh-caudalmiddlefrontal,0.0,3.0,0.0,0.0,0.0,0.0,0.0,0.0,0.0,0.0,0.0,0.0,0.0,0.0,0.0,0.0,1.0,1.0,0.0,0.0,0.0,0.0,1.0,6.0,1.0,0.0,0.0,1.0,7.0,0.0,0.0,0.0,0.0,0.0,1.0,62.0,2066.0,0.0,0.0,0.0,0.0,2.0,0.0,29.0,1.0,0.0,0.0,0.0,0.0,0.0,21.0,0.0,174.0,0.0,13.0,0.0,55.0,27.0,1163.0,0.0,2.0,1054.0,722.0,3.0,1.0,18.0,0.0,0.0
ctx-rh-cuneus,0.0,0.0,0.0,51.0,0.0,0.0,0.0,1.0,0.0,0.0,1.0,0.0,0.0,0.0,0.0,0.0,0.0,0.0,0.0,0.0,0.0,0.0,0.0,0.0,0.0,18.0,0.0,0.0,0.0,0.0,0.0,2.0,0.0,0.0,3.0,0.0,0.0,1688.0,0.0,0.0,48.0,24.0,21.0,0.0,2.0,800.0,0.0,222.0,0.0,7.0,0.0,1.0,0.0,0.0,0.0,1153.0,0.0,2.0,0.0,360.0,0.0,0.0,0.0,464.0,6.0,1.0,1.0,1.0
ctx-rh-entorhinal,0.0,0.0,0.0,0.0,0.0,0.0,0.0,0.0,0.0,0.0,0.0,0.0,0.0,0.0,0.0,0.0,0.0,0.0,0.0,0.0,0.0,0.0,0.0,0.0,0.0,0.0,0.0,0.0,0.0,0.0,0.0,0.0,0.0,0.0,2.0,0.0,0.0,0.0,279.0,0.0,88.0,1.0,283.0,3.0,0.0,0.0,0.0,0.0,0.0,52.0,0.0,101.0,0.0,0.0,0.0,0.0,0.0,0.0,0.0,0.0,0.0,0.0,0.0,0.0,18.0,0.0,169.0,0.0
ctx-rh-frontalpole,0.0,0.0,0.0,0.0,0.0,0.0,0.0,0.0,0.0,0.0,0.0,0.0,0.0,0.0,1.0,0.0,0.0,0.0,0.0,0.0,0.0,0.0,0.0,0.0,0.0,0.0,0.0,0.0,0.0,0.0,0.0,0.0,0.0,0.0,0.0,0.0,0.0,0.0,0.0,58.0,0.0,0.0,0.0,0.0,0.0,0.0,121.0,0.0,368.0,0.0,0.0,0.0,0.0,6.0,2.0,0.0,0.0,0.0,0.0,0.0,6.0,203.0,82.0,0.0,0.0,0.0,0.0,0.0
ctx-rh-fusiform,0.0,0.0,0.0,0.0,0.0,0.0,0.0,1.0,0.0,0.0,1.0,0.0,0.0,1.0,0.0,0.0,0.0,0.0,0.0,0.0,0.0,0.0,0.0,0.0,0.0,7.0,0.0,0.0,0.0,2.0,0.0,0.0,0.0,0.0,35.0,0.0,0.0,48.0,88.0,0.0,3701.0,67.0,1516.0,26.0,10.0,1136.0,0.0,649.0,0.0,236.0,0.0,171.0,0.0,0.0,0.0,131.0,0.0,0.0,0.0,128.0,0.0,0.0,0.0,29.0,62.0,6.0,53.0,2.0
ctx-rh-inferiorparietal,1.0,0.0,0.0,0.0,0.0,0.0,0.0,8.0,0.0,0.0,27.0,0.0,0.0,3.0,0.0,1.0,2.0,0.0,0.0,0.0,0.0,2.0,1.0,10.0,1.0,29.0,0.0,0.0,2.0,18.0,4.0,3.0,0.0,0.0,478.0,5.0,2.0,24.0,1.0,0.0,67.0,7795.0,226.0,61.0,49.0,1350.0,0.0,29.0,0.0,766.0,16.0,5.0,5.0,0.0,4.0,12.0,122.0,29.0,59.0,449.0,0.0,4.0,6.0,1904.0,81.0,2018.0,0.0,11.0
ctx-rh-inferiortemporal,0.0,0.0,0.0,0.0,0.0,0.0,0.0,1.0,0.0,0.0,5.0,0.0,0.0,1.0,0.0,0.0,0.0,0.0,0.0,0.0,0.0,0.0,1.0,0.0,0.0,5.0,0.0,0.0,0.0,5.0,1.0,0.0,0.0,0.0,228.0,0.0,0.0,21.0,283.0,0.0,1516.0,226.0,4094.0,65.0,17.0,308.0,3.0,81.0,1.0,2227.0,0.0,69.0,0.0,0.0,0.0,28.0,1.0,0.0,0.0,135.0,0.0,1.0,0.0,55.0,305.0,9.0,175.0,4.0
ctx-rh-insula,0.0,8.0,0.0,0.0,0.0,0.0,0.0,2.0,0.0,2.0,5.0,0.0,0.0,0.0,0.0,0.0,0.0,0.0,0.0,0.0,0.0,0.0,0.0,3.0,4.0,5.0,3.0,0.0,7.0,2.0,1.0,1.0,0.0,0.0,32.0,45.0,29.0,0.0,3.0,0.0,26.0,61.0,65.0,1249.0,11.0,2.0,386.0,8.0,29.0,117.0,15.0,4.0,162.0,28.0,185.0,2.0,248.0,18.0,263.0,31.0,34.0,189.0,132.0,50.0,271.0,268.0,13.0,59.0
ctx-rh-isthmuscingulate,8.0,1.0,0.0,0.0,0.0,0.0,7.0,77.0,4.0,10.0,147.0,7.0,0.0,6.0,0.0,4.0,2.0,0.0,0.0,0.0,0.0,0.0,1.0,26.0,3.0,132.0,0.0,0.0,3.0,45.0,8.0,8.0,0.0,5.0,10.0,10.0,1.0,2.0,0.0,0.0,10.0,49.0,17.0,11.0,787.0,15.0,0.0,165.0,0.0,15.0,20.0,51.0,0.0,0.0,0.0,5.0,8.0,330.0,3.0,1036.0,0.0,0.0,8.0,70.0,19.0,22.0,0.0,3.0
ctx-rh-lateraloccipital,0.0,0.0,0.0,6.0,0.0,0.0,0.0,2.0,0.0,1.0,4.0,0.0,0.0,0.0,0.0,0.0,0.0,0.0,0.0,0.0,0.0,0.0,0.0,0.0,0.0,6.0,0.0,0.0,0.0,0.0,0.0,0.0,0.0,0.0,14.0,0.0,0.0,800.0,0.0,0.0,1136.0,1350.0,308.0,2.0,15.0,7144.0,0.0,590.0,0.0,218.0,2.0,2.0,0.0,0.0,0.0,878.0,0.0,0.0,0.0,327.0,0.0,0.0,0.0,749.0,14.0,4.0,0.0,2.0
ctx-rh-lateralorbitofrontal,0.0,3.0,0.0,0.0,0.0,0.0,0.0,0.0,0.0,1.0,0.0,0.0,0.0,0.0,1.0,0.0,0.0,0.0,0.0,0.0,1.0,0.0,0.0,1.0,0.0,0.0,4.0,0.0,3.0,0.0,0.0,0.0,0.0,0.0,0.0,13.0,0.0,0.0,0.0,121.0,0.0,0.0,3.0,386.0,0.0,0.0,2770.0,0.0,1030.0,5.0,0.0,0.0,6.0,550.0,281.0,0.0,0.0,0.0,2.0,0.0,137.0,664.0,88.0,0.0,5.0,0.0,2.0,0.0
ctx-rh-lingual,0.0,0.0,0.0,35.0,0.0,0.0,1.0,1.0,0.0,1.0,5.0,1.0,0.0,3.0,0.0,0.0,0.0,1.0,0.0,0.0,0.0,7.0,0.0,1.0,1.0,11.0,0.0,0.0,0.0,1.0,0.0,0.0,0.0,0.0,9.0,1.0,0.0,222.0,0.0,0.0,649.0,29.0,81.0,8.0,165.0,590.0,0.0,4998.0,0.0,21.0,0.0,300.0,0.0,0.0,0.0,1474.0,0.0,4.0,0.0,389.0,0.0,0.0,0.0,26.0,16.0,1.0,0.0,1.0
ctx-rh-medialorbitofrontal,0.0,5.0,0.0,0.0,0.0,0.0,0.0,0.0,0.0,0.0,0.0,0.0,0.0,0.0,4.0,0.0,0.0,0.0,0.0,0.0,0.0,0.0,0.0,0.0,0.0,0.0,15.0,4.0,3.0,0.0,0.0,0.0,0.0,0.0,0.0,18.0,0.0,0.0,0.0,368.0,0.0,0.0,1.0,29.0,0.0,0.0,1030.0,0.0,2297.0,0.0,0.0,0.0,1.0,87.0,49.0,0.0,1.0,0.0,0.0,0.0,466.0,889.0,385.0,0.0,0.0,0.0,0.0,0.0
ctx-rh-middletemporal,1.0,0.0,0.0,0.0,0.0,0.0,0.0,2.0,1.0,0.0,2.0,0.0,0.0,0.0,0.0,0.0,0.0,0.0,0.0,0.0,0.0,0.0,0.0,3.0,0.0,8.0,0.0,0.0,0.0,3.0,0.0,0.0,0.0,3.0,1096.0,0.0,0.0,7.0,52.0,0.0,236.0,766.0,2227.0,117.0,15.0,218.0,5.0,21.0,0.0,4825.0,1.0,24.0,0.0,0.0,1.0,9.0,2.0,3.0,0.0,84.0,1.0,0.0,1.0,38.0,916.0,46.0,172.0,9.0
ctx-rh-paracentral,1.0,6.0,0.0,0.0,0.0,0.0,0.0,2.0,1.0,0.0,9.0,0.0,0.0,0.0,0.0,0.0,28.0,0.0,1.0,0.0,1.0,0.0,8.0,35.0,15.0,5.0,0.0,0.0,10.0,5.0,1.0,2.0,0.0,0.0,1.0,35.0,21.0,0.0,0.0,0.0,0.0,16.0,0.0,15.0,20.0,2.0,0.0,0.0,0.0,1.0,1713.0,0.0,1.0,0.0,0.0,0.0,448.0,365.0,675.0,334.0,0.0,4.0,644.0,234.0,6.0,24.0,0.0,2.0
ctx-rh-parahippocampal,0.0,0.0,0.0,0.0,0.0,0.0,0.0,0.0,0.0,0.0,0.0,0.0,0.0,0.0,0.0,0.0,0.0,0.0,0.0,0.0,0.0,1.0,0.0,0.0,0.0,0.0,0.0,0.0,0.0,0.0,0.0,0.0,0.0,0.0,7.0,0.0,0.0,1.0,101.0,0.0,171.0,5.0,69.0,4.0,51.0,2.0,0.0,300.0,0.0,24.0,0.0,497.0,0.0,0.0,0.0,3.0,0.0,0.0,0.0,10.0,0.0,0.0,0.0,2.0,10.0,1.0,0.0,0.0
ctx-rh-parsopercularis,0.0,5.0,1.0,0.0,0.0,0.0,0.0,1.0,0.0,0.0,0.0,0.0,0.0,0.0,0.0,0.0,0.0,0.0,0.0,0.0,0.0,0.0,0.0,1.0,3.0,0.0,1.0,1.0,1.0,0.0,0.0,0.0,0.0,0.0,1.0,26.0,174.0,0.0,0.0,0.0,0.0,5.0,0.0,162.0,0.0,0.0,6.0,0.0,1.0,0.0,1.0,0.0,1202.0,1.0,312.0,0.0,130.0,5.0,722.0,1.0,2.0,620.0,116.0,5.0,1.0,45.0,0.0,0.0
ctx-rh-parsorbitalis,0.0,0.0,1.0,0.0,0.0,0.0,0.0,0.0,0.0,1.0,0.0,0.0,0.0,0.0,0.0,0.0,0.0,0.0,0.0,0.0,0.0,0.0,0.0,0.0,0.0,0.0,0.0,0.0,0.0,0.0,0.0,0.0,0.0,0.0,0.0,6.0,0.0,0.0,0.0,6.0,0.0,0.0,0.0,28.0,0.0,0.0,550.0,0.0,87.0,0.0,0.0,0.0,1.0,647.0,287.0,0.0,0.0,0.0,1.0,0.0,21.0,458.0,47.0,0.0,0.0,0.0,0.0,0.0
ctx-rh-parstriangularis,0.0,7.0,0.0,0.0,0.0,0.0,0.0,0.0,0.0,0.0,0.0,0.0,0.0,0.0,0.0,0.0,0.0,0.0,0.0,0.0,0.0,0.0,0.0,0.0,0.0,0.0,0.0,3.0,1.0,0.0,0.0,0.0,0.0,0.0,0.0,33.0,13.0,0.0,0.0,2.0,0.0,4.0,0.0,185.0,0.0,0.0,281.0,0.0,49.0,1.0,0.0,0.0,312.0,287.0,1369.0,0.0,6.0,2.0,39.0,0.0,29.0,870.0,164.0,0.0,0.0,3.0,0.0,0.0
ctx-rh-pericalcarine,0.0,0.0,0.0,34.0,0.0,0.0,0.0,0.0,0.0,0.0,1.0,0.0,0.0,0.0,0.0,0.0,0.0,0.0,0.0,0.0,0.0,1.0,0.0,1.0,0.0,1.0,0.0,0.0,0.0,5.0,0.0,0.0,0.0,0.0,3.0,0.0,0.0,1153.0,0.0,0.0,131.0,12.0,28.0,2.0,5.0,878.0,0.0,1474.0,0.0,9.0,0.0,3.0,0.0,0.0,0.0,980.0,0.0,0.0,0.0,245.0,0.0,0.0,0.0,35.0,4.0,0.0,0.0,0.0
ctx-rh-postcentral,0.0,3.0,0.0,0.0,0.0,0.0,0.0,0.0,0.0,0.0,2.0,1.0,0.0,0.0,0.0,0.0,7.0,0.0,0.0,0.0,0.0,0.0,0.0,11.0,4.0,1.0,0.0,0.0,4.0,5.0,1.0,0.0,0.0,0.0,12.0,12.0,55.0,0.0,0.0,0.0,0.0,122.0,1.0,248.0,8.0,0.0,0.0,0.0,1.0,2.0,448.0,0.0,130.0,0.0,6.0,0.0,7182.0,41.0,2016.0,113.0,2.0,36.0,61.0,643.0,18.0,1850.0,0.0,3.0
ctx-rh-posteriorcingulate,0.0,9.0,4.0,1.0,0.0,0.0,1.0,9.0,1.0,7.0,16.0,1.0,0.0,1.0,0.0,1.0,39.0,0.0,2.0,0.0,1.0,0.0,9.0,146.0,37.0,38.0,0.0,1.0,36.0,27.0,5.0,4.0,0.0,2.0,7.0,262.0,27.0,2.0,0.0,0.0,0.0,29.0,0.0,18.0,330.0,0.0,0.0,4.0,0.0,3.0,365.0,0.0,5.0,0.0,2.0,0.0,41.0,1017.0,89.0,522.0,2.0,13.0,365.0,79.0,6.0,29.0,0.0,4.0
ctx-rh-precentral,1.0,9.0,2.0,0.0,0.0,0.0,0.0,0.0,0.0,1.0,2.0,0.0,0.0,0.0,0.0,0.0,13.0,0.0,2.0,0.0,0.0,0.0,1.0,25.0,10.0,0.0,1.0,0.0,8.0,2.0,0.0,1.0,0.0,0.0,5.0,82.0,1163.0,0.0,0.0,0.0,0.0,59.0,0.0,263.0,3.0,0.0,2.0,0.0,0.0,0.0,675.0,0.0,722.0,1.0,39.0,0.0,2016.0,89.0,9015.0,42.0,1.0,298.0,908.0,202.0,12.0,413.0,0.0,0.0
ctx-rh-precuneus,10.0,4.0,2.0,1.0,0.0,0.0,5.0,84.0,12.0,4.0,148.0,12.0,0.0,14.0,0.0,9.0,6.0,0.0,0.0,0.0,0.0,5.0,4.0,31.0,2.0,169.0,1.0,1.0,0.0,64.0,14.0,20.0,0.0,4.0,79.0,3.0,0.0,360.0,0.0,0.0,128.0,449.0,135.0,31.0,1036.0,327.0,0.0,389.0,0.0,84.0,334.0,10.0,1.0,0.0,0.0,245.0,113.0,522.0,42.0,5977.0,0.0,4.0,17.0,2709.0,62.0,91.0,2.0,18.0
ctx-rh-rostralanteriorcingulate,0.0,22.0,2.0,0.0,0.0,0.0,0.0,0.0,0.0,1.0,0.0,0.0,1.0,0.0,7.0,0.0,0.0,0.0,1.0,1.0,5.0,0.0,0.0,3.0,1.0,0.0,42.0,21.0,18.0,0.0,0.0,0.0,0.0,0.0,0.0,231.0,2.0,0.0,0.0,6.0,0.0,0.0,0.0,34.0,0.0,0.0,137.0,0.0,466.0,1.0,0.0,0.0,2.0,21.0,29.0,0.0,2.0,2.0,1.0,0.0,845.0,126.0,483.0,0.0,0.0,0.0,0.0,0.0
ctx-rh-rostralmiddlefrontal,0.0,28.0,3.0,0.0,0.0,0.0,0.0,0.0,0.0,0.0,0.0,0.0,1.0,0.0,3.0,0.0,1.0,0.0,0.0,0.0,1.0,0.0,0.0,8.0,0.0,0.0,9.0,5.0,12.0,0.0,0.0,0.0,0.0,0.0,0.0,197.0,1054.0,0.0,0.0,203.0,0.0,4.0,1.0,189.0,0.0,0.0,664.0,0.0,889.0,0.0,4.0,0.0,620.0,458.0,870.0,0.0,36.0,13.0,298.0,4.0,126.0,9014.0,3137.0,2.0,1.0,23.0,0.0,1.0
ctx-rh-superiorfrontal,0.0,103.0,17.0,0.0,0.0,0.0,0.0,2.0,0.0,1.0,1.0,0.0,1.0,0.0,4.0,0.0,7.0,0.0,6.0,0.0,0.0,0.0,1.0,50.0,20.0,3.0,24.0,16.0,82.0,2.0,0.0,1.0,0.0,0.0,1.0,999.0,722.0,0.0,0.0,82.0,0.0,6.0,0.0,132.0,8.0,0.0,88.0,0.0,385.0,1.0,644.0,0.0,116.0,47.0,164.0,0.0,61.0,365.0,908.0,17.0,483.0,3137.0,10167.0,17.0,2.0,19.0,0.0,0.0
ctx-rh-superiorparietal,1.0,1.0,0.0,5.0,0.0,0.0,0.0,13.0,0.0,3.0,26.0,1.0,0.0,1.0,0.0,1.0,1.0,0.0,0.0,0.0,0.0,1.0,3.0,15.0,3.0,40.0,0.0,0.0,1.0,11.0,2.0,4.0,0.0,0.0,43.0,12.0,3.0,464.0,0.0,0.0,29.0,1904.0,55.0,50.0,70.0,749.0,0.0,26.0,0.0,38.0,234.0,2.0,5.0,0.0,0.0,35.0,643.0,79.0,202.0,2709.0,0.0,2.0,17.0,6402.0,34.0,311.0,0.0,5.0
ctx-rh-superiortemporal,0.0,0.0,0.0,0.0,0.0,0.0,0.0,4.0,2.0,1.0,7.0,1.0,0.0,0.0,0.0,3.0,0.0,1.0,0.0,0.0,0.0,0.0,0.0,4.0,0.0,10.0,0.0,0.0,1.0,4.0,0.0,2.0,0.0,1.0,973.0,0.0,1.0,6.0,18.0,0.0,62.0,81.0,305.0,271.0,19.0,14.0,5.0,16.0,0.0,916.0,6.0,10.0,1.0,0.0,0.0,4.0,18.0,6.0,12.0,62.0,0.0,1.0,2.0,34.0,4980.0,490.0,109.0,649.0
ctx-rh-supramarginal,0.0,1.0,0.0,0.0,0.0,0.0,0.0,3.0,0.0,0.0,7.0,0.0,0.0,0.0,0.0,0.0,1.0,0.0,1.0,0.0,0.0,0.0,1.0,9.0,1.0,12.0,0.0,0.0,1.0,3.0,3.0,0.0,0.0,2.0,625.0,4.0,18.0,1.0,0.0,0.0,6.0,2018.0,9.0,268.0,22.0,4.0,0.0,1.0,0.0,46.0,24.0,1.0,45.0,0.0,3.0,0.0,1850.0,29.0,413.0,91.0,0.0,23.0,19.0,311.0,490.0,6567.0,0.0,63.0
ctx-rh-temporalpole,0.0,0.0,0.0,0.0,0.0,0.0,0.0,0.0,0.0,0.0,0.0,0.0,0.0,0.0,0.0,0.0,0.0,0.0,0.0,0.0,0.0,0.0,0.0,0.0,0.0,0.0,0.0,0.0,0.0,0.0,0.0,0.0,0.0,0.0,0.0,0.0,0.0,1.0,169.0,0.0,53.0,0.0,175.0,13.0,0.0,0.0,2.0,0.0,0.0,172.0,0.0,0.0,0.0,0.0,0.0,0.0,0.0,0.0,0.0,2.0,0.0,0.0,0.0,0.0,109.0,0.0,459.0,0.0
ctx-rh-transversetemporal,0.0,0.0,0.0,0.0,0.0,0.0,0.0,0.0,0.0,2.0,1.0,0.0,0.0,0.0,0.0,0.0,1.0,0.0,0.0,0.0,0.0,0.0,0.0,0.0,0.0,5.0,0.0,0.0,0.0,1.0,0.0,0.0,0.0,0.0,22.0,0.0,0.0,1.0,0.0,0.0,2.0,11.0,4.0,59.0,3.0,2.0,0.0,1.0,0.0,9.0,2.0,0.0,0.0,0.0,0.0,0.0,3.0,4.0,0.0,18.0,0.0,1.0,0.0,5.0,649.0,63.0,0.0,352.0
