,ctx-lh-bankssts,ctx-lh-caudalanteriorcingulate,ctx-lh-caudalmiddlefrontal,ctx-lh-cuneus,ctx-lh-entorhinal,ctx-lh-frontalpole,ctx-lh-fusiform,ctx-lh-inferiorparietal,ctx-lh-inferiortemporal,ctx-lh-insula,ctx-lh-isthmuscingulate,ctx-lh-lateraloccipital,ctx-lh-lateralorbitofrontal,ctx-lh-lingual,ctx-lh-medialorbitofrontal,ctx-lh-middletemporal,ctx-lh-paracentral,ctx-lh-parahippocampal,ctx-lh-parsopercularis,ctx-lh-parsorbitalis,ctx-lh-parstriangularis,ctx-lh-pericalcarine,ctx-lh-postcentral,ctx-lh-posteriorcingulate,ctx-lh-precentral,ctx-lh-precuneus,ctx-lh-rostralanteriorcingulate,ctx-lh-rostralmiddlefrontal,ctx-lh-superiorfrontal,ctx-lh-superiorparietal,ctx-lh-superiortemporal,ctx-lh-supramarginal,ctx-lh-temporalpole,ctx-lh-transversetemporal,ctx-rh-bankssts,ctx-rh-caudalanteriorcingulate,ctx-rh-caudalmiddlefrontal,ctx-rh-cuneus,ctx-rh-entorhinal,ctx-rh-frontalpole,ctx-rh-fusiform,ctx-rh-inferiorparietal,ctx-rh-inferiortemporal,ctx-rh-insula,ctx-rh-isthmuscingulate,ctx-rh-lateraloccipital,ctx-rh-lateralorbitofrontal,ctx-rh-lingual,ctx-rh-medialorbitofrontal,ctx-rh-middletemporal,ctx-rh-paracentral,ctx-rh-parahippocampal,ctx-rh-parsopercularis,ctx-rh-parsorbitalis,ctx-rh-parstriangularis,ctx-rh-pericalcarine,ctx-rh-postcentral,ctx-rh-posteriorcingulate,ctx-rh-precentral,ctx-rh-precuneus,ctx-rh-rostralanteriorcingulate,ctx-rh-rostralmiddlefrontal,ctx-rh-superiorfrontal,ctx-rh-superiorparietal,ctx-rh-superiortemporal,ctx-rh-supramarginal,ctx-rh-temporalpole,ctx-rh-transversetemporal
ctx-lh-bankssts,729.0,0.0,0.0,6.0,0.0,0.0,46.0,385.0,327.0,21.0,13.0,34.0,0.0,18.0,0.0,719.0,1.0,4.0,0.0,0.0,0.0,2.0,18.0,2.0,12.0,56.0,0.0,0.0,0.0,39.0,817.0,547.0,1.0,8.0,1.0,1.0,0.0,0.0,0.0,0.0,2.0,2.0,2.0,1.0,3.0,1.0,0.0,1.0,0.0,0.0,0.0,0.0,0.0,0.0,0.0,0.0,2.0,2.0,0.0,10.0,0.0,0.0,0.0,5.0,2.0,2.0,0.0,0.0
ctx-lh-caudalanteriorcingulate,0.0,841.0,67.0,0.0,0.0,0.0,0.0,0.0,0.0,29.0,23.0,1.0,4.0,0.0,8.0,1.0,24.0,0.0,72.0,3.0,17.0,0.0,5.0,435.0,26.0,13.0,238.0,174.0,865.0,4.0,3.0,1.0,0.0,0.0,0.0,132.0,18.0,0.0,0.0,0.0,0.0,0.0,0.0,7.0,2.0,0.0,2.0,0.0,2.0,0.0,9.0,0.0,24.0,0.0,12.0,0.0,3.0,28.0,28.0,3.0,34.0,29.0,166.0,0.0,0.0,0.0,0.0,0.0
ctx-lh-caudalmiddlefrontal,0.0,67.0,3530.0,0.0,0.0,0.0,0.0,0.0,0.0,69.0,0.0,0.0,1.0,0.0,1.0,1.0,21.0,0.0,438.0,2.0,15.0,0.0,55.0,17.0,1099.0,3.0,10.0,811.0,1159.0,10.0,3.0,25.0,0.0,0.0,0.0,32.0,9.0,0.0,0.0,0.0,0.0,0.0,0.0,4.0,2.0,0.0,0.0,0.0,0.0,0.0,11.0,0.0,3.0,0.0,1.0,0.0,3.0,20.0,19.0,1.0,4.0,6.0,74.0,2.0,2.0,0.0,0.0,0.0
ctx-lh-cuneus,6.0,0.0,0.0,1180.0,0.0,0.0,32.0,117.0,17.0,1.0,23.0,462.0,0.0,300.0,0.0,7.0,1.0,8.0,0.0,0.0,0.0,1443.0,0.0,0.0,0.0,226.0,0.0,0.0,0.0,775.0,5.0,5.0,0.0,1.0,1.0,0.0,0.0,67.0,0.0,0.0,7.0,1.0,1.0,0.0,8.0,15.0,0.0,14.0,0.0,1.0,0.0,1.0,0.0,0.0,0.0,24.0,0.0,1.0,0.0,12.0,0.0,0.0,0.0,13.0,2.0,0.0,0.0,0.0
ctx-lh-entorhinal,0.0,0.0,0.0,0.0,264.0,0.0,93.0,0.0,61.0,2.0,0.0,0.0,0.0,0.0,0.0,25.0,0.0,129.0,0.0,0.0,0.0,0.0,0.0,0.0,0.0,0.0,0.0,0.0,0.0,0.0,16.0,0.0,222.0,0.0,0.0,0.0,0.0,0.0,0.0,0.0,0.0,0.0,0.0,0.0,0.0,0.0,0.0,0.0,0.0,0.0,0.0,0.0,0.0,0.0,0.0,0.0,0.0,0.0,0.0,1.0,0.0,0.0,0.0,0.0,0.0,0.0,0.0,0.0
ctx-lh-frontalpole,0.0,0.0,0.0,0.0,0.0,82.0,0.0,0.0,0.0,0.0,0.0,0.0,67.0,0.0,327.0,0.0,0.0,0.0,0.0,3.0,2.0,0.0,0.0,0.0,0.0,0.0,2.0,241.0,163.0,0.0,0.0,0.0,0.0,0.0,0.0,0.0,0.0,0.0,0.0,0.0,0.0,0.0,0.0,0.0,0.0,0.0,0.0,0.0,0.0,0.0,0.0,0.0,0.0,0.0,0.0,0.0,0.0,0.0,0.0,0.0,0.0,0.0,0.0,0.0,0.0,0.0,0.0,0.0
ctx-lh-fusiform,46.0,0.0,0.0,32.0,93.0,0.0,2932.0,109.0,1507.0,30.0,18.0,876.0,2.0,705.0,0.0,294.0,0.0,189.0,0.0,0.0,0.0,58.0,1.0,1.0,3.0,29.0,0.0,0.0,0.0,22.0,140.0,11.0,173.0,7.0,0.0,0.0,0.0,1.0,0.0,0.0,3.0,2.0,3.0,0.0,5.0,3.0,0.0,1.0,0.0,0.0,0.0,1.0,0.0,0.0,0.0,0.0,0.0,1.0,0.0,11.0,0.0,0.0,0.0,3.0,2.0,1.0,0.0,0.0
ctx-lh-inferiorparietal,385.0,0.0,0.0,117.0,0.0,0.0,109.0,4869.0,277.0,18.0,34.0,849.0,0.0,34.0,0.0,310.0,2.0,3.0,1.0,0.0,0.0,29.0,37.0,2.0,20.0,541.0,0.0,1.0,1.0,1137.0,126.0,1155.0,0.0,14.0,1.0,0.0,0.0,4.0,0.0,0.0,5.0,2.0,7.0,2.0,11.0,6.0,1.0,2.0,0.0,1.0,1.0,3.0,0.0,0.0,0.0,2.0,1.0,0.0,2.0,27.0,0.0,0.0,0.0,9.0,10.0,6.0,0.0,2.0
ctx-lh-inferiortemporal,327.0,0.0,0.0,17.0,61.0,0.0,1507.0,277.0,3170.0,31.0,15.0,305.0,4.0,112.0,0.0,1921.0,1.0,43.0,0.0,0.0,1.0,21.0,7.0,4.0,4.0,47.0,0.0,0.0,1.0,32.0,288.0,60.0,170.0,21.0,0.0,0.0,0.0,3.0,0.0,0.0,2.0,4.0,3.0,0.0,9.0,4.0,1.0,5.0,0.0,1.0,1.0,0.0,0.0,0.0,0.0,2.0,0.0,0.0,1.0,15.0,0.0,0.0,0.0,2.0,10.0,1.0,0.0,3.0
ctx-lh-insula,21.0,29.0,69.0,1.0,2.0,0.0,30.0,18.0,31.0,1786.0,11.0,6.0,475.0,8.0,58.0,60.0,12.0,5.0,324.0,6.0,96.0,1.0,258.0,16.0,425.0,39.0,88.0,107.0,97.0,58.0,247.0,241.0,10.0,90.0,0.0,13.0,3.0,0.0,0.0,0.0,0.0,1.0,2.0,2.0,6.0,0.0,0.0,0.0,2.0,2.0,7.0,0.0,1.0,0.0,2.0,0.0,1.0,7.0,9.0,8.0,11.0,4.0,21.0,1.0,3.0,5.0,0.0,1.0
ctx-lh-isthmuscingulate,13.0,23.0,0.0,23.0,0.0,0.0,18.0,34.0,15.0,11.0,635.0,42.0,0.0,172.0,0.0,5.0,10.0,88.0,0.0,0.0,0.0,25.0,7.0,283.0,5.0,681.0,0.0,0.0,10.0,54.0,16.0,14.0,0.0,9.0,5.0,4.0,2.0,3.0,0.0,0.0,4.0,8.0,7.0,8.0,44.0,9.0,0.0,3.0,0.0,7.0,9.0,1.0,0.0,0.0,0.0,4.0,4.0,25.0,4.0,83.0,0.0,0.0,4.0,13.0,13.0,14.0,0.0,12.0
ctx-lh-lateraloccipital,34.0,1.0,0.0,462.0,0.0,0.0,876.0,849.0,305.0,6.0,42.0,6428.0,0.0,707.0,0.0,116.0,2.0,12.0,0.0,0.0,0.0,713.0,2.0,1.0,1.0,127.0,0.0,0.0,0.0,449.0,19.0,16.0,0.0,8.0,3.0,0.0,1.0,7.0,0.0,0.0,5.0,4.0,2.0,1.0,9.0,11.0,1.0,11.0,0.0,6.0,0.0,2.0,0.0,0.0,0.0,3.0,2.0,1.0,1.0,24.0,0.0,0.0,0.0,9.0,6.0,4.0,0.0,4.0
ctx-lh-lateralorbitofrontal,0.0,4.0,1.0,0.0,0.0,67.0,2.0,0.0,4.0,475.0,0.0,0.0,3349.0,0.0,2577.0,2.0,0.0,0.0,35.0,452.0,459.0,0.0,0.0,0.0,3.0,0.0,638.0,615.0,64.0,0.0,9.0,0.0,1.0,0.0,0.0,3.0,0.0,0.0,0.0,0.0,0.0,0.0,0.0,1.0,0.0,0.0,1.0,0.0,3.0,0.0,0.0,0.0,2.0,0.0,2.0,0.0,0.0,0.0,0.0,0.0,12.0,1.0,3.0,0.0,0.0,0.0,0.0,0.0
ctx-lh-lingual,18.0,0.0,0.0,300.0,0.0,0.0,705.0,34.0,112.0,8.0,172.0,707.0,0.0,3800.0,0.0,34.0,0.0,199.0,0.0,0.0,0.0,1118.0,1.0,2.0,3.0,173.0,0.0,0.0,0.0,67.0,28.0,3.0,0.0,4.0,0.0,0.0,0.0,4.0,0.0,0.0,7.0,1.0,7.0,1.0,9.0,17.0,0.0,170.0,0.0,3.0,0.0,5.0,0.0,0.0,0.0,49.0,0.0,0.0,0.0,23.0,0.0,0.0,0.0,4.0,0.0,1.0,0.0,1.0
ctx-lh-medialorbitofrontal,0.0,8.0,1.0,0.0,0.0,327.0,0.0,0.0,0.0,58.0,0.0,0.0,2577.0,0.0,1463.0,0.0,0.0,0.0,10.0,124.0,133.0,0.0,0.0,0.0,0.0,0.0,637.0,927.0,275.0,0.0,2.0,0.0,0.0,0.0,0.0,3.0,0.0,0.0,0.0,0.0,0.0,0.0,0.0,2.0,0.0,0.0,2.0,0.0,2.0,0.0,0.0,0.0,0.0,1.0,3.0,0.0,0.0,0.0,2.0,0.0,18.0,3.0,2.0,0.0,0.0,0.0,0.0,0.0
ctx-lh-middletemporal,719.0,1.0,1.0,7.0,25.0,0.0,294.0,310.0,1921.0,60.0,5.0,116.0,2.0,34.0,0.0,2822.0,1.0,14.0,0.0,0.0,0.0,9.0,7.0,1.0,4.0,49.0,1.0,0.0,0.0,31.0,1101.0,98.0,125.0,40.0,0.0,0.0,0.0,1.0,0.0,0.0,2.0,1.0,3.0,1.0,6.0,0.0,0.0,3.0,0.0,0.0,0.0,0.0,0.0,0.0,0.0,1.0,1.0,0.0,1.0,10.0,0.0,0.0,2.0,0.0,4.0,2.0,0.0,1.0
ctx-lh-paracentral,1.0,24.0,21.0,1.0,0.0,0.0,0.0,2.0,1.0,12.0,10.0,2.0,0.0,0.0,0.0,1.0,1280.0,0.0,5.0,0.0,0.0,0.0,545.0,218.0,1023.0,167.0,0.0,3.0,714.0,94.0,3.0,4.0,0.0,1.0,0.0,10.0,2.0,0.0,0.0,0.0,0.0,0.0,0.0,4.0,14.0,0.0,0.0,0.0,0.0,0.0,92.0,0.0,1.0,0.0,0.0,0.0,7.0,54.0,42.0,28.0,0.0,1.0,47.0,5.0,1.0,4.0,0.0,0.0
ctx-lh-parahippocampal,4.0,0.0,0.0,8.0,129.0,0.0,189.0,3.0,43.0,5.0,88.0,12.0,0.0,199.0,0.0,14.0,0.0,589.0,0.0,0.0,0.0,6.0,0.0,1.0,0.0,25.0,0.0,0.0,0.0,6.0,11.0,0.0,5.0,1.0,0.0,0.0,0.0,0.0,0.0,0.0,2.0,0.0,1.0,0.0,1.0,0.0,0.0,0.0,0.0,3.0,0.0,1.0,0.0,0.0,0.0,0.0,0.0,0.0,0.0,6.0,0.0,0.0,0.0,0.0,0.0,0.0,0.0,0.0
ctx-lh-parsopercularis,0.0,72.0,438.0,0.0,0.0,0.0,0.0,1.0,0.0,324.0,0.0,0.0,35.0,0.0,10.0,0.0,5.0,0.0,2189.0,1.0,565.0,0.0,58.0,8.0,620.0,3.0,49.0,668.0,285.0,7.0,2.0,21.0,0.0,1.0,0.0,28.0,8.0,0.0,0.0,0.0,0.0,0.0,0.0,6.0,2.0,0.0,1.0,0.0,0.0,0.0,7.0,0.0,5.0,0.0,8.0,0.0,1.0,3.0,4.0,1.0,13.0,13.0,44.0,0.0,0.0,1.0,0.0,0.0
ctx-lh-parsorbitalis,0.0,3.0,2.0,0.0,0.0,3.0,0.0,0.0,0.0,6.0,0.0,0.0,452.0,0.0,124.0,0.0,0.0,0.0,1.0,266.0,470.0,0.0,0.0,0.0,0.0,0.0,42.0,271.0,21.0,0.0,0.0,0.0,0.0,0.0,0.0,0.0,0.0,0.0,0.0,0.0,0.0,0.0,0.0,0.0,0.0,0.0,0.0,0.0,1.0,0.0,0.0,0.0,0.0,1.0,0.0,0.0,0.0,0.0,0.0,0.0,2.0,0.0,0.0,0.0,0.0,0.0,0.0,0.0
ctx-lh-parstriangularis,0.0,17.0,15.0,0.0,0.0,2.0,0.0,0.0,1.0,96.0,0.0,0.0,459.0,0.0,133.0,0.0,0.0,0.0,565.0,470.0,1493.0,0.0,1.0,1.0,11.0,0.0,185.0,883.0,99.0,0.0,0.0,0.0,0.0,0.0,0.0,12.0,0.0,0.0,0.0,0.0,0.0,0.0,0.0,1.0,0.0,0.0,1.0,0.0,2.0,0.0,1.0,0.0,2.0,0.0,8.0,0.0,0.0,0.0,0.0,0.0,14.0,6.0,13.0,0.0,0.0,1.0,0.0,0.0
ctx-lh-pericalcarine,2.0,0.0,0.0,1443.0,0.0,0.0,58.0,29.0,21.0,1.0,25.0,713.0,0.0,1118.0,0.0,9.0,0.0,6.0,0.0,0.0,0.0,720.0,0.0,0.0,0.0,120.0,0.0,0.0,0.0,146.0,4.0,2.0,1.0,3.0,0.0,0.0,0.0,13.0,0.0,0.0,4.0,1.0,5.0,0.0,4.0,10.0,0.0,15.0,0.0,2.0,0.0,5.0,0.0,0.0,0.0,4.0,0.0,1.0,0.0,10.0,0.0,0.0,0.0,6.0,1.0,3.0,0.0,0.0
ctx-lh-postcentral,18.0,5.0,55.0,0.0,0.0,0.0,1.0,37.0,7.0,258.0,7.0,2.0,0.0,1.0,0.0,7.0,545.0,0.0,58.0,0.0,1.0,0.0,6169.0,26.0,1962.0,144.0,1.0,2.0,48.0,813.0,56.0,1225.0,0.0,8.0,0.0,2.0,2.0,0.0,0.0,0.0,0.0,2.0,2.0,7.0,3.0,2.0,0.0,1.0,0.0,2.0,10.0,0.0,1.0,0.0,0.0,0.0,2.0,4.0,12.0,14.0,1.0,0.0,12.0,3.0,4.0,3.0,0.0,2.0
ctx-lh-posteriorcingulate,2.0,435.0,17.0,0.0,0.0,0.0,1.0,2.0,4.0,16.0,283.0,1.0,0.0,2.0,0.0,1.0,218.0,1.0,8.0,0.0,1.0,0.0,26.0,1280.0,36.0,375.0,7.0,3.0,229.0,35.0,7.0,5.0,0.0,3.0,1.0,33.0,5.0,1.0,0.0,0.0,2.0,3.0,1.0,9.0,22.0,2.0,0.0,0.0,0.0,2.0,132.0,0.0,5.0,0.0,2.0,0.0,16.0,128.0,71.0,39.0,2.0,3.0,90.0,13.0,6.0,7.0,0.0,6.0
ctx-lh-precentral,12.0,26.0,1099.0,0.0,0.0,0.0,3.0,20.0,4.0,425.0,5.0,1.0,3.0,3.0,0.0,4.0,1023.0,0.0,620.0,0.0,11.0,0.0,1962.0,36.0,8024.0,70.0,1.0,40.0,879.0,241.0,31.0,376.0,0.0,8.0,0.0,14.0,8.0,0.0,0.0,0.0,0.0,0.0,2.0,11.0,8.0,0.0,0.0,0.0,0.0,3.0,60.0,0.0,3.0,0.0,1.0,0.0,12.0,36.0,53.0,12.0,0.0,3.0,77.0,4.0,1.0,5.0,0.0,3.0
ctx-lh-precuneus,56.0,13.0,3.0,226.0,0.0,0.0,29.0,541.0,47.0,39.0,681.0,127.0,0.0,173.0,0.0,49.0,167.0,25.0,3.0,0.0,0.0,120.0,144.0,375.0,70.0,3720.0,0.0,1.0,27.0,2385.0,79.0,136.0,1.0,25.0,10.0,4.0,2.0,6.0,0.0,0.0,15.0,18.0,12.0,18.0,69.0,19.0,0.0,19.0,0.0,15.0,33.0,6.0,0.0,0.0,0.0,9.0,14.0,32.0,21.0,126.0,0.0,0.0,7.0,42.0,37.0,25.0,2.0,6.0
ctx-lh-rostralanteriorcingulate,0.0,238.0,10.0,0.0,0.0,2.0,0.0,0.0,0.0,88.0,0.0,0.0,638.0,0.0,637.0,1.0,0.0,0.0,49.0,42.0,185.0,0.0,1.0,7.0,1.0,0.0,1189.0,431.0,440.0,0.0,0.0,0.0,0.0,0.0,0.0,55.0,0.0,0.0,0.0,0.0,0.0,0.0,0.0,9.0,0.0,0.0,13.0,0.0,23.0,0.0,1.0,0.0,7.0,10.0,27.0,0.0,0.0,0.0,1.0,0.0,122.0,26.0,42.0,0.0,0.0,0.0,0.0,0.0
ctx-lh-rostralmiddlefrontal,0.0,174.0,811.0,0.0,0.0,241.0,0.0,1.0,0.0,107.0,0.0,0.0,615.0,0.0,927.0,0.0,3.0,0.0,668.0,271.0,883.0,0.0,2.0,3.0,40.0,1.0,431.0,6856.0,3593.0,0.0,0.0,1.0,0.0,0.0,0.0,68.0,4.0,0.0,0.0,0.0,0.0,0.0,0.0,13.0,0.0,0.0,3.0,0.0,5.0,0.0,3.0,0.0,13.0,3.0,23.0,0.0,0.0,3.0,5.0,0.0,45.0,24.0,70.0,0.0,0.0,1.0,0.0,0.0
ctx-lh-superiorfrontal,0.0,865.0,1159.0,0.0,0.0,163.0,0.0,1.0,1.0,97.0,10.0,0.0,64.0,0.0,275.0,0.0,714.0,0.0,285.0,21.0,99.0,0.0,48.0,229.0,879.0,27.0,440.0,3593.0,10610.0,18.0,6.0,7.0,0.0,0.0,0.0,144.0,46.0,0.0,0.0,0.0,0.0,0.0,0.0,31.0,7.0,0.0,1.0,0.0,10.0,0.0,89.0,0.0,23.0,2.0,24.0,0.0,11.0,88.0,85.0,8.0,31.0,29.0,283.0,2.0,1.0,4.0,0.0,0.0
ctx-lh-superiorparietal,39.0,4.0,10.0,775.0,0.0,0.0,22.0,1137.0,32.0,58.0,54.0,449.0,0.0,67.0,0.0,31.0,94.0,6.0,7.0,0.0,0.0,146.0,813.0,35.0,241.0,2385.0,0.0,0.0,18.0,5436.0,63.0,584.0,0.0,13.0,3.0,1.0,1.0,2.0,0.0,0.0,5.0,8.0,10.0,10.0,24.0,7.0,0.0,2.0,0.0,8.0,14.0,3.0,0.0,0.0,0.0,0.0,5.0,6.0,11.0,32.0,0.0,0.0,3.0,9.0,10.0,2.0,0.0,5.0
ctx-lh-superiortemporal,817.0,3.0,3.0,5.0,16.0,0.0,140.0,126.0,288.0,247.0,16.0,19.0,9.0,28.0,2.0,1101.0,3.0,11.0,2.0,0.0,0.0,4.0,56.0,7.0,31.0,79.0,0.0,0.0,6.0,63.0,4520.0,666.0,225.0,512.0,1.0,0.0,1.0,3.0,0.0,0.0,3.0,2.0,2.0,2.0,15.0,3.0,0.0,2.0,0.0,4.0,4.0,0.0,0.0,0.0,0.0,2.0,2.0,2.0,4.0,26.0,0.0,0.0,2.0,6.0,6.0,6.0,0.0,1.0
ctx-lh-supramarginal,547.0,1.0,25.0,5.0,0.0,0.0,11.0,1155.0,60.0,241.0,14.0,16.0,0.0,3.0,0.0,98.0,4.0,0.0,21.0,0.0,0.0,2.0,1225.0,5.0,376.0,136.0,0.0,1.0,7.0,584.0,666.0,7014.0,1.0,30.0,0.0,0.0,1.0,0.0,0.0,0.0,0.0,2.0,2.0,3.0,6.0,1.0,0.0,0.0,0.0,1.0,1.0,0.0,0.0,0.0,0.0,2.0,1.0,2.0,5.0,19.0,0.0,0.0,1.0,4.0,5.0,4.0,0.0,1.0
ctx-lh-temporalpole,1.0,0.0,0.0,0.0,222.0,0.0,173.0,0.0,170.0,10.0,0.0,0.0,1.0,0.0,0.0,125.0,0.0,5.0,0.0,0.0,0.0,1.0,0.0,0.0,0.0,1.0,0.0,0.0,0.0,0.0,225.0,1.0,451.0,1.0,0.0,0.0,0.0,0.0,0.0,0.0,0.0,0.0,0.0,0.0,0.0,0.0,0.0,0.0,0.0,0.0,0.0,0.0,0.0,0.0,0.0,0.0,0.0,0.0,0.0,0.0,0.0,0.0,1.0,0.0,0.0,0.0,0.0,0.0
ctx-lh-transversetemporal,8.0,0.0,0.0,1.0,0.0,0.0,7.0,14.0,21.0,90.0,9.0,8.0,0.0,4.0,0.0,40.0,1.0,1.0,1.0,0.0,0.0,3.0,8.0,3.0,8.0,25.0,0.0,0.0,0.0,13.0,512.0,30.0,1.0,376.0,0.0,0.0,0.0,0.0,0.0,0.0,0.0,0.0,0.0,2.0,4.0,0.0,0.0,0.0,0.0,2.0,1.0,0.0,0.0,0.0,0.0,0.0,1.0,2.0,0.0,9.0,0.0,0.0,0.0,1.0,1.0,2.0,0.0,1.0
ctx-rh-bankssts,1.0,0.0,0.0,1.0,0.0,0.0,0.0,1.0,0.0,0.0,5.0,3.0,0.0,0.0,0.0,0.0,0.0,0.0,0.0,0.0,0.0,0.0,0.0,1.0,0.0,10.0,0.0,0.0,0.0,3.0,1.0,0.0,0.0,0.0,666.0,0.0,1.0,3.0,1.0,0.0,17.0,378.0,155.0,13.0,9.0,28.0,0.0,2.0,0.0,711.0,3.0,1.0,0.0,0.0,0.0,2.0,18.0,1.0,8.0,39.0,0.0,0.0,0.0,47.0,570.0,434.0,2.0,8.0
ctx-rh-caudalanteriorcingulate,1.0,132.0,32.0,0.0,0.0,0.0,0.0,0.0,0.0,13.0,4.0,0.0,3.0,0.0,3.0,0.0,10.0,0.0,28.0,0.0,12.0,0.0,2.0,33.0,14.0,4.0,55.0,68.0,144.0,1.0,0.0,0.0,0.0,0.0,0.0,634.0,56.0,0.0,0.0,0.0,0.0,0.0,0.0,36.0,12.0,0.0,6.0,0.0,7.0,1.0,21.0,0.0,56.0,5.0,59.0,0.0,3.0,322.0,28.0,8.0,174.0,130.0,836.0,0.0,0.0,4.0,0.0,0.0
ctx-rh-caudalmiddlefrontal,0.0,18.0,9.0,0.0,0.0,0.0,0.0,0.0,0.0,3.0,2.0,1.0,0.0,0.0,0.0,0.0,2.0,0.0,8.0,0.0,0.0,0.0,2.0,5.0,8.0,2.0,0.0,4.0,46.0,1.0,1.0,1.0,0.0,0.0,1.0,56.0,2879.0,0.0,0.0,0.0,0.0,3.0,1.0,36.0,0.0,0.0,2.0,0.0,0.0,0.0,15.0,0.0,390.0,1.0,23.0,0.0,53.0,17.0,1189.0,3.0,1.0,777.0,1014.0,4.0,0.0,20.0,0.0,0.0
ctx-rh-cuneus,0.0,0.0,0.0,67.0,0.0,0.0,1.0,4.0,3.0,0.0,3.0,7.0,0.0,4.0,0.0,1.0,0.0,0.0,0.0,0.0,0.0,13.0,0.0,1.0,0.0,6.0,0.0,0.0,0.0,2.0,3.0,0.0,0.0,0.0,3.0,0.0,0.0,1381.0,0.0,0.0,72.0,23.0,30.0,3.0,21.0,456.0,0.0,242.0,0.0,4.0,0.0,11.0,0.0,0.0,0.0,1421.0,0.0,1.0,1.0,308.0,0.0,0.0,0.0,625.0,5.0,1.0,0.0,0.0
ctx-rh-entorhinal,0.0,0.0,0.0,0.0,0.0,0.0,0.0,0.0,0.0,0.0,0.0,0.0,0.0,0.0,0.0,0.0,0.0,0.0,0.0,0.0,0.0,0.0,0.0,0.0,0.0,0.0,0.0,0.0,0.0,0.0,0.0,0.0,0.0,0.0,1.0,0.0,0.0,0.0,364.0,0.0,108.0,1.0,156.0,3.0,1.0,0.0,0.0,0.0,0.0,46.0,0.0,131.0,0.0,0.0,0.0,0.0,0.0,0.0,0.0,1.0,0.0,0.0,0.0,0.0,16.0,0.0,184.0,0.0
ctx-rh-frontalpole,0.0,0.0,0.0,0.0,0.0,0.0,0.0,0.0,0.0,0.0,0.0,0.0,0.0,0.0,0.0,0.0,0.0,0.0,0.0,0.0,0.0,0.0,0.0,0.0,0.0,0.0,0.0,0.0,0.0,0.0,0.0,0.0,0.0,0.0,0.0,0.0,0.0,0.0,0.0,134.0,0.0,0.0,0.0,1.0,0.0,0.0,164.0,0.0,648.0,0.0,0.0,0.0,0.0,26.0,10.0,0.0,0.0,0.0,0.0,0.0,7.0,288.0,84.0,0.0,0.0,0.0,0.0,0.0
ctx-rh-fusiform,2.0,0.0,0.0,7.0,0.0,0.0,3.0,5.0,2.0,0.0,4.0,5.0,0.0,7.0,0.0,2.0,0.0,2.0,0.0,0.0,0.0,4.0,0.0,2.0,0.0,15.0,0.0,0.0,0.0,5.0,3.0,0.0,0.0,0.0,17.0,0.0,0.0,72.0,108.0,0.0,3729.0,48.0,1541.0,33.0,27.0,1254.0,2.0,712.0,0.0,315.0,0.0,286.0,0.0,0.0,0.0,141.0,0.0,0.0,0.0,78.0,0.0,0.0,0.0,66.0,90.0,8.0,86.0,6.0
ctx-rh-inferiorparietal,2.0,0.0,0.0,1.0,0.0,0.0,2.0,2.0,4.0,1.0,8.0,4.0,0.0,1.0,0.0,1.0,0.0,0.0,0.0,0.0,0.0,1.0,2.0,3.0,0.0,18.0,0.0,0.0,0.0,8.0,2.0,2.0,0.0,0.0,378.0,0.0,3.0,23.0,1.0,0.0,48.0,6318.0,232.0,29.0,22.0,618.0,0.0,11.0,0.0,602.0,6.0,2.0,2.0,0.0,0.0,20.0,73.0,4.0,61.0,378.0,0.0,0.0,2.0,1590.0,125.0,1039.0,0.0,21.0
ctx-rh-inferiortemporal,2.0,0.0,0.0,1.0,0.0,0.0,3.0,7.0,3.0,2.0,7.0,2.0,0.0,7.0,0.0,3.0,0.0,1.0,0.0,0.0,0.0,5.0,2.0,1.0,2.0,12.0,0.0,0.0,0.0,10.0,2.0,2.0,0.0,0.0,155.0,0.0,1.0,30.0,156.0,0.0,1541.0,232.0,3827.0,46.0,20.0,550.0,1.0,60.0,0.0,1572.0,1.0,61.0,0.0,0.0,0.0,25.0,3.0,2.0,1.0,97.0,0.0,0.0,1.0,80.0,253.0,21.0,145.0,9.0
ctx-rh-insula,1.0,7.0,4.0,0.0,0.0,0.0,0.0,2.0,0.0,2.0,8.0,1.0,1.0,1.0,2.0,1.0,4.0,0.0,6.0,0.0,1.0,0.0,7.0,9.0,11.0,18.0,9.0,13.0,31.0,10.0,2.0,3.0,0.0,2.0,13.0,36.0,36.0,3.0,3.0,1.0,33.0,29.0,46.0,1621.0,21.0,8.0,419.0,4.0,81.0,89.0,24.0,3.0,197.0,58.0,264.0,2.0,277.0,9.0,353.0,64.0,87.0,89.0,140.0,65.0,213.0,289.0,11.0,81.0
ctx-rh-isthmuscingulate,3.0,2.0,2.0,8.0,0.0,0.0,5.0,11.0,9.0,6.0,44.0,9.0,0.0,9.0,0.0,6.0,14.0,1.0,2.0,0.0,0.0,4.0,3.0,22.0,8.0,69.0,0.0,0.0,7.0,24.0,15.0,6.0,0.0,4.0,9.0,12.0,0.0,21.0,1.0,0.0,27.0,22.0,20.0,21.0,698.0,31.0,0.0,107.0,0.0,28.0,33.0,69.0,0.0,0.0,0.0,17.0,16.0,256.0,16.0,996.0,0.0,1.0,14.0,63.0,40.0,36.0,0.0,19.0
ctx-rh-lateraloccipital,1.0,0.0,0.0,15.0,0.0,0.0,3.0,6.0,4.0,0.0,9.0,11.0,0.0,17.0,0.0,0.0,0.0,0.0,0.0,0.0,0.0,10.0,2.0,2.0,0.0,19.0,0.0,0.0,0.0,7.0,3.0,1.0,0.0,0.0,28.0,0.0,0.0,456.0,0.0,0.0,1254.0,618.0,550.0,8.0,31.0,6635.0,0.0,647.0,0.0,158.0,0.0,29.0,0.0,0.0,0.0,679.0,0.0,2.0,2.0,218.0,0.0,0.0,1.0,599.0,25.0,15.0,0.0,4.0
ctx-rh-lateralorbitofrontal,0.0,2.0,0.0,0.0,0.0,0.0,0.0,1.0,1.0,0.0,0.0,1.0,1.0,0.0,2.0,0.0,0.0,0.0,1.0,0.0,1.0,0.0,0.0,0.0,0.0,0.0,13.0,3.0,1.0,0.0,0.0,0.0,0.0,0.0,0.0,6.0,2.0,0.0,0.0,164.0,2.0,0.0,1.0,419.0,0.0,0.0,2720.0,0.0,2031.0,4.0,0.0,1.0,5.0,627.0,188.0,0.0,0.0,0.0,0.0,1.0,210.0,370.0,38.0,0.0,11.0,0.0,1.0,0.0
ctx-rh-lingual,1.0,0.0,0.0,14.0,0.0,0.0,1.0,2.0,5.0,0.0,3.0,11.0,0.0,170.0,0.0,3.0,0.0,0.0,0.0,0.0,0.0,15.0,1.0,0.0,0.0,19.0,0.0,0.0,0.0,2.0,2.0,0.0,0.0,0.0,2.0,0.0,0.0,242.0,0.0,0.0,712.0,11.0,60.0,4.0,107.0,647.0,0.0,3018.0,0.0,18.0,0.0,170.0,0.0,0.0,0.0,1327.0,0.0,1.0,1.0,335.0,0.0,0.0,0.0,78.0,15.0,1.0,0.0,2.0
ctx-rh-medialorbitofrontal,0.0,2.0,0.0,0.0,0.0,0.0,0.0,0.0,0.0,2.0,0.0,0.0,3.0,0.0,2.0,0.0,0.0,0.0,0.0,1.0,2.0,0.0,0.0,0.0,0.0,0.0,23.0,5.0,10.0,0.0,0.0,0.0,0.0,0.0,0.0,7.0,0.0,0.0,0.0,648.0,0.0,0.0,0.0,81.0,0.0,0.0,2031.0,0.0,1817.0,0.0,0.0,0.0,4.0,231.0,90.0,0.0,0.0,0.0,1.0,0.0,266.0,1044.0,312.0,0.0,0.0,0.0,2.0,0.0
ctx-rh-middletemporal,0.0,0.0,0.0,1.0,0.0,0.0,0.0,1.0,1.0,2.0,7.0,6.0,0.0,3.0,0.0,0.0,0.0,3.0,0.0,0.0,0.0,2.0,2.0,2.0,3.0,15.0,0.0,0.0,0.0,8.0,4.0,1.0,0.0,2.0,711.0,1.0,0.0,4.0,46.0,0.0,315.0,602.0,1572.0,89.0,28.0,158.0,4.0,18.0,0.0,4052.0,1.0,27.0,0.0,0.0,0.0,8.0,13.0,0.0,6.0,88.0,0.0,0.0,1.0,80.0,947.0,72.0,158.0,30.0
ctx-rh-paracentral,0.0,9.0,11.0,0.0,0.0,0.0,0.0,1.0,1.0,7.0,9.0,0.0,0.0,0.0,0.0,0.0,92.0,0.0,7.0,0.0,1.0,0.0,10.0,132.0,60.0,33.0,1.0,3.0,89.0,14.0,4.0,1.0,0.0,1.0,3.0,21.0,15.0,0.0,0.0,0.0,0.0,6.0,1.0,24.0,33.0,0.0,0.0,0.0,0.0,1.0,1628.0,1.0,6.0,0.0,1.0,1.0,576.0,265.0,1071.0,309.0,0.0,7.0,621.0,172.0,4.0,16.0,0.0,2.0
ctx-rh-parahippocampal,0.0,0.0,0.0,1.0,0.0,0.0,1.0,3.0,0.0,0.0,1.0,2.0,0.0,5.0,0.0,0.0,0.0,1.0,0.0,0.0,0.0,5.0,0.0,0.0,0.0,6.0,0.0,0.0,0.0,3.0,0.0,0.0,0.0,0.0,1.0,0.0,0.0,11.0,131.0,0.0,286.0,2.0,61.0,3.0,69.0,29.0,1.0,170.0,0.0,27.0,1.0,554.0,0.0,0.0,0.0,9.0,0.0,1.0,0.0,46.0,0.0,0.0,0.0,16.0,17.0,0.0,3.0,0.0
ctx-rh-parsopercularis,0.0,24.0,3.0,0.0,0.0,0.0,0.0,0.0,0.0,1.0,0.0,0.0,2.0,0.0,0.0,0.0,1.0,0.0,5.0,0.0,2.0,0.0,1.0,5.0,3.0,0.0,7.0,13.0,23.0,0.0,0.0,0.0,0.0,0.0,0.0,56.0,390.0,0.0,0.0,0.0,0.0,2.0,0.0,197.0,0.0,0.0,5.0,0.0,4.0,0.0,6.0,0.0,1538.0,3.0,576.0,0.0,33.0,4.0,710.0,2.0,26.0,544.0,307.0,3.0,0.0,12.0,0.0,1.0
ctx-rh-parsorbitalis,0.0,0.0,0.0,0.0,0.0,0.0,0.0,0.0,0.0,0.0,0.0,0.0,0.0,0.0,1.0,0.0,0.0,0.0,0.0,1.0,0.0,0.0,0.0,0.0,0.0,0.0,10.0,3.0,2.0,0.0,0.0,0.0,0.0,0.0,0.0,5.0,1.0,0.0,0.0,26.0,0.0,0.0,0.0,58.0,0.0,0.0,627.0,0.0,231.0,0.0,0.0,0.0,3.0,572.0,331.0,0.0,0.0,0.0,0.0,0.0,85.0,429.0,72.0,0.0,0.0,0.0,1.0,0.0
ctx-rh-parstriangularis,0.0,12.0,1.0,0.0,0.0,0.0,0.0,0.0,0.0,2.0,0.0,0.0,2.0,0.0,3.0,0.0,0.0,0.0,8.0,0.0,8.0,0.0,0.0,2.0,1.0,0.0,27.0,23.0,24.0,0.0,0.0,0.0,0.0,0.0,0.0,59.0,23.0,0.0,0.0,10.0,0.0,0.0,0.0,264.0,0.0,0.0,188.0,0.0,90.0,0.0,1.0,0.0,576.0,331.0,1724.0,0.0,2.0,0.0,19.0,0.0,206.0,1106.0,260.0,1.0,1.0,3.0,0.0,0.0
ctx-rh-pericalcarine,0.0,0.0,0.0,24.0,0.0,0.0,0.0,2.0,2.0,0.0,4.0,3.0,0.0,49.0,0.0,1.0,0.0,0.0,0.0,0.0,0.0,4.0,0.0,0.0,0.0,9.0,0.0,0.0,0.0,0.0,2.0,2.0,0.0,0.0,2.0,0.0,0.0,1421.0,0.0,0.0,141.0,20.0,25.0,2.0,17.0,679.0,0.0,1327.0,0.0,8.0,1.0,9.0,0.0,0.0,0.0,785.0,1.0,0.0,0.0,294.0,0.0,0.0,0.0,146.0,11.0,0.0,0.0,0.0
ctx-rh-postcentral,2.0,3.0,3.0,0.0,0.0,0.0,0.0,1.0,0.0,1.0,4.0,2.0,0.0,0.0,0.0,1.0,7.0,0.0,1.0,0.0,0.0,0.0,2.0,16.0,12.0,14.0,0.0,0.0,11.0,5.0,2.0,1.0,0.0,1.0,18.0,3.0,53.0,0.0,0.0,0.0,0.0,73.0,3.0,277.0,16.0,0.0,0.0,0.0,0.0,13.0,576.0,0.0,33.0,0.0,2.0,1.0,6239.0,19.0,1827.0,166.0,0.0,3.0,50.0,715.0,39.0,1577.0,0.0,5.0
ctx-rh-posteriorcingulate,2.0,28.0,20.0,1.0,0.0,0.0,1.0,0.0,0.0,7.0,25.0,1.0,0.0,0.0,0.0,0.0,54.0,0.0,3.0,0.0,0.0,1.0,4.0,128.0,36.0,32.0,0.0,3.0,88.0,6.0,2.0,2.0,0.0,2.0,1.0,322.0,17.0,1.0,0.0,0.0,0.0,4.0,2.0,9.0,256.0,2.0,0.0,1.0,0.0,0.0,265.0,1.0,4.0,0.0,0.0,0.0,19.0,785.0,63.0,380.0,2.0,7.0,394.0,21.0,6.0,9.0,0.0,1.0
ctx-rh-precentral,0.0,28.0,19.0,0.0,0.0,0.0,0.0,2.0,1.0,9.0,4.0,1.0,0.0,0.0,2.0,1.0,42.0,0.0,4.0,0.0,0.0,0.0,12.0,71.0,53.0,21.0,1.0,5.0,85.0,11.0,4.0,5.0,0.0,0.0,8.0,28.0,1189.0,1.0,0.0,0.0,0.0,61.0,1.0,353.0,16.0,2.0,0.0,1.0,1.0,6.0,1071.0,0.0,710.0,0.0,19.0,0.0,1827.0,63.0,8610.0,77.0,3.0,74.0,853.0,236.0,20.0,334.0,0.0,6.0
ctx-rh-precuneus,10.0,3.0,1.0,12.0,1.0,0.0,11.0,27.0,15.0,8.0,83.0,24.0,0.0,23.0,0.0,10.0,28.0,6.0,1.0,0.0,0.0,10.0,14.0,39.0,12.0,126.0,0.0,0.0,8.0,32.0,26.0,19.0,0.0,9.0,39.0,8.0,3.0,308.0,1.0,0.0,78.0,378.0,97.0,64.0,996.0,218.0,1.0,335.0,0.0,88.0,309.0,46.0,2.0,0.0,0.0,294.0,166.0,380.0,77.0,4373.0,0.0,0.0,17.0,2991.0,115.0,137.0,0.0,39.0
ctx-rh-rostralanteriorcingulate,0.0,34.0,4.0,0.0,0.0,0.0,0.0,0.0,0.0,11.0,0.0,0.0,12.0,0.0,18.0,0.0,0.0,0.0,13.0,2.0,14.0,0.0,1.0,2.0,0.0,0.0,122.0,45.0,31.0,0.0,0.0,0.0,0.0,0.0,0.0,174.0,1.0,0.0,0.0,7.0,0.0,0.0,0.0,87.0,0.0,0.0,210.0,0.0,266.0,0.0,0.0,0.0,26.0,85.0,206.0,0.0,0.0,2.0,3.0,0.0,659.0,203.0,367.0,0.0,0.0,0.0,0.0,0.0
ctx-rh-rostralmiddlefrontal,0.0,29.0,6.0,0.0,0.0,0.0,0.0,0.0,0.0,4.0,0.0,0.0,1.0,0.0,3.0,0.0,1.0,0.0,13.0,0.0,6.0,0.0,0.0,3.0,3.0,0.0,26.0,24.0,29.0,0.0,0.0,0.0,0.0,0.0,0.0,130.0,777.0,0.0,0.0,288.0,0.0,0.0,0.0,89.0,1.0,0.0,370.0,0.0,1044.0,0.0,7.0,0.0,544.0,429.0,1106.0,0.0,3.0,7.0,74.0,0.0,203.0,6543.0,3543.0,0.0,0.0,3.0,0.0,0.0
ctx-rh-superiorfrontal,0.0,166.0,74.0,0.0,0.0,0.0,0.0,0.0,0.0,21.0,4.0,0.0,3.0,0.0,2.0,2.0,47.0,0.0,44.0,0.0,13.0,0.0,12.0,90.0,77.0,7.0,42.0,70.0,283.0,3.0,2.0,1.0,1.0,0.0,0.0,836.0,1014.0,0.0,0.0,84.0,0.0,2.0,1.0,140.0,14.0,1.0,38.0,0.0,312.0,1.0,621.0,0.0,307.0,72.0,260.0,0.0,50.0,394.0,853.0,17.0,367.0,3543.0,10330.0,15.0,1.0,19.0,0.0,0.0
ctx-rh-superiorparietal,5.0,0.0,2.0,13.0,0.0,0.0,3.0,9.0,2.0,1.0,13.0,9.0,0.0,4.0,0.0,0.0,5.0,0.0,0.0,0.0,0.0,6.0,3.0,13.0,4.0,42.0,0.0,0.0,2.0,9.0,6.0,4.0,0.0,1.0,47.0,0.0,4.0,625.0,0.0,0.0,66.0,1590.0,80.0,65.0,63.0,599.0,0.0,78.0,0.0,80.0,172.0,16.0,3.0,0.0,1.0,146.0,715.0,21.0,236.0,2991.0,0.0,0.0,15.0,5305.0,62.0,385.0,2.0,21.0
ctx-rh-superiortemporal,2.0,0.0,2.0,2.0,0.0,0.0,2.0,10.0,10.0,3.0,13.0,6.0,0.0,0.0,0.0,4.0,1.0,0.0,0.0,0.0,0.0,1.0,4.0,6.0,1.0,37.0,0.0,0.0,1.0,10.0,6.0,5.0,0.0,1.0,570.0,0.0,0.0,5.0,16.0,0.0,90.0,125.0,253.0,213.0,40.0,25.0,11.0,15.0,0.0,947.0,4.0,17.0,0.0,0.0,1.0,11.0,39.0,6.0,20.0,115.0,0.0,0.0,1.0,62.0,4878.0,515.0,285.0,532.0
ctx-rh-supramarginal,2.0,0.0,0.0,0.0,0.0,0.0,1.0,6.0,1.0,5.0,14.0,4.0,0.0,1.0,0.0,2.0,4.0,0.0,1.0,0.0,1.0,3.0,3.0,7.0,5.0,25.0,0.0,1.0,4.0,2.0,6.0,4.0,0.0,2.0,434.0,4.0,20.0,1.0,0.0,0.0,8.0,1039.0,21.0,289.0,36.0,15.0,0.0,1.0,0.0,72.0,16.0,0.0,12.0,0.0,3.0,0.0,1577.0,9.0,334.0,137.0,0.0,3.0,19.0,385.0,515.0,5161.0,1.0,51.0
ctx-rh-temporalpole,0.0,0.0,0.0,0.0,0.0,0.0,0.0,0.0,0.0,0.0,0.0,0.0,0.0,0.0,0.0,0.0,0.0,0.0,0.0,0.0,0.0,0.0,0.0,0.0,0.0,2.0,0.0,0.0,0.0,0.0,0.0,0.0,0.0,0.0,2.0,0.0,0.0,0.0,184.0,0.0,86.0,0.0,145.0,11.0,0.0,0.0,1.0,0.0,2.0,158.0,0.0,3.0,0.0,1.0,0.0,0.0,0.0,0.0,0.0,0.0,0.0,0.0,0.0,2.0,285.0,1.0,318.0,0.0
ctx-rh-transversetemporal,0.0,0.0,0.0,0.0,0.0,0.0,0.0,2.0,3.0,1.0,12.0,4.0,0.0,1.0,0.0,1.0,0.0,0.0,0.0,0.0,0.0,0.0,2.0,6.0,3.0,6.0,0.0,0.0,0.0,5.0,1.0,1.0,0.0,1.0,8.0,0.0,0.0,0.0,0.0,0.0,6.0,21.0,9.0,81.0,19.0,4.0,0.0,2.0,0.0,30.0,2.0,0.0,1.0,0.0,0.0,0.0,5.0,1.0,6.0,39.0,0.0,0.0,0.0,21.0,532.0,51.0,0.0,276.0
