,ctx-lh-bankssts,ctx-lh-caudalanteriorcingulate,ctx-lh-caudalmiddlefrontal,ctx-lh-cuneus,ctx-lh-entorhinal,ctx-lh-frontalpole,ctx-lh-fusiform,ctx-lh-inferiorparietal,ctx-lh-inferiortemporal,ctx-lh-insula,ctx-lh-isthmuscingulate,ctx-lh-lateraloccipital,ctx-lh-lateralorbitofrontal,ctx-lh-lingual,ctx-lh-medialorbitofrontal,ctx-lh-middletemporal,ctx-lh-paracentral,ctx-lh-parahippocampal,ctx-lh-parsopercularis,ctx-lh-parsorbitalis,ctx-lh-parstriangularis,ctx-lh-pericalcarine,ctx-lh-postcentral,ctx-lh-posteriorcingulate,ctx-lh-precentral,ctx-lh-precuneus,ctx-lh-rostralanteriorcingulate,ctx-lh-rostralmiddlefrontal,ctx-lh-superiorfrontal,ctx-lh-superiorparietal,ctx-lh-superiortemporal,ctx-lh-supramarginal,ctx-lh-temporalpole,ctx-lh-transversetemporal,ctx-rh-bankssts,ctx-rh-caudalanteriorcingulate,ctx-rh-caudalmiddlefrontal,ctx-rh-cuneus,ctx-rh-entorhinal,ctx-rh-frontalpole,ctx-rh-fusiform,ctx-rh-inferiorparietal,ctx-rh-inferiortemporal,ctx-rh-insula,ctx-rh-isthmuscingulate,ctx-rh-lateraloccipital,ctx-rh-lateralorbitofrontal,ctx-rh-lingual,ctx-rh-medialorbitofrontal,ctx-rh-middletemporal,ctx-rh-paracentral,ctx-rh-parahippocampal,ctx-rh-parsopercularis,ctx-rh-parsorbitalis,ctx-rh-parstriangularis,ctx-rh-pericalcarine,ctx-rh-postcentral,ctx-rh-posteriorcingulate,ctx-rh-precentral,ctx-rh-precuneus,ctx-rh-rostralanteriorcingulate,ctx-rh-rostralmiddlefrontal,ctx-rh-superiorfrontal,ctx-rh-superiorparietal,ctx-rh-superiortemporal,ctx-rh-supramarginal,ctx-rh-temporalpole,ctx-rh-transversetemporal
ctx-lh-bankssts,922.0,1.0,0.0,3.0,0.0,0.0,44.0,706.0,562.0,27.0,6.0,102.0,1.0,12.0,0.0,677.0,2.0,6.0,1.0,0.0,0.0,6.0,26.0,17.0,8.0,35.0,0.0,0.0,0.0,59.0,958.0,506.0,0.0,34.0,0.0,0.0,0.0,0.0,0.0,0.0,0.0,0.0,0.0,0.0,5.0,0.0,0.0,0.0,0.0,0.0,0.0,0.0,0.0,0.0,0.0,0.0,0.0,0.0,0.0,2.0,0.0,0.0,0.0,1.0,0.0,0.0,0.0,0.0
ctx-lh-caudalanteriorcingulate,1.0,601.0,88.0,0.0,0.0,1.0,0.0,1.0,0.0,26.0,0.0,0.0,6.0,0.0,19.0,0.0,17.0,0.0,29.0,2.0,16.0,0.0,10.0,211.0,49.0,4.0,343.0,156.0,651.0,1.0,0.0,0.0,0.0,0.0,0.0,227.0,7.0,0.0,0.0,0.0,0.0,0.0,0.0,0.0,0.0,0.0,1.0,0.0,6.0,0.0,1.0,0.0,0.0,0.0,0.0,0.0,3.0,28.0,4.0,0.0,41.0,6.0,76.0,1.0,0.0,0.0,0.0,0.0
ctx-lh-caudalmiddlefrontal,0.0,88.0,2944.0,0.0,0.0,0.0,0.0,0.0,1.0,55.0,0.0,0.0,0.0,0.0,0.0,0.0,25.0,0.0,222.0,0.0,7.0,0.0,67.0,46.0,1083.0,0.0,5.0,652.0,1097.0,11.0,0.0,8.0,0.0,0.0,0.0,32.0,2.0,0.0,0.0,0.0,0.0,0.0,0.0,0.0,0.0,0.0,0.0,0.0,1.0,0.0,0.0,0.0,0.0,0.0,0.0,0.0,0.0,5.0,2.0,0.0,2.0,0.0,9.0,0.0,0.0,0.0,0.0,0.0
ctx-lh-cuneus,3.0,0.0,0.0,1339.0,0.0,0.0,18.0,27.0,2.0,0.0,37.0,316.0,0.0,83.0,0.0,5.0,1.0,1.0,0.0,0.0,0.0,1490.0,0.0,4.0,1.0,309.0,0.0,0.0,0.0,701.0,0.0,0.0,0.0,0.0,0.0,0.0,0.0,2.0,0.0,0.0,0.0,2.0,1.0,0.0,12.0,0.0,0.0,3.0,0.0,0.0,1.0,2.0,0.0,0.0,0.0,0.0,0.0,2.0,0.0,4.0,0.0,0.0,0.0,6.0,0.0,0.0,0.0,0.0
ctx-lh-entorhinal,0.0,0.0,0.0,0.0,122.0,0.0,118.0,1.0,53.0,7.0,0.0,0.0,0.0,0.0,0.0,11.0,0.0,121.0,0.0,0.0,0.0,0.0,0.0,0.0,0.0,0.0,0.0,0.0,0.0,0.0,20.0,0.0,147.0,0.0,0.0,0.0,0.0,0.0,0.0,0.0,0.0,0.0,0.0,0.0,0.0,0.0,0.0,0.0,0.0,0.0,0.0,0.0,0.0,0.0,0.0,0.0,0.0,0.0,0.0,0.0,0.0,0.0,0.0,0.0,0.0,0.0,0.0,0.0
ctx-lh-frontalpole,0.0,1.0,0.0,0.0,0.0,81.0,0.0,0.0,0.0,0.0,0.0,0.0,89.0,0.0,318.0,0.0,0.0,0.0,0.0,1.0,2.0,0.0,0.0,0.0,0.0,0.0,6.0,171.0,70.0,0.0,0.0,0.0,0.0,0.0,0.0,0.0,0.0,0.0,0.0,0.0,0.0,0.0,0.0,0.0,0.0,0.0,0.0,0.0,0.0,0.0,0.0,0.0,0.0,0.0,0.0,0.0,0.0,0.0,0.0,0.0,0.0,0.0,0.0,0.0,0.0,0.0,0.0,0.0
ctx-lh-fusiform,44.0,0.0,0.0,18.0,118.0,0.0,3176.0,128.0,1449.0,54.0,11.0,1037.0,0.0,791.0,0.0,212.0,1.0,82.0,0.0,0.0,0.0,85.0,0.0,6.0,1.0,16.0,0.0,0.0,0.0,44.0,123.0,3.0,150.0,8.0,0.0,0.0,0.0,0.0,0.0,0.0,0.0,1.0,0.0,0.0,2.0,0.0,0.0,0.0,0.0,0.0,0.0,0.0,0.0,0.0,0.0,0.0,0.0,0.0,0.0,1.0,0.0,0.0,0.0,0.0,0.0,0.0,0.0,0.0
ctx-lh-inferiorparietal,706.0,1.0,0.0,27.0,1.0,0.0,128.0,4839.0,324.0,47.0,51.0,982.0,0.0,79.0,0.0,284.0,9.0,8.0,1.0,0.0,1.0,76.0,85.0,57.0,40.0,233.0,0.0,0.0,2.0,907.0,194.0,1375.0,2.0,36.0,1.0,0.0,0.0,0.0,0.0,0.0,2.0,4.0,0.0,2.0,13.0,3.0,0.0,0.0,0.0,0.0,0.0,1.0,0.0,0.0,0.0,1.0,2.0,7.0,0.0,10.0,0.0,0.0,0.0,11.0,1.0,1.0,0.0,0.0
ctx-lh-inferiortemporal,562.0,0.0,1.0,2.0,53.0,0.0,1449.0,324.0,3749.0,74.0,6.0,562.0,1.0,123.0,0.0,2116.0,1.0,56.0,0.0,0.0,0.0,16.0,5.0,6.0,3.0,19.0,0.0,0.0,1.0,45.0,229.0,14.0,170.0,10.0,0.0,0.0,0.0,0.0,0.0,0.0,0.0,0.0,0.0,0.0,5.0,0.0,0.0,0.0,0.0,0.0,0.0,0.0,0.0,0.0,0.0,0.0,0.0,0.0,0.0,0.0,0.0,0.0,0.0,3.0,0.0,0.0,0.0,0.0
ctx-lh-insula,27.0,26.0,55.0,0.0,7.0,0.0,54.0,47.0,74.0,1303.0,10.0,12.0,351.0,4.0,6.0,116.0,31.0,9.0,239.0,6.0,80.0,3.0,337.0,49.0,359.0,64.0,7.0,112.0,60.0,150.0,334.0,241.0,35.0,102.0,0.0,6.0,0.0,0.0,0.0,0.0,0.0,0.0,0.0,0.0,3.0,0.0,0.0,0.0,0.0,0.0,0.0,0.0,0.0,0.0,0.0,0.0,0.0,3.0,1.0,2.0,1.0,0.0,3.0,1.0,0.0,0.0,0.0,0.0
ctx-lh-isthmuscingulate,6.0,0.0,0.0,37.0,0.0,0.0,11.0,51.0,6.0,10.0,662.0,25.0,0.0,195.0,0.0,8.0,11.0,62.0,0.0,0.0,0.0,33.0,9.0,480.0,7.0,858.0,0.0,0.0,1.0,132.0,14.0,15.0,0.0,8.0,2.0,0.0,0.0,2.0,0.0,0.0,2.0,25.0,6.0,3.0,144.0,15.0,0.0,21.0,0.0,4.0,6.0,5.0,0.0,0.0,0.0,5.0,3.0,44.0,1.0,84.0,0.0,0.0,0.0,67.0,4.0,3.0,0.0,1.0
ctx-lh-lateraloccipital,102.0,0.0,0.0,316.0,0.0,0.0,1037.0,982.0,562.0,12.0,25.0,6228.0,0.0,789.0,0.0,219.0,2.0,2.0,0.0,0.0,0.0,1018.0,1.0,16.0,0.0,105.0,0.0,0.0,0.0,474.0,21.0,5.0,1.0,3.0,0.0,1.0,0.0,0.0,0.0,0.0,0.0,0.0,0.0,0.0,3.0,2.0,0.0,3.0,0.0,0.0,1.0,0.0,0.0,0.0,0.0,0.0,0.0,5.0,1.0,9.0,0.0,0.0,1.0,7.0,0.0,0.0,0.0,0.0
ctx-lh-lateralorbitofrontal,1.0,6.0,0.0,0.0,0.0,89.0,0.0,0.0,1.0,351.0,0.0,0.0,2695.0,0.0,824.0,0.0,0.0,0.0,9.0,460.0,317.0,0.0,1.0,0.0,1.0,0.0,87.0,1054.0,143.0,0.0,0.0,0.0,0.0,0.0,0.0,0.0,0.0,0.0,0.0,0.0,0.0,0.0,0.0,0.0,0.0,0.0,0.0,0.0,0.0,0.0,0.0,0.0,0.0,0.0,0.0,0.0,0.0,0.0,0.0,0.0,0.0,0.0,0.0,0.0,0.0,0.0,0.0,0.0
ctx-lh-lingual,12.0,0.0,0.0,83.0,0.0,0.0,791.0,79.0,123.0,4.0,195.0,789.0,0.0,4533.0,0.0,16.0,0.0,141.0,0.0,0.0,0.0,1099.0,2.0,8.0,0.0,200.0,0.0,0.0,0.0,79.0,9.0,4.0,0.0,1.0,0.0,0.0,0.0,0.0,0.0,0.0,0.0,1.0,0.0,0.0,4.0,0.0,0.0,2.0,0.0,0.0,0.0,1.0,0.0,0.0,0.0,0.0,1.0,2.0,0.0,8.0,0.0,0.0,0.0,1.0,0.0,0.0,0.0,0.0
ctx-lh-medialorbitofrontal,0.0,19.0,0.0,0.0,0.0,318.0,0.0,0.0,0.0,6.0,0.0,0.0,824.0,0.0,1713.0,0.0,0.0,0.0,1.0,11.0,23.0,0.0,0.0,0.0,0.0,0.0,425.0,430.0,353.0,0.0,0.0,0.0,0.0,0.0,0.0,9.0,0.0,0.0,0.0,0.0,0.0,0.0,0.0,0.0,0.0,0.0,0.0,0.0,2.0,0.0,0.0,0.0,0.0,0.0,0.0,0.0,0.0,0.0,0.0,0.0,3.0,0.0,2.0,0.0,0.0,0.0,0.0,0.0
ctx-lh-middletemporal,677.0,0.0,0.0,5.0,11.0,0.0,212.0,284.0,2116.0,116.0,8.0,219.0,0.0,16.0,0.0,3341.0,0.0,16.0,0.0,0.0,0.0,8.0,4.0,8.0,2.0,16.0,0.0,0.0,0.0,25.0,870.0,32.0,104.0,22.0,1.0,0.0,0.0,0.0,0.0,0.0,0.0,0.0,0.0,0.0,1.0,0.0,0.0,1.0,0.0,0.0,0.0,0.0,0.0,0.0,0.0,0.0,0.0,1.0,0.0,2.0,0.0,0.0,0.0,1.0,0.0,1.0,0.0,0.0
ctx-lh-paracentral,2.0,17.0,25.0,1.0,0.0,0.0,1.0,9.0,1.0,31.0,11.0,2.0,0.0,0.0,0.0,0.0,1699.0,0.0,0.0,0.0,0.0,0.0,501.0,308.0,1168.0,180.0,0.0,1.0,585.0,153.0,7.0,9.0,0.0,6.0,0.0,8.0,2.0,0.0,0.0,0.0,0.0,0.0,0.0,0.0,0.0,0.0,0.0,0.0,0.0,0.0,0.0,0.0,0.0,0.0,0.0,0.0,1.0,4.0,1.0,0.0,0.0,0.0,4.0,0.0,0.0,0.0,0.0,0.0
ctx-lh-parahippocampal,6.0,0.0,0.0,1.0,121.0,0.0,82.0,8.0,56.0,9.0,62.0,2.0,0.0,141.0,0.0,16.0,0.0,234.0,0.0,0.0,0.0,2.0,0.0,1.0,0.0,8.0,0.0,0.0,0.0,2.0,8.0,0.0,3.0,2.0,0.0,0.0,0.0,0.0,0.0,0.0,0.0,0.0,0.0,0.0,1.0,0.0,0.0,0.0,0.0,1.0,0.0,0.0,0.0,0.0,0.0,0.0,0.0,0.0,0.0,1.0,0.0,0.0,0.0,0.0,0.0,0.0,0.0,0.0
ctx-lh-parsopercularis,1.0,29.0,222.0,0.0,0.0,0.0,0.0,1.0,0.0,239.0,0.0,0.0,9.0,0.0,1.0,0.0,0.0,0.0,1358.0,3.0,342.0,0.0,42.0,2.0,794.0,0.0,1.0,652.0,82.0,5.0,0.0,9.0,0.0,0.0,0.0,3.0,0.0,0.0,0.0,0.0,0.0,0.0,0.0,0.0,0.0,0.0,0.0,0.0,0.0,0.0,1.0,0.0,0.0,0.0,0.0,0.0,0.0,1.0,0.0,0.0,0.0,0.0,2.0,0.0,0.0,0.0,0.0,0.0
ctx-lh-parsorbitalis,0.0,2.0,0.0,0.0,0.0,1.0,0.0,0.0,0.0,6.0,0.0,0.0,460.0,0.0,11.0,0.0,0.0,0.0,3.0,437.0,328.0,0.0,0.0,0.0,0.0,0.0,11.0,411.0,23.0,0.0,0.0,0.0,0.0,0.0,0.0,1.0,0.0,0.0,0.0,0.0,0.0,0.0,0.0,0.0,0.0,0.0,0.0,0.0,0.0,0.0,0.0,0.0,0.0,0.0,0.0,0.0,0.0,0.0,0.0,0.0,0.0,0.0,0.0,0.0,0.0,0.0,0.0,0.0
ctx-lh-parstriangularis,0.0,16.0,7.0,0.0,0.0,2.0,0.0,1.0,0.0,80.0,0.0,0.0,317.0,0.0,23.0,0.0,0.0,0.0,342.0,328.0,1061.0,0.0,1.0,0.0,15.0,0.0,11.0,914.0,62.0,0.0,0.0,0.0,0.0,0.0,0.0,1.0,0.0,0.0,0.0,0.0,0.0,0.0,0.0,0.0,0.0,0.0,0.0,0.0,0.0,0.0,0.0,0.0,0.0,0.0,0.0,0.0,0.0,0.0,0.0,0.0,1.0,0.0,0.0,0.0,0.0,0.0,0.0,0.0
ctx-lh-pericalcarine,6.0,0.0,0.0,1490.0,0.0,0.0,85.0,76.0,16.0,3.0,33.0,1018.0,0.0,1099.0,0.0,8.0,0.0,2.0,0.0,0.0,0.0,1044.0,1.0,2.0,0.0,217.0,0.0,0.0,0.0,188.0,5.0,4.0,0.0,0.0,0.0,0.0,0.0,0.0,0.0,0.0,2.0,4.0,0.0,0.0,3.0,0.0,0.0,0.0,0.0,0.0,0.0,0.0,0.0,0.0,0.0,1.0,0.0,1.0,0.0,7.0,0.0,0.0,0.0,3.0,0.0,0.0,0.0,0.0
ctx-lh-postcentral,26.0,10.0,67.0,0.0,0.0,0.0,0.0,85.0,5.0,337.0,9.0,1.0,1.0,2.0,0.0,4.0,501.0,0.0,42.0,0.0,1.0,1.0,6197.0,79.0,1785.0,134.0,0.0,8.0,62.0,532.0,50.0,1612.0,0.0,21.0,0.0,3.0,0.0,0.0,0.0,0.0,0.0,1.0,0.0,0.0,1.0,0.0,0.0,0.0,0.0,0.0,0.0,0.0,0.0,0.0,0.0,0.0,0.0,1.0,1.0,2.0,0.0,0.0,1.0,0.0,0.0,1.0,0.0,0.0
ctx-lh-posteriorcingulate,17.0,211.0,46.0,4.0,0.0,0.0,6.0,57.0,6.0,49.0,480.0,16.0,0.0,8.0,0.0,8.0,308.0,1.0,2.0,0.0,0.0,2.0,79.0,1509.0,178.0,513.0,3.0,15.0,335.0,197.0,41.0,25.0,0.0,23.0,0.0,55.0,8.0,0.0,0.0,0.0,3.0,9.0,0.0,3.0,31.0,3.0,0.0,1.0,0.0,0.0,16.0,0.0,1.0,0.0,0.0,3.0,6.0,176.0,18.0,24.0,1.0,3.0,55.0,20.0,3.0,2.0,0.0,0.0
ctx-lh-precentral,8.0,49.0,1083.0,1.0,0.0,0.0,1.0,40.0,3.0,359.0,7.0,0.0,1.0,0.0,0.0,2.0,1168.0,0.0,794.0,0.0,15.0,0.0,1785.0,178.0,8342.0,94.0,2.0,120.0,1011.0,181.0,26.0,175.0,0.0,10.0,0.0,18.0,2.0,0.0,0.0,0.0,0.0,0.0,0.0,1.0,0.0,0.0,0.0,0.0,0.0,0.0,1.0,0.0,1.0,0.0,0.0,0.0,0.0,13.0,2.0,0.0,1.0,0.0,10.0,0.0,0.0,0.0,0.0,0.0
ctx-lh-precuneus,35.0,4.0,0.0,309.0,0.0,0.0,16.0,233.0,19.0,64.0,858.0,105.0,0.0,200.0,0.0,16.0,180.0,8.0,0.0,0.0,0.0,217.0,134.0,513.0,94.0,3951.0,0.0,0.0,20.0,1975.0,59.0,55.0,0.0,42.0,3.0,1.0,0.0,2.0,0.0,0.0,4.0,17.0,2.0,1.0,60.0,5.0,0.0,8.0,0.0,3.0,11.0,4.0,0.0,0.0,0.0,5.0,4.0,38.0,0.0,53.0,0.0,0.0,3.0,42.0,4.0,4.0,0.0,0.0
ctx-lh-rostralanteriorcingulate,0.0,343.0,5.0,0.0,0.0,6.0,0.0,0.0,0.0,7.0,0.0,0.0,87.0,0.0,425.0,0.0,0.0,0.0,1.0,11.0,11.0,0.0,0.0,3.0,2.0,0.0,1025.0,168.0,530.0,0.0,0.0,0.0,0.0,0.0,0.0,81.0,0.0,0.0,0.0,0.0,0.0,0.0,0.0,0.0,0.0,0.0,0.0,0.0,12.0,0.0,0.0,0.0,0.0,0.0,0.0,0.0,0.0,0.0,0.0,0.0,90.0,1.0,9.0,0.0,0.0,0.0,0.0,0.0
ctx-lh-rostralmiddlefrontal,0.0,156.0,652.0,0.0,0.0,171.0,0.0,0.0,0.0,112.0,0.0,0.0,1054.0,0.0,430.0,0.0,1.0,0.0,652.0,411.0,914.0,0.0,8.0,15.0,120.0,0.0,168.0,7320.0,2090.0,0.0,2.0,0.0,0.0,0.0,0.0,36.0,2.0,0.0,0.0,0.0,0.0,0.0,0.0,0.0,0.0,0.0,0.0,0.0,1.0,0.0,0.0,0.0,1.0,0.0,0.0,0.0,0.0,0.0,0.0,0.0,15.0,2.0,14.0,0.0,0.0,0.0,0.0,0.0
ctx-lh-superiorfrontal,0.0,651.0,1097.0,0.0,0.0,70.0,0.0,2.0,1.0,60.0,1.0,0.0,143.0,0.0,353.0,0.0,585.0,0.0,82.0,23.0,62.0,0.0,62.0,335.0,1011.0,20.0,530.0,2090.0,11859.0,32.0,0.0,11.0,0.0,1.0,0.0,176.0,7.0,0.0,0.0,0.0,0.0,1.0,0.0,2.0,0.0,0.0,2.0,0.0,4.0,0.0,4.0,0.0,2.0,0.0,0.0,0.0,3.0,41.0,6.0,1.0,35.0,7.0,61.0,1.0,0.0,0.0,0.0,0.0
ctx-lh-superiorparietal,59.0,1.0,11.0,701.0,0.0,0.0,44.0,907.0,45.0,150.0,132.0,474.0,0.0,79.0,0.0,25.0,153.0,2.0,5.0,0.0,0.0,188.0,532.0,197.0,181.0,1975.0,0.0,0.0,32.0,6144.0,109.0,592.0,0.0,47.0,0.0,1.0,0.0,2.0,0.0,0.0,3.0,9.0,0.0,1.0,43.0,1.0,0.0,7.0,0.0,3.0,4.0,3.0,0.0,0.0,0.0,2.0,1.0,25.0,0.0,22.0,0.0,0.0,1.0,23.0,1.0,2.0,0.0,2.0
ctx-lh-superiortemporal,958.0,0.0,0.0,0.0,20.0,0.0,123.0,194.0,229.0,334.0,14.0,21.0,0.0,9.0,0.0,870.0,7.0,8.0,0.0,0.0,0.0,5.0,50.0,41.0,26.0,59.0,0.0,2.0,0.0,109.0,4966.0,607.0,254.0,737.0,0.0,0.0,0.0,0.0,0.0,0.0,0.0,0.0,0.0,0.0,7.0,0.0,0.0,0.0,0.0,0.0,0.0,0.0,0.0,0.0,0.0,0.0,0.0,5.0,0.0,2.0,0.0,0.0,0.0,4.0,0.0,0.0,0.0,0.0
ctx-lh-supramarginal,506.0,0.0,8.0,0.0,0.0,0.0,3.0,1375.0,14.0,241.0,15.0,5.0,0.0,4.0,0.0,32.0,9.0,0.0,9.0,0.0,0.0,4.0,1612.0,25.0,175.0,55.0,0.0,0.0,11.0,592.0,607.0,4778.0,0.0,45.0,0.0,0.0,0.0,1.0,0.0,0.0,0.0,0.0,0.0,0.0,0.0,0.0,0.0,0.0,0.0,0.0,0.0,0.0,0.0,0.0,0.0,0.0,0.0,4.0,0.0,0.0,1.0,0.0,0.0,0.0,0.0,0.0,0.0,0.0
ctx-lh-temporalpole,0.0,0.0,0.0,0.0,147.0,0.0,150.0,2.0,170.0,35.0,0.0,1.0,0.0,0.0,0.0,104.0,0.0,3.0,0.0,0.0,0.0,0.0,0.0,0.0,0.0,0.0,0.0,0.0,0.0,0.0,254.0,0.0,330.0,0.0,0.0,0.0,0.0,0.0,0.0,0.0,0.0,0.0,0.0,0.0,0.0,0.0,0.0,0.0,0.0,0.0,0.0,0.0,0.0,0.0,0.0,0.0,0.0,0.0,0.0,0.0,0.0,0.0,0.0,0.0,0.0,0.0,0.0,0.0
ctx-lh-transversetemporal,34.0,0.0,0.0,0.0,0.0,0.0,8.0,36.0,10.0,102.0,8.0,3.0,0.0,1.0,0.0,22.0,6.0,2.0,0.0,0.0,0.0,0.0,21.0,23.0,10.0,42.0,0.0,0.0,1.0,47.0,737.0,45.0,0.0,394.0,0.0,0.0,0.0,0.0,0.0,0.0,0.0,1.0,0.0,0.0,0.0,0.0,0.0,0.0,0.0,0.0,0.0,0.0,0.0,0.0,0.0,0.0,0.0,3.0,0.0,2.0,0.0,0.0,0.0,0.0,0.0,0.0,0.0,0.0
ctx-rh-bankssts,0.0,0.0,0.0,0.0,0.0,0.0,0.0,1.0,0.0,0.0,2.0,0.0,0.0,0.0,0.0,1.0,0.0,0.0,0.0,0.0,0.0,0.0,0.0,0.0,0.0,3.0,0.0,0.0,0.0,0.0,0.0,0.0,0.0,0.0,655.0,0.0,1.0,1.0,0.0,0.0,65.0,623.0,126.0,49.0,10.0,33.0,0.0,10.0,0.0,679.0,2.0,5.0,1.0,0.0,0.0,3.0,18.0,8.0,9.0,8.0,0.0,0.0,0.0,42.0,766.0,301.0,0.0,55.0
ctx-rh-caudalanteriorcingulate,0.0,227.0,32.0,0.0,0.0,0.0,0.0,0.0,0.0,6.0,0.0,1.0,0.0,0.0,9.0,0.0,8.0,0.0,3.0,1.0,1.0,0.0,3.0,55.0,18.0,1.0,81.0,36.0,176.0,1.0,0.0,0.0,0.0,0.0,0.0,722.0,40.0,0.0,0.0,0.0,0.0,0.0,0.0,17.0,2.0,0.0,2.0,1.0,13.0,0.0,41.0,0.0,17.0,2.0,7.0,0.0,8.0,288.0,54.0,5.0,318.0,83.0,791.0,0.0,0.0,7.0,0.0,0.0
ctx-rh-caudalmiddlefrontal,0.0,7.0,2.0,0.0,0.0,0.0,0.0,0.0,0.0,0.0,0.0,0.0,0.0,0.0,0.0,0.0,2.0,0.0,0.0,0.0,0.0,0.0,0.0,8.0,2.0,0.0,0.0,2.0,7.0,0.0,0.0,0.0,0.0,0.0,1.0,40.0,2196.0,0.0,0.0,0.0,0.0,11.0,0.0,37.0,2.0,0.0,3.0,0.0,0.0,0.0,7.0,0.0,227.0,0.0,17.0,0.0,73.0,37.0,1134.0,0.0,2.0,856.0,811.0,7.0,1.0,38.0,0.0,0.0
ctx-rh-cuneus,0.0,0.0,0.0,2.0,0.0,0.0,0.0,0.0,0.0,0.0,2.0,0.0,0.0,0.0,0.0,0.0,0.0,0.0,0.0,0.0,0.0,0.0,0.0,0.0,0.0,2.0,0.0,0.0,0.0,2.0,0.0,1.0,0.0,0.0,1.0,0.0,0.0,1409.0,0.0,0.0,7.0,11.0,0.0,0.0,15.0,423.0,0.0,121.0,0.0,0.0,0.0,2.0,0.0,0.0,0.0,1607.0,1.0,2.0,0.0,356.0,0.0,0.0,0.0,594.0,0.0,1.0,0.0,0.0
ctx-rh-entorhinal,0.0,0.0,0.0,0.0,0.0,0.0,0.0,0.0,0.0,0.0,0.0,0.0,0.0,0.0,0.0,0.0,0.0,0.0,0.0,0.0,0.0,0.0,0.0,0.0,0.0,0.0,0.0,0.0,0.0,0.0,0.0,0.0,0.0,0.0,0.0,0.0,0.0,0.0,205.0,0.0,203.0,0.0,80.0,5.0,0.0,1.0,0.0,0.0,0.0,5.0,0.0,90.0,0.0,0.0,0.0,0.0,0.0,0.0,0.0,0.0,0.0,0.0,0.0,0.0,10.0,0.0,206.0,0.0
ctx-rh-frontalpole,0.0,0.0,0.0,0.0,0.0,0.0,0.0,0.0,0.0,0.0,0.0,0.0,0.0,0.0,0.0,0.0,0.0,0.0,0.0,0.0,0.0,0.0,0.0,0.0,0.0,0.0,0.0,0.0,0.0,0.0,0.0,0.0,0.0,0.0,0.0,0.0,0.0,0.0,0.0,110.0,0.0,0.0,0.0,1.0,0.0,0.0,125.0,0.0,504.0,0.0,0.0,0.0,0.0,4.0,0.0,0.0,0.0,0.0,0.0,0.0,3.0,214.0,154.0,0.0,0.0,0.0,0.0,0.0
ctx-rh-fusiform,0.0,0.0,0.0,0.0,0.0,0.0,0.0,2.0,0.0,0.0,2.0,0.0,0.0,0.0,0.0,0.0,0.0,0.0,0.0,0.0,0.0,2.0,0.0,3.0,0.0,4.0,0.0,0.0,0.0,3.0,0.0,0.0,0.0,0.0,65.0,0.0,0.0,7.0,203.0,0.0,3881.0,186.0,1164.0,46.0,35.0,1477.0,0.0,710.0,0.0,201.0,3.0,182.0,0.0,0.0,0.0,53.0,3.0,4.0,2.0,41.0,0.0,0.0,0.0,88.0,104.0,6.0,137.0,6.0
ctx-rh-inferiorparietal,0.0,0.0,0.0,2.0,0.0,0.0,1.0,4.0,0.0,0.0,25.0,0.0,0.0,1.0,0.0,0.0,0.0,0.0,0.0,0.0,0.0,4.0,1.0,9.0,0.0,17.0,0.0,0.0,1.0,9.0,0.0,0.0,0.0,1.0,623.0,0.0,11.0,11.0,0.0,0.0,186.0,8827.0,283.0,81.0,76.0,990.0,0.0,108.0,0.0,406.0,26.0,12.0,2.0,0.0,0.0,39.0,122.0,46.0,75.0,131.0,0.0,0.0,13.0,1344.0,142.0,991.0,1.0,34.0
ctx-rh-inferiortemporal,0.0,0.0,0.0,1.0,0.0,0.0,0.0,0.0,0.0,0.0,6.0,0.0,0.0,0.0,0.0,0.0,0.0,0.0,0.0,0.0,0.0,0.0,0.0,0.0,0.0,2.0,0.0,0.0,0.0,0.0,0.0,0.0,0.0,0.0,126.0,0.0,0.0,0.0,80.0,0.0,1164.0,283.0,4449.0,108.0,10.0,273.0,0.0,19.0,0.0,2475.0,2.0,36.0,0.0,0.0,0.0,2.0,3.0,2.0,1.0,6.0,0.0,0.0,0.0,26.0,298.0,10.0,173.0,17.0
ctx-rh-insula,0.0,0.0,0.0,0.0,0.0,0.0,0.0,2.0,0.0,0.0,3.0,0.0,0.0,0.0,0.0,0.0,0.0,0.0,0.0,0.0,0.0,0.0,0.0,3.0,1.0,1.0,0.0,0.0,2.0,1.0,0.0,0.0,0.0,0.0,49.0,17.0,37.0,0.0,5.0,1.0,46.0,81.0,108.0,1281.0,11.0,9.0,300.0,0.0,8.0,104.0,21.0,5.0,191.0,14.0,105.0,1.0,165.0,37.0,194.0,16.0,7.0,157.0,108.0,67.0,351.0,257.0,49.0,104.0
ctx-rh-isthmuscingulate,5.0,0.0,0.0,12.0,0.0,0.0,2.0,13.0,5.0,3.0,144.0,3.0,0.0,4.0,0.0,1.0,0.0,1.0,0.0,0.0,0.0,3.0,1.0,31.0,0.0,60.0,0.0,0.0,0.0,43.0,7.0,0.0,0.0,0.0,10.0,2.0,2.0,15.0,0.0,0.0,35.0,76.0,10.0,11.0,865.0,51.0,0.0,279.0,0.0,11.0,26.0,91.0,0.0,0.0,0.0,35.0,14.0,340.0,10.0,797.0,0.0,1.0,4.0,250.0,10.0,16.0,0.0,6.0
ctx-rh-lateraloccipital,0.0,0.0,0.0,0.0,0.0,0.0,0.0,3.0,0.0,0.0,15.0,2.0,0.0,0.0,0.0,0.0,0.0,0.0,0.0,0.0,0.0,0.0,0.0,3.0,0.0,5.0,0.0,0.0,0.0,1.0,0.0,0.0,0.0,0.0,33.0,0.0,0.0,423.0,1.0,0.0,1477.0,990.0,273.0,9.0,51.0,6353.0,0.0,986.0,0.0,140.0,3.0,14.0,0.0,0.0,0.0,997.0,6.0,5.0,1.0,135.0,0.0,0.0,0.0,692.0,10.0,6.0,0.0,1.0
ctx-rh-lateralorbitofrontal,0.0,1.0,0.0,0.0,0.0,0.0,0.0,0.0,0.0,0.0,0.0,0.0,0.0,0.0,0.0,0.0,0.0,0.0,0.0,0.0,0.0,0.0,0.0,0.0,0.0,0.0,0.0,0.0,2.0,0.0,0.0,0.0,0.0,0.0,0.0,2.0,3.0,0.0,0.0,125.0,0.0,0.0,0.0,300.0,0.0,0.0,2420.0,0.0,945.0,0.0,0.0,0.0,10.0,546.0,194.0,0.0,0.0,0.0,4.0,0.0,102.0,1074.0,161.0,0.0,0.0,0.0,0.0,0.0
ctx-rh-lingual,0.0,0.0,0.0,3.0,0.0,0.0,0.0,0.0,0.0,0.0,21.0,3.0,0.0,2.0,0.0,1.0,0.0,0.0,0.0,0.0,0.0,0.0,0.0,1.0,0.0,8.0,0.0,0.0,0.0,7.0,0.0,0.0,0.0,0.0,10.0,1.0,0.0,121.0,0.0,0.0,710.0,108.0,19.0,0.0,279.0,986.0,0.0,5313.0,0.0,13.0,1.0,328.0,0.0,0.0,0.0,1291.0,2.0,6.0,2.0,205.0,0.0,0.0,0.0,185.0,8.0,1.0,0.0,3.0
ctx-rh-medialorbitofrontal,0.0,6.0,1.0,0.0,0.0,0.0,0.0,0.0,0.0,0.0,0.0,0.0,0.0,0.0,2.0,0.0,0.0,0.0,0.0,0.0,0.0,0.0,0.0,0.0,0.0,0.0,12.0,1.0,4.0,0.0,0.0,0.0,0.0,0.0,0.0,13.0,0.0,0.0,0.0,504.0,0.0,0.0,0.0,8.0,0.0,0.0,945.0,0.0,1930.0,0.0,0.0,0.0,1.0,5.0,2.0,0.0,0.0,0.0,0.0,0.0,431.0,534.0,334.0,0.0,0.0,0.0,0.0,0.0
ctx-rh-middletemporal,0.0,0.0,0.0,0.0,0.0,0.0,0.0,0.0,0.0,0.0,4.0,0.0,0.0,0.0,0.0,0.0,0.0,1.0,0.0,0.0,0.0,0.0,0.0,0.0,0.0,3.0,0.0,0.0,0.0,3.0,0.0,0.0,0.0,0.0,679.0,0.0,0.0,0.0,5.0,0.0,201.0,406.0,2475.0,104.0,11.0,140.0,0.0,13.0,0.0,4453.0,3.0,20.0,0.0,0.0,0.0,2.0,5.0,7.0,2.0,11.0,0.0,0.0,0.0,27.0,744.0,11.0,44.0,26.0
ctx-rh-paracentral,0.0,1.0,0.0,1.0,0.0,0.0,0.0,0.0,0.0,0.0,6.0,1.0,0.0,0.0,0.0,0.0,0.0,0.0,1.0,0.0,0.0,0.0,0.0,16.0,1.0,11.0,0.0,0.0,4.0,4.0,0.0,0.0,0.0,0.0,2.0,41.0,7.0,0.0,0.0,0.0,3.0,26.0,2.0,21.0,26.0,3.0,0.0,1.0,0.0,3.0,1904.0,0.0,1.0,0.0,0.0,0.0,571.0,416.0,1055.0,281.0,0.0,0.0,457.0,528.0,4.0,19.0,0.0,2.0
ctx-rh-parahippocampal,0.0,0.0,0.0,2.0,0.0,0.0,0.0,1.0,0.0,0.0,5.0,0.0,0.0,1.0,0.0,0.0,0.0,0.0,0.0,0.0,0.0,0.0,0.0,0.0,0.0,4.0,0.0,0.0,0.0,3.0,0.0,0.0,0.0,0.0,5.0,0.0,0.0,2.0,90.0,0.0,182.0,12.0,36.0,5.0,91.0,14.0,0.0,328.0,0.0,20.0,0.0,388.0,0.0,0.0,0.0,7.0,1.0,2.0,0.0,7.0,0.0,0.0,0.0,8.0,12.0,3.0,3.0,1.0
ctx-rh-parsopercularis,0.0,0.0,0.0,0.0,0.0,0.0,0.0,0.0,0.0,0.0,0.0,0.0,0.0,0.0,0.0,0.0,0.0,0.0,0.0,0.0,0.0,0.0,0.0,1.0,1.0,0.0,0.0,1.0,2.0,0.0,0.0,0.0,0.0,0.0,1.0,17.0,227.0,0.0,0.0,0.0,0.0,2.0,0.0,191.0,0.0,0.0,10.0,0.0,1.0,0.0,1.0,0.0,829.0,2.0,365.0,0.0,65.0,8.0,584.0,0.0,4.0,576.0,110.0,0.0,1.0,23.0,0.0,0.0
ctx-rh-parsorbitalis,0.0,0.0,0.0,0.0,0.0,0.0,0.0,0.0,0.0,0.0,0.0,0.0,0.0,0.0,0.0,0.0,0.0,0.0,0.0,0.0,0.0,0.0,0.0,0.0,0.0,0.0,0.0,0.0,0.0,0.0,0.0,0.0,0.0,0.0,0.0,2.0,0.0,0.0,0.0,4.0,0.0,0.0,0.0,14.0,0.0,0.0,546.0,0.0,5.0,0.0,0.0,0.0,2.0,579.0,268.0,0.0,0.0,0.0,2.0,0.0,6.0,674.0,52.0,0.0,0.0,0.0,0.0,0.0
ctx-rh-parstriangularis,0.0,0.0,0.0,0.0,0.0,0.0,0.0,0.0,0.0,0.0,0.0,0.0,0.0,0.0,0.0,0.0,0.0,0.0,0.0,0.0,0.0,0.0,0.0,0.0,0.0,0.0,0.0,0.0,0.0,0.0,0.0,0.0,0.0,0.0,0.0,7.0,17.0,0.0,0.0,0.0,0.0,0.0,0.0,105.0,0.0,0.0,194.0,0.0,2.0,0.0,0.0,0.0,365.0,268.0,882.0,0.0,1.0,2.0,12.0,0.0,9.0,821.0,90.0,0.0,0.0,0.0,0.0,0.0
ctx-rh-pericalcarine,0.0,0.0,0.0,0.0,0.0,0.0,0.0,1.0,0.0,0.0,5.0,0.0,0.0,0.0,0.0,0.0,0.0,0.0,0.0,0.0,0.0,1.0,0.0,3.0,0.0,5.0,0.0,0.0,0.0,2.0,0.0,0.0,0.0,0.0,3.0,0.0,0.0,1607.0,0.0,0.0,53.0,39.0,2.0,1.0,35.0,997.0,0.0,1291.0,0.0,2.0,0.0,7.0,0.0,0.0,0.0,1082.0,0.0,4.0,2.0,333.0,0.0,0.0,0.0,227.0,0.0,3.0,0.0,0.0
ctx-rh-postcentral,0.0,3.0,0.0,0.0,0.0,0.0,0.0,2.0,0.0,0.0,3.0,0.0,0.0,1.0,0.0,0.0,1.0,0.0,0.0,0.0,0.0,0.0,0.0,6.0,0.0,4.0,0.0,0.0,3.0,1.0,0.0,0.0,0.0,0.0,18.0,8.0,73.0,1.0,0.0,0.0,3.0,122.0,3.0,165.0,14.0,6.0,0.0,2.0,0.0,5.0,571.0,1.0,65.0,0.0,1.0,0.0,5766.0,83.0,1709.0,73.0,0.0,16.0,58.0,490.0,36.0,1450.0,0.0,10.0
ctx-rh-posteriorcingulate,0.0,28.0,5.0,2.0,0.0,0.0,0.0,7.0,0.0,3.0,44.0,5.0,0.0,2.0,0.0,1.0,4.0,0.0,1.0,0.0,0.0,1.0,1.0,176.0,13.0,38.0,0.0,0.0,41.0,25.0,5.0,4.0,0.0,3.0,8.0,288.0,37.0,2.0,0.0,0.0,4.0,46.0,2.0,37.0,340.0,5.0,0.0,6.0,0.0,7.0,416.0,2.0,8.0,0.0,2.0,4.0,83.0,1402.0,270.0,340.0,2.0,17.0,393.0,235.0,13.0,43.0,0.0,9.0
ctx-rh-precentral,0.0,4.0,2.0,0.0,0.0,0.0,0.0,0.0,0.0,1.0,1.0,1.0,0.0,0.0,0.0,0.0,1.0,0.0,0.0,0.0,0.0,0.0,1.0,18.0,2.0,0.0,0.0,0.0,6.0,0.0,0.0,0.0,0.0,0.0,9.0,54.0,1134.0,0.0,0.0,0.0,2.0,75.0,1.0,194.0,10.0,1.0,4.0,2.0,0.0,2.0,1055.0,0.0,584.0,2.0,12.0,2.0,1709.0,270.0,8248.0,36.0,1.0,87.0,848.0,187.0,16.0,397.0,0.0,5.0
ctx-rh-precuneus,2.0,0.0,0.0,4.0,0.0,0.0,1.0,10.0,0.0,2.0,84.0,9.0,0.0,8.0,0.0,2.0,0.0,1.0,0.0,0.0,0.0,7.0,2.0,24.0,0.0,53.0,0.0,0.0,1.0,22.0,2.0,0.0,0.0,2.0,8.0,5.0,0.0,356.0,0.0,0.0,41.0,131.0,6.0,16.0,797.0,135.0,0.0,205.0,0.0,11.0,281.0,7.0,0.0,0.0,0.0,333.0,73.0,340.0,36.0,4398.0,0.0,1.0,1.0,2331.0,8.0,25.0,0.0,11.0
ctx-rh-rostralanteriorcingulate,0.0,41.0,2.0,0.0,0.0,0.0,0.0,0.0,0.0,1.0,0.0,0.0,0.0,0.0,3.0,0.0,0.0,0.0,0.0,0.0,1.0,0.0,0.0,1.0,1.0,0.0,90.0,15.0,35.0,0.0,0.0,1.0,0.0,0.0,0.0,318.0,2.0,0.0,0.0,3.0,0.0,0.0,0.0,7.0,0.0,0.0,102.0,0.0,431.0,0.0,0.0,0.0,4.0,6.0,9.0,0.0,0.0,2.0,1.0,0.0,676.0,73.0,306.0,0.0,0.0,0.0,0.0,0.0
ctx-rh-rostralmiddlefrontal,0.0,6.0,0.0,0.0,0.0,0.0,0.0,0.0,0.0,0.0,0.0,0.0,0.0,0.0,0.0,0.0,0.0,0.0,0.0,0.0,0.0,0.0,0.0,3.0,0.0,0.0,1.0,2.0,7.0,0.0,0.0,0.0,0.0,0.0,0.0,83.0,856.0,0.0,0.0,214.0,0.0,0.0,0.0,157.0,1.0,0.0,1074.0,0.0,534.0,0.0,0.0,0.0,576.0,674.0,821.0,0.0,16.0,17.0,87.0,1.0,73.0,6893.0,1866.0,1.0,1.0,6.0,0.0,0.0
ctx-rh-superiorfrontal,0.0,76.0,9.0,0.0,0.0,0.0,0.0,0.0,0.0,3.0,0.0,1.0,0.0,0.0,2.0,0.0,4.0,0.0,2.0,0.0,0.0,0.0,1.0,55.0,10.0,3.0,9.0,14.0,61.0,1.0,0.0,0.0,0.0,0.0,0.0,791.0,811.0,0.0,0.0,154.0,0.0,13.0,0.0,108.0,4.0,0.0,161.0,0.0,334.0,0.0,457.0,0.0,110.0,52.0,90.0,0.0,58.0,393.0,848.0,1.0,306.0,1866.0,10363.0,26.0,0.0,21.0,0.0,1.0
ctx-rh-superiorparietal,1.0,1.0,0.0,6.0,0.0,0.0,0.0,11.0,3.0,1.0,67.0,7.0,0.0,1.0,0.0,1.0,0.0,0.0,0.0,0.0,0.0,3.0,0.0,20.0,0.0,42.0,0.0,0.0,1.0,23.0,4.0,0.0,0.0,0.0,42.0,0.0,7.0,594.0,0.0,0.0,88.0,1344.0,26.0,67.0,250.0,692.0,0.0,185.0,0.0,27.0,528.0,8.0,0.0,0.0,0.0,227.0,490.0,235.0,187.0,2331.0,0.0,1.0,26.0,5863.0,41.0,237.0,1.0,15.0
ctx-rh-superiortemporal,0.0,0.0,0.0,0.0,0.0,0.0,0.0,1.0,0.0,0.0,4.0,0.0,0.0,0.0,0.0,0.0,0.0,0.0,0.0,0.0,0.0,0.0,0.0,3.0,0.0,4.0,0.0,0.0,0.0,1.0,0.0,0.0,0.0,0.0,766.0,0.0,1.0,0.0,10.0,0.0,104.0,142.0,298.0,351.0,10.0,10.0,0.0,8.0,0.0,744.0,4.0,12.0,1.0,0.0,0.0,0.0,36.0,13.0,16.0,8.0,0.0,1.0,0.0,41.0,4099.0,426.0,150.0,807.0
ctx-rh-supramarginal,0.0,0.0,0.0,0.0,0.0,0.0,0.0,1.0,0.0,0.0,3.0,0.0,0.0,0.0,0.0,1.0,0.0,0.0,0.0,0.0,0.0,0.0,1.0,2.0,0.0,4.0,0.0,0.0,0.0,2.0,0.0,0.0,0.0,0.0,301.0,7.0,38.0,1.0,0.0,0.0,6.0,991.0,10.0,257.0,16.0,6.0,0.0,1.0,0.0,11.0,19.0,3.0,23.0,0.0,0.0,3.0,1450.0,43.0,397.0,25.0,0.0,6.0,21.0,237.0,426.0,5135.0,0.0,42.0
ctx-rh-temporalpole,0.0,0.0,0.0,0.0,0.0,0.0,0.0,0.0,0.0,0.0,0.0,0.0,0.0,0.0,0.0,0.0,0.0,0.0,0.0,0.0,0.0,0.0,0.0,0.0,0.0,0.0,0.0,0.0,0.0,0.0,0.0,0.0,0.0,0.0,0.0,0.0,0.0,0.0,206.0,0.0,137.0,1.0,173.0,49.0,0.0,0.0,0.0,0.0,0.0,44.0,0.0,3.0,0.0,0.0,0.0,0.0,0.0,0.0,0.0,0.0,0.0,0.0,0.0,1.0,150.0,0.0,291.0,1.0
ctx-rh-transversetemporal,0.0,0.0,0.0,0.0,0.0,0.0,0.0,0.0,0.0,0.0,1.0,0.0,0.0,0.0,0.0,0.0,0.0,0.0,0.0,0.0,0.0,0.0,0.0,0.0,0.0,0.0,0.0,0.0,0.0,2.0,0.0,0.0,0.0,0.0,55.0,0.0,0.0,0.0,0.0,0.0,6.0,34.0,17.0,104.0,6.0,1.0,0.0,3.0,0.0,26.0,2.0,1.0,0.0,0.0,0.0,0.0,10.0,9.0,5.0,11.0,0.0,0.0,1.0,15.0,807.0,42.0,1.0,247.0
