,ctx-lh-bankssts,ctx-lh-caudalanteriorcingulate,ctx-lh-caudalmiddlefrontal,ctx-lh-cuneus,ctx-lh-entorhinal,ctx-lh-frontalpole,ctx-lh-fusiform,ctx-lh-inferiorparietal,ctx-lh-inferiortemporal,ctx-lh-insula,ctx-lh-isthmuscingulate,ctx-lh-lateraloccipital,ctx-lh-lateralorbitofrontal,ctx-lh-lingual,ctx-lh-medialorbitofrontal,ctx-lh-middletemporal,ctx-lh-paracentral,ctx-lh-parahippocampal,ctx-lh-parsopercularis,ctx-lh-parsorbitalis,ctx-lh-parstriangularis,ctx-lh-pericalcarine,ctx-lh-postcentral,ctx-lh-posteriorcingulate,ctx-lh-precentral,ctx-lh-precuneus,ctx-lh-rostralanteriorcingulate,ctx-lh-rostralmiddlefrontal,ctx-lh-superiorfrontal,ctx-lh-superiorparietal,ctx-lh-superiortemporal,ctx-lh-supramarginal,ctx-lh-temporalpole,ctx-lh-transversetemporal,ctx-rh-bankssts,ctx-rh-caudalanteriorcingulate,ctx-rh-caudalmiddlefrontal,ctx-rh-cuneus,ctx-rh-entorhinal,ctx-rh-frontalpole,ctx-rh-fusiform,ctx-rh-inferiorparietal,ctx-rh-inferiortemporal,ctx-rh-insula,ctx-rh-isthmuscingulate,ctx-rh-lateraloccipital,ctx-rh-lateralorbitofrontal,ctx-rh-lingual,ctx-rh-medialorbitofrontal,ctx-rh-middletemporal,ctx-rh-paracentral,ctx-rh-parahippocampal,ctx-rh-parsopercularis,ctx-rh-parsorbitalis,ctx-rh-parstriangularis,ctx-rh-pericalcarine,ctx-rh-postcentral,ctx-rh-posteriorcingulate,ctx-rh-precentral,ctx-rh-precuneus,ctx-rh-rostralanteriorcingulate,ctx-rh-rostralmiddlefrontal,ctx-rh-superiorfrontal,ctx-rh-superiorparietal,ctx-rh-superiortemporal,ctx-rh-supramarginal,ctx-rh-temporalpole,ctx-rh-transversetemporal
ctx-lh-bankssts,844.0,0.0,0.0,1.0,0.0,0.0,22.0,311.0,131.0,14.0,4.0,33.0,0.0,9.0,0.0,641.0,2.0,0.0,0.0,0.0,0.0,2.0,4.0,0.0,8.0,21.0,0.0,0.0,0.0,14.0,801.0,203.0,0.0,12.0,0.0,0.0,0.0,0.0,0.0,0.0,0.0,1.0,0.0,0.0,4.0,1.0,0.0,0.0,0.0,0.0,0.0,0.0,0.0,0.0,0.0,0.0,0.0,1.0,0.0,1.0,0.0,0.0,0.0,1.0,1.0,0.0,0.0,0.0
ctx-lh-caudalanteriorcingulate,0.0,318.0,40.0,0.0,0.0,0.0,0.0,0.0,0.0,13.0,20.0,1.0,5.0,0.0,14.0,0.0,29.0,0.0,17.0,2.0,5.0,0.0,3.0,271.0,31.0,7.0,185.0,78.0,419.0,2.0,1.0,1.0,0.0,0.0,0.0,73.0,21.0,0.0,0.0,0.0,0.0,1.0,0.0,9.0,1.0,0.0,7.0,0.0,2.0,0.0,4.0,0.0,14.0,2.0,5.0,1.0,3.0,13.0,9.0,3.0,10.0,37.0,98.0,1.0,2.0,0.0,0.0,0.0
ctx-lh-caudalmiddlefrontal,0.0,40.0,4112.0,0.0,0.0,0.0,0.0,4.0,0.0,67.0,1.0,0.0,5.0,0.0,2.0,1.0,19.0,0.0,347.0,1.0,16.0,0.0,50.0,7.0,1197.0,5.0,5.0,771.0,1215.0,10.0,2.0,25.0,0.0,0.0,0.0,24.0,13.0,0.0,0.0,0.0,0.0,0.0,0.0,6.0,1.0,0.0,0.0,0.0,0.0,0.0,16.0,0.0,1.0,0.0,4.0,0.0,0.0,11.0,15.0,1.0,2.0,17.0,76.0,0.0,0.0,0.0,0.0,0.0
ctx-lh-cuneus,1.0,0.0,0.0,1258.0,0.0,0.0,20.0,44.0,5.0,1.0,25.0,436.0,0.0,275.0,0.0,4.0,0.0,4.0,1.0,0.0,0.0,1601.0,0.0,0.0,0.0,337.0,0.0,0.0,0.0,750.0,8.0,5.0,0.0,2.0,1.0,0.0,0.0,6.0,0.0,0.0,3.0,2.0,3.0,1.0,7.0,12.0,0.0,174.0,0.0,1.0,0.0,0.0,0.0,0.0,0.0,53.0,0.0,2.0,0.0,9.0,0.0,0.0,0.0,2.0,2.0,1.0,0.0,0.0
ctx-lh-entorhinal,0.0,0.0,0.0,0.0,264.0,0.0,283.0,0.0,208.0,26.0,0.0,2.0,0.0,2.0,0.0,46.0,0.0,95.0,0.0,0.0,0.0,0.0,1.0,1.0,0.0,0.0,0.0,0.0,0.0,0.0,51.0,0.0,226.0,1.0,0.0,0.0,0.0,0.0,0.0,0.0,0.0,0.0,0.0,0.0,0.0,0.0,0.0,0.0,0.0,0.0,0.0,0.0,0.0,0.0,0.0,0.0,0.0,0.0,0.0,0.0,0.0,0.0,0.0,0.0,0.0,0.0,0.0,0.0
ctx-lh-frontalpole,0.0,0.0,0.0,0.0,0.0,78.0,0.0,0.0,0.0,1.0,0.0,0.0,51.0,0.0,188.0,0.0,0.0,0.0,0.0,4.0,3.0,0.0,0.0,0.0,0.0,0.0,6.0,299.0,132.0,0.0,0.0,0.0,0.0,0.0,0.0,0.0,0.0,0.0,0.0,0.0,0.0,0.0,0.0,0.0,0.0,0.0,0.0,0.0,0.0,0.0,0.0,0.0,0.0,0.0,0.0,0.0,0.0,0.0,0.0,0.0,1.0,1.0,0.0,0.0,0.0,0.0,0.0,0.0
ctx-lh-fusiform,22.0,0.0,0.0,20.0,283.0,0.0,2871.0,75.0,1522.0,80.0,8.0,1102.0,0.0,640.0,1.0,256.0,1.0,192.0,0.0,0.0,0.0,83.0,1.0,0.0,0.0,36.0,0.0,0.0,0.0,36.0,177.0,12.0,113.0,2.0,0.0,0.0,0.0,1.0,0.0,0.0,0.0,2.0,3.0,1.0,9.0,0.0,0.0,1.0,0.0,3.0,0.0,0.0,0.0,0.0,0.0,2.0,0.0,0.0,0.0,6.0,0.0,0.0,0.0,5.0,2.0,0.0,0.0,1.0
ctx-lh-inferiorparietal,311.0,0.0,4.0,44.0,0.0,0.0,75.0,5815.0,157.0,32.0,45.0,1020.0,1.0,27.0,0.0,459.0,6.0,5.0,3.0,0.0,0.0,15.0,56.0,8.0,39.0,313.0,0.0,0.0,2.0,1166.0,222.0,1257.0,3.0,16.0,2.0,0.0,0.0,2.0,0.0,0.0,1.0,8.0,2.0,1.0,15.0,6.0,0.0,3.0,0.0,5.0,2.0,0.0,0.0,0.0,0.0,1.0,0.0,3.0,0.0,31.0,0.0,0.0,1.0,7.0,3.0,5.0,0.0,0.0
ctx-lh-inferiortemporal,131.0,0.0,0.0,5.0,208.0,0.0,1522.0,157.0,4191.0,63.0,7.0,495.0,3.0,77.0,1.0,2058.0,0.0,48.0,0.0,0.0,0.0,14.0,5.0,2.0,2.0,22.0,0.0,0.0,0.0,20.0,299.0,48.0,241.0,6.0,1.0,0.0,0.0,2.0,0.0,0.0,1.0,2.0,0.0,2.0,5.0,1.0,0.0,0.0,0.0,1.0,0.0,0.0,0.0,0.0,0.0,2.0,0.0,0.0,0.0,10.0,0.0,0.0,0.0,5.0,2.0,0.0,0.0,0.0
ctx-lh-insula,14.0,13.0,67.0,1.0,26.0,1.0,80.0,32.0,63.0,1593.0,22.0,11.0,470.0,12.0,42.0,95.0,22.0,9.0,291.0,9.0,131.0,1.0,267.0,20.0,418.0,41.0,29.0,156.0,104.0,56.0,248.0,380.0,29.0,86.0,1.0,12.0,2.0,0.0,0.0,0.0,0.0,3.0,1.0,0.0,3.0,1.0,1.0,0.0,1.0,4.0,5.0,0.0,1.0,0.0,1.0,0.0,2.0,8.0,5.0,15.0,5.0,10.0,16.0,7.0,0.0,3.0,0.0,0.0
ctx-lh-isthmuscingulate,4.0,20.0,1.0,25.0,0.0,0.0,8.0,45.0,7.0,22.0,682.0,29.0,0.0,104.0,0.0,14.0,10.0,37.0,1.0,0.0,0.0,28.0,9.0,302.0,9.0,773.0,0.0,0.0,2.0,58.0,21.0,31.0,0.0,16.0,11.0,0.0,0.0,8.0,0.0,0.0,2.0,13.0,10.0,2.0,84.0,8.0,0.0,3.0,0.0,9.0,8.0,1.0,0.0,0.0,0.0,2.0,0.0,20.0,2.0,95.0,0.0,2.0,2.0,27.0,17.0,10.0,1.0,5.0
ctx-lh-lateraloccipital,33.0,1.0,0.0,436.0,2.0,0.0,1102.0,1020.0,495.0,11.0,29.0,7951.0,0.0,749.0,0.0,187.0,0.0,5.0,1.0,0.0,0.0,815.0,3.0,1.0,1.0,74.0,0.0,0.0,0.0,438.0,72.0,21.0,1.0,7.0,0.0,0.0,0.0,8.0,0.0,0.0,2.0,10.0,6.0,1.0,18.0,7.0,0.0,4.0,0.0,6.0,0.0,0.0,0.0,0.0,0.0,4.0,2.0,0.0,1.0,31.0,0.0,0.0,0.0,11.0,7.0,0.0,0.0,0.0
ctx-lh-lateralorbitofrontal,0.0,5.0,5.0,0.0,0.0,51.0,0.0,1.0,3.0,470.0,0.0,0.0,3523.0,0.0,1765.0,1.0,0.0,1.0,26.0,478.0,395.0,0.0,0.0,0.0,3.0,1.0,206.0,730.0,43.0,1.0,4.0,1.0,1.0,0.0,0.0,4.0,0.0,0.0,0.0,0.0,0.0,0.0,0.0,0.0,0.0,0.0,2.0,0.0,0.0,0.0,0.0,0.0,0.0,3.0,1.0,0.0,0.0,2.0,0.0,0.0,6.0,2.0,8.0,0.0,0.0,0.0,0.0,0.0
ctx-lh-lingual,9.0,0.0,0.0,275.0,2.0,0.0,640.0,27.0,77.0,12.0,104.0,749.0,0.0,4328.0,0.0,38.0,0.0,188.0,0.0,0.0,0.0,1348.0,2.0,4.0,1.0,130.0,0.0,0.0,0.0,46.0,40.0,3.0,2.0,3.0,3.0,0.0,0.0,6.0,0.0,0.0,2.0,1.0,4.0,1.0,8.0,13.0,0.0,17.0,0.0,5.0,0.0,2.0,0.0,0.0,0.0,1.0,0.0,0.0,0.0,19.0,0.0,0.0,0.0,4.0,0.0,1.0,0.0,0.0
ctx-lh-medialorbitofrontal,0.0,14.0,2.0,0.0,0.0,188.0,1.0,0.0,1.0,42.0,0.0,0.0,1765.0,0.0,1644.0,0.0,0.0,0.0,6.0,45.0,39.0,0.0,0.0,3.0,0.0,0.0,378.0,792.0,209.0,0.0,0.0,0.0,0.0,0.0,0.0,3.0,0.0,0.0,0.0,0.0,0.0,0.0,0.0,0.0,0.0,0.0,2.0,0.0,5.0,0.0,0.0,0.0,0.0,2.0,1.0,0.0,0.0,0.0,0.0,0.0,9.0,9.0,7.0,0.0,0.0,0.0,0.0,0.0
ctx-lh-middletemporal,641.0,0.0,1.0,4.0,46.0,0.0,256.0,459.0,2058.0,95.0,14.0,187.0,1.0,38.0,0.0,3420.0,0.0,17.0,0.0,0.0,0.0,5.0,7.0,0.0,4.0,26.0,0.0,0.0,0.0,28.0,1411.0,100.0,169.0,11.0,0.0,0.0,0.0,1.0,0.0,0.0,2.0,0.0,0.0,0.0,1.0,2.0,0.0,0.0,0.0,0.0,1.0,0.0,0.0,0.0,0.0,1.0,0.0,1.0,0.0,7.0,0.0,0.0,0.0,1.0,3.0,0.0,0.0,0.0
ctx-lh-paracentral,2.0,29.0,19.0,0.0,0.0,0.0,1.0,6.0,0.0,22.0,10.0,0.0,0.0,0.0,0.0,0.0,1949.0,1.0,1.0,0.0,0.0,0.0,723.0,344.0,1181.0,197.0,1.0,0.0,600.0,146.0,3.0,19.0,0.0,1.0,3.0,2.0,1.0,1.0,0.0,0.0,0.0,1.0,0.0,6.0,7.0,0.0,0.0,0.0,0.0,0.0,55.0,0.0,0.0,0.0,0.0,0.0,15.0,41.0,19.0,15.0,0.0,0.0,29.0,4.0,1.0,4.0,0.0,1.0
ctx-lh-parahippocampal,0.0,0.0,0.0,4.0,95.0,0.0,192.0,5.0,48.0,9.0,37.0,5.0,1.0,188.0,0.0,17.0,1.0,327.0,0.0,0.0,0.0,6.0,0.0,1.0,0.0,16.0,0.0,0.0,0.0,3.0,15.0,3.0,1.0,3.0,0.0,0.0,0.0,0.0,0.0,0.0,0.0,1.0,1.0,0.0,1.0,1.0,0.0,0.0,0.0,0.0,0.0,0.0,0.0,0.0,0.0,0.0,0.0,1.0,0.0,2.0,0.0,0.0,0.0,1.0,1.0,0.0,0.0,0.0
ctx-lh-parsopercularis,0.0,17.0,347.0,1.0,0.0,0.0,0.0,3.0,0.0,291.0,1.0,1.0,26.0,0.0,6.0,0.0,1.0,0.0,1893.0,7.0,446.0,0.0,45.0,3.0,543.0,0.0,10.0,574.0,221.0,5.0,1.0,20.0,0.0,0.0,0.0,20.0,4.0,0.0,0.0,0.0,0.0,0.0,0.0,2.0,0.0,0.0,0.0,0.0,1.0,0.0,0.0,0.0,4.0,0.0,1.0,0.0,1.0,0.0,5.0,0.0,4.0,22.0,32.0,0.0,1.0,1.0,0.0,0.0
ctx-lh-parsorbitalis,0.0,2.0,1.0,0.0,0.0,4.0,0.0,0.0,0.0,9.0,0.0,0.0,478.0,0.0,45.0,0.0,0.0,0.0,7.0,376.0,334.0,0.0,0.0,0.0,0.0,0.0,23.0,452.0,14.0,0.0,0.0,0.0,0.0,0.0,0.0,0.0,1.0,0.0,0.0,0.0,0.0,0.0,0.0,0.0,0.0,0.0,0.0,0.0,0.0,0.0,0.0,0.0,0.0,0.0,1.0,0.0,0.0,0.0,0.0,0.0,0.0,1.0,1.0,0.0,0.0,0.0,0.0,0.0
ctx-lh-parstriangularis,0.0,5.0,16.0,0.0,0.0,3.0,0.0,0.0,0.0,131.0,0.0,0.0,395.0,0.0,39.0,0.0,0.0,0.0,446.0,334.0,1296.0,0.0,1.0,1.0,6.0,0.0,34.0,659.0,69.0,0.0,0.0,0.0,1.0,0.0,0.0,4.0,1.0,0.0,0.0,0.0,0.0,0.0,0.0,1.0,0.0,0.0,1.0,0.0,0.0,0.0,0.0,0.0,0.0,0.0,2.0,0.0,0.0,0.0,1.0,0.0,3.0,5.0,10.0,0.0,0.0,0.0,0.0,0.0
ctx-lh-pericalcarine,2.0,0.0,0.0,1601.0,0.0,0.0,83.0,15.0,14.0,1.0,28.0,815.0,0.0,1348.0,0.0,5.0,0.0,6.0,0.0,0.0,0.0,949.0,0.0,2.0,1.0,154.0,0.0,0.0,0.0,197.0,7.0,5.0,1.0,0.0,0.0,0.0,0.0,0.0,0.0,0.0,1.0,4.0,2.0,0.0,11.0,5.0,0.0,49.0,0.0,2.0,0.0,0.0,0.0,0.0,0.0,8.0,0.0,0.0,0.0,13.0,0.0,0.0,0.0,13.0,1.0,0.0,0.0,0.0
ctx-lh-postcentral,4.0,3.0,50.0,0.0,1.0,0.0,1.0,56.0,5.0,267.0,9.0,3.0,0.0,2.0,0.0,7.0,723.0,0.0,45.0,0.0,1.0,0.0,5425.0,25.0,2024.0,187.0,0.0,8.0,51.0,693.0,35.0,1013.0,0.0,8.0,0.0,4.0,2.0,0.0,0.0,0.0,0.0,4.0,0.0,0.0,5.0,0.0,0.0,0.0,0.0,0.0,11.0,0.0,0.0,0.0,0.0,0.0,1.0,12.0,4.0,13.0,0.0,0.0,4.0,2.0,2.0,2.0,0.0,1.0
ctx-lh-posteriorcingulate,0.0,271.0,7.0,0.0,1.0,0.0,0.0,8.0,2.0,20.0,302.0,1.0,0.0,4.0,3.0,0.0,344.0,1.0,3.0,0.0,1.0,2.0,25.0,1356.0,61.0,305.0,14.0,8.0,167.0,40.0,10.0,20.0,0.0,2.0,2.0,29.0,13.0,0.0,0.0,0.0,0.0,9.0,1.0,11.0,28.0,0.0,0.0,1.0,0.0,2.0,56.0,0.0,0.0,0.0,1.0,1.0,4.0,137.0,34.0,49.0,0.0,5.0,44.0,18.0,6.0,17.0,0.0,2.0
ctx-lh-precentral,8.0,31.0,1197.0,0.0,0.0,0.0,0.0,39.0,2.0,418.0,9.0,1.0,3.0,1.0,0.0,4.0,1181.0,0.0,543.0,0.0,6.0,1.0,2024.0,61.0,7155.0,51.0,0.0,45.0,858.0,160.0,30.0,313.0,0.0,11.0,1.0,15.0,10.0,0.0,0.0,0.0,0.0,1.0,0.0,3.0,7.0,0.0,0.0,0.0,0.0,1.0,33.0,0.0,2.0,0.0,1.0,0.0,4.0,37.0,25.0,10.0,1.0,2.0,49.0,5.0,1.0,1.0,0.0,0.0
ctx-lh-precuneus,21.0,7.0,5.0,337.0,0.0,0.0,36.0,313.0,22.0,41.0,773.0,74.0,1.0,130.0,0.0,26.0,197.0,16.0,0.0,0.0,0.0,154.0,187.0,305.0,51.0,4393.0,1.0,1.0,10.0,2606.0,65.0,134.0,0.0,17.0,18.0,0.0,0.0,12.0,0.0,0.0,7.0,24.0,15.0,12.0,81.0,13.0,0.0,13.0,0.0,25.0,16.0,4.0,0.0,0.0,0.0,13.0,3.0,14.0,5.0,134.0,0.0,0.0,3.0,43.0,15.0,13.0,0.0,7.0
ctx-lh-rostralanteriorcingulate,0.0,185.0,5.0,0.0,0.0,6.0,0.0,0.0,0.0,29.0,0.0,0.0,206.0,0.0,378.0,0.0,1.0,0.0,10.0,23.0,34.0,0.0,0.0,14.0,0.0,1.0,1041.0,254.0,340.0,0.0,0.0,0.0,0.0,0.0,0.0,48.0,2.0,0.0,0.0,2.0,0.0,0.0,0.0,1.0,0.0,0.0,9.0,0.0,11.0,0.0,0.0,0.0,4.0,4.0,9.0,0.0,0.0,1.0,0.0,0.0,40.0,29.0,52.0,0.0,0.0,0.0,0.0,0.0
ctx-lh-rostralmiddlefrontal,0.0,78.0,771.0,0.0,0.0,299.0,0.0,0.0,0.0,156.0,0.0,0.0,730.0,0.0,792.0,0.0,0.0,0.0,574.0,452.0,659.0,0.0,8.0,8.0,45.0,1.0,254.0,7147.0,2462.0,0.0,0.0,1.0,0.0,0.0,0.0,61.0,6.0,0.0,0.0,0.0,0.0,0.0,0.0,4.0,0.0,0.0,5.0,0.0,7.0,0.0,2.0,0.0,6.0,0.0,25.0,0.0,3.0,3.0,3.0,1.0,22.0,72.0,111.0,0.0,0.0,0.0,0.0,0.0
ctx-lh-superiorfrontal,0.0,419.0,1215.0,0.0,0.0,132.0,0.0,2.0,0.0,104.0,2.0,0.0,43.0,0.0,209.0,0.0,600.0,0.0,221.0,14.0,69.0,0.0,51.0,167.0,858.0,10.0,340.0,2462.0,10325.0,9.0,1.0,11.0,0.0,0.0,0.0,182.0,65.0,0.0,0.0,0.0,0.0,0.0,0.0,20.0,3.0,0.0,7.0,0.0,5.0,0.0,51.0,0.0,35.0,4.0,23.0,0.0,4.0,47.0,51.0,7.0,35.0,134.0,391.0,3.0,0.0,1.0,0.0,0.0
ctx-lh-superiorparietal,14.0,2.0,10.0,750.0,0.0,0.0,36.0,1166.0,20.0,56.0,58.0,438.0,1.0,46.0,0.0,28.0,146.0,3.0,5.0,0.0,0.0,197.0,693.0,40.0,160.0,2606.0,0.0,0.0,9.0,6189.0,59.0,571.0,0.0,16.0,6.0,1.0,1.0,4.0,0.0,0.0,4.0,9.0,5.0,3.0,41.0,5.0,0.0,7.0,0.0,2.0,8.0,1.0,1.0,0.0,0.0,5.0,4.0,8.0,3.0,41.0,0.0,0.0,1.0,14.0,5.0,4.0,0.0,1.0
ctx-lh-superiortemporal,801.0,1.0,2.0,8.0,51.0,0.0,177.0,222.0,299.0,248.0,21.0,72.0,4.0,40.0,0.0,1411.0,3.0,15.0,1.0,0.0,0.0,7.0,35.0,10.0,30.0,65.0,0.0,0.0,1.0,59.0,4726.0,588.0,225.0,558.0,0.0,1.0,0.0,2.0,0.0,0.0,1.0,3.0,0.0,1.0,13.0,3.0,0.0,3.0,0.0,2.0,3.0,0.0,0.0,0.0,0.0,0.0,0.0,3.0,1.0,23.0,0.0,0.0,0.0,4.0,1.0,1.0,0.0,0.0
ctx-lh-supramarginal,203.0,1.0,25.0,5.0,0.0,0.0,12.0,1257.0,48.0,380.0,31.0,21.0,1.0,3.0,0.0,100.0,19.0,3.0,20.0,0.0,0.0,5.0,1013.0,20.0,313.0,134.0,0.0,1.0,11.0,571.0,588.0,5828.0,0.0,35.0,3.0,3.0,0.0,1.0,0.0,0.0,0.0,4.0,1.0,1.0,12.0,4.0,0.0,0.0,0.0,2.0,6.0,0.0,0.0,0.0,0.0,1.0,0.0,7.0,1.0,14.0,0.0,0.0,1.0,9.0,4.0,0.0,0.0,1.0
ctx-lh-temporalpole,0.0,0.0,0.0,0.0,226.0,0.0,113.0,3.0,241.0,29.0,0.0,1.0,1.0,2.0,0.0,169.0,0.0,1.0,0.0,0.0,1.0,1.0,0.0,0.0,0.0,0.0,0.0,0.0,0.0,0.0,225.0,0.0,482.0,0.0,0.0,0.0,0.0,0.0,0.0,0.0,0.0,0.0,0.0,0.0,0.0,0.0,0.0,0.0,0.0,0.0,0.0,0.0,0.0,0.0,0.0,0.0,0.0,0.0,0.0,0.0,0.0,0.0,0.0,1.0,0.0,0.0,0.0,0.0
ctx-lh-transversetemporal,12.0,0.0,0.0,2.0,1.0,0.0,2.0,16.0,6.0,86.0,16.0,7.0,0.0,3.0,0.0,11.0,1.0,3.0,0.0,0.0,0.0,0.0,8.0,2.0,11.0,17.0,0.0,0.0,0.0,16.0,558.0,35.0,0.0,484.0,0.0,0.0,0.0,0.0,0.0,0.0,0.0,2.0,1.0,1.0,4.0,0.0,0.0,0.0,0.0,0.0,1.0,0.0,0.0,0.0,0.0,0.0,2.0,4.0,0.0,10.0,0.0,0.0,0.0,3.0,0.0,0.0,0.0,0.0
ctx-rh-bankssts,0.0,0.0,0.0,1.0,0.0,0.0,0.0,2.0,1.0,1.0,11.0,0.0,0.0,3.0,0.0,0.0,3.0,0.0,0.0,0.0,0.0,0.0,0.0,2.0,1.0,18.0,0.0,0.0,0.0,6.0,0.0,3.0,0.0,0.0,986.0,0.0,1.0,5.0,0.0,0.0,6.0,623.0,123.0,16.0,20.0,25.0,0.0,3.0,0.0,826.0,4.0,0.0,0.0,0.0,1.0,5.0,12.0,7.0,27.0,58.0,0.0,0.0,1.0,43.0,765.0,336.0,0.0,15.0
ctx-rh-caudalanteriorcingulate,0.0,73.0,24.0,0.0,0.0,0.0,0.0,0.0,0.0,12.0,0.0,0.0,4.0,0.0,3.0,0.0,2.0,0.0,20.0,0.0,4.0,0.0,4.0,29.0,15.0,0.0,48.0,61.0,182.0,1.0,1.0,3.0,0.0,0.0,0.0,864.0,66.0,0.0,0.0,0.0,0.0,0.0,0.0,26.0,11.0,0.0,11.0,0.0,9.0,0.0,34.0,0.0,37.0,3.0,23.0,0.0,3.0,359.0,50.0,13.0,240.0,200.0,870.0,2.0,0.0,7.0,0.0,0.0
ctx-rh-caudalmiddlefrontal,0.0,21.0,13.0,0.0,0.0,0.0,0.0,0.0,0.0,2.0,0.0,0.0,0.0,0.0,0.0,0.0,1.0,0.0,4.0,1.0,1.0,0.0,2.0,13.0,10.0,0.0,2.0,6.0,65.0,1.0,0.0,0.0,0.0,0.0,1.0,66.0,3378.0,0.0,0.0,0.0,0.0,1.0,0.0,44.0,0.0,0.0,3.0,0.0,1.0,0.0,23.0,0.0,336.0,1.0,20.0,0.0,52.0,20.0,1098.0,0.0,2.0,871.0,957.0,4.0,0.0,14.0,0.0,1.0
ctx-rh-cuneus,0.0,0.0,0.0,6.0,0.0,0.0,1.0,2.0,2.0,0.0,8.0,8.0,0.0,6.0,0.0,1.0,1.0,0.0,0.0,0.0,0.0,0.0,0.0,0.0,0.0,12.0,0.0,0.0,0.0,4.0,2.0,1.0,0.0,0.0,5.0,0.0,0.0,1067.0,0.0,0.0,40.0,35.0,24.0,4.0,17.0,535.0,0.0,223.0,0.0,8.0,0.0,1.0,0.0,0.0,0.0,1302.0,0.0,0.0,1.0,274.0,0.0,0.0,0.0,551.0,6.0,0.0,0.0,1.0
ctx-rh-entorhinal,0.0,0.0,0.0,0.0,0.0,0.0,0.0,0.0,0.0,0.0,0.0,0.0,0.0,0.0,0.0,0.0,0.0,0.0,0.0,0.0,0.0,0.0,0.0,0.0,0.0,0.0,0.0,0.0,0.0,0.0,0.0,0.0,0.0,0.0,0.0,0.0,0.0,0.0,248.0,0.0,92.0,1.0,183.0,2.0,0.0,1.0,0.0,0.0,0.0,23.0,0.0,148.0,0.0,0.0,0.0,0.0,0.0,0.0,0.0,0.0,0.0,0.0,0.0,0.0,6.0,0.0,109.0,0.0
ctx-rh-frontalpole,0.0,0.0,0.0,0.0,0.0,0.0,0.0,0.0,0.0,0.0,0.0,0.0,0.0,0.0,0.0,0.0,0.0,0.0,0.0,0.0,0.0,0.0,0.0,0.0,0.0,0.0,2.0,0.0,0.0,0.0,0.0,0.0,0.0,0.0,0.0,0.0,0.0,0.0,0.0,111.0,0.0,0.0,0.0,0.0,0.0,0.0,114.0,0.0,308.0,0.0,0.0,0.0,0.0,4.0,3.0,0.0,0.0,0.0,0.0,0.0,5.0,208.0,104.0,0.0,0.0,0.0,0.0,0.0
ctx-rh-fusiform,0.0,0.0,0.0,3.0,0.0,0.0,0.0,1.0,1.0,0.0,2.0,2.0,0.0,2.0,0.0,2.0,0.0,0.0,0.0,0.0,0.0,1.0,0.0,0.0,0.0,7.0,0.0,0.0,0.0,4.0,1.0,0.0,0.0,0.0,6.0,0.0,0.0,40.0,92.0,0.0,2755.0,42.0,1593.0,42.0,11.0,987.0,5.0,790.0,0.0,202.0,0.0,92.0,0.0,0.0,0.0,94.0,2.0,0.0,0.0,30.0,0.0,0.0,0.0,50.0,41.0,3.0,53.0,1.0
ctx-rh-inferiorparietal,1.0,1.0,0.0,2.0,0.0,0.0,2.0,8.0,2.0,3.0,13.0,10.0,0.0,1.0,0.0,0.0,1.0,1.0,0.0,0.0,0.0,4.0,4.0,9.0,1.0,24.0,0.0,0.0,0.0,9.0,3.0,4.0,0.0,2.0,623.0,0.0,1.0,35.0,1.0,0.0,42.0,7017.0,221.0,52.0,40.0,859.0,0.0,15.0,0.0,765.0,14.0,3.0,4.0,0.0,0.0,13.0,100.0,16.0,73.0,309.0,0.0,1.0,4.0,1800.0,146.0,1107.0,0.0,19.0
ctx-rh-inferiortemporal,0.0,0.0,0.0,3.0,0.0,0.0,3.0,2.0,0.0,1.0,10.0,6.0,0.0,4.0,0.0,0.0,0.0,1.0,0.0,0.0,0.0,2.0,0.0,1.0,0.0,15.0,0.0,0.0,0.0,5.0,0.0,1.0,0.0,1.0,123.0,0.0,0.0,24.0,183.0,0.0,1593.0,221.0,3244.0,74.0,13.0,427.0,4.0,131.0,0.0,1847.0,1.0,36.0,0.0,0.0,1.0,25.0,1.0,0.0,2.0,37.0,0.0,0.0,0.0,61.0,179.0,12.0,171.0,7.0
ctx-rh-insula,0.0,9.0,6.0,1.0,0.0,0.0,1.0,1.0,2.0,0.0,2.0,1.0,0.0,1.0,0.0,0.0,6.0,0.0,2.0,0.0,1.0,0.0,0.0,11.0,3.0,12.0,1.0,4.0,20.0,3.0,1.0,1.0,0.0,1.0,16.0,26.0,44.0,4.0,2.0,0.0,42.0,52.0,74.0,1483.0,13.0,10.0,486.0,14.0,44.0,154.0,26.0,7.0,209.0,24.0,164.0,1.0,180.0,15.0,248.0,52.0,16.0,136.0,97.0,63.0,255.0,225.0,28.0,54.0
ctx-rh-isthmuscingulate,4.0,1.0,1.0,7.0,0.0,0.0,9.0,15.0,5.0,3.0,84.0,18.0,0.0,8.0,0.0,1.0,7.0,1.0,0.0,0.0,0.0,11.0,5.0,28.0,7.0,81.0,0.0,0.0,3.0,41.0,13.0,12.0,0.0,4.0,20.0,11.0,0.0,17.0,0.0,0.0,11.0,40.0,13.0,13.0,588.0,16.0,0.0,73.0,0.0,15.0,13.0,71.0,1.0,0.0,0.0,9.0,5.0,214.0,4.0,814.0,0.0,0.0,3.0,69.0,22.0,14.0,0.0,8.0
ctx-rh-lateraloccipital,1.0,0.0,0.0,12.0,0.0,0.0,0.0,6.0,1.0,1.0,8.0,7.0,0.0,13.0,0.0,2.0,0.0,1.0,0.0,0.0,0.0,5.0,0.0,0.0,0.0,13.0,0.0,0.0,0.0,5.0,3.0,4.0,0.0,0.0,25.0,0.0,0.0,535.0,1.0,0.0,987.0,859.0,427.0,10.0,16.0,7073.0,0.0,994.0,0.0,146.0,0.0,7.0,0.0,0.0,0.0,1004.0,2.0,1.0,0.0,99.0,0.0,0.0,0.0,623.0,18.0,3.0,0.0,3.0
ctx-rh-lateralorbitofrontal,0.0,7.0,0.0,0.0,0.0,0.0,0.0,0.0,0.0,1.0,0.0,0.0,2.0,0.0,2.0,0.0,0.0,0.0,0.0,0.0,1.0,0.0,0.0,0.0,0.0,0.0,9.0,5.0,7.0,0.0,0.0,0.0,0.0,0.0,0.0,11.0,3.0,0.0,0.0,114.0,5.0,0.0,4.0,486.0,0.0,0.0,3141.0,0.0,1824.0,8.0,0.0,0.0,4.0,660.0,235.0,0.0,0.0,0.0,0.0,1.0,226.0,546.0,121.0,0.0,5.0,1.0,0.0,0.0
ctx-rh-lingual,0.0,0.0,0.0,174.0,0.0,0.0,1.0,3.0,0.0,0.0,3.0,4.0,0.0,17.0,0.0,0.0,0.0,0.0,0.0,0.0,0.0,49.0,0.0,1.0,0.0,13.0,0.0,0.0,0.0,7.0,3.0,0.0,0.0,0.0,3.0,0.0,0.0,223.0,0.0,0.0,790.0,15.0,131.0,14.0,73.0,994.0,0.0,3699.0,0.0,35.0,0.0,246.0,0.0,0.0,0.0,1104.0,0.0,1.0,0.0,154.0,0.0,0.0,0.0,55.0,20.0,4.0,0.0,0.0
ctx-rh-medialorbitofrontal,0.0,2.0,0.0,0.0,0.0,0.0,0.0,0.0,0.0,1.0,0.0,0.0,0.0,0.0,5.0,0.0,0.0,0.0,1.0,0.0,0.0,0.0,0.0,0.0,0.0,0.0,11.0,7.0,5.0,0.0,0.0,0.0,0.0,0.0,0.0,9.0,1.0,0.0,0.0,308.0,0.0,0.0,0.0,44.0,0.0,0.0,1824.0,0.0,1569.0,1.0,0.0,0.0,1.0,71.0,32.0,0.0,0.0,0.0,0.0,1.0,252.0,615.0,349.0,0.0,1.0,0.0,0.0,0.0
ctx-rh-middletemporal,0.0,0.0,0.0,1.0,0.0,0.0,3.0,5.0,1.0,4.0,9.0,6.0,0.0,5.0,0.0,0.0,0.0,0.0,0.0,0.0,0.0,2.0,0.0,2.0,1.0,25.0,0.0,0.0,0.0,2.0,2.0,2.0,0.0,0.0,826.0,0.0,0.0,8.0,23.0,0.0,202.0,765.0,1847.0,154.0,15.0,146.0,8.0,35.0,1.0,4546.0,3.0,9.0,1.0,0.0,0.0,11.0,3.0,2.0,4.0,56.0,0.0,0.0,0.0,65.0,880.0,52.0,152.0,13.0
ctx-rh-paracentral,0.0,4.0,16.0,0.0,0.0,0.0,0.0,2.0,0.0,5.0,8.0,0.0,0.0,0.0,0.0,1.0,55.0,0.0,0.0,0.0,0.0,0.0,11.0,56.0,33.0,16.0,0.0,2.0,51.0,8.0,3.0,6.0,0.0,1.0,4.0,34.0,23.0,0.0,0.0,0.0,0.0,14.0,1.0,26.0,13.0,0.0,0.0,0.0,0.0,3.0,2534.0,0.0,5.0,0.0,1.0,0.0,460.0,336.0,979.0,226.0,0.0,3.0,429.0,202.0,7.0,25.0,0.0,1.0
ctx-rh-parahippocampal,0.0,0.0,0.0,0.0,0.0,0.0,0.0,0.0,0.0,0.0,1.0,0.0,0.0,2.0,0.0,0.0,0.0,0.0,0.0,0.0,0.0,0.0,0.0,0.0,0.0,4.0,0.0,0.0,0.0,1.0,0.0,0.0,0.0,0.0,0.0,0.0,0.0,1.0,148.0,0.0,92.0,3.0,36.0,7.0,71.0,7.0,0.0,246.0,0.0,9.0,0.0,326.0,0.0,0.0,0.0,7.0,0.0,0.0,0.0,22.0,0.0,0.0,0.0,6.0,6.0,0.0,0.0,0.0
ctx-rh-parsopercularis,0.0,14.0,1.0,0.0,0.0,0.0,0.0,0.0,0.0,1.0,0.0,0.0,0.0,0.0,0.0,0.0,0.0,0.0,4.0,0.0,0.0,0.0,0.0,0.0,2.0,0.0,4.0,6.0,35.0,1.0,0.0,0.0,0.0,0.0,0.0,37.0,336.0,0.0,0.0,0.0,0.0,4.0,0.0,209.0,1.0,0.0,4.0,0.0,1.0,1.0,5.0,0.0,1513.0,4.0,385.0,0.0,48.0,3.0,592.0,1.0,3.0,545.0,165.0,8.0,2.0,20.0,0.0,0.0
ctx-rh-parsorbitalis,0.0,2.0,0.0,0.0,0.0,0.0,0.0,0.0,0.0,0.0,0.0,0.0,3.0,0.0,2.0,0.0,0.0,0.0,0.0,0.0,0.0,0.0,0.0,0.0,0.0,0.0,4.0,0.0,4.0,0.0,0.0,0.0,0.0,0.0,0.0,3.0,1.0,0.0,0.0,4.0,0.0,0.0,0.0,24.0,0.0,0.0,660.0,0.0,71.0,0.0,0.0,0.0,4.0,700.0,270.0,0.0,0.0,1.0,0.0,0.0,36.0,408.0,52.0,0.0,0.0,0.0,0.0,0.0
ctx-rh-parstriangularis,0.0,5.0,4.0,0.0,0.0,0.0,0.0,0.0,0.0,1.0,0.0,0.0,1.0,0.0,1.0,0.0,0.0,0.0,1.0,1.0,2.0,0.0,0.0,1.0,1.0,0.0,9.0,25.0,23.0,0.0,0.0,0.0,0.0,0.0,1.0,23.0,20.0,0.0,0.0,3.0,0.0,0.0,1.0,164.0,0.0,0.0,235.0,0.0,32.0,0.0,1.0,0.0,385.0,270.0,1287.0,0.0,2.0,3.0,13.0,0.0,34.0,807.0,147.0,0.0,0.0,1.0,0.0,0.0
ctx-rh-pericalcarine,0.0,1.0,0.0,53.0,0.0,0.0,2.0,1.0,2.0,0.0,2.0,4.0,0.0,1.0,0.0,1.0,0.0,0.0,0.0,0.0,0.0,8.0,0.0,1.0,0.0,13.0,0.0,0.0,0.0,5.0,0.0,1.0,0.0,0.0,5.0,0.0,0.0,1302.0,0.0,0.0,94.0,13.0,25.0,1.0,9.0,1004.0,0.0,1104.0,0.0,11.0,0.0,7.0,0.0,0.0,0.0,654.0,0.0,0.0,0.0,156.0,0.0,0.0,0.0,147.0,5.0,0.0,0.0,1.0
ctx-rh-postcentral,0.0,3.0,0.0,0.0,0.0,0.0,0.0,0.0,0.0,2.0,0.0,2.0,0.0,0.0,0.0,0.0,15.0,0.0,1.0,0.0,0.0,0.0,1.0,4.0,4.0,3.0,0.0,3.0,4.0,4.0,0.0,0.0,0.0,2.0,12.0,3.0,52.0,0.0,0.0,0.0,2.0,100.0,1.0,180.0,5.0,2.0,0.0,0.0,0.0,3.0,460.0,0.0,48.0,0.0,2.0,0.0,4669.0,16.0,1641.0,114.0,0.0,13.0,25.0,580.0,13.0,1187.0,0.0,4.0
ctx-rh-posteriorcingulate,1.0,13.0,11.0,2.0,0.0,0.0,0.0,3.0,0.0,8.0,20.0,0.0,2.0,0.0,0.0,1.0,41.0,1.0,0.0,0.0,0.0,0.0,12.0,137.0,37.0,14.0,1.0,3.0,47.0,8.0,3.0,7.0,0.0,4.0,7.0,359.0,20.0,0.0,0.0,0.0,0.0,16.0,0.0,15.0,214.0,1.0,0.0,1.0,0.0,2.0,336.0,0.0,3.0,1.0,3.0,0.0,16.0,1063.0,67.0,418.0,4.0,8.0,280.0,37.0,6.0,19.0,0.0,3.0
ctx-rh-precentral,0.0,9.0,15.0,0.0,0.0,0.0,0.0,0.0,0.0,5.0,2.0,1.0,0.0,0.0,0.0,0.0,19.0,0.0,5.0,0.0,1.0,0.0,4.0,34.0,25.0,5.0,0.0,3.0,51.0,3.0,1.0,1.0,0.0,0.0,27.0,50.0,1098.0,1.0,0.0,0.0,0.0,73.0,2.0,248.0,4.0,0.0,0.0,0.0,0.0,4.0,979.0,0.0,592.0,0.0,13.0,0.0,1641.0,67.0,7254.0,53.0,0.0,78.0,742.0,187.0,5.0,311.0,0.0,3.0
ctx-rh-precuneus,1.0,3.0,1.0,9.0,0.0,0.0,6.0,31.0,10.0,15.0,95.0,31.0,0.0,19.0,0.0,7.0,15.0,2.0,0.0,0.0,0.0,13.0,13.0,49.0,10.0,134.0,0.0,1.0,7.0,41.0,23.0,14.0,0.0,10.0,58.0,13.0,0.0,274.0,0.0,0.0,30.0,309.0,37.0,52.0,814.0,99.0,1.0,154.0,1.0,56.0,226.0,22.0,1.0,0.0,0.0,156.0,114.0,418.0,53.0,4054.0,1.0,1.0,12.0,2606.0,77.0,81.0,1.0,19.0
ctx-rh-rostralanteriorcingulate,0.0,10.0,2.0,0.0,0.0,1.0,0.0,0.0,0.0,5.0,0.0,0.0,6.0,0.0,9.0,0.0,0.0,0.0,4.0,0.0,3.0,0.0,0.0,0.0,1.0,0.0,40.0,22.0,35.0,0.0,0.0,0.0,0.0,0.0,0.0,240.0,2.0,0.0,0.0,5.0,0.0,0.0,0.0,16.0,0.0,0.0,226.0,0.0,252.0,0.0,0.0,0.0,3.0,36.0,34.0,0.0,0.0,4.0,0.0,1.0,770.0,123.0,356.0,0.0,0.0,0.0,0.0,0.0
ctx-rh-rostralmiddlefrontal,0.0,37.0,17.0,0.0,0.0,1.0,0.0,0.0,0.0,10.0,2.0,0.0,2.0,0.0,9.0,0.0,0.0,0.0,22.0,1.0,5.0,0.0,0.0,5.0,2.0,0.0,29.0,72.0,134.0,0.0,0.0,0.0,0.0,0.0,0.0,200.0,871.0,0.0,0.0,208.0,0.0,1.0,0.0,136.0,0.0,0.0,546.0,0.0,615.0,0.0,3.0,0.0,545.0,408.0,807.0,0.0,13.0,8.0,78.0,1.0,123.0,7642.0,2933.0,5.0,0.0,3.0,0.0,0.0
ctx-rh-superiorfrontal,0.0,98.0,76.0,0.0,0.0,0.0,0.0,1.0,0.0,16.0,2.0,0.0,8.0,0.0,7.0,0.0,29.0,0.0,32.0,1.0,10.0,0.0,4.0,44.0,49.0,3.0,52.0,111.0,391.0,1.0,0.0,1.0,0.0,0.0,1.0,870.0,957.0,0.0,0.0,104.0,0.0,4.0,0.0,97.0,3.0,0.0,121.0,0.0,349.0,0.0,429.0,0.0,165.0,52.0,147.0,0.0,25.0,280.0,742.0,12.0,356.0,2933.0,10682.0,7.0,1.0,8.0,0.0,0.0
ctx-rh-superiorparietal,1.0,1.0,0.0,2.0,0.0,0.0,5.0,7.0,5.0,7.0,27.0,11.0,0.0,4.0,0.0,1.0,4.0,1.0,0.0,0.0,0.0,13.0,2.0,18.0,5.0,43.0,0.0,0.0,3.0,14.0,4.0,9.0,1.0,3.0,43.0,2.0,4.0,551.0,0.0,0.0,50.0,1800.0,61.0,63.0,69.0,623.0,0.0,55.0,0.0,65.0,202.0,6.0,8.0,0.0,0.0,147.0,580.0,37.0,187.0,2606.0,0.0,5.0,7.0,6256.0,55.0,447.0,0.0,18.0
ctx-rh-superiortemporal,1.0,2.0,0.0,2.0,0.0,0.0,2.0,3.0,2.0,0.0,17.0,7.0,0.0,0.0,0.0,3.0,1.0,1.0,1.0,0.0,0.0,1.0,2.0,6.0,1.0,15.0,0.0,0.0,0.0,5.0,1.0,4.0,0.0,0.0,765.0,0.0,0.0,6.0,6.0,0.0,41.0,146.0,179.0,255.0,22.0,18.0,5.0,20.0,1.0,880.0,7.0,6.0,2.0,0.0,0.0,5.0,13.0,6.0,5.0,77.0,0.0,0.0,1.0,55.0,4691.0,297.0,152.0,567.0
ctx-rh-supramarginal,0.0,0.0,0.0,1.0,0.0,0.0,0.0,5.0,0.0,3.0,10.0,0.0,0.0,1.0,0.0,0.0,4.0,0.0,1.0,0.0,0.0,0.0,2.0,17.0,1.0,13.0,0.0,0.0,1.0,4.0,1.0,0.0,0.0,0.0,336.0,7.0,14.0,0.0,0.0,0.0,3.0,1107.0,12.0,225.0,14.0,3.0,1.0,4.0,0.0,52.0,25.0,0.0,20.0,0.0,1.0,0.0,1187.0,19.0,311.0,81.0,0.0,3.0,8.0,447.0,297.0,4930.0,0.0,40.0
ctx-rh-temporalpole,0.0,0.0,0.0,0.0,0.0,0.0,0.0,0.0,0.0,0.0,1.0,0.0,0.0,0.0,0.0,0.0,0.0,0.0,0.0,0.0,0.0,0.0,0.0,0.0,0.0,0.0,0.0,0.0,0.0,0.0,0.0,0.0,0.0,0.0,0.0,0.0,0.0,0.0,109.0,0.0,53.0,0.0,171.0,28.0,0.0,0.0,0.0,0.0,0.0,152.0,0.0,0.0,0.0,0.0,0.0,0.0,0.0,0.0,0.0,1.0,0.0,0.0,0.0,0.0,152.0,0.0,326.0,0.0
ctx-rh-transversetemporal,0.0,0.0,0.0,0.0,0.0,0.0,1.0,0.0,0.0,0.0,5.0,0.0,0.0,0.0,0.0,0.0,1.0,0.0,0.0,0.0,0.0,0.0,1.0,2.0,0.0,7.0,0.0,0.0,0.0,1.0,0.0,1.0,0.0,0.0,15.0,0.0,1.0,1.0,0.0,0.0,1.0,19.0,7.0,54.0,8.0,3.0,0.0,0.0,0.0,13.0,1.0,0.0,0.0,0.0,0.0,1.0,4.0,3.0,3.0,19.0,0.0,0.0,0.0,18.0,567.0,40.0,0.0,249.0
