,ctx-lh-bankssts,ctx-lh-caudalanteriorcingulate,ctx-lh-caudalmiddlefrontal,ctx-lh-cuneus,ctx-lh-entorhinal,ctx-lh-frontalpole,ctx-lh-fusiform,ctx-lh-inferiorparietal,ctx-lh-inferiortemporal,ctx-lh-insula,ctx-lh-isthmuscingulate,ctx-lh-lateraloccipital,ctx-lh-lateralorbitofrontal,ctx-lh-lingual,ctx-lh-medialorbitofrontal,ctx-lh-middletemporal,ctx-lh-paracentral,ctx-lh-parahippocampal,ctx-lh-parsopercularis,ctx-lh-parsorbitalis,ctx-lh-parstriangularis,ctx-lh-pericalcarine,ctx-lh-postcentral,ctx-lh-posteriorcingulate,ctx-lh-precentral,ctx-lh-precuneus,ctx-lh-rostralanteriorcingulate,ctx-lh-rostralmiddlefrontal,ctx-lh-superiorfrontal,ctx-lh-superiorparietal,ctx-lh-superiortemporal,ctx-lh-supramarginal,ctx-lh-temporalpole,ctx-lh-transversetemporal,ctx-rh-bankssts,ctx-rh-caudalanteriorcingulate,ctx-rh-caudalmiddlefrontal,ctx-rh-cuneus,ctx-rh-entorhinal,ctx-rh-frontalpole,ctx-rh-fusiform,ctx-rh-inferiorparietal,ctx-rh-inferiortemporal,ctx-rh-insula,ctx-rh-isthmuscingulate,ctx-rh-lateraloccipital,ctx-rh-lateralorbitofrontal,ctx-rh-lingual,ctx-rh-medialorbitofrontal,ctx-rh-middletemporal,ctx-rh-paracentral,ctx-rh-parahippocampal,ctx-rh-parsopercularis,ctx-rh-parsorbitalis,ctx-rh-parstriangularis,ctx-rh-pericalcarine,ctx-rh-postcentral,ctx-rh-posteriorcingulate,ctx-rh-precentral,ctx-rh-precuneus,ctx-rh-rostralanteriorcingulate,ctx-rh-rostralmiddlefrontal,ctx-rh-superiorfrontal,ctx-rh-superiorparietal,ctx-rh-superiortemporal,ctx-rh-supramarginal,ctx-rh-temporalpole,ctx-rh-transversetemporal
ctx-lh-bankssts,628.0,0.0,1.0,2.0,1.0,0.0,14.0,298.0,130.0,17.0,5.0,21.0,0.0,6.0,0.0,717.0,0.0,5.0,1.0,0.0,0.0,4.0,5.0,0.0,7.0,11.0,0.0,0.0,0.0,18.0,686.0,115.0,2.0,16.0,1.0,0.0,0.0,0.0,0.0,0.0,0.0,1.0,1.0,0.0,4.0,2.0,0.0,0.0,0.0,0.0,0.0,0.0,0.0,0.0,0.0,0.0,0.0,3.0,0.0,7.0,0.0,0.0,0.0,2.0,1.0,0.0,0.0,1.0
ctx-lh-caudalanteriorcingulate,0.0,259.0,31.0,0.0,0.0,0.0,0.0,0.0,0.0,9.0,2.0,0.0,2.0,0.0,6.0,0.0,9.0,0.0,44.0,1.0,8.0,0.0,3.0,157.0,24.0,8.0,208.0,68.0,441.0,2.0,0.0,0.0,0.0,0.0,0.0,122.0,12.0,0.0,0.0,0.0,0.0,0.0,0.0,8.0,0.0,0.0,2.0,0.0,0.0,0.0,3.0,0.0,13.0,2.0,8.0,0.0,2.0,16.0,15.0,0.0,22.0,30.0,99.0,0.0,0.0,2.0,0.0,0.0
ctx-lh-caudalmiddlefrontal,1.0,31.0,3325.0,0.0,0.0,0.0,0.0,3.0,0.0,40.0,1.0,0.0,1.0,0.0,2.0,0.0,10.0,0.0,370.0,1.0,17.0,0.0,41.0,13.0,1117.0,5.0,8.0,598.0,1233.0,9.0,1.0,11.0,0.0,0.0,0.0,32.0,18.0,0.0,0.0,0.0,0.0,0.0,1.0,8.0,0.0,0.0,0.0,0.0,0.0,0.0,4.0,0.0,9.0,0.0,1.0,0.0,1.0,10.0,7.0,0.0,2.0,8.0,53.0,1.0,0.0,0.0,0.0,0.0
ctx-lh-cuneus,2.0,0.0,0.0,2158.0,0.0,0.0,14.0,49.0,8.0,3.0,30.0,412.0,0.0,246.0,0.0,3.0,0.0,13.0,0.0,0.0,0.0,1770.0,1.0,2.0,1.0,235.0,0.0,0.0,0.0,1149.0,1.0,3.0,0.0,1.0,0.0,0.0,0.0,58.0,0.0,0.0,3.0,1.0,3.0,0.0,5.0,8.0,0.0,37.0,0.0,3.0,0.0,0.0,0.0,0.0,0.0,44.0,0.0,0.0,0.0,17.0,0.0,0.0,0.0,13.0,0.0,0.0,0.0,0.0
ctx-lh-entorhinal,1.0,0.0,0.0,0.0,153.0,0.0,58.0,0.0,45.0,3.0,0.0,0.0,0.0,0.0,0.0,12.0,0.0,82.0,0.0,0.0,0.0,0.0,0.0,0.0,0.0,0.0,0.0,0.0,0.0,0.0,11.0,0.0,198.0,0.0,0.0,0.0,0.0,0.0,0.0,0.0,0.0,0.0,0.0,0.0,0.0,0.0,0.0,0.0,0.0,0.0,0.0,0.0,0.0,0.0,0.0,0.0,0.0,0.0,0.0,0.0,0.0,0.0,0.0,0.0,0.0,0.0,0.0,0.0
ctx-lh-frontalpole,0.0,0.0,0.0,0.0,0.0,35.0,0.0,0.0,0.0,0.0,0.0,0.0,55.0,0.0,185.0,0.0,0.0,0.0,1.0,3.0,3.0,0.0,0.0,0.0,0.0,0.0,6.0,240.0,111.0,0.0,0.0,0.0,0.0,0.0,0.0,0.0,0.0,0.0,0.0,0.0,0.0,0.0,0.0,0.0,0.0,0.0,0.0,0.0,0.0,0.0,0.0,0.0,0.0,0.0,0.0,0.0,0.0,0.0,0.0,0.0,1.0,0.0,0.0,0.0,0.0,0.0,0.0,0.0
ctx-lh-fusiform,14.0,0.0,0.0,14.0,58.0,0.0,2944.0,85.0,1415.0,27.0,8.0,1729.0,1.0,580.0,0.0,171.0,0.0,209.0,1.0,0.0,0.0,67.0,0.0,1.0,0.0,18.0,0.0,0.0,0.0,24.0,76.0,4.0,200.0,1.0,0.0,0.0,0.0,5.0,0.0,0.0,0.0,1.0,1.0,0.0,7.0,0.0,0.0,0.0,0.0,2.0,0.0,0.0,0.0,0.0,0.0,1.0,0.0,0.0,0.0,8.0,0.0,0.0,0.0,2.0,1.0,0.0,0.0,1.0
ctx-lh-inferiorparietal,298.0,0.0,3.0,49.0,0.0,0.0,85.0,6815.0,164.0,69.0,78.0,739.0,0.0,58.0,0.0,484.0,6.0,1.0,0.0,0.0,0.0,35.0,96.0,20.0,68.0,386.0,0.0,0.0,2.0,1499.0,331.0,1422.0,1.0,39.0,1.0,0.0,0.0,2.0,0.0,0.0,2.0,9.0,7.0,4.0,48.0,12.0,0.0,2.0,0.0,6.0,4.0,0.0,0.0,0.0,0.0,3.0,0.0,5.0,3.0,58.0,0.0,0.0,2.0,21.0,10.0,0.0,0.0,5.0
ctx-lh-inferiortemporal,130.0,0.0,0.0,8.0,45.0,0.0,1415.0,164.0,4022.0,79.0,11.0,424.0,1.0,118.0,0.0,1494.0,2.0,106.0,0.0,0.0,0.0,9.0,2.0,1.0,3.0,28.0,0.0,0.0,1.0,26.0,307.0,17.0,276.0,13.0,0.0,0.0,0.0,2.0,0.0,0.0,1.0,3.0,0.0,0.0,3.0,2.0,0.0,2.0,0.0,1.0,0.0,0.0,0.0,0.0,0.0,1.0,1.0,0.0,0.0,17.0,0.0,1.0,0.0,7.0,3.0,0.0,0.0,1.0
ctx-lh-insula,17.0,9.0,40.0,3.0,3.0,0.0,27.0,69.0,79.0,1401.0,9.0,7.0,411.0,4.0,48.0,94.0,11.0,7.0,216.0,16.0,124.0,0.0,335.0,21.0,292.0,30.0,39.0,104.0,98.0,61.0,315.0,328.0,19.0,129.0,0.0,13.0,2.0,1.0,0.0,0.0,0.0,2.0,1.0,1.0,4.0,1.0,0.0,1.0,1.0,3.0,0.0,0.0,2.0,1.0,0.0,0.0,4.0,12.0,5.0,6.0,5.0,3.0,14.0,7.0,1.0,3.0,0.0,1.0
ctx-lh-isthmuscingulate,5.0,2.0,1.0,30.0,0.0,0.0,8.0,78.0,11.0,9.0,771.0,47.0,0.0,83.0,1.0,8.0,4.0,71.0,1.0,0.0,0.0,33.0,6.0,309.0,8.0,992.0,1.0,1.0,9.0,92.0,8.0,12.0,0.0,3.0,3.0,0.0,0.0,7.0,0.0,0.0,3.0,10.0,5.0,6.0,84.0,13.0,0.0,6.0,0.0,6.0,1.0,1.0,0.0,0.0,0.0,5.0,5.0,9.0,1.0,90.0,0.0,0.0,2.0,23.0,14.0,4.0,0.0,1.0
ctx-lh-lateraloccipital,21.0,0.0,0.0,412.0,0.0,0.0,1729.0,739.0,424.0,7.0,47.0,7420.0,0.0,701.0,1.0,135.0,1.0,12.0,0.0,0.0,0.0,912.0,4.0,2.0,2.0,61.0,0.0,0.0,1.0,652.0,17.0,8.0,0.0,4.0,2.0,0.0,0.0,6.0,0.0,0.0,0.0,3.0,3.0,0.0,12.0,4.0,0.0,6.0,0.0,3.0,0.0,2.0,0.0,0.0,0.0,1.0,0.0,2.0,0.0,33.0,0.0,0.0,1.0,10.0,3.0,1.0,0.0,1.0
ctx-lh-lateralorbitofrontal,0.0,2.0,1.0,0.0,0.0,55.0,1.0,0.0,1.0,411.0,0.0,0.0,3117.0,0.0,1418.0,3.0,0.0,0.0,33.0,555.0,354.0,0.0,0.0,1.0,2.0,0.0,125.0,616.0,52.0,0.0,4.0,1.0,0.0,0.0,0.0,4.0,0.0,0.0,0.0,0.0,0.0,0.0,0.0,0.0,0.0,0.0,0.0,0.0,3.0,0.0,0.0,0.0,0.0,1.0,1.0,0.0,0.0,1.0,0.0,0.0,10.0,0.0,5.0,0.0,0.0,0.0,0.0,0.0
ctx-lh-lingual,6.0,0.0,0.0,246.0,0.0,0.0,580.0,58.0,118.0,4.0,83.0,701.0,0.0,4502.0,0.0,37.0,0.0,266.0,0.0,0.0,0.0,1463.0,1.0,0.0,1.0,105.0,0.0,0.0,0.0,44.0,16.0,1.0,0.0,3.0,0.0,0.0,0.0,5.0,0.0,0.0,4.0,0.0,4.0,0.0,4.0,6.0,0.0,83.0,0.0,3.0,1.0,0.0,0.0,0.0,0.0,10.0,1.0,0.0,0.0,17.0,0.0,1.0,0.0,4.0,1.0,1.0,0.0,0.0
ctx-lh-medialorbitofrontal,0.0,6.0,2.0,0.0,0.0,185.0,0.0,0.0,0.0,48.0,1.0,1.0,1418.0,0.0,1544.0,0.0,0.0,0.0,12.0,65.0,78.0,0.0,0.0,3.0,0.0,0.0,446.0,764.0,226.0,0.0,0.0,0.0,0.0,0.0,0.0,10.0,0.0,0.0,0.0,0.0,0.0,0.0,0.0,1.0,0.0,0.0,0.0,0.0,2.0,0.0,0.0,0.0,0.0,0.0,1.0,0.0,0.0,0.0,0.0,0.0,35.0,5.0,5.0,0.0,0.0,0.0,0.0,0.0
ctx-lh-middletemporal,717.0,0.0,0.0,3.0,12.0,0.0,171.0,484.0,1494.0,94.0,8.0,135.0,3.0,37.0,0.0,2352.0,0.0,17.0,0.0,0.0,0.0,9.0,6.0,1.0,7.0,32.0,0.0,1.0,0.0,31.0,1204.0,47.0,145.0,22.0,0.0,0.0,0.0,0.0,0.0,0.0,1.0,2.0,1.0,3.0,12.0,0.0,0.0,0.0,0.0,2.0,0.0,0.0,0.0,0.0,0.0,1.0,1.0,1.0,0.0,14.0,0.0,0.0,0.0,3.0,4.0,1.0,0.0,0.0
ctx-lh-paracentral,0.0,9.0,10.0,0.0,0.0,0.0,0.0,6.0,2.0,11.0,4.0,1.0,0.0,0.0,0.0,0.0,1527.0,0.0,2.0,0.0,1.0,1.0,389.0,216.0,732.0,175.0,1.0,0.0,691.0,132.0,2.0,6.0,0.0,0.0,0.0,7.0,6.0,0.0,0.0,0.0,0.0,2.0,0.0,4.0,7.0,0.0,0.0,0.0,0.0,0.0,16.0,0.0,1.0,0.0,0.0,0.0,8.0,48.0,17.0,8.0,0.0,3.0,28.0,6.0,3.0,1.0,0.0,0.0
ctx-lh-parahippocampal,5.0,0.0,0.0,13.0,82.0,0.0,209.0,1.0,106.0,7.0,71.0,12.0,0.0,266.0,0.0,17.0,0.0,341.0,0.0,0.0,0.0,26.0,0.0,0.0,0.0,21.0,0.0,0.0,0.0,7.0,12.0,1.0,4.0,1.0,0.0,0.0,0.0,1.0,0.0,0.0,0.0,0.0,1.0,2.0,2.0,2.0,0.0,0.0,0.0,1.0,0.0,0.0,0.0,0.0,0.0,0.0,0.0,0.0,0.0,2.0,0.0,0.0,0.0,1.0,1.0,1.0,0.0,0.0
ctx-lh-parsopercularis,1.0,44.0,370.0,0.0,0.0,1.0,1.0,0.0,0.0,216.0,1.0,0.0,33.0,0.0,12.0,0.0,2.0,0.0,2001.0,7.0,602.0,0.0,58.0,10.0,857.0,1.0,27.0,749.0,239.0,3.0,2.0,18.0,0.0,1.0,0.0,34.0,5.0,0.0,0.0,0.0,0.0,0.0,0.0,1.0,0.0,0.0,0.0,0.0,0.0,0.0,5.0,0.0,4.0,0.0,2.0,0.0,0.0,5.0,5.0,0.0,5.0,18.0,28.0,0.0,0.0,0.0,0.0,0.0
ctx-lh-parsorbitalis,0.0,1.0,1.0,0.0,0.0,3.0,0.0,0.0,0.0,16.0,0.0,0.0,555.0,0.0,65.0,0.0,0.0,0.0,7.0,629.0,289.0,0.0,0.0,0.0,0.0,0.0,21.0,332.0,20.0,0.0,0.0,0.0,0.0,0.0,0.0,1.0,0.0,0.0,0.0,0.0,0.0,0.0,0.0,0.0,0.0,0.0,0.0,0.0,0.0,0.0,0.0,0.0,0.0,0.0,0.0,0.0,0.0,0.0,0.0,0.0,0.0,0.0,1.0,0.0,0.0,0.0,0.0,0.0
ctx-lh-parstriangularis,0.0,8.0,17.0,0.0,0.0,3.0,0.0,0.0,0.0,124.0,0.0,0.0,354.0,0.0,78.0,0.0,1.0,0.0,602.0,289.0,1082.0,0.0,0.0,5.0,19.0,1.0,53.0,681.0,70.0,0.0,1.0,0.0,0.0,1.0,0.0,10.0,0.0,0.0,0.0,0.0,0.0,0.0,0.0,0.0,0.0,0.0,0.0,0.0,0.0,0.0,0.0,0.0,1.0,0.0,0.0,0.0,0.0,0.0,1.0,0.0,7.0,3.0,5.0,0.0,0.0,0.0,0.0,0.0
ctx-lh-pericalcarine,4.0,0.0,0.0,1770.0,0.0,0.0,67.0,35.0,9.0,0.0,33.0,912.0,0.0,1463.0,0.0,9.0,1.0,26.0,0.0,0.0,0.0,1239.0,0.0,0.0,0.0,129.0,0.0,0.0,0.0,238.0,8.0,1.0,0.0,2.0,0.0,0.0,0.0,2.0,0.0,0.0,2.0,1.0,1.0,0.0,13.0,3.0,0.0,59.0,0.0,3.0,0.0,2.0,0.0,0.0,0.0,15.0,0.0,0.0,0.0,18.0,0.0,0.0,0.0,1.0,0.0,0.0,0.0,1.0
ctx-lh-postcentral,5.0,3.0,41.0,1.0,0.0,0.0,0.0,96.0,2.0,335.0,6.0,4.0,0.0,1.0,0.0,6.0,389.0,0.0,58.0,0.0,0.0,0.0,5696.0,26.0,2032.0,110.0,0.0,4.0,59.0,681.0,31.0,1019.0,0.0,7.0,0.0,5.0,1.0,1.0,0.0,0.0,0.0,2.0,0.0,2.0,6.0,1.0,0.0,1.0,0.0,1.0,5.0,0.0,2.0,0.0,1.0,0.0,2.0,17.0,7.0,5.0,0.0,1.0,9.0,2.0,1.0,1.0,0.0,1.0
ctx-lh-posteriorcingulate,0.0,157.0,13.0,2.0,0.0,0.0,1.0,20.0,1.0,21.0,309.0,2.0,1.0,0.0,3.0,1.0,216.0,0.0,10.0,0.0,5.0,0.0,26.0,976.0,69.0,458.0,30.0,7.0,300.0,78.0,7.0,11.0,0.0,4.0,1.0,33.0,26.0,0.0,0.0,0.0,0.0,3.0,0.0,11.0,19.0,0.0,0.0,0.0,0.0,4.0,63.0,0.0,2.0,0.0,1.0,0.0,8.0,119.0,36.0,29.0,3.0,4.0,68.0,19.0,1.0,6.0,0.0,1.0
ctx-lh-precentral,7.0,24.0,1117.0,1.0,0.0,0.0,0.0,68.0,3.0,292.0,8.0,2.0,2.0,1.0,0.0,7.0,732.0,0.0,857.0,0.0,19.0,0.0,2032.0,69.0,8372.0,59.0,8.0,77.0,1208.0,289.0,25.0,212.0,0.0,1.0,0.0,26.0,21.0,0.0,0.0,0.0,0.0,1.0,0.0,3.0,3.0,0.0,0.0,0.0,0.0,1.0,32.0,0.0,6.0,0.0,0.0,0.0,9.0,47.0,36.0,8.0,2.0,11.0,71.0,8.0,1.0,1.0,0.0,0.0
ctx-lh-precuneus,11.0,8.0,5.0,235.0,0.0,0.0,18.0,386.0,28.0,30.0,992.0,61.0,0.0,105.0,0.0,32.0,175.0,21.0,1.0,0.0,1.0,129.0,110.0,458.0,59.0,4360.0,0.0,0.0,31.0,1987.0,37.0,52.0,0.0,14.0,7.0,0.0,0.0,30.0,0.0,0.0,7.0,26.0,6.0,8.0,104.0,14.0,0.0,11.0,0.0,15.0,12.0,0.0,0.0,0.0,1.0,34.0,4.0,36.0,8.0,169.0,0.0,1.0,10.0,46.0,20.0,5.0,0.0,4.0
ctx-lh-rostralanteriorcingulate,0.0,208.0,8.0,0.0,0.0,6.0,0.0,0.0,0.0,39.0,1.0,0.0,125.0,0.0,446.0,0.0,1.0,0.0,27.0,21.0,53.0,0.0,0.0,30.0,8.0,0.0,1008.0,247.0,501.0,0.0,0.0,0.0,1.0,0.0,0.0,59.0,5.0,0.0,0.0,0.0,0.0,0.0,0.0,0.0,0.0,0.0,5.0,0.0,9.0,0.0,0.0,0.0,6.0,4.0,7.0,0.0,1.0,2.0,5.0,1.0,98.0,31.0,62.0,0.0,0.0,0.0,0.0,0.0
ctx-lh-rostralmiddlefrontal,0.0,68.0,598.0,0.0,0.0,240.0,0.0,0.0,0.0,104.0,1.0,0.0,616.0,0.0,764.0,1.0,0.0,0.0,749.0,332.0,681.0,0.0,4.0,7.0,77.0,0.0,247.0,6791.0,2285.0,0.0,0.0,2.0,0.0,0.0,0.0,46.0,7.0,0.0,0.0,0.0,0.0,1.0,0.0,4.0,0.0,0.0,1.0,0.0,2.0,0.0,0.0,0.0,4.0,0.0,9.0,0.0,1.0,1.0,3.0,0.0,30.0,15.0,57.0,1.0,0.0,0.0,0.0,0.0
ctx-lh-superiorfrontal,0.0,441.0,1233.0,0.0,0.0,111.0,0.0,2.0,1.0,98.0,9.0,1.0,52.0,0.0,226.0,0.0,691.0,0.0,239.0,20.0,70.0,0.0,59.0,300.0,1208.0,31.0,501.0,2285.0,10600.0,37.0,3.0,8.0,0.0,1.0,0.0,160.0,53.0,0.0,0.0,0.0,0.0,4.0,0.0,10.0,4.0,1.0,2.0,0.0,3.0,1.0,30.0,0.0,32.0,1.0,10.0,0.0,12.0,84.0,60.0,2.0,37.0,71.0,300.0,5.0,1.0,3.0,0.0,0.0
ctx-lh-superiorparietal,18.0,2.0,9.0,1149.0,0.0,0.0,24.0,1499.0,26.0,61.0,92.0,652.0,0.0,44.0,0.0,31.0,132.0,7.0,3.0,0.0,0.0,238.0,681.0,78.0,289.0,1987.0,0.0,0.0,37.0,5776.0,48.0,303.0,0.0,13.0,1.0,0.0,2.0,8.0,0.0,0.0,3.0,7.0,4.0,7.0,30.0,9.0,0.0,2.0,0.0,8.0,10.0,2.0,0.0,0.0,0.0,0.0,4.0,19.0,3.0,69.0,0.0,0.0,4.0,16.0,10.0,8.0,0.0,1.0
ctx-lh-superiortemporal,686.0,0.0,1.0,1.0,11.0,0.0,76.0,331.0,307.0,315.0,8.0,17.0,4.0,16.0,0.0,1204.0,2.0,12.0,2.0,0.0,1.0,8.0,31.0,7.0,25.0,37.0,0.0,0.0,3.0,48.0,4210.0,563.0,299.0,573.0,0.0,0.0,0.0,0.0,0.0,0.0,0.0,1.0,2.0,0.0,6.0,5.0,0.0,0.0,0.0,2.0,2.0,0.0,0.0,0.0,0.0,0.0,1.0,4.0,0.0,24.0,0.0,0.0,2.0,5.0,0.0,1.0,0.0,3.0
ctx-lh-supramarginal,115.0,0.0,11.0,3.0,0.0,0.0,4.0,1422.0,17.0,328.0,12.0,8.0,1.0,1.0,0.0,47.0,6.0,1.0,18.0,0.0,0.0,1.0,1019.0,11.0,212.0,52.0,0.0,2.0,8.0,303.0,563.0,4684.0,3.0,38.0,2.0,2.0,0.0,1.0,0.0,0.0,1.0,3.0,0.0,4.0,9.0,1.0,0.0,0.0,0.0,0.0,1.0,0.0,0.0,0.0,0.0,0.0,1.0,4.0,0.0,14.0,0.0,1.0,5.0,6.0,3.0,2.0,0.0,1.0
ctx-lh-temporalpole,2.0,0.0,0.0,0.0,198.0,0.0,200.0,1.0,276.0,19.0,0.0,0.0,0.0,0.0,0.0,145.0,0.0,4.0,0.0,0.0,0.0,0.0,0.0,0.0,0.0,0.0,1.0,0.0,0.0,0.0,299.0,3.0,398.0,0.0,0.0,0.0,0.0,0.0,0.0,0.0,0.0,1.0,0.0,0.0,1.0,0.0,0.0,0.0,0.0,0.0,0.0,0.0,0.0,0.0,0.0,0.0,0.0,0.0,0.0,0.0,0.0,0.0,0.0,0.0,0.0,0.0,0.0,0.0
ctx-lh-transversetemporal,16.0,0.0,0.0,1.0,0.0,0.0,1.0,39.0,13.0,129.0,3.0,4.0,0.0,3.0,0.0,22.0,0.0,1.0,1.0,0.0,1.0,2.0,7.0,4.0,1.0,14.0,0.0,0.0,1.0,13.0,573.0,38.0,0.0,541.0,0.0,0.0,0.0,0.0,0.0,0.0,0.0,2.0,0.0,0.0,3.0,1.0,0.0,0.0,0.0,0.0,0.0,0.0,0.0,0.0,0.0,0.0,0.0,1.0,0.0,4.0,0.0,0.0,0.0,3.0,3.0,0.0,0.0,0.0
ctx-rh-bankssts,1.0,0.0,0.0,0.0,0.0,0.0,0.0,1.0,0.0,0.0,3.0,2.0,0.0,0.0,0.0,0.0,0.0,0.0,0.0,0.0,0.0,0.0,0.0,1.0,0.0,7.0,0.0,0.0,0.0,1.0,0.0,2.0,0.0,0.0,586.0,1.0,1.0,2.0,0.0,0.0,6.0,289.0,36.0,21.0,12.0,12.0,0.0,3.0,0.0,505.0,1.0,1.0,2.0,0.0,0.0,0.0,23.0,2.0,17.0,39.0,0.0,1.0,1.0,25.0,827.0,303.0,0.0,19.0
ctx-rh-caudalanteriorcingulate,0.0,122.0,32.0,0.0,0.0,0.0,0.0,0.0,0.0,13.0,0.0,0.0,4.0,0.0,10.0,0.0,7.0,0.0,34.0,1.0,10.0,0.0,5.0,33.0,26.0,0.0,59.0,46.0,160.0,0.0,0.0,2.0,0.0,0.0,1.0,630.0,37.0,0.0,0.0,0.0,0.0,0.0,0.0,25.0,8.0,0.0,10.0,0.0,13.0,0.0,28.0,0.0,55.0,4.0,39.0,0.0,2.0,266.0,22.0,6.0,217.0,162.0,793.0,2.0,0.0,5.0,0.0,0.0
ctx-rh-caudalmiddlefrontal,0.0,12.0,18.0,0.0,0.0,0.0,0.0,0.0,0.0,2.0,0.0,0.0,0.0,0.0,0.0,0.0,6.0,0.0,5.0,0.0,0.0,0.0,1.0,26.0,21.0,0.0,5.0,7.0,53.0,2.0,0.0,0.0,0.0,0.0,1.0,37.0,2686.0,0.0,0.0,0.0,0.0,8.0,1.0,34.0,0.0,0.0,2.0,0.0,0.0,3.0,29.0,0.0,206.0,1.0,14.0,0.0,57.0,22.0,1269.0,5.0,1.0,842.0,847.0,8.0,0.0,23.0,0.0,0.0
ctx-rh-cuneus,0.0,0.0,0.0,58.0,0.0,0.0,5.0,2.0,2.0,1.0,7.0,6.0,0.0,5.0,0.0,0.0,0.0,1.0,0.0,0.0,0.0,2.0,1.0,0.0,0.0,30.0,0.0,0.0,0.0,8.0,0.0,1.0,0.0,0.0,2.0,0.0,0.0,1819.0,0.0,0.0,53.0,19.0,27.0,2.0,20.0,708.0,0.0,232.0,0.0,15.0,0.0,6.0,0.0,0.0,0.0,1785.0,1.0,0.0,0.0,426.0,0.0,0.0,0.0,702.0,7.0,0.0,0.0,0.0
ctx-rh-entorhinal,0.0,0.0,0.0,0.0,0.0,0.0,0.0,0.0,0.0,0.0,0.0,0.0,0.0,0.0,0.0,0.0,0.0,0.0,0.0,0.0,0.0,0.0,0.0,0.0,0.0,0.0,0.0,0.0,0.0,0.0,0.0,0.0,0.0,0.0,0.0,0.0,0.0,0.0,191.0,0.0,117.0,0.0,228.0,5.0,0.0,0.0,0.0,1.0,0.0,22.0,0.0,91.0,0.0,0.0,0.0,0.0,0.0,0.0,0.0,0.0,0.0,0.0,0.0,0.0,15.0,0.0,184.0,0.0
ctx-rh-frontalpole,0.0,0.0,0.0,0.0,0.0,0.0,0.0,0.0,0.0,0.0,0.0,0.0,0.0,0.0,0.0,0.0,0.0,0.0,0.0,0.0,0.0,0.0,0.0,0.0,0.0,0.0,0.0,0.0,0.0,0.0,0.0,0.0,0.0,0.0,0.0,0.0,0.0,0.0,0.0,70.0,0.0,0.0,0.0,0.0,0.0,0.0,122.0,0.0,355.0,0.0,0.0,0.0,0.0,8.0,1.0,0.0,0.0,0.0,0.0,0.0,6.0,324.0,135.0,0.0,0.0,0.0,0.0,0.0
ctx-rh-fusiform,0.0,0.0,0.0,3.0,0.0,0.0,0.0,2.0,1.0,0.0,3.0,0.0,0.0,4.0,0.0,1.0,0.0,0.0,0.0,0.0,0.0,2.0,0.0,0.0,0.0,7.0,0.0,0.0,0.0,3.0,0.0,1.0,0.0,0.0,6.0,0.0,0.0,53.0,117.0,0.0,4012.0,30.0,1395.0,27.0,18.0,1465.0,0.0,695.0,0.0,202.0,0.0,232.0,0.0,0.0,1.0,145.0,1.0,0.0,0.0,73.0,0.0,0.0,0.0,45.0,71.0,5.0,47.0,5.0
ctx-rh-inferiorparietal,1.0,0.0,0.0,1.0,0.0,0.0,1.0,9.0,3.0,2.0,10.0,3.0,0.0,0.0,0.0,2.0,2.0,0.0,0.0,0.0,0.0,1.0,2.0,3.0,1.0,26.0,0.0,1.0,4.0,7.0,1.0,3.0,1.0,2.0,289.0,0.0,8.0,19.0,0.0,0.0,30.0,6305.0,129.0,56.0,22.0,784.0,0.0,5.0,0.0,1011.0,8.0,0.0,6.0,0.0,1.0,9.0,128.0,11.0,85.0,260.0,0.0,3.0,12.0,1229.0,113.0,1194.0,0.0,14.0
ctx-rh-inferiortemporal,1.0,0.0,1.0,3.0,0.0,0.0,1.0,7.0,0.0,1.0,5.0,3.0,0.0,4.0,0.0,1.0,0.0,1.0,0.0,0.0,0.0,1.0,0.0,0.0,0.0,6.0,0.0,0.0,0.0,4.0,2.0,0.0,0.0,0.0,36.0,0.0,1.0,27.0,228.0,0.0,1395.0,129.0,4200.0,65.0,17.0,476.0,6.0,70.0,0.0,1708.0,1.0,74.0,0.0,0.0,0.0,26.0,5.0,2.0,1.0,52.0,0.0,0.0,0.0,64.0,264.0,23.0,246.0,14.0
ctx-rh-insula,0.0,8.0,8.0,0.0,0.0,0.0,0.0,4.0,0.0,1.0,6.0,0.0,0.0,0.0,1.0,3.0,4.0,2.0,1.0,0.0,0.0,0.0,2.0,11.0,3.0,8.0,0.0,4.0,10.0,7.0,0.0,4.0,0.0,0.0,21.0,25.0,34.0,2.0,5.0,0.0,27.0,56.0,65.0,1458.0,16.0,21.0,375.0,2.0,26.0,111.0,21.0,3.0,220.0,12.0,120.0,1.0,260.0,18.0,222.0,48.0,21.0,94.0,112.0,67.0,215.0,268.0,14.0,53.0
ctx-rh-isthmuscingulate,4.0,0.0,0.0,5.0,0.0,0.0,7.0,48.0,3.0,4.0,84.0,12.0,0.0,4.0,0.0,12.0,7.0,2.0,0.0,0.0,0.0,13.0,6.0,19.0,3.0,104.0,0.0,0.0,4.0,30.0,6.0,9.0,1.0,3.0,12.0,8.0,0.0,20.0,0.0,0.0,18.0,22.0,17.0,16.0,679.0,34.0,0.0,48.0,0.0,25.0,21.0,50.0,1.0,0.0,0.0,20.0,6.0,283.0,8.0,890.0,0.0,0.0,8.0,74.0,22.0,8.0,0.0,11.0
ctx-rh-lateraloccipital,2.0,0.0,0.0,8.0,0.0,0.0,0.0,12.0,2.0,1.0,13.0,4.0,0.0,6.0,0.0,0.0,0.0,2.0,0.0,0.0,0.0,3.0,1.0,0.0,0.0,14.0,0.0,0.0,1.0,9.0,5.0,1.0,0.0,1.0,12.0,0.0,0.0,708.0,0.0,0.0,1465.0,784.0,476.0,21.0,34.0,9345.0,0.0,561.0,0.0,238.0,0.0,12.0,0.0,0.0,0.0,1054.0,7.0,1.0,2.0,214.0,0.0,0.0,0.0,716.0,30.0,12.0,2.0,5.0
ctx-rh-lateralorbitofrontal,0.0,2.0,0.0,0.0,0.0,0.0,0.0,0.0,0.0,0.0,0.0,0.0,0.0,0.0,0.0,0.0,0.0,0.0,0.0,0.0,0.0,0.0,0.0,0.0,0.0,0.0,5.0,1.0,2.0,0.0,0.0,0.0,0.0,0.0,0.0,10.0,2.0,0.0,0.0,122.0,0.0,0.0,6.0,375.0,0.0,0.0,2876.0,0.0,1085.0,1.0,0.0,0.0,4.0,584.0,145.0,0.0,0.0,0.0,0.0,0.0,167.0,601.0,140.0,0.0,1.0,0.0,0.0,0.0
ctx-rh-lingual,0.0,0.0,0.0,37.0,0.0,0.0,0.0,2.0,2.0,1.0,6.0,6.0,0.0,83.0,0.0,0.0,0.0,0.0,0.0,0.0,0.0,59.0,1.0,0.0,0.0,11.0,0.0,0.0,0.0,2.0,0.0,0.0,0.0,0.0,3.0,0.0,0.0,232.0,1.0,0.0,695.0,5.0,70.0,2.0,48.0,561.0,0.0,4390.0,0.0,33.0,1.0,225.0,0.0,0.0,0.0,1775.0,0.0,0.0,0.0,227.0,0.0,0.0,0.0,37.0,24.0,1.0,0.0,1.0
ctx-rh-medialorbitofrontal,0.0,0.0,0.0,0.0,0.0,0.0,0.0,0.0,0.0,1.0,0.0,0.0,3.0,0.0,2.0,0.0,0.0,0.0,0.0,0.0,0.0,0.0,0.0,0.0,0.0,0.0,9.0,2.0,3.0,0.0,0.0,0.0,0.0,0.0,0.0,13.0,0.0,0.0,0.0,355.0,0.0,0.0,0.0,26.0,0.0,0.0,1085.0,0.0,2269.0,0.0,0.0,0.0,2.0,64.0,34.0,0.0,0.0,0.0,0.0,0.0,436.0,1020.0,376.0,0.0,0.0,0.0,0.0,0.0
ctx-rh-middletemporal,0.0,0.0,0.0,3.0,0.0,0.0,2.0,6.0,1.0,3.0,6.0,3.0,0.0,3.0,0.0,2.0,0.0,1.0,0.0,0.0,0.0,3.0,1.0,4.0,1.0,15.0,0.0,0.0,1.0,8.0,2.0,0.0,0.0,0.0,505.0,0.0,3.0,15.0,22.0,0.0,202.0,1011.0,1708.0,111.0,25.0,238.0,1.0,33.0,0.0,3588.0,3.0,25.0,0.0,0.0,0.0,12.0,16.0,6.0,22.0,83.0,1.0,0.0,2.0,80.0,914.0,77.0,194.0,16.0
ctx-rh-paracentral,0.0,3.0,4.0,0.0,0.0,0.0,0.0,4.0,0.0,0.0,1.0,0.0,0.0,1.0,0.0,0.0,16.0,0.0,5.0,0.0,0.0,0.0,5.0,63.0,32.0,12.0,0.0,0.0,30.0,10.0,2.0,1.0,0.0,0.0,1.0,28.0,29.0,0.0,0.0,0.0,0.0,8.0,1.0,21.0,21.0,0.0,0.0,1.0,0.0,3.0,2363.0,1.0,4.0,0.0,0.0,0.0,454.0,356.0,701.0,360.0,0.0,4.0,560.0,185.0,3.0,14.0,0.0,3.0
ctx-rh-parahippocampal,0.0,0.0,0.0,0.0,0.0,0.0,0.0,0.0,0.0,0.0,1.0,2.0,0.0,0.0,0.0,0.0,0.0,0.0,0.0,0.0,0.0,2.0,0.0,0.0,0.0,0.0,0.0,0.0,0.0,2.0,0.0,0.0,0.0,0.0,1.0,0.0,0.0,6.0,91.0,0.0,232.0,0.0,74.0,3.0,50.0,12.0,0.0,225.0,0.0,25.0,1.0,331.0,0.0,0.0,0.0,10.0,0.0,0.0,0.0,16.0,0.0,0.0,0.0,1.0,9.0,0.0,4.0,0.0
ctx-rh-parsopercularis,0.0,13.0,9.0,0.0,0.0,0.0,0.0,0.0,0.0,2.0,0.0,0.0,0.0,0.0,0.0,0.0,1.0,0.0,4.0,0.0,1.0,0.0,2.0,2.0,6.0,0.0,6.0,4.0,32.0,0.0,0.0,0.0,0.0,0.0,2.0,55.0,206.0,0.0,0.0,0.0,0.0,6.0,0.0,220.0,1.0,0.0,4.0,0.0,2.0,0.0,4.0,0.0,1551.0,6.0,551.0,0.0,52.0,8.0,649.0,0.0,3.0,637.0,190.0,7.0,2.0,35.0,0.0,0.0
ctx-rh-parsorbitalis,0.0,2.0,0.0,0.0,0.0,0.0,0.0,0.0,0.0,1.0,0.0,0.0,1.0,0.0,0.0,0.0,0.0,0.0,0.0,0.0,0.0,0.0,0.0,0.0,0.0,0.0,4.0,0.0,1.0,0.0,0.0,0.0,0.0,0.0,0.0,4.0,1.0,0.0,0.0,8.0,0.0,0.0,0.0,12.0,0.0,0.0,584.0,0.0,64.0,0.0,0.0,0.0,6.0,439.0,251.0,0.0,0.0,0.0,1.0,0.0,41.0,458.0,80.0,0.0,0.0,0.0,0.0,0.0
ctx-rh-parstriangularis,0.0,8.0,1.0,0.0,0.0,0.0,0.0,0.0,0.0,0.0,0.0,0.0,1.0,0.0,1.0,0.0,0.0,0.0,2.0,0.0,0.0,0.0,1.0,1.0,0.0,1.0,7.0,9.0,10.0,0.0,0.0,0.0,0.0,0.0,0.0,39.0,14.0,0.0,0.0,1.0,1.0,1.0,0.0,120.0,0.0,0.0,145.0,0.0,34.0,0.0,0.0,0.0,551.0,251.0,1401.0,0.0,5.0,1.0,24.0,1.0,70.0,1198.0,207.0,0.0,0.0,2.0,0.0,0.0
ctx-rh-pericalcarine,0.0,0.0,0.0,44.0,0.0,0.0,1.0,3.0,1.0,0.0,5.0,1.0,0.0,10.0,0.0,1.0,0.0,0.0,0.0,0.0,0.0,15.0,0.0,0.0,0.0,34.0,0.0,0.0,0.0,0.0,0.0,0.0,0.0,0.0,0.0,0.0,0.0,1785.0,0.0,0.0,145.0,9.0,26.0,1.0,20.0,1054.0,0.0,1775.0,0.0,12.0,0.0,10.0,0.0,0.0,0.0,1271.0,0.0,1.0,1.0,180.0,0.0,0.0,0.0,88.0,3.0,0.0,0.0,0.0
ctx-rh-postcentral,0.0,2.0,1.0,0.0,0.0,0.0,0.0,0.0,1.0,4.0,5.0,0.0,0.0,1.0,0.0,1.0,8.0,0.0,0.0,0.0,0.0,0.0,2.0,8.0,9.0,4.0,1.0,1.0,12.0,4.0,1.0,1.0,0.0,0.0,23.0,2.0,57.0,1.0,0.0,0.0,1.0,128.0,5.0,260.0,6.0,7.0,0.0,0.0,0.0,16.0,454.0,0.0,52.0,0.0,5.0,0.0,5729.0,23.0,1810.0,153.0,0.0,12.0,62.0,734.0,29.0,1323.0,0.0,5.0
ctx-rh-posteriorcingulate,3.0,16.0,10.0,0.0,0.0,0.0,0.0,5.0,0.0,12.0,9.0,2.0,1.0,0.0,0.0,1.0,48.0,0.0,5.0,0.0,0.0,0.0,17.0,119.0,47.0,36.0,2.0,1.0,84.0,19.0,4.0,4.0,0.0,1.0,2.0,266.0,22.0,0.0,0.0,0.0,0.0,11.0,2.0,18.0,283.0,1.0,0.0,0.0,0.0,6.0,356.0,0.0,8.0,0.0,1.0,1.0,23.0,990.0,85.0,316.0,4.0,16.0,365.0,42.0,9.0,10.0,0.0,5.0
ctx-rh-precentral,0.0,15.0,7.0,0.0,0.0,0.0,0.0,3.0,0.0,5.0,1.0,0.0,0.0,0.0,0.0,0.0,17.0,0.0,5.0,0.0,1.0,0.0,7.0,36.0,36.0,8.0,5.0,3.0,60.0,3.0,0.0,0.0,0.0,0.0,17.0,22.0,1269.0,0.0,0.0,0.0,0.0,85.0,1.0,222.0,8.0,2.0,0.0,0.0,0.0,22.0,701.0,0.0,649.0,1.0,24.0,1.0,1810.0,85.0,7293.0,61.0,0.0,125.0,872.0,226.0,18.0,296.0,0.0,3.0
ctx-rh-precuneus,7.0,0.0,0.0,17.0,0.0,0.0,8.0,58.0,17.0,6.0,90.0,33.0,0.0,17.0,0.0,14.0,8.0,2.0,0.0,0.0,0.0,18.0,5.0,29.0,8.0,169.0,1.0,0.0,2.0,69.0,24.0,14.0,0.0,4.0,39.0,6.0,5.0,426.0,0.0,0.0,73.0,260.0,52.0,48.0,890.0,214.0,0.0,227.0,0.0,83.0,360.0,16.0,0.0,0.0,1.0,180.0,153.0,316.0,61.0,4904.0,0.0,2.0,16.0,2325.0,85.0,53.0,0.0,19.0
ctx-rh-rostralanteriorcingulate,0.0,22.0,2.0,0.0,0.0,1.0,0.0,0.0,0.0,5.0,0.0,0.0,10.0,0.0,35.0,0.0,0.0,0.0,5.0,0.0,7.0,0.0,0.0,3.0,2.0,0.0,98.0,30.0,37.0,0.0,0.0,0.0,0.0,0.0,0.0,217.0,1.0,0.0,0.0,6.0,0.0,0.0,0.0,21.0,0.0,0.0,167.0,0.0,436.0,1.0,0.0,0.0,3.0,41.0,70.0,0.0,0.0,4.0,0.0,0.0,626.0,179.0,382.0,0.0,0.0,1.0,0.0,0.0
ctx-rh-rostralmiddlefrontal,0.0,30.0,8.0,0.0,0.0,0.0,0.0,0.0,1.0,3.0,0.0,0.0,0.0,1.0,5.0,0.0,3.0,0.0,18.0,0.0,3.0,0.0,1.0,4.0,11.0,1.0,31.0,15.0,71.0,0.0,0.0,1.0,0.0,0.0,1.0,162.0,842.0,0.0,0.0,324.0,0.0,3.0,0.0,94.0,0.0,0.0,601.0,0.0,1020.0,0.0,4.0,0.0,637.0,458.0,1198.0,0.0,12.0,16.0,125.0,2.0,179.0,7131.0,3420.0,3.0,0.0,7.0,0.0,1.0
ctx-rh-superiorfrontal,0.0,99.0,53.0,0.0,0.0,0.0,0.0,2.0,0.0,14.0,2.0,1.0,5.0,0.0,5.0,0.0,28.0,0.0,28.0,1.0,5.0,0.0,9.0,68.0,71.0,10.0,62.0,57.0,300.0,4.0,2.0,5.0,0.0,0.0,1.0,793.0,847.0,0.0,0.0,135.0,0.0,12.0,0.0,112.0,8.0,0.0,140.0,0.0,376.0,2.0,560.0,0.0,190.0,80.0,207.0,0.0,62.0,365.0,872.0,16.0,382.0,3420.0,9868.0,28.0,2.0,20.0,0.0,1.0
ctx-rh-superiorparietal,2.0,0.0,1.0,13.0,0.0,0.0,2.0,21.0,7.0,7.0,23.0,10.0,0.0,4.0,0.0,3.0,6.0,1.0,0.0,0.0,0.0,1.0,2.0,19.0,8.0,46.0,0.0,1.0,5.0,16.0,5.0,6.0,0.0,3.0,25.0,2.0,8.0,702.0,0.0,0.0,45.0,1229.0,64.0,67.0,74.0,716.0,0.0,37.0,0.0,80.0,185.0,1.0,7.0,0.0,0.0,88.0,734.0,42.0,226.0,2325.0,0.0,3.0,28.0,6394.0,56.0,365.0,0.0,20.0
ctx-rh-superiortemporal,1.0,0.0,0.0,0.0,0.0,0.0,1.0,10.0,3.0,1.0,14.0,3.0,0.0,1.0,0.0,4.0,3.0,1.0,0.0,0.0,0.0,0.0,1.0,1.0,1.0,20.0,0.0,0.0,1.0,10.0,0.0,3.0,0.0,3.0,827.0,0.0,0.0,7.0,15.0,0.0,71.0,113.0,264.0,215.0,22.0,30.0,1.0,24.0,0.0,914.0,3.0,9.0,2.0,0.0,0.0,3.0,29.0,9.0,18.0,85.0,0.0,0.0,2.0,56.0,3840.0,297.0,168.0,516.0
ctx-rh-supramarginal,0.0,2.0,0.0,0.0,0.0,0.0,0.0,0.0,0.0,3.0,4.0,1.0,0.0,1.0,0.0,1.0,1.0,1.0,0.0,0.0,0.0,0.0,1.0,6.0,1.0,5.0,0.0,0.0,3.0,8.0,1.0,2.0,0.0,0.0,303.0,5.0,23.0,0.0,0.0,0.0,5.0,1194.0,23.0,268.0,8.0,12.0,0.0,1.0,0.0,77.0,14.0,0.0,35.0,0.0,2.0,0.0,1323.0,10.0,296.0,53.0,1.0,7.0,20.0,365.0,297.0,4984.0,0.0,27.0
ctx-rh-temporalpole,0.0,0.0,0.0,0.0,0.0,0.0,0.0,0.0,0.0,0.0,0.0,0.0,0.0,0.0,0.0,0.0,0.0,0.0,0.0,0.0,0.0,0.0,0.0,0.0,0.0,0.0,0.0,0.0,0.0,0.0,0.0,0.0,0.0,0.0,0.0,0.0,0.0,0.0,184.0,0.0,47.0,0.0,246.0,14.0,0.0,2.0,0.0,0.0,0.0,194.0,0.0,4.0,0.0,0.0,0.0,0.0,0.0,0.0,0.0,0.0,0.0,0.0,0.0,0.0,168.0,0.0,334.0,0.0
ctx-rh-transversetemporal,1.0,0.0,0.0,0.0,0.0,0.0,1.0,5.0,1.0,1.0,1.0,1.0,0.0,0.0,0.0,0.0,0.0,0.0,0.0,0.0,0.0,1.0,1.0,1.0,0.0,4.0,0.0,0.0,0.0,1.0,3.0,1.0,0.0,0.0,19.0,0.0,0.0,0.0,0.0,0.0,5.0,14.0,14.0,53.0,11.0,5.0,0.0,1.0,0.0,16.0,3.0,0.0,0.0,0.0,0.0,0.0,5.0,5.0,3.0,19.0,0.0,1.0,1.0,20.0,516.0,27.0,0.0,307.0
