,ctx-lh-bankssts,ctx-lh-caudalanteriorcingulate,ctx-lh-caudalmiddlefrontal,ctx-lh-cuneus,ctx-lh-entorhinal,ctx-lh-frontalpole,ctx-lh-fusiform,ctx-lh-inferiorparietal,ctx-lh-inferiortemporal,ctx-lh-insula,ctx-lh-isthmuscingulate,ctx-lh-lateraloccipital,ctx-lh-lateralorbitofrontal,ctx-lh-lingual,ctx-lh-medialorbitofrontal,ctx-lh-middletemporal,ctx-lh-paracentral,ctx-lh-parahippocampal,ctx-lh-parsopercularis,ctx-lh-parsorbitalis,ctx-lh-parstriangularis,ctx-lh-pericalcarine,ctx-lh-postcentral,ctx-lh-posteriorcingulate,ctx-lh-precentral,ctx-lh-precuneus,ctx-lh-rostralanteriorcingulate,ctx-lh-rostralmiddlefrontal,ctx-lh-superiorfrontal,ctx-lh-superiorparietal,ctx-lh-superiortemporal,ctx-lh-supramarginal,ctx-lh-temporalpole,ctx-lh-transversetemporal,ctx-rh-bankssts,ctx-rh-caudalanteriorcingulate,ctx-rh-caudalmiddlefrontal,ctx-rh-cuneus,ctx-rh-entorhinal,ctx-rh-frontalpole,ctx-rh-fusiform,ctx-rh-inferiorparietal,ctx-rh-inferiortemporal,ctx-rh-insula,ctx-rh-isthmuscingulate,ctx-rh-lateraloccipital,ctx-rh-lateralorbitofrontal,ctx-rh-lingual,ctx-rh-medialorbitofrontal,ctx-rh-middletemporal,ctx-rh-paracentral,ctx-rh-parahippocampal,ctx-rh-parsopercularis,ctx-rh-parsorbitalis,ctx-rh-parstriangularis,ctx-rh-pericalcarine,ctx-rh-postcentral,ctx-rh-posteriorcingulate,ctx-rh-precentral,ctx-rh-precuneus,ctx-rh-rostralanteriorcingulate,ctx-rh-rostralmiddlefrontal,ctx-rh-superiorfrontal,ctx-rh-superiorparietal,ctx-rh-superiortemporal,ctx-rh-supramarginal,ctx-rh-temporalpole,ctx-rh-transversetemporal
ctx-lh-bankssts,873.0,0.0,0.0,0.0,0.0,0.0,52.0,549.0,485.0,20.0,2.0,21.0,0.0,9.0,0.0,1450.0,0.0,8.0,0.0,0.0,0.0,2.0,0.0,0.0,0.0,15.0,0.0,0.0,0.0,7.0,2594.0,75.0,0.0,35.0,0.0,0.0,0.0,0.0,0.0,0.0,0.0,0.0,0.0,0.0,0.0,0.0,0.0,0.0,0.0,0.0,0.0,0.0,0.0,0.0,0.0,0.0,0.0,0.0,0.0,0.0,0.0,0.0,0.0,0.0,0.0,0.0,0.0,0.0
ctx-lh-caudalanteriorcingulate,0.0,1257.0,63.0,0.0,0.0,0.0,0.0,1.0,0.0,67.0,1.0,0.0,23.0,0.0,22.0,0.0,3.0,0.0,40.0,3.0,31.0,0.0,5.0,384.0,33.0,0.0,286.0,252.0,819.0,0.0,0.0,0.0,0.0,0.0,0.0,324.0,13.0,0.0,0.0,0.0,0.0,0.0,0.0,8.0,1.0,0.0,3.0,0.0,1.0,0.0,0.0,0.0,0.0,0.0,0.0,0.0,0.0,49.0,3.0,0.0,16.0,28.0,87.0,1.0,0.0,0.0,0.0,0.0
ctx-lh-caudalmiddlefrontal,0.0,63.0,4726.0,0.0,0.0,0.0,0.0,1.0,0.0,434.0,1.0,0.0,2.0,0.0,0.0,0.0,11.0,0.0,263.0,0.0,8.0,0.0,94.0,62.0,1211.0,1.0,4.0,1035.0,842.0,3.0,1.0,13.0,0.0,0.0,0.0,5.0,1.0,0.0,0.0,0.0,0.0,0.0,0.0,0.0,0.0,0.0,0.0,0.0,0.0,0.0,0.0,0.0,0.0,0.0,0.0,0.0,0.0,4.0,1.0,0.0,0.0,0.0,2.0,0.0,0.0,0.0,0.0,0.0
ctx-lh-cuneus,0.0,0.0,0.0,1407.0,0.0,0.0,22.0,49.0,0.0,1.0,5.0,624.0,0.0,61.0,0.0,0.0,0.0,0.0,0.0,0.0,0.0,1410.0,0.0,0.0,0.0,212.0,0.0,0.0,0.0,1762.0,2.0,0.0,0.0,0.0,0.0,0.0,0.0,0.0,0.0,0.0,0.0,0.0,0.0,0.0,0.0,0.0,0.0,0.0,0.0,0.0,0.0,0.0,0.0,0.0,0.0,0.0,0.0,0.0,0.0,0.0,0.0,0.0,0.0,0.0,0.0,0.0,0.0,0.0
ctx-lh-entorhinal,0.0,0.0,0.0,0.0,0.0,0.0,0.0,0.0,0.0,0.0,0.0,0.0,0.0,0.0,0.0,0.0,0.0,0.0,0.0,0.0,0.0,0.0,0.0,0.0,0.0,0.0,0.0,0.0,0.0,0.0,0.0,0.0,0.0,0.0,0.0,0.0,0.0,0.0,0.0,0.0,0.0,0.0,0.0,0.0,0.0,0.0,0.0,0.0,0.0,0.0,0.0,0.0,0.0,0.0,0.0,0.0,0.0,0.0,0.0,0.0,0.0,0.0,0.0,0.0,0.0,0.0,0.0,0.0
ctx-lh-frontalpole,0.0,0.0,0.0,0.0,0.0,50.0,0.0,0.0,0.0,0.0,0.0,0.0,33.0,0.0,145.0,0.0,0.0,0.0,0.0,1.0,1.0,0.0,0.0,0.0,0.0,0.0,4.0,220.0,107.0,0.0,0.0,0.0,0.0,0.0,0.0,0.0,0.0,0.0,0.0,0.0,0.0,0.0,0.0,0.0,0.0,0.0,0.0,0.0,0.0,0.0,0.0,0.0,0.0,0.0,0.0,0.0,0.0,0.0,0.0,0.0,0.0,0.0,0.0,0.0,0.0,0.0,0.0,0.0
ctx-lh-fusiform,52.0,0.0,0.0,22.0,0.0,0.0,2942.0,145.0,820.0,8.0,8.0,1465.0,0.0,811.0,0.0,33.0,0.0,136.0,0.0,0.0,0.0,181.0,0.0,0.0,0.0,36.0,0.0,0.0,0.0,36.0,59.0,0.0,0.0,7.0,0.0,0.0,0.0,0.0,0.0,0.0,0.0,0.0,0.0,0.0,0.0,0.0,0.0,0.0,0.0,0.0,0.0,0.0,0.0,0.0,0.0,0.0,0.0,0.0,0.0,0.0,0.0,0.0,0.0,0.0,0.0,0.0,0.0,0.0
ctx-lh-inferiorparietal,549.0,1.0,1.0,49.0,0.0,0.0,145.0,7450.0,341.0,108.0,585.0,948.0,0.0,200.0,0.0,326.0,24.0,16.0,0.0,0.0,0.0,182.0,26.0,62.0,12.0,1525.0,0.0,0.0,3.0,946.0,1416.0,1279.0,0.0,139.0,0.0,0.0,0.0,0.0,0.0,0.0,0.0,0.0,0.0,0.0,2.0,0.0,0.0,0.0,0.0,0.0,0.0,0.0,0.0,0.0,0.0,0.0,0.0,0.0,0.0,0.0,0.0,0.0,0.0,0.0,0.0,0.0,0.0,0.0
ctx-lh-inferiortemporal,485.0,0.0,0.0,0.0,0.0,0.0,820.0,341.0,2104.0,9.0,6.0,452.0,0.0,244.0,0.0,697.0,0.0,63.0,0.0,0.0,0.0,19.0,0.0,0.0,0.0,24.0,0.0,0.0,0.0,6.0,111.0,1.0,0.0,11.0,0.0,0.0,0.0,0.0,0.0,0.0,0.0,0.0,0.0,0.0,0.0,0.0,0.0,0.0,0.0,0.0,0.0,0.0,0.0,0.0,0.0,0.0,0.0,0.0,0.0,0.0,0.0,0.0,0.0,0.0,0.0,0.0,0.0,0.0
ctx-lh-insula,20.0,67.0,434.0,1.0,0.0,0.0,8.0,108.0,9.0,1809.0,8.0,3.0,165.0,2.0,21.0,1.0,19.0,0.0,256.0,3.0,55.0,1.0,535.0,49.0,728.0,23.0,63.0,216.0,179.0,126.0,232.0,448.0,0.0,97.0,0.0,4.0,0.0,0.0,0.0,0.0,0.0,0.0,0.0,0.0,1.0,0.0,0.0,0.0,0.0,0.0,0.0,0.0,0.0,0.0,0.0,0.0,0.0,2.0,0.0,0.0,0.0,0.0,4.0,0.0,0.0,0.0,0.0,0.0
ctx-lh-isthmuscingulate,2.0,1.0,1.0,5.0,0.0,0.0,8.0,585.0,6.0,8.0,1698.0,11.0,0.0,192.0,0.0,1.0,39.0,81.0,0.0,0.0,0.0,10.0,18.0,553.0,20.0,1349.0,0.0,0.0,0.0,287.0,29.0,29.0,0.0,12.0,0.0,0.0,0.0,0.0,0.0,0.0,0.0,0.0,0.0,0.0,82.0,0.0,0.0,0.0,0.0,0.0,0.0,1.0,0.0,0.0,0.0,0.0,1.0,51.0,3.0,19.0,0.0,0.0,0.0,0.0,0.0,1.0,0.0,0.0
ctx-lh-lateraloccipital,21.0,0.0,0.0,624.0,0.0,0.0,1465.0,948.0,452.0,3.0,11.0,7692.0,0.0,1202.0,0.0,58.0,0.0,4.0,0.0,0.0,0.0,1401.0,0.0,1.0,0.0,102.0,0.0,0.0,0.0,366.0,35.0,1.0,0.0,4.0,0.0,0.0,0.0,0.0,0.0,0.0,0.0,0.0,0.0,0.0,0.0,0.0,0.0,0.0,0.0,0.0,0.0,0.0,0.0,0.0,0.0,0.0,0.0,0.0,0.0,0.0,0.0,0.0,0.0,0.0,0.0,0.0,0.0,0.0
ctx-lh-lateralorbitofrontal,0.0,23.0,2.0,0.0,0.0,33.0,0.0,0.0,0.0,165.0,0.0,0.0,851.0,0.0,481.0,0.0,0.0,0.0,14.0,190.0,574.0,0.0,0.0,0.0,0.0,0.0,471.0,1110.0,156.0,0.0,0.0,0.0,0.0,0.0,0.0,3.0,0.0,0.0,0.0,0.0,0.0,0.0,0.0,1.0,0.0,0.0,0.0,0.0,0.0,0.0,0.0,0.0,0.0,0.0,0.0,0.0,0.0,0.0,0.0,0.0,1.0,0.0,0.0,0.0,0.0,0.0,0.0,0.0
ctx-lh-lingual,9.0,0.0,0.0,61.0,0.0,0.0,811.0,200.0,244.0,2.0,192.0,1202.0,0.0,5399.0,0.0,12.0,1.0,248.0,0.0,0.0,0.0,1205.0,0.0,0.0,0.0,150.0,0.0,0.0,0.0,80.0,16.0,1.0,0.0,3.0,0.0,0.0,0.0,0.0,0.0,0.0,0.0,0.0,0.0,0.0,1.0,0.0,0.0,0.0,0.0,0.0,0.0,0.0,0.0,0.0,0.0,0.0,0.0,0.0,0.0,0.0,0.0,0.0,0.0,0.0,0.0,0.0,0.0,0.0
ctx-lh-medialorbitofrontal,0.0,22.0,0.0,0.0,0.0,145.0,0.0,0.0,0.0,21.0,0.0,0.0,481.0,0.0,186.0,0.0,0.0,0.0,5.0,28.0,76.0,0.0,0.0,0.0,0.0,0.0,578.0,889.0,347.0,0.0,0.0,0.0,0.0,0.0,0.0,1.0,0.0,0.0,0.0,0.0,0.0,0.0,0.0,0.0,0.0,0.0,0.0,0.0,0.0,0.0,0.0,0.0,0.0,0.0,0.0,0.0,0.0,0.0,0.0,0.0,2.0,1.0,0.0,0.0,0.0,0.0,0.0,0.0
ctx-lh-middletemporal,1450.0,0.0,0.0,0.0,0.0,0.0,33.0,326.0,697.0,1.0,1.0,58.0,0.0,12.0,0.0,1762.0,0.0,10.0,0.0,0.0,0.0,0.0,0.0,0.0,0.0,2.0,0.0,0.0,0.0,1.0,143.0,1.0,0.0,5.0,0.0,0.0,0.0,0.0,0.0,0.0,0.0,0.0,0.0,0.0,0.0,0.0,0.0,0.0,0.0,0.0,0.0,0.0,0.0,0.0,0.0,0.0,0.0,0.0,0.0,0.0,0.0,0.0,0.0,0.0,0.0,0.0,0.0,0.0
ctx-lh-paracentral,0.0,3.0,11.0,0.0,0.0,0.0,0.0,24.0,0.0,19.0,39.0,0.0,0.0,1.0,0.0,0.0,2297.0,0.0,0.0,0.0,1.0,0.0,939.0,229.0,2422.0,232.0,0.0,0.0,562.0,424.0,5.0,25.0,0.0,4.0,0.0,1.0,0.0,0.0,0.0,0.0,0.0,0.0,0.0,0.0,1.0,0.0,0.0,0.0,0.0,0.0,38.0,0.0,0.0,0.0,0.0,0.0,0.0,3.0,2.0,0.0,0.0,0.0,3.0,0.0,0.0,0.0,0.0,0.0
ctx-lh-parahippocampal,8.0,0.0,0.0,0.0,0.0,0.0,136.0,16.0,63.0,0.0,81.0,4.0,0.0,248.0,0.0,10.0,0.0,224.0,0.0,0.0,0.0,2.0,0.0,0.0,0.0,9.0,0.0,0.0,0.0,0.0,14.0,0.0,0.0,0.0,0.0,0.0,0.0,0.0,0.0,0.0,0.0,0.0,0.0,0.0,0.0,0.0,0.0,0.0,0.0,0.0,0.0,0.0,0.0,0.0,0.0,0.0,0.0,0.0,0.0,0.0,0.0,0.0,0.0,0.0,0.0,0.0,0.0,0.0
ctx-lh-parsopercularis,0.0,40.0,263.0,0.0,0.0,0.0,0.0,0.0,0.0,256.0,0.0,0.0,14.0,0.0,5.0,0.0,0.0,0.0,2901.0,1.0,710.0,0.0,20.0,1.0,574.0,0.0,31.0,732.0,86.0,0.0,0.0,1.0,0.0,0.0,0.0,2.0,0.0,0.0,0.0,0.0,0.0,0.0,0.0,0.0,0.0,0.0,0.0,0.0,0.0,0.0,0.0,0.0,0.0,0.0,0.0,0.0,0.0,0.0,0.0,0.0,0.0,1.0,0.0,0.0,0.0,0.0,0.0,0.0
ctx-lh-parsorbitalis,0.0,3.0,0.0,0.0,0.0,1.0,0.0,0.0,0.0,3.0,0.0,0.0,190.0,0.0,28.0,0.0,0.0,0.0,1.0,16.0,139.0,0.0,0.0,0.0,0.0,0.0,26.0,276.0,21.0,0.0,0.0,0.0,0.0,0.0,0.0,0.0,0.0,0.0,0.0,0.0,0.0,0.0,0.0,0.0,0.0,0.0,0.0,0.0,0.0,0.0,0.0,0.0,0.0,0.0,0.0,0.0,0.0,0.0,0.0,0.0,0.0,0.0,0.0,0.0,0.0,0.0,0.0,0.0
ctx-lh-parstriangularis,0.0,31.0,8.0,0.0,0.0,1.0,0.0,0.0,0.0,55.0,0.0,0.0,574.0,0.0,76.0,0.0,1.0,0.0,710.0,139.0,1574.0,0.0,0.0,1.0,4.0,0.0,149.0,1411.0,100.0,0.0,0.0,0.0,0.0,0.0,0.0,3.0,0.0,0.0,0.0,0.0,0.0,0.0,0.0,0.0,0.0,0.0,1.0,0.0,0.0,0.0,0.0,0.0,0.0,0.0,0.0,0.0,0.0,0.0,0.0,0.0,0.0,0.0,0.0,0.0,0.0,0.0,0.0,0.0
ctx-lh-pericalcarine,2.0,0.0,0.0,1410.0,0.0,0.0,181.0,182.0,19.0,1.0,10.0,1401.0,0.0,1205.0,0.0,0.0,0.0,2.0,0.0,0.0,0.0,991.0,0.0,0.0,0.0,178.0,0.0,0.0,0.0,467.0,7.0,0.0,0.0,2.0,0.0,0.0,0.0,0.0,0.0,0.0,0.0,0.0,0.0,0.0,1.0,0.0,0.0,0.0,0.0,0.0,0.0,0.0,0.0,0.0,0.0,0.0,0.0,0.0,0.0,0.0,0.0,0.0,0.0,0.0,0.0,0.0,0.0,0.0
ctx-lh-postcentral,0.0,5.0,94.0,0.0,0.0,0.0,0.0,26.0,0.0,535.0,18.0,0.0,0.0,0.0,0.0,0.0,939.0,0.0,20.0,0.0,0.0,0.0,8352.0,81.0,1805.0,214.0,0.0,2.0,50.0,755.0,14.0,1280.0,0.0,5.0,0.0,1.0,0.0,0.0,0.0,0.0,0.0,0.0,0.0,0.0,0.0,0.0,0.0,0.0,0.0,0.0,0.0,0.0,0.0,0.0,0.0,0.0,0.0,0.0,0.0,0.0,0.0,0.0,0.0,0.0,0.0,0.0,0.0,0.0
ctx-lh-posteriorcingulate,0.0,384.0,62.0,0.0,0.0,0.0,0.0,62.0,0.0,49.0,553.0,1.0,0.0,0.0,0.0,0.0,229.0,0.0,1.0,0.0,1.0,0.0,81.0,2849.0,328.0,361.0,0.0,6.0,397.0,174.0,16.0,34.0,0.0,8.0,0.0,62.0,0.0,0.0,0.0,0.0,0.0,1.0,0.0,0.0,35.0,0.0,0.0,0.0,0.0,0.0,5.0,1.0,0.0,0.0,0.0,0.0,0.0,237.0,4.0,7.0,0.0,1.0,7.0,4.0,0.0,0.0,0.0,0.0
ctx-lh-precentral,0.0,33.0,1211.0,0.0,0.0,0.0,0.0,12.0,0.0,728.0,20.0,0.0,0.0,0.0,0.0,0.0,2422.0,0.0,574.0,0.0,4.0,0.0,1805.0,328.0,9297.0,53.0,2.0,27.0,1309.0,196.0,6.0,284.0,0.0,10.0,0.0,5.0,0.0,0.0,0.0,0.0,0.0,0.0,0.0,0.0,1.0,0.0,0.0,0.0,0.0,0.0,0.0,0.0,0.0,0.0,0.0,0.0,0.0,2.0,1.0,0.0,0.0,0.0,0.0,0.0,0.0,0.0,0.0,0.0
ctx-lh-precuneus,15.0,0.0,1.0,212.0,0.0,0.0,36.0,1525.0,24.0,23.0,1349.0,102.0,0.0,150.0,0.0,2.0,232.0,9.0,0.0,0.0,0.0,178.0,214.0,361.0,53.0,5965.0,0.0,0.0,3.0,6387.0,80.0,85.0,0.0,22.0,0.0,1.0,0.0,0.0,0.0,0.0,0.0,0.0,0.0,0.0,9.0,0.0,0.0,0.0,0.0,0.0,0.0,0.0,0.0,0.0,0.0,0.0,0.0,4.0,0.0,1.0,0.0,0.0,0.0,0.0,0.0,0.0,0.0,0.0
ctx-lh-rostralanteriorcingulate,0.0,286.0,4.0,0.0,0.0,4.0,0.0,0.0,0.0,63.0,0.0,0.0,471.0,0.0,578.0,0.0,0.0,0.0,31.0,26.0,149.0,0.0,0.0,0.0,2.0,0.0,1343.0,492.0,290.0,0.0,0.0,0.0,0.0,0.0,0.0,21.0,0.0,0.0,0.0,0.0,0.0,0.0,0.0,1.0,0.0,0.0,4.0,0.0,1.0,0.0,0.0,0.0,0.0,0.0,0.0,0.0,0.0,2.0,0.0,0.0,13.0,3.0,4.0,0.0,0.0,0.0,0.0,0.0
ctx-lh-rostralmiddlefrontal,0.0,252.0,1035.0,0.0,0.0,220.0,0.0,0.0,0.0,216.0,0.0,0.0,1110.0,0.0,889.0,0.0,0.0,0.0,732.0,276.0,1411.0,0.0,2.0,6.0,27.0,0.0,492.0,8404.0,3838.0,0.0,0.0,0.0,0.0,0.0,0.0,24.0,0.0,0.0,0.0,0.0,0.0,0.0,0.0,0.0,0.0,0.0,0.0,0.0,0.0,0.0,0.0,0.0,0.0,0.0,0.0,0.0,0.0,2.0,0.0,0.0,2.0,0.0,2.0,0.0,0.0,0.0,0.0,0.0
ctx-lh-superiorfrontal,0.0,819.0,842.0,0.0,0.0,107.0,0.0,3.0,0.0,179.0,0.0,0.0,156.0,0.0,347.0,0.0,562.0,0.0,86.0,21.0,100.0,0.0,50.0,397.0,1309.0,3.0,290.0,3838.0,15346.0,17.0,0.0,7.0,0.0,1.0,0.0,49.0,0.0,0.0,0.0,0.0,0.0,0.0,0.0,1.0,0.0,0.0,0.0,0.0,0.0,0.0,0.0,0.0,0.0,0.0,1.0,0.0,0.0,7.0,1.0,0.0,0.0,1.0,9.0,0.0,0.0,0.0,0.0,0.0
ctx-lh-superiorparietal,7.0,0.0,3.0,1762.0,0.0,0.0,36.0,946.0,6.0,126.0,287.0,366.0,0.0,80.0,0.0,1.0,424.0,0.0,0.0,0.0,0.0,467.0,755.0,174.0,196.0,6387.0,0.0,0.0,17.0,5911.0,95.0,387.0,0.0,43.0,0.0,0.0,0.0,0.0,0.0,0.0,0.0,0.0,0.0,0.0,5.0,0.0,0.0,0.0,0.0,0.0,0.0,0.0,0.0,0.0,0.0,0.0,0.0,3.0,0.0,1.0,0.0,0.0,0.0,0.0,0.0,0.0,0.0,0.0
ctx-lh-superiortemporal,2594.0,0.0,1.0,2.0,0.0,0.0,59.0,1416.0,111.0,232.0,29.0,35.0,0.0,16.0,0.0,143.0,5.0,14.0,0.0,0.0,0.0,7.0,14.0,16.0,6.0,80.0,0.0,0.0,0.0,95.0,3140.0,646.0,0.0,580.0,0.0,0.0,0.0,0.0,0.0,0.0,0.0,0.0,0.0,0.0,0.0,0.0,0.0,0.0,0.0,0.0,0.0,0.0,0.0,0.0,0.0,0.0,0.0,1.0,0.0,0.0,0.0,0.0,0.0,0.0,0.0,0.0,0.0,0.0
ctx-lh-supramarginal,75.0,0.0,13.0,0.0,0.0,0.0,0.0,1279.0,1.0,448.0,29.0,1.0,0.0,1.0,0.0,1.0,25.0,0.0,1.0,0.0,0.0,0.0,1280.0,34.0,284.0,85.0,0.0,0.0,7.0,387.0,646.0,9205.0,0.0,62.0,0.0,0.0,0.0,0.0,0.0,0.0,0.0,0.0,0.0,0.0,0.0,0.0,0.0,0.0,0.0,0.0,0.0,0.0,0.0,0.0,0.0,0.0,0.0,0.0,0.0,0.0,0.0,0.0,0.0,0.0,0.0,0.0,0.0,0.0
ctx-lh-temporalpole,0.0,0.0,0.0,0.0,0.0,0.0,0.0,0.0,0.0,0.0,0.0,0.0,0.0,0.0,0.0,0.0,0.0,0.0,0.0,0.0,0.0,0.0,0.0,0.0,0.0,0.0,0.0,0.0,0.0,0.0,0.0,0.0,0.0,0.0,0.0,0.0,0.0,0.0,0.0,0.0,0.0,0.0,0.0,0.0,0.0,0.0,0.0,0.0,0.0,0.0,0.0,0.0,0.0,0.0,0.0,0.0,0.0,0.0,0.0,0.0,0.0,0.0,0.0,0.0,0.0,0.0,0.0,0.0
ctx-lh-transversetemporal,35.0,0.0,0.0,0.0,0.0,0.0,7.0,139.0,11.0,97.0,12.0,4.0,0.0,3.0,0.0,5.0,4.0,0.0,0.0,0.0,0.0,2.0,5.0,8.0,10.0,22.0,0.0,0.0,1.0,43.0,580.0,62.0,0.0,480.0,0.0,0.0,0.0,0.0,0.0,0.0,0.0,0.0,0.0,0.0,0.0,0.0,0.0,0.0,0.0,0.0,0.0,0.0,0.0,0.0,0.0,0.0,0.0,0.0,0.0,0.0,0.0,0.0,0.0,0.0,0.0,0.0,0.0,0.0
ctx-rh-bankssts,0.0,0.0,0.0,0.0,0.0,0.0,0.0,0.0,0.0,0.0,0.0,0.0,0.0,0.0,0.0,0.0,0.0,0.0,0.0,0.0,0.0,0.0,0.0,0.0,0.0,0.0,0.0,0.0,0.0,0.0,0.0,0.0,0.0,0.0,809.0,0.0,1.0,8.0,0.0,0.0,310.0,856.0,624.0,61.0,8.0,42.0,0.0,56.0,0.0,1181.0,5.0,58.0,0.0,0.0,0.0,27.0,1.0,2.0,1.0,80.0,0.0,0.0,0.0,77.0,1425.0,418.0,0.0,156.0
ctx-rh-caudalanteriorcingulate,0.0,324.0,5.0,0.0,0.0,0.0,0.0,0.0,0.0,4.0,0.0,0.0,3.0,0.0,1.0,0.0,1.0,0.0,2.0,0.0,3.0,0.0,1.0,62.0,5.0,1.0,21.0,24.0,49.0,0.0,0.0,0.0,0.0,0.0,0.0,1221.0,56.0,0.0,0.0,1.0,0.0,0.0,0.0,29.0,1.0,0.0,49.0,0.0,24.0,0.0,4.0,0.0,18.0,4.0,52.0,0.0,0.0,275.0,11.0,2.0,274.0,269.0,894.0,1.0,0.0,1.0,0.0,0.0
ctx-rh-caudalmiddlefrontal,0.0,13.0,1.0,0.0,0.0,0.0,0.0,0.0,0.0,0.0,0.0,0.0,0.0,0.0,0.0,0.0,0.0,0.0,0.0,0.0,0.0,0.0,0.0,0.0,0.0,0.0,0.0,0.0,0.0,0.0,0.0,0.0,0.0,0.0,1.0,56.0,3410.0,0.0,0.0,0.0,0.0,2.0,0.0,323.0,3.0,0.0,1.0,0.0,1.0,0.0,31.0,0.0,168.0,0.0,8.0,0.0,130.0,178.0,1334.0,7.0,4.0,1024.0,614.0,10.0,0.0,48.0,0.0,0.0
ctx-rh-cuneus,0.0,0.0,0.0,0.0,0.0,0.0,0.0,0.0,0.0,0.0,0.0,0.0,0.0,0.0,0.0,0.0,0.0,0.0,0.0,0.0,0.0,0.0,0.0,0.0,0.0,0.0,0.0,0.0,0.0,0.0,0.0,0.0,0.0,0.0,8.0,0.0,0.0,1790.0,0.0,0.0,7.0,29.0,3.0,0.0,8.0,529.0,0.0,117.0,0.0,1.0,0.0,0.0,0.0,0.0,0.0,1665.0,0.0,0.0,1.0,449.0,0.0,0.0,0.0,399.0,2.0,2.0,0.0,0.0
ctx-rh-entorhinal,0.0,0.0,0.0,0.0,0.0,0.0,0.0,0.0,0.0,0.0,0.0,0.0,0.0,0.0,0.0,0.0,0.0,0.0,0.0,0.0,0.0,0.0,0.0,0.0,0.0,0.0,0.0,0.0,0.0,0.0,0.0,0.0,0.0,0.0,0.0,0.0,0.0,0.0,0.0,0.0,0.0,0.0,0.0,0.0,0.0,0.0,0.0,0.0,0.0,0.0,0.0,0.0,0.0,0.0,0.0,0.0,0.0,0.0,0.0,0.0,0.0,0.0,0.0,0.0,0.0,0.0,0.0,0.0
ctx-rh-frontalpole,0.0,0.0,0.0,0.0,0.0,0.0,0.0,0.0,0.0,0.0,0.0,0.0,0.0,0.0,0.0,0.0,0.0,0.0,0.0,0.0,0.0,0.0,0.0,0.0,0.0,0.0,0.0,0.0,0.0,0.0,0.0,0.0,0.0,0.0,0.0,1.0,0.0,0.0,0.0,146.0,0.0,0.0,0.0,0.0,0.0,0.0,22.0,0.0,305.0,0.0,0.0,0.0,0.0,2.0,1.0,0.0,0.0,0.0,0.0,0.0,6.0,258.0,119.0,0.0,0.0,0.0,0.0,0.0
ctx-rh-fusiform,0.0,0.0,0.0,0.0,0.0,0.0,0.0,0.0,0.0,0.0,0.0,0.0,0.0,0.0,0.0,0.0,0.0,0.0,0.0,0.0,0.0,0.0,0.0,0.0,0.0,0.0,0.0,0.0,0.0,0.0,0.0,0.0,0.0,0.0,310.0,0.0,0.0,7.0,0.0,0.0,2814.0,245.0,865.0,15.0,12.0,1425.0,0.0,709.0,0.0,205.0,1.0,199.0,0.0,0.0,0.0,88.0,0.0,0.0,0.0,38.0,0.0,0.0,0.0,62.0,45.0,2.0,0.0,8.0
ctx-rh-inferiorparietal,0.0,0.0,0.0,0.0,0.0,0.0,0.0,0.0,0.0,0.0,0.0,0.0,0.0,0.0,0.0,0.0,0.0,0.0,0.0,0.0,0.0,0.0,0.0,1.0,0.0,0.0,0.0,0.0,0.0,0.0,0.0,0.0,0.0,0.0,856.0,0.0,2.0,29.0,0.0,0.0,245.0,12269.0,356.0,103.0,34.0,985.0,0.0,175.0,0.0,221.0,20.0,11.0,0.0,0.0,0.0,49.0,10.0,28.0,13.0,416.0,0.0,0.0,1.0,1007.0,228.0,1486.0,0.0,105.0
ctx-rh-inferiortemporal,0.0,0.0,0.0,0.0,0.0,0.0,0.0,0.0,0.0,0.0,0.0,0.0,0.0,0.0,0.0,0.0,0.0,0.0,0.0,0.0,0.0,0.0,0.0,0.0,0.0,0.0,0.0,0.0,0.0,0.0,0.0,0.0,0.0,0.0,624.0,0.0,0.0,3.0,0.0,0.0,865.0,356.0,1831.0,18.0,3.0,215.0,0.0,113.0,0.0,1244.0,1.0,88.0,0.0,0.0,0.0,6.0,0.0,0.0,0.0,22.0,0.0,0.0,0.0,23.0,60.0,2.0,0.0,9.0
ctx-rh-insula,0.0,8.0,0.0,0.0,0.0,0.0,0.0,0.0,0.0,0.0,0.0,0.0,1.0,0.0,0.0,0.0,0.0,0.0,0.0,0.0,0.0,0.0,0.0,0.0,0.0,0.0,1.0,0.0,1.0,0.0,0.0,0.0,0.0,0.0,61.0,29.0,323.0,0.0,0.0,0.0,15.0,103.0,18.0,1735.0,13.0,1.0,137.0,3.0,25.0,18.0,47.0,5.0,279.0,4.0,85.0,6.0,290.0,28.0,532.0,91.0,42.0,335.0,143.0,119.0,182.0,328.0,0.0,110.0
ctx-rh-isthmuscingulate,0.0,1.0,0.0,0.0,0.0,0.0,0.0,2.0,0.0,1.0,82.0,0.0,0.0,1.0,0.0,0.0,1.0,0.0,0.0,0.0,0.0,1.0,0.0,35.0,1.0,9.0,0.0,0.0,0.0,5.0,0.0,0.0,0.0,0.0,8.0,1.0,3.0,8.0,0.0,0.0,12.0,34.0,3.0,13.0,982.0,3.0,0.0,131.0,0.0,1.0,50.0,105.0,0.0,0.0,0.0,5.0,17.0,515.0,18.0,1617.0,0.0,0.0,4.0,94.0,3.0,48.0,0.0,9.0
ctx-rh-lateraloccipital,0.0,0.0,0.0,0.0,0.0,0.0,0.0,0.0,0.0,0.0,0.0,0.0,0.0,0.0,0.0,0.0,0.0,0.0,0.0,0.0,0.0,0.0,0.0,0.0,0.0,0.0,0.0,0.0,0.0,0.0,0.0,0.0,0.0,0.0,42.0,0.0,0.0,529.0,0.0,0.0,1425.0,985.0,215.0,1.0,3.0,8362.0,0.0,1164.0,0.0,171.0,1.0,6.0,0.0,0.0,0.0,1435.0,0.0,1.0,0.0,179.0,0.0,0.0,0.0,374.0,6.0,0.0,0.0,5.0
ctx-rh-lateralorbitofrontal,0.0,3.0,0.0,0.0,0.0,0.0,0.0,0.0,0.0,0.0,0.0,0.0,0.0,0.0,0.0,0.0,0.0,0.0,0.0,0.0,1.0,0.0,0.0,0.0,0.0,0.0,4.0,0.0,0.0,0.0,0.0,0.0,0.0,0.0,0.0,49.0,1.0,0.0,0.0,22.0,0.0,0.0,0.0,137.0,0.0,0.0,534.0,0.0,403.0,0.0,0.0,0.0,4.0,228.0,432.0,0.0,0.0,0.0,0.0,0.0,337.0,1351.0,137.0,0.0,0.0,0.0,0.0,0.0
ctx-rh-lingual,0.0,0.0,0.0,0.0,0.0,0.0,0.0,0.0,0.0,0.0,0.0,0.0,0.0,0.0,0.0,0.0,0.0,0.0,0.0,0.0,0.0,0.0,0.0,0.0,0.0,0.0,0.0,0.0,0.0,0.0,0.0,0.0,0.0,0.0,56.0,0.0,0.0,117.0,0.0,0.0,709.0,175.0,113.0,3.0,131.0,1164.0,0.0,4807.0,0.0,22.0,2.0,308.0,0.0,0.0,0.0,1506.0,0.0,2.0,0.0,359.0,0.0,0.0,0.0,125.0,8.0,5.0,0.0,2.0
ctx-rh-medialorbitofrontal,0.0,1.0,0.0,0.0,0.0,0.0,0.0,0.0,0.0,0.0,0.0,0.0,0.0,0.0,0.0,0.0,0.0,0.0,0.0,0.0,0.0,0.0,0.0,0.0,0.0,0.0,1.0,0.0,0.0,0.0,0.0,0.0,0.0,0.0,0.0,24.0,1.0,0.0,0.0,305.0,0.0,0.0,0.0,25.0,0.0,0.0,403.0,0.0,385.0,0.0,0.0,0.0,0.0,13.0,36.0,0.0,0.0,0.0,0.0,0.0,225.0,1014.0,272.0,0.0,0.0,0.0,0.0,0.0
ctx-rh-middletemporal,0.0,0.0,0.0,0.0,0.0,0.0,0.0,0.0,0.0,0.0,0.0,0.0,0.0,0.0,0.0,0.0,0.0,0.0,0.0,0.0,0.0,0.0,0.0,0.0,0.0,0.0,0.0,0.0,0.0,0.0,0.0,0.0,0.0,0.0,1181.0,0.0,0.0,1.0,0.0,0.0,205.0,221.0,1244.0,18.0,1.0,171.0,0.0,22.0,0.0,3038.0,0.0,39.0,0.0,0.0,0.0,4.0,0.0,0.0,0.0,11.0,0.0,0.0,0.0,11.0,81.0,2.0,0.0,11.0
ctx-rh-paracentral,0.0,0.0,0.0,0.0,0.0,0.0,0.0,0.0,0.0,0.0,0.0,0.0,0.0,0.0,0.0,0.0,38.0,0.0,0.0,0.0,0.0,0.0,0.0,5.0,0.0,0.0,0.0,0.0,0.0,0.0,0.0,0.0,0.0,0.0,5.0,4.0,31.0,0.0,0.0,0.0,1.0,20.0,1.0,47.0,50.0,1.0,0.0,2.0,0.0,0.0,2826.0,0.0,0.0,0.0,0.0,1.0,821.0,266.0,2178.0,337.0,0.0,1.0,1104.0,580.0,1.0,126.0,0.0,1.0
ctx-rh-parahippocampal,0.0,0.0,0.0,0.0,0.0,0.0,0.0,0.0,0.0,0.0,1.0,0.0,0.0,0.0,0.0,0.0,0.0,0.0,0.0,0.0,0.0,0.0,0.0,1.0,0.0,0.0,0.0,0.0,0.0,0.0,0.0,0.0,0.0,0.0,58.0,0.0,0.0,0.0,0.0,0.0,199.0,11.0,88.0,5.0,105.0,6.0,0.0,308.0,0.0,39.0,0.0,257.0,0.0,0.0,0.0,2.0,0.0,1.0,0.0,9.0,0.0,0.0,0.0,2.0,10.0,1.0,0.0,3.0
ctx-rh-parsopercularis,0.0,0.0,0.0,0.0,0.0,0.0,0.0,0.0,0.0,0.0,0.0,0.0,0.0,0.0,0.0,0.0,0.0,0.0,0.0,0.0,0.0,0.0,0.0,0.0,0.0,0.0,0.0,0.0,0.0,0.0,0.0,0.0,0.0,0.0,0.0,18.0,168.0,0.0,0.0,0.0,0.0,0.0,0.0,279.0,0.0,0.0,4.0,0.0,0.0,0.0,0.0,0.0,2125.0,0.0,438.0,0.0,42.0,1.0,812.0,0.0,3.0,549.0,59.0,0.0,0.0,2.0,0.0,0.0
ctx-rh-parsorbitalis,0.0,0.0,0.0,0.0,0.0,0.0,0.0,0.0,0.0,0.0,0.0,0.0,0.0,0.0,0.0,0.0,0.0,0.0,0.0,0.0,0.0,0.0,0.0,0.0,0.0,0.0,0.0,0.0,0.0,0.0,0.0,0.0,0.0,0.0,0.0,4.0,0.0,0.0,0.0,2.0,0.0,0.0,0.0,4.0,0.0,0.0,228.0,0.0,13.0,0.0,0.0,0.0,0.0,401.0,590.0,0.0,0.0,0.0,0.0,0.0,26.0,462.0,12.0,0.0,0.0,0.0,0.0,0.0
ctx-rh-parstriangularis,0.0,0.0,0.0,0.0,0.0,0.0,0.0,0.0,0.0,0.0,0.0,0.0,0.0,0.0,0.0,0.0,0.0,0.0,0.0,0.0,0.0,0.0,0.0,0.0,0.0,0.0,0.0,0.0,1.0,0.0,0.0,0.0,0.0,0.0,0.0,52.0,8.0,0.0,0.0,1.0,0.0,0.0,0.0,85.0,0.0,0.0,432.0,0.0,36.0,0.0,0.0,0.0,438.0,590.0,2333.0,0.0,1.0,0.0,9.0,0.0,99.0,1573.0,97.0,0.0,0.0,0.0,0.0,0.0
ctx-rh-pericalcarine,0.0,0.0,0.0,0.0,0.0,0.0,0.0,0.0,0.0,0.0,0.0,0.0,0.0,0.0,0.0,0.0,0.0,0.0,0.0,0.0,0.0,0.0,0.0,0.0,0.0,0.0,0.0,0.0,0.0,0.0,0.0,0.0,0.0,0.0,27.0,0.0,0.0,1665.0,0.0,0.0,88.0,49.0,6.0,6.0,5.0,1435.0,0.0,1506.0,0.0,4.0,1.0,2.0,0.0,0.0,0.0,1090.0,0.0,2.0,0.0,447.0,0.0,0.0,0.0,216.0,5.0,2.0,0.0,2.0
ctx-rh-postcentral,0.0,0.0,0.0,0.0,0.0,0.0,0.0,0.0,0.0,0.0,1.0,0.0,0.0,0.0,0.0,0.0,0.0,0.0,0.0,0.0,0.0,0.0,0.0,0.0,0.0,0.0,0.0,0.0,0.0,0.0,0.0,0.0,0.0,0.0,1.0,0.0,130.0,0.0,0.0,0.0,0.0,10.0,0.0,290.0,17.0,0.0,0.0,0.0,0.0,0.0,821.0,0.0,42.0,0.0,1.0,0.0,7951.0,44.0,2157.0,165.0,0.0,8.0,22.0,642.0,2.0,1565.0,0.0,0.0
ctx-rh-posteriorcingulate,0.0,49.0,4.0,0.0,0.0,0.0,0.0,0.0,0.0,2.0,51.0,0.0,0.0,0.0,0.0,0.0,3.0,0.0,0.0,0.0,0.0,0.0,0.0,237.0,2.0,4.0,2.0,2.0,7.0,3.0,1.0,0.0,0.0,0.0,2.0,275.0,178.0,0.0,0.0,0.0,0.0,28.0,0.0,28.0,515.0,1.0,0.0,2.0,0.0,0.0,266.0,1.0,1.0,0.0,0.0,2.0,44.0,2362.0,384.0,412.0,1.0,12.0,466.0,92.0,2.0,39.0,0.0,2.0
ctx-rh-precentral,0.0,3.0,1.0,0.0,0.0,0.0,0.0,0.0,0.0,0.0,3.0,0.0,0.0,0.0,0.0,0.0,2.0,0.0,0.0,0.0,0.0,0.0,0.0,4.0,1.0,0.0,0.0,0.0,1.0,0.0,0.0,0.0,0.0,0.0,1.0,11.0,1334.0,1.0,0.0,0.0,0.0,13.0,0.0,532.0,18.0,0.0,0.0,0.0,0.0,0.0,2178.0,0.0,812.0,0.0,9.0,0.0,2157.0,384.0,10062.0,60.0,1.0,89.0,515.0,209.0,0.0,417.0,0.0,3.0
ctx-rh-precuneus,0.0,0.0,0.0,0.0,0.0,0.0,0.0,0.0,0.0,0.0,19.0,0.0,0.0,0.0,0.0,0.0,0.0,0.0,0.0,0.0,0.0,0.0,0.0,7.0,0.0,1.0,0.0,0.0,0.0,1.0,0.0,0.0,0.0,0.0,80.0,2.0,7.0,449.0,0.0,0.0,38.0,416.0,22.0,91.0,1617.0,179.0,0.0,359.0,0.0,11.0,337.0,9.0,0.0,0.0,0.0,447.0,165.0,412.0,60.0,6970.0,0.0,1.0,5.0,6512.0,32.0,283.0,0.0,35.0
ctx-rh-rostralanteriorcingulate,0.0,16.0,0.0,0.0,0.0,0.0,0.0,0.0,0.0,0.0,0.0,0.0,1.0,0.0,2.0,0.0,0.0,0.0,0.0,0.0,0.0,0.0,0.0,0.0,0.0,0.0,13.0,2.0,0.0,0.0,0.0,0.0,0.0,0.0,0.0,274.0,4.0,0.0,0.0,6.0,0.0,0.0,0.0,42.0,0.0,0.0,337.0,0.0,225.0,0.0,0.0,0.0,3.0,26.0,99.0,0.0,0.0,1.0,1.0,0.0,673.0,642.0,241.0,0.0,0.0,0.0,0.0,0.0
ctx-rh-rostralmiddlefrontal,0.0,28.0,0.0,0.0,0.0,0.0,0.0,0.0,0.0,0.0,0.0,0.0,0.0,0.0,1.0,0.0,0.0,0.0,1.0,0.0,0.0,0.0,0.0,1.0,0.0,0.0,3.0,0.0,1.0,0.0,0.0,0.0,0.0,0.0,0.0,269.0,1024.0,0.0,0.0,258.0,0.0,0.0,0.0,335.0,0.0,0.0,1351.0,0.0,1014.0,0.0,1.0,0.0,549.0,462.0,1573.0,0.0,8.0,12.0,89.0,1.0,642.0,6876.0,4047.0,1.0,0.0,2.0,0.0,0.0
ctx-rh-superiorfrontal,0.0,87.0,2.0,0.0,0.0,0.0,0.0,0.0,0.0,4.0,0.0,0.0,0.0,0.0,0.0,0.0,3.0,0.0,0.0,0.0,0.0,0.0,0.0,7.0,0.0,0.0,4.0,2.0,9.0,0.0,0.0,0.0,0.0,0.0,0.0,894.0,614.0,0.0,0.0,119.0,0.0,1.0,0.0,143.0,4.0,0.0,137.0,0.0,272.0,0.0,1104.0,0.0,59.0,12.0,97.0,0.0,22.0,466.0,515.0,5.0,241.0,4047.0,15377.0,10.0,0.0,8.0,0.0,0.0
ctx-rh-superiorparietal,0.0,1.0,0.0,0.0,0.0,0.0,0.0,0.0,0.0,0.0,0.0,0.0,0.0,0.0,0.0,0.0,0.0,0.0,0.0,0.0,0.0,0.0,0.0,4.0,0.0,0.0,0.0,0.0,0.0,0.0,0.0,0.0,0.0,0.0,77.0,1.0,10.0,399.0,0.0,0.0,62.0,1007.0,23.0,119.0,94.0,374.0,0.0,125.0,0.0,11.0,580.0,2.0,0.0,0.0,0.0,216.0,642.0,92.0,209.0,6512.0,0.0,1.0,10.0,8297.0,30.0,528.0,0.0,33.0
ctx-rh-superiortemporal,0.0,0.0,0.0,0.0,0.0,0.0,0.0,0.0,0.0,0.0,0.0,0.0,0.0,0.0,0.0,0.0,0.0,0.0,0.0,0.0,0.0,0.0,0.0,0.0,0.0,0.0,0.0,0.0,0.0,0.0,0.0,0.0,0.0,0.0,1425.0,0.0,0.0,2.0,0.0,0.0,45.0,228.0,60.0,182.0,3.0,6.0,0.0,8.0,0.0,81.0,1.0,10.0,0.0,0.0,0.0,5.0,2.0,2.0,0.0,32.0,0.0,0.0,0.0,30.0,4078.0,268.0,0.0,844.0
ctx-rh-supramarginal,0.0,0.0,0.0,0.0,0.0,0.0,0.0,0.0,0.0,0.0,1.0,0.0,0.0,0.0,0.0,0.0,0.0,0.0,0.0,0.0,0.0,0.0,0.0,0.0,0.0,0.0,0.0,0.0,0.0,0.0,0.0,0.0,0.0,0.0,418.0,1.0,48.0,2.0,0.0,0.0,2.0,1486.0,2.0,328.0,48.0,0.0,0.0,5.0,0.0,2.0,126.0,1.0,2.0,0.0,0.0,2.0,1565.0,39.0,417.0,283.0,0.0,2.0,8.0,528.0,268.0,8257.0,0.0,53.0
ctx-rh-temporalpole,0.0,0.0,0.0,0.0,0.0,0.0,0.0,0.0,0.0,0.0,0.0,0.0,0.0,0.0,0.0,0.0,0.0,0.0,0.0,0.0,0.0,0.0,0.0,0.0,0.0,0.0,0.0,0.0,0.0,0.0,0.0,0.0,0.0,0.0,0.0,0.0,0.0,0.0,0.0,0.0,0.0,0.0,0.0,0.0,0.0,0.0,0.0,0.0,0.0,0.0,0.0,0.0,0.0,0.0,0.0,0.0,0.0,0.0,0.0,0.0,0.0,0.0,0.0,0.0,0.0,0.0,0.0,0.0
ctx-rh-transversetemporal,0.0,0.0,0.0,0.0,0.0,0.0,0.0,0.0,0.0,0.0,0.0,0.0,0.0,0.0,0.0,0.0,0.0,0.0,0.0,0.0,0.0,0.0,0.0,0.0,0.0,0.0,0.0,0.0,0.0,0.0,0.0,0.0,0.0,0.0,156.0,0.0,0.0,0.0,0.0,0.0,8.0,105.0,9.0,110.0,9.0,5.0,0.0,2.0,0.0,11.0,1.0,3.0,0.0,0.0,0.0,2.0,0.0,2.0,3.0,35.0,0.0,0.0,0.0,33.0,844.0,53.0,0.0,264.0
