,ctx-lh-bankssts,ctx-lh-caudalanteriorcingulate,ctx-lh-caudalmiddlefrontal,ctx-lh-cuneus,ctx-lh-entorhinal,ctx-lh-frontalpole,ctx-lh-fusiform,ctx-lh-inferiorparietal,ctx-lh-inferiortemporal,ctx-lh-insula,ctx-lh-isthmuscingulate,ctx-lh-lateraloccipital,ctx-lh-lateralorbitofrontal,ctx-lh-lingual,ctx-lh-medialorbitofrontal,ctx-lh-middletemporal,ctx-lh-paracentral,ctx-lh-parahippocampal,ctx-lh-parsopercularis,ctx-lh-parsorbitalis,ctx-lh-parstriangularis,ctx-lh-pericalcarine,ctx-lh-postcentral,ctx-lh-posteriorcingulate,ctx-lh-precentral,ctx-lh-precuneus,ctx-lh-rostralanteriorcingulate,ctx-lh-rostralmiddlefrontal,ctx-lh-superiorfrontal,ctx-lh-superiorparietal,ctx-lh-superiortemporal,ctx-lh-supramarginal,ctx-lh-temporalpole,ctx-lh-transversetemporal,ctx-rh-bankssts,ctx-rh-caudalanteriorcingulate,ctx-rh-caudalmiddlefrontal,ctx-rh-cuneus,ctx-rh-entorhinal,ctx-rh-frontalpole,ctx-rh-fusiform,ctx-rh-inferiorparietal,ctx-rh-inferiortemporal,ctx-rh-insula,ctx-rh-isthmuscingulate,ctx-rh-lateraloccipital,ctx-rh-lateralorbitofrontal,ctx-rh-lingual,ctx-rh-medialorbitofrontal,ctx-rh-middletemporal,ctx-rh-paracentral,ctx-rh-parahippocampal,ctx-rh-parsopercularis,ctx-rh-parsorbitalis,ctx-rh-parstriangularis,ctx-rh-pericalcarine,ctx-rh-postcentral,ctx-rh-posteriorcingulate,ctx-rh-precentral,ctx-rh-precuneus,ctx-rh-rostralanteriorcingulate,ctx-rh-rostralmiddlefrontal,ctx-rh-superiorfrontal,ctx-rh-superiorparietal,ctx-rh-superiortemporal,ctx-rh-supramarginal,ctx-rh-temporalpole,ctx-rh-transversetemporal
ctx-lh-bankssts,673.0,0.0,0.0,1.0,3.0,0.0,50.0,374.0,176.0,40.0,8.0,38.0,1.0,17.0,0.0,738.0,0.0,8.0,1.0,0.0,0.0,2.0,14.0,7.0,3.0,22.0,0.0,0.0,0.0,15.0,726.0,171.0,2.0,37.0,1.0,0.0,0.0,0.0,0.0,0.0,1.0,4.0,2.0,0.0,3.0,0.0,0.0,1.0,0.0,1.0,0.0,1.0,0.0,0.0,0.0,0.0,0.0,2.0,0.0,11.0,0.0,0.0,0.0,0.0,3.0,1.0,0.0,0.0
ctx-lh-caudalanteriorcingulate,0.0,599.0,101.0,0.0,0.0,1.0,0.0,1.0,0.0,22.0,14.0,0.0,14.0,0.0,12.0,0.0,16.0,0.0,44.0,1.0,41.0,0.0,7.0,297.0,34.0,10.0,288.0,153.0,791.0,9.0,0.0,2.0,0.0,1.0,0.0,135.0,21.0,0.0,0.0,0.0,1.0,0.0,0.0,8.0,0.0,0.0,5.0,0.0,4.0,0.0,7.0,0.0,12.0,0.0,14.0,0.0,6.0,20.0,23.0,2.0,30.0,41.0,124.0,2.0,0.0,1.0,0.0,0.0
ctx-lh-caudalmiddlefrontal,0.0,101.0,3071.0,0.0,0.0,0.0,0.0,1.0,1.0,47.0,0.0,0.0,6.0,0.0,0.0,0.0,20.0,0.0,334.0,3.0,29.0,0.0,24.0,49.0,1267.0,1.0,15.0,921.0,1397.0,5.0,1.0,8.0,0.0,1.0,0.0,32.0,11.0,0.0,0.0,0.0,0.0,0.0,0.0,5.0,0.0,0.0,0.0,0.0,0.0,0.0,6.0,0.0,6.0,0.0,3.0,0.0,2.0,18.0,23.0,0.0,1.0,8.0,44.0,1.0,0.0,0.0,0.0,0.0
ctx-lh-cuneus,1.0,0.0,0.0,1284.0,1.0,0.0,28.0,56.0,15.0,2.0,9.0,329.0,0.0,340.0,0.0,9.0,0.0,3.0,0.0,0.0,0.0,1215.0,0.0,0.0,0.0,190.0,0.0,0.0,0.0,646.0,0.0,2.0,0.0,3.0,0.0,0.0,0.0,8.0,0.0,0.0,2.0,0.0,2.0,1.0,1.0,1.0,0.0,0.0,0.0,0.0,0.0,0.0,0.0,0.0,0.0,0.0,0.0,0.0,0.0,5.0,0.0,0.0,0.0,1.0,0.0,0.0,0.0,0.0
ctx-lh-entorhinal,3.0,0.0,0.0,1.0,368.0,0.0,239.0,0.0,152.0,19.0,0.0,0.0,0.0,3.0,0.0,74.0,0.0,118.0,0.0,0.0,0.0,1.0,0.0,0.0,0.0,1.0,0.0,0.0,0.0,0.0,90.0,0.0,221.0,1.0,1.0,0.0,0.0,0.0,0.0,0.0,0.0,0.0,0.0,0.0,0.0,0.0,0.0,0.0,0.0,0.0,0.0,0.0,0.0,0.0,0.0,0.0,0.0,0.0,0.0,0.0,0.0,0.0,0.0,0.0,0.0,0.0,0.0,0.0
ctx-lh-frontalpole,0.0,1.0,0.0,0.0,0.0,46.0,0.0,0.0,0.0,0.0,0.0,0.0,35.0,0.0,166.0,0.0,0.0,0.0,0.0,1.0,3.0,0.0,0.0,0.0,0.0,0.0,1.0,199.0,80.0,0.0,0.0,0.0,0.0,0.0,0.0,0.0,0.0,0.0,0.0,0.0,0.0,0.0,0.0,0.0,0.0,0.0,0.0,0.0,0.0,0.0,0.0,0.0,0.0,0.0,0.0,0.0,0.0,0.0,0.0,0.0,0.0,0.0,0.0,0.0,0.0,0.0,0.0,0.0
ctx-lh-fusiform,50.0,0.0,0.0,28.0,239.0,0.0,3966.0,50.0,1606.0,32.0,11.0,1020.0,1.0,545.0,0.0,312.0,0.0,256.0,0.0,0.0,0.0,70.0,3.0,0.0,2.0,36.0,0.0,0.0,0.0,13.0,170.0,9.0,112.0,10.0,1.0,0.0,0.0,1.0,0.0,0.0,1.0,3.0,1.0,1.0,1.0,0.0,0.0,3.0,0.0,2.0,0.0,1.0,0.0,0.0,0.0,0.0,0.0,1.0,0.0,10.0,0.0,0.0,0.0,0.0,2.0,0.0,0.0,0.0
ctx-lh-inferiorparietal,374.0,1.0,1.0,56.0,0.0,0.0,50.0,7184.0,229.0,57.0,46.0,882.0,1.0,39.0,0.0,399.0,3.0,7.0,1.0,0.0,0.0,20.0,93.0,20.0,39.0,440.0,0.0,0.0,2.0,1331.0,169.0,1375.0,0.0,34.0,1.0,0.0,0.0,1.0,0.0,0.0,1.0,4.0,8.0,1.0,26.0,5.0,0.0,7.0,0.0,4.0,1.0,3.0,0.0,0.0,0.0,3.0,2.0,11.0,1.0,63.0,0.0,0.0,2.0,13.0,2.0,4.0,0.0,1.0
ctx-lh-inferiortemporal,176.0,0.0,1.0,15.0,152.0,0.0,1606.0,229.0,3944.0,68.0,11.0,416.0,7.0,139.0,0.0,3049.0,1.0,68.0,0.0,0.0,0.0,17.0,6.0,0.0,1.0,28.0,0.0,0.0,0.0,21.0,458.0,21.0,166.0,7.0,0.0,0.0,0.0,1.0,0.0,0.0,0.0,4.0,3.0,0.0,3.0,4.0,0.0,1.0,0.0,0.0,0.0,0.0,0.0,0.0,0.0,0.0,0.0,1.0,0.0,16.0,0.0,0.0,0.0,2.0,3.0,0.0,0.0,0.0
ctx-lh-insula,40.0,22.0,47.0,2.0,19.0,0.0,32.0,57.0,68.0,2108.0,6.0,8.0,918.0,9.0,71.0,86.0,21.0,4.0,215.0,10.0,92.0,0.0,298.0,21.0,347.0,27.0,50.0,123.0,84.0,57.0,322.0,281.0,36.0,93.0,1.0,8.0,0.0,1.0,0.0,0.0,1.0,1.0,1.0,2.0,14.0,3.0,0.0,0.0,0.0,0.0,4.0,0.0,3.0,0.0,2.0,0.0,0.0,9.0,1.0,8.0,0.0,1.0,8.0,2.0,1.0,0.0,0.0,3.0
ctx-lh-isthmuscingulate,8.0,14.0,0.0,9.0,0.0,0.0,11.0,46.0,11.0,6.0,736.0,27.0,0.0,80.0,0.0,5.0,17.0,64.0,0.0,0.0,0.0,10.0,9.0,469.0,5.0,909.0,1.0,0.0,14.0,96.0,10.0,15.0,0.0,13.0,9.0,0.0,0.0,1.0,0.0,0.0,4.0,13.0,8.0,0.0,72.0,2.0,0.0,7.0,0.0,2.0,7.0,4.0,0.0,0.0,0.0,2.0,1.0,18.0,1.0,89.0,1.0,0.0,1.0,11.0,10.0,6.0,0.0,2.0
ctx-lh-lateraloccipital,38.0,0.0,0.0,329.0,0.0,0.0,1020.0,882.0,416.0,8.0,27.0,6510.0,0.0,528.0,0.0,229.0,0.0,16.0,1.0,0.0,0.0,590.0,2.0,3.0,1.0,137.0,0.0,0.0,1.0,568.0,24.0,12.0,0.0,1.0,2.0,0.0,0.0,1.0,0.0,0.0,2.0,6.0,2.0,0.0,5.0,5.0,0.0,18.0,0.0,1.0,1.0,0.0,0.0,0.0,0.0,3.0,1.0,3.0,0.0,18.0,0.0,0.0,0.0,2.0,0.0,1.0,0.0,1.0
ctx-lh-lateralorbitofrontal,1.0,14.0,6.0,0.0,0.0,35.0,1.0,1.0,7.0,918.0,0.0,0.0,3947.0,0.0,2069.0,5.0,0.0,0.0,17.0,603.0,401.0,0.0,0.0,3.0,1.0,1.0,372.0,943.0,61.0,0.0,18.0,0.0,1.0,0.0,0.0,2.0,1.0,0.0,0.0,0.0,0.0,0.0,0.0,0.0,0.0,0.0,1.0,0.0,0.0,0.0,0.0,0.0,0.0,0.0,0.0,0.0,1.0,0.0,0.0,0.0,2.0,0.0,2.0,0.0,0.0,0.0,0.0,0.0
ctx-lh-lingual,17.0,0.0,0.0,340.0,3.0,0.0,545.0,39.0,139.0,9.0,80.0,528.0,0.0,3673.0,0.0,36.0,0.0,225.0,0.0,0.0,0.0,1255.0,0.0,2.0,1.0,272.0,0.0,0.0,0.0,74.0,21.0,3.0,1.0,3.0,4.0,0.0,0.0,23.0,0.0,0.0,10.0,5.0,1.0,0.0,4.0,11.0,0.0,194.0,0.0,0.0,0.0,0.0,0.0,0.0,0.0,61.0,0.0,1.0,0.0,18.0,0.0,0.0,0.0,7.0,2.0,1.0,0.0,1.0
ctx-lh-medialorbitofrontal,0.0,12.0,0.0,0.0,0.0,166.0,0.0,0.0,0.0,71.0,0.0,0.0,2069.0,0.0,1349.0,0.0,0.0,0.0,4.0,84.0,70.0,0.0,0.0,1.0,0.0,0.0,639.0,1262.0,232.0,0.0,0.0,0.0,0.0,0.0,0.0,4.0,0.0,0.0,0.0,0.0,0.0,0.0,0.0,0.0,0.0,0.0,1.0,0.0,2.0,0.0,0.0,0.0,0.0,0.0,1.0,0.0,0.0,0.0,1.0,0.0,3.0,0.0,3.0,0.0,0.0,0.0,0.0,0.0
ctx-lh-middletemporal,738.0,0.0,0.0,9.0,74.0,0.0,312.0,399.0,3049.0,86.0,5.0,229.0,5.0,36.0,0.0,3519.0,1.0,9.0,0.0,0.0,0.0,3.0,8.0,0.0,2.0,20.0,0.0,0.0,0.0,19.0,771.0,50.0,193.0,17.0,1.0,0.0,0.0,0.0,0.0,0.0,0.0,3.0,2.0,1.0,6.0,0.0,0.0,0.0,0.0,1.0,0.0,2.0,0.0,0.0,0.0,0.0,0.0,1.0,0.0,14.0,0.0,0.0,0.0,3.0,3.0,0.0,0.0,0.0
ctx-lh-paracentral,0.0,16.0,20.0,0.0,0.0,0.0,0.0,3.0,1.0,21.0,17.0,0.0,0.0,0.0,0.0,1.0,1547.0,0.0,2.0,0.0,0.0,0.0,356.0,306.0,792.0,190.0,1.0,0.0,451.0,165.0,1.0,14.0,0.0,1.0,0.0,5.0,6.0,0.0,0.0,0.0,1.0,1.0,1.0,3.0,7.0,0.0,0.0,0.0,0.0,0.0,18.0,0.0,1.0,0.0,0.0,0.0,5.0,43.0,9.0,15.0,2.0,2.0,17.0,4.0,2.0,2.0,0.0,0.0
ctx-lh-parahippocampal,8.0,0.0,0.0,3.0,118.0,0.0,256.0,7.0,68.0,4.0,64.0,16.0,0.0,225.0,0.0,9.0,0.0,563.0,0.0,0.0,0.0,8.0,0.0,0.0,0.0,27.0,0.0,0.0,0.0,2.0,8.0,1.0,0.0,0.0,0.0,0.0,0.0,0.0,0.0,0.0,0.0,0.0,0.0,0.0,1.0,0.0,0.0,0.0,0.0,0.0,0.0,0.0,0.0,0.0,0.0,0.0,0.0,0.0,0.0,3.0,0.0,0.0,0.0,0.0,0.0,0.0,0.0,0.0
ctx-lh-parsopercularis,1.0,44.0,334.0,0.0,0.0,0.0,0.0,1.0,0.0,215.0,0.0,1.0,17.0,0.0,4.0,0.0,2.0,0.0,1821.0,5.0,474.0,0.0,30.0,10.0,525.0,1.0,22.0,477.0,128.0,2.0,0.0,6.0,0.0,0.0,0.0,10.0,3.0,0.0,0.0,0.0,0.0,0.0,0.0,0.0,0.0,0.0,0.0,0.0,1.0,0.0,0.0,0.0,0.0,0.0,1.0,0.0,2.0,7.0,1.0,1.0,0.0,2.0,18.0,0.0,1.0,0.0,0.0,0.0
ctx-lh-parsorbitalis,0.0,1.0,3.0,0.0,0.0,1.0,0.0,0.0,0.0,10.0,0.0,0.0,603.0,0.0,84.0,0.0,0.0,0.0,5.0,493.0,488.0,0.0,0.0,0.0,3.0,0.0,30.0,443.0,10.0,0.0,0.0,0.0,0.0,0.0,0.0,2.0,0.0,0.0,0.0,0.0,0.0,0.0,0.0,0.0,0.0,0.0,0.0,0.0,0.0,0.0,0.0,0.0,0.0,0.0,0.0,0.0,0.0,0.0,2.0,0.0,1.0,0.0,0.0,0.0,0.0,0.0,0.0,0.0
ctx-lh-parstriangularis,0.0,41.0,29.0,0.0,0.0,3.0,0.0,0.0,0.0,92.0,0.0,0.0,401.0,0.0,70.0,0.0,0.0,0.0,474.0,488.0,1320.0,0.0,0.0,4.0,11.0,0.0,104.0,861.0,109.0,1.0,0.0,0.0,0.0,0.0,0.0,8.0,0.0,0.0,0.0,0.0,0.0,0.0,0.0,0.0,0.0,0.0,0.0,0.0,0.0,0.0,0.0,0.0,1.0,0.0,0.0,0.0,0.0,1.0,0.0,0.0,5.0,3.0,5.0,0.0,0.0,0.0,0.0,0.0
ctx-lh-pericalcarine,2.0,0.0,0.0,1215.0,1.0,0.0,70.0,20.0,17.0,0.0,10.0,590.0,0.0,1255.0,0.0,3.0,0.0,8.0,0.0,0.0,0.0,540.0,0.0,0.0,0.0,118.0,0.0,0.0,0.0,59.0,3.0,0.0,0.0,1.0,0.0,0.0,0.0,33.0,0.0,0.0,1.0,0.0,1.0,0.0,2.0,4.0,0.0,16.0,0.0,1.0,0.0,0.0,0.0,0.0,0.0,11.0,0.0,0.0,0.0,14.0,0.0,0.0,0.0,1.0,0.0,0.0,0.0,0.0
ctx-lh-postcentral,14.0,7.0,24.0,0.0,0.0,0.0,3.0,93.0,6.0,298.0,9.0,2.0,0.0,0.0,0.0,8.0,356.0,0.0,30.0,0.0,0.0,0.0,6080.0,32.0,2041.0,154.0,2.0,5.0,43.0,841.0,30.0,1139.0,0.0,4.0,2.0,1.0,1.0,0.0,0.0,0.0,0.0,1.0,3.0,0.0,9.0,1.0,0.0,0.0,0.0,0.0,7.0,1.0,0.0,0.0,0.0,0.0,1.0,13.0,4.0,14.0,0.0,0.0,10.0,0.0,2.0,2.0,0.0,0.0
ctx-lh-posteriorcingulate,7.0,297.0,49.0,0.0,0.0,0.0,0.0,20.0,0.0,21.0,469.0,3.0,3.0,2.0,1.0,0.0,306.0,0.0,10.0,0.0,4.0,0.0,32.0,1290.0,131.0,446.0,11.0,8.0,508.0,102.0,6.0,15.0,0.0,2.0,5.0,22.0,9.0,0.0,1.0,0.0,1.0,3.0,2.0,9.0,22.0,2.0,0.0,0.0,0.0,0.0,40.0,0.0,3.0,0.0,1.0,0.0,15.0,127.0,44.0,51.0,5.0,6.0,46.0,13.0,9.0,9.0,0.0,3.0
ctx-lh-precentral,3.0,34.0,1267.0,0.0,0.0,0.0,2.0,39.0,1.0,347.0,5.0,1.0,1.0,1.0,0.0,2.0,792.0,0.0,525.0,3.0,11.0,0.0,2041.0,131.0,7047.0,56.0,8.0,46.0,910.0,179.0,21.0,210.0,0.0,2.0,0.0,12.0,13.0,0.0,0.0,0.0,0.0,1.0,1.0,4.0,1.0,1.0,0.0,0.0,0.0,1.0,21.0,0.0,2.0,0.0,0.0,0.0,6.0,53.0,28.0,15.0,0.0,3.0,46.0,2.0,0.0,0.0,0.0,0.0
ctx-lh-precuneus,22.0,10.0,1.0,190.0,1.0,0.0,36.0,440.0,28.0,27.0,909.0,137.0,1.0,272.0,0.0,20.0,190.0,27.0,1.0,0.0,0.0,118.0,154.0,446.0,56.0,4465.0,0.0,1.0,14.0,2396.0,31.0,66.0,0.0,13.0,12.0,2.0,0.0,4.0,0.0,0.0,3.0,24.0,9.0,10.0,86.0,13.0,0.0,8.0,0.0,10.0,9.0,3.0,0.0,0.0,0.0,4.0,0.0,41.0,7.0,326.0,1.0,0.0,3.0,29.0,18.0,4.0,0.0,4.0
ctx-lh-rostralanteriorcingulate,0.0,288.0,15.0,0.0,0.0,1.0,0.0,0.0,0.0,50.0,1.0,0.0,372.0,0.0,639.0,0.0,1.0,0.0,22.0,30.0,104.0,0.0,2.0,11.0,8.0,0.0,1201.0,369.0,523.0,0.0,0.0,0.0,1.0,0.0,1.0,58.0,4.0,0.0,0.0,0.0,0.0,0.0,0.0,3.0,0.0,0.0,6.0,0.0,9.0,0.0,0.0,0.0,3.0,0.0,4.0,0.0,2.0,4.0,2.0,0.0,48.0,13.0,36.0,0.0,1.0,0.0,0.0,0.0
ctx-lh-rostralmiddlefrontal,0.0,153.0,921.0,0.0,0.0,199.0,0.0,0.0,0.0,123.0,0.0,0.0,943.0,0.0,1262.0,0.0,0.0,0.0,477.0,443.0,861.0,0.0,5.0,8.0,46.0,1.0,369.0,7020.0,2615.0,2.0,1.0,0.0,0.0,0.0,0.0,39.0,1.0,0.0,0.0,0.0,0.0,0.0,0.0,1.0,0.0,0.0,0.0,0.0,1.0,0.0,0.0,0.0,1.0,0.0,3.0,0.0,0.0,2.0,0.0,0.0,7.0,9.0,23.0,0.0,0.0,1.0,0.0,0.0
ctx-lh-superiorfrontal,0.0,791.0,1397.0,0.0,0.0,80.0,0.0,2.0,0.0,84.0,14.0,1.0,61.0,0.0,232.0,0.0,451.0,0.0,128.0,10.0,109.0,0.0,43.0,508.0,910.0,14.0,523.0,2615.0,10917.0,17.0,0.0,15.0,0.0,0.0,0.0,140.0,43.0,0.0,0.0,0.0,0.0,0.0,0.0,11.0,1.0,2.0,3.0,0.0,3.0,0.0,27.0,0.0,21.0,0.0,12.0,0.0,19.0,58.0,37.0,9.0,12.0,46.0,156.0,4.0,0.0,5.0,0.0,0.0
ctx-lh-superiorparietal,15.0,9.0,5.0,646.0,0.0,0.0,13.0,1331.0,21.0,57.0,96.0,568.0,0.0,74.0,0.0,19.0,165.0,2.0,2.0,0.0,1.0,59.0,841.0,102.0,179.0,2396.0,0.0,2.0,17.0,6021.0,32.0,511.0,0.0,15.0,8.0,0.0,0.0,4.0,0.0,0.0,0.0,10.0,2.0,1.0,33.0,3.0,0.0,3.0,0.0,1.0,8.0,0.0,0.0,0.0,0.0,0.0,4.0,24.0,5.0,60.0,0.0,0.0,5.0,13.0,8.0,4.0,0.0,0.0
ctx-lh-superiortemporal,726.0,0.0,1.0,0.0,90.0,0.0,170.0,169.0,458.0,322.0,10.0,24.0,18.0,21.0,0.0,771.0,1.0,8.0,0.0,0.0,0.0,3.0,30.0,6.0,21.0,31.0,0.0,1.0,0.0,32.0,3832.0,442.0,197.0,640.0,2.0,0.0,0.0,0.0,0.0,0.0,1.0,0.0,2.0,2.0,10.0,4.0,0.0,0.0,0.0,3.0,1.0,1.0,0.0,0.0,0.0,0.0,0.0,9.0,1.0,34.0,0.0,0.0,2.0,5.0,4.0,2.0,0.0,1.0
ctx-lh-supramarginal,171.0,2.0,8.0,2.0,0.0,0.0,9.0,1375.0,21.0,281.0,15.0,12.0,0.0,3.0,0.0,50.0,14.0,1.0,6.0,0.0,0.0,0.0,1139.0,15.0,210.0,66.0,0.0,0.0,15.0,511.0,442.0,5304.0,0.0,43.0,2.0,1.0,0.0,2.0,0.0,0.0,1.0,3.0,2.0,1.0,19.0,2.0,0.0,1.0,0.0,0.0,0.0,0.0,0.0,0.0,0.0,0.0,0.0,11.0,1.0,23.0,0.0,0.0,4.0,4.0,9.0,2.0,0.0,1.0
ctx-lh-temporalpole,2.0,0.0,0.0,0.0,221.0,0.0,112.0,0.0,166.0,36.0,0.0,0.0,1.0,1.0,0.0,193.0,0.0,0.0,0.0,0.0,0.0,0.0,0.0,0.0,0.0,0.0,1.0,0.0,0.0,0.0,197.0,0.0,386.0,1.0,0.0,0.0,0.0,0.0,0.0,0.0,0.0,0.0,0.0,0.0,0.0,1.0,0.0,0.0,0.0,0.0,0.0,0.0,0.0,0.0,0.0,0.0,0.0,0.0,0.0,0.0,0.0,0.0,0.0,0.0,0.0,0.0,0.0,0.0
ctx-lh-transversetemporal,37.0,1.0,1.0,3.0,1.0,0.0,10.0,34.0,7.0,93.0,13.0,1.0,0.0,3.0,0.0,17.0,1.0,0.0,0.0,0.0,0.0,1.0,4.0,2.0,2.0,13.0,0.0,0.0,0.0,15.0,640.0,43.0,1.0,388.0,1.0,0.0,0.0,0.0,0.0,0.0,0.0,2.0,1.0,1.0,2.0,0.0,0.0,1.0,0.0,0.0,0.0,0.0,0.0,0.0,0.0,0.0,0.0,2.0,0.0,9.0,0.0,0.0,0.0,2.0,3.0,1.0,0.0,1.0
ctx-rh-bankssts,1.0,0.0,0.0,0.0,1.0,0.0,1.0,1.0,0.0,1.0,9.0,2.0,0.0,4.0,0.0,1.0,0.0,0.0,0.0,0.0,0.0,0.0,2.0,5.0,0.0,12.0,1.0,0.0,0.0,8.0,2.0,2.0,0.0,1.0,727.0,0.0,0.0,1.0,0.0,0.0,23.0,444.0,131.0,27.0,7.0,21.0,0.0,4.0,0.0,802.0,6.0,4.0,0.0,0.0,0.0,1.0,15.0,5.0,6.0,63.0,0.0,0.0,0.0,39.0,654.0,411.0,2.0,17.0
ctx-rh-caudalanteriorcingulate,0.0,135.0,32.0,0.0,0.0,0.0,0.0,0.0,0.0,8.0,0.0,0.0,2.0,0.0,4.0,0.0,5.0,0.0,10.0,2.0,8.0,0.0,1.0,22.0,12.0,2.0,58.0,39.0,140.0,0.0,0.0,1.0,0.0,0.0,0.0,1037.0,49.0,0.0,0.0,0.0,0.0,1.0,0.0,47.0,10.0,0.0,19.0,0.0,21.0,0.0,30.0,0.0,48.0,9.0,78.0,0.0,7.0,370.0,33.0,8.0,297.0,202.0,1011.0,1.0,0.0,1.0,0.0,0.0
ctx-rh-caudalmiddlefrontal,0.0,21.0,11.0,0.0,0.0,0.0,0.0,0.0,0.0,0.0,0.0,0.0,1.0,0.0,0.0,0.0,6.0,0.0,3.0,0.0,0.0,0.0,1.0,9.0,13.0,0.0,4.0,1.0,43.0,0.0,0.0,0.0,0.0,0.0,0.0,49.0,2069.0,0.0,0.0,0.0,0.0,2.0,0.0,18.0,1.0,0.0,0.0,0.0,0.0,0.0,19.0,0.0,202.0,0.0,23.0,0.0,56.0,32.0,1215.0,0.0,2.0,840.0,818.0,9.0,0.0,11.0,0.0,0.0
ctx-rh-cuneus,0.0,0.0,0.0,8.0,0.0,0.0,1.0,1.0,1.0,1.0,1.0,1.0,0.0,23.0,0.0,0.0,0.0,0.0,0.0,0.0,0.0,33.0,0.0,0.0,0.0,4.0,0.0,0.0,0.0,4.0,0.0,2.0,0.0,0.0,1.0,0.0,0.0,1564.0,0.0,0.0,48.0,19.0,24.0,2.0,9.0,498.0,0.0,186.0,0.0,9.0,0.0,1.0,0.0,0.0,0.0,1326.0,0.0,1.0,1.0,221.0,0.0,0.0,0.0,309.0,3.0,0.0,0.0,1.0
ctx-rh-entorhinal,0.0,0.0,0.0,0.0,0.0,0.0,0.0,0.0,0.0,0.0,0.0,0.0,0.0,0.0,0.0,0.0,0.0,0.0,0.0,0.0,0.0,0.0,0.0,1.0,0.0,0.0,0.0,0.0,0.0,0.0,0.0,0.0,0.0,0.0,0.0,0.0,0.0,0.0,347.0,0.0,108.0,0.0,249.0,5.0,0.0,1.0,0.0,0.0,0.0,18.0,0.0,129.0,0.0,0.0,0.0,0.0,0.0,0.0,0.0,0.0,0.0,0.0,0.0,0.0,21.0,0.0,131.0,0.0
ctx-rh-frontalpole,0.0,0.0,0.0,0.0,0.0,0.0,0.0,0.0,0.0,0.0,0.0,0.0,0.0,0.0,0.0,0.0,0.0,0.0,0.0,0.0,0.0,0.0,0.0,0.0,0.0,0.0,0.0,0.0,0.0,0.0,0.0,0.0,0.0,0.0,0.0,0.0,0.0,0.0,0.0,59.0,0.0,0.0,0.0,0.0,0.0,0.0,79.0,0.0,366.0,0.0,0.0,0.0,0.0,5.0,7.0,0.0,0.0,0.0,0.0,0.0,1.0,213.0,85.0,0.0,0.0,0.0,0.0,0.0
ctx-rh-fusiform,1.0,1.0,0.0,2.0,0.0,0.0,1.0,1.0,0.0,1.0,4.0,2.0,0.0,10.0,0.0,0.0,1.0,0.0,0.0,0.0,0.0,1.0,0.0,1.0,0.0,3.0,0.0,0.0,0.0,0.0,1.0,1.0,0.0,0.0,23.0,0.0,0.0,48.0,108.0,0.0,3342.0,37.0,1952.0,17.0,10.0,1077.0,1.0,472.0,0.0,215.0,0.0,162.0,0.0,1.0,0.0,99.0,0.0,2.0,0.0,136.0,0.0,0.0,0.0,46.0,43.0,3.0,121.0,2.0
ctx-rh-inferiorparietal,4.0,0.0,0.0,0.0,0.0,0.0,3.0,4.0,4.0,1.0,13.0,6.0,0.0,5.0,0.0,3.0,1.0,0.0,0.0,0.0,0.0,0.0,1.0,3.0,1.0,24.0,0.0,0.0,0.0,10.0,0.0,3.0,0.0,2.0,444.0,1.0,2.0,19.0,0.0,0.0,37.0,7588.0,222.0,39.0,30.0,804.0,0.0,13.0,0.0,745.0,10.0,6.0,2.0,0.0,0.0,9.0,81.0,15.0,45.0,488.0,0.0,0.0,2.0,1709.0,131.0,1199.0,0.0,10.0
ctx-rh-inferiortemporal,2.0,0.0,0.0,2.0,0.0,0.0,1.0,8.0,3.0,1.0,8.0,2.0,0.0,1.0,0.0,2.0,1.0,0.0,0.0,0.0,0.0,1.0,3.0,2.0,1.0,9.0,0.0,0.0,0.0,2.0,2.0,2.0,0.0,1.0,131.0,0.0,0.0,24.0,249.0,0.0,1952.0,222.0,2886.0,116.0,16.0,395.0,4.0,62.0,5.0,2100.0,0.0,79.0,1.0,0.0,0.0,26.0,1.0,3.0,1.0,98.0,0.0,0.0,0.0,61.0,292.0,18.0,343.0,5.0
ctx-rh-insula,0.0,8.0,5.0,1.0,0.0,0.0,1.0,1.0,0.0,2.0,0.0,0.0,0.0,0.0,0.0,1.0,3.0,0.0,0.0,0.0,0.0,0.0,0.0,9.0,4.0,10.0,3.0,1.0,11.0,1.0,2.0,1.0,0.0,1.0,27.0,47.0,18.0,2.0,5.0,0.0,17.0,39.0,116.0,1915.0,9.0,3.0,629.0,2.0,66.0,214.0,21.0,4.0,154.0,22.0,181.0,0.0,241.0,24.0,238.0,45.0,29.0,125.0,123.0,70.0,427.0,315.0,30.0,65.0
ctx-rh-isthmuscingulate,3.0,0.0,0.0,1.0,0.0,0.0,1.0,26.0,3.0,14.0,72.0,5.0,0.0,4.0,0.0,6.0,7.0,1.0,0.0,0.0,0.0,2.0,9.0,22.0,1.0,86.0,0.0,0.0,1.0,33.0,10.0,19.0,0.0,2.0,7.0,10.0,1.0,9.0,0.0,0.0,10.0,30.0,16.0,9.0,456.0,13.0,0.0,100.0,0.0,8.0,18.0,86.0,0.0,0.0,0.0,9.0,1.0,231.0,3.0,770.0,0.0,0.0,3.0,33.0,24.0,11.0,0.0,7.0
ctx-rh-lateraloccipital,0.0,0.0,0.0,1.0,0.0,0.0,0.0,5.0,4.0,3.0,2.0,5.0,0.0,11.0,0.0,0.0,0.0,0.0,0.0,0.0,0.0,4.0,1.0,2.0,1.0,13.0,0.0,0.0,2.0,3.0,4.0,2.0,1.0,0.0,21.0,0.0,0.0,498.0,1.0,0.0,1077.0,804.0,395.0,3.0,13.0,5979.0,0.0,636.0,0.0,118.0,2.0,11.0,0.0,0.0,0.0,639.0,1.0,2.0,0.0,357.0,0.0,0.0,0.0,855.0,24.0,0.0,0.0,0.0
ctx-rh-lateralorbitofrontal,0.0,5.0,0.0,0.0,0.0,0.0,0.0,0.0,0.0,0.0,0.0,0.0,1.0,0.0,1.0,0.0,0.0,0.0,0.0,0.0,0.0,0.0,0.0,0.0,0.0,0.0,6.0,0.0,3.0,0.0,0.0,0.0,0.0,0.0,0.0,19.0,0.0,0.0,0.0,79.0,1.0,0.0,4.0,629.0,0.0,0.0,3214.0,0.0,2053.0,7.0,0.0,0.0,3.0,734.0,239.0,0.0,1.0,2.0,0.0,0.0,227.0,530.0,60.0,0.0,9.0,0.0,5.0,0.0
ctx-rh-lingual,1.0,0.0,0.0,0.0,0.0,0.0,3.0,7.0,1.0,0.0,7.0,18.0,0.0,194.0,0.0,0.0,0.0,0.0,0.0,0.0,0.0,16.0,0.0,0.0,0.0,8.0,0.0,0.0,0.0,3.0,0.0,1.0,0.0,1.0,4.0,0.0,0.0,186.0,0.0,0.0,472.0,13.0,62.0,2.0,100.0,636.0,0.0,3987.0,0.0,21.0,0.0,187.0,0.0,0.0,0.0,1235.0,0.0,0.0,0.0,301.0,0.0,0.0,0.0,42.0,14.0,1.0,0.0,0.0
ctx-rh-medialorbitofrontal,0.0,4.0,0.0,0.0,0.0,0.0,0.0,0.0,0.0,0.0,0.0,0.0,0.0,0.0,2.0,0.0,0.0,0.0,1.0,0.0,0.0,0.0,0.0,0.0,0.0,0.0,9.0,1.0,3.0,0.0,0.0,0.0,0.0,0.0,0.0,21.0,0.0,0.0,0.0,366.0,0.0,0.0,5.0,66.0,0.0,0.0,2053.0,0.0,1809.0,2.0,0.0,0.0,1.0,101.0,51.0,0.0,0.0,0.0,0.0,0.0,400.0,988.0,336.0,0.0,1.0,0.0,0.0,0.0
ctx-rh-middletemporal,1.0,0.0,0.0,0.0,0.0,0.0,2.0,4.0,0.0,0.0,2.0,1.0,0.0,0.0,0.0,1.0,0.0,0.0,0.0,0.0,0.0,1.0,0.0,0.0,1.0,10.0,0.0,0.0,0.0,1.0,3.0,0.0,0.0,0.0,802.0,0.0,0.0,9.0,18.0,0.0,215.0,745.0,2100.0,214.0,8.0,118.0,7.0,21.0,2.0,4382.0,3.0,18.0,0.0,1.0,0.0,7.0,2.0,2.0,6.0,104.0,0.0,1.0,0.0,52.0,776.0,37.0,234.0,4.0
ctx-rh-paracentral,0.0,7.0,6.0,0.0,0.0,0.0,0.0,1.0,0.0,4.0,7.0,1.0,0.0,0.0,0.0,0.0,18.0,0.0,0.0,0.0,0.0,0.0,7.0,40.0,21.0,9.0,0.0,0.0,27.0,8.0,1.0,0.0,0.0,0.0,6.0,30.0,19.0,0.0,0.0,0.0,0.0,10.0,0.0,21.0,18.0,2.0,0.0,0.0,0.0,3.0,2085.0,0.0,5.0,0.0,0.0,0.0,504.0,419.0,614.0,334.0,0.0,8.0,480.0,196.0,7.0,26.0,0.0,3.0
ctx-rh-parahippocampal,1.0,0.0,0.0,0.0,0.0,0.0,1.0,3.0,0.0,0.0,4.0,0.0,0.0,0.0,0.0,2.0,0.0,0.0,0.0,0.0,0.0,0.0,1.0,0.0,0.0,3.0,0.0,0.0,0.0,0.0,1.0,0.0,0.0,0.0,4.0,0.0,0.0,1.0,129.0,0.0,162.0,6.0,79.0,4.0,86.0,11.0,0.0,187.0,0.0,18.0,0.0,494.0,0.0,0.0,0.0,7.0,0.0,1.0,0.0,26.0,0.0,0.0,0.0,2.0,5.0,0.0,0.0,0.0
ctx-rh-parsopercularis,0.0,12.0,6.0,0.0,0.0,0.0,0.0,0.0,0.0,3.0,0.0,0.0,0.0,0.0,0.0,0.0,1.0,0.0,0.0,0.0,1.0,0.0,0.0,3.0,2.0,0.0,3.0,1.0,21.0,0.0,0.0,0.0,0.0,0.0,0.0,48.0,202.0,0.0,0.0,0.0,0.0,2.0,1.0,154.0,0.0,0.0,3.0,0.0,1.0,0.0,5.0,0.0,1300.0,3.0,362.0,0.0,36.0,10.0,522.0,1.0,4.0,355.0,172.0,2.0,0.0,11.0,0.0,1.0
ctx-rh-parsorbitalis,0.0,0.0,0.0,0.0,0.0,0.0,0.0,0.0,0.0,0.0,0.0,0.0,0.0,0.0,0.0,0.0,0.0,0.0,0.0,0.0,0.0,0.0,0.0,0.0,0.0,0.0,0.0,0.0,0.0,0.0,0.0,0.0,0.0,0.0,0.0,9.0,0.0,0.0,0.0,5.0,1.0,0.0,0.0,22.0,0.0,0.0,734.0,0.0,101.0,1.0,0.0,0.0,3.0,559.0,378.0,0.0,0.0,1.0,3.0,0.0,48.0,706.0,71.0,0.0,0.0,0.0,0.0,0.0
ctx-rh-parstriangularis,0.0,14.0,3.0,0.0,0.0,0.0,0.0,0.0,0.0,2.0,0.0,0.0,0.0,0.0,1.0,0.0,0.0,0.0,1.0,0.0,0.0,0.0,0.0,1.0,0.0,0.0,4.0,3.0,12.0,0.0,0.0,0.0,0.0,0.0,0.0,78.0,23.0,0.0,0.0,7.0,0.0,0.0,0.0,181.0,0.0,0.0,239.0,0.0,51.0,0.0,0.0,0.0,362.0,378.0,1610.0,0.0,3.0,6.0,31.0,0.0,99.0,1128.0,226.0,0.0,1.0,0.0,0.0,0.0
ctx-rh-pericalcarine,0.0,0.0,0.0,0.0,0.0,0.0,0.0,3.0,0.0,0.0,2.0,3.0,0.0,61.0,0.0,0.0,0.0,0.0,0.0,0.0,0.0,11.0,0.0,0.0,0.0,4.0,0.0,0.0,0.0,0.0,0.0,0.0,0.0,0.0,1.0,0.0,0.0,1326.0,0.0,0.0,99.0,9.0,26.0,0.0,9.0,639.0,0.0,1235.0,0.0,7.0,0.0,7.0,0.0,0.0,0.0,773.0,0.0,0.0,0.0,209.0,0.0,0.0,0.0,58.0,3.0,0.0,0.0,0.0
ctx-rh-postcentral,0.0,6.0,2.0,0.0,0.0,0.0,0.0,2.0,0.0,0.0,1.0,1.0,1.0,0.0,0.0,0.0,5.0,0.0,2.0,0.0,0.0,0.0,1.0,15.0,6.0,0.0,2.0,0.0,19.0,4.0,0.0,0.0,0.0,0.0,15.0,7.0,56.0,0.0,0.0,0.0,0.0,81.0,1.0,241.0,1.0,1.0,1.0,0.0,0.0,2.0,504.0,0.0,36.0,0.0,3.0,0.0,5632.0,28.0,1732.0,118.0,0.0,11.0,77.0,581.0,13.0,1316.0,0.0,4.0
ctx-rh-posteriorcingulate,2.0,20.0,18.0,0.0,0.0,0.0,1.0,11.0,1.0,9.0,18.0,3.0,0.0,1.0,0.0,1.0,43.0,0.0,7.0,0.0,1.0,0.0,13.0,127.0,53.0,41.0,4.0,2.0,58.0,24.0,9.0,11.0,0.0,2.0,5.0,370.0,32.0,1.0,0.0,0.0,2.0,15.0,3.0,24.0,231.0,2.0,2.0,0.0,0.0,2.0,419.0,1.0,10.0,1.0,6.0,0.0,28.0,1192.0,88.0,416.0,19.0,18.0,420.0,46.0,15.0,34.0,0.0,4.0
ctx-rh-precentral,0.0,23.0,23.0,0.0,0.0,0.0,0.0,1.0,0.0,1.0,1.0,0.0,0.0,0.0,1.0,0.0,9.0,0.0,1.0,2.0,0.0,0.0,4.0,44.0,28.0,7.0,2.0,0.0,37.0,5.0,1.0,1.0,0.0,0.0,6.0,33.0,1215.0,1.0,0.0,0.0,0.0,45.0,1.0,238.0,3.0,0.0,0.0,0.0,0.0,6.0,614.0,0.0,522.0,3.0,31.0,0.0,1732.0,88.0,7194.0,52.0,1.0,134.0,748.0,162.0,8.0,244.0,0.0,2.0
ctx-rh-precuneus,11.0,2.0,0.0,5.0,0.0,0.0,10.0,63.0,16.0,8.0,89.0,18.0,0.0,18.0,0.0,14.0,15.0,3.0,1.0,0.0,0.0,14.0,14.0,51.0,15.0,326.0,0.0,0.0,9.0,60.0,34.0,23.0,0.0,9.0,63.0,8.0,0.0,221.0,0.0,0.0,136.0,488.0,98.0,45.0,770.0,357.0,0.0,301.0,0.0,104.0,334.0,26.0,1.0,0.0,0.0,209.0,118.0,416.0,52.0,5566.0,0.0,0.0,23.0,2095.0,97.0,93.0,1.0,24.0
ctx-rh-rostralanteriorcingulate,0.0,30.0,1.0,0.0,0.0,0.0,0.0,0.0,0.0,0.0,1.0,0.0,2.0,0.0,3.0,0.0,2.0,0.0,0.0,1.0,5.0,0.0,0.0,5.0,0.0,1.0,48.0,7.0,12.0,0.0,0.0,0.0,0.0,0.0,0.0,297.0,2.0,0.0,0.0,1.0,0.0,0.0,0.0,29.0,0.0,0.0,227.0,0.0,400.0,0.0,0.0,0.0,4.0,48.0,99.0,0.0,0.0,19.0,1.0,0.0,969.0,178.0,306.0,0.0,0.0,0.0,0.0,0.0
ctx-rh-rostralmiddlefrontal,0.0,41.0,8.0,0.0,0.0,0.0,0.0,0.0,0.0,1.0,0.0,0.0,0.0,0.0,0.0,0.0,2.0,0.0,2.0,0.0,3.0,0.0,0.0,6.0,3.0,0.0,13.0,9.0,46.0,0.0,0.0,0.0,0.0,0.0,0.0,202.0,840.0,0.0,0.0,213.0,0.0,0.0,0.0,125.0,0.0,0.0,530.0,0.0,988.0,1.0,8.0,0.0,355.0,706.0,1128.0,0.0,11.0,18.0,134.0,0.0,178.0,7136.0,3146.0,3.0,0.0,2.0,0.0,0.0
ctx-rh-superiorfrontal,0.0,124.0,44.0,0.0,0.0,0.0,0.0,2.0,0.0,8.0,1.0,0.0,2.0,0.0,3.0,0.0,17.0,0.0,18.0,0.0,5.0,0.0,10.0,46.0,46.0,3.0,36.0,23.0,156.0,5.0,2.0,4.0,0.0,0.0,0.0,1011.0,818.0,0.0,0.0,85.0,0.0,2.0,0.0,123.0,3.0,0.0,60.0,0.0,336.0,0.0,480.0,0.0,172.0,71.0,226.0,0.0,77.0,420.0,748.0,23.0,306.0,3146.0,9876.0,15.0,1.0,10.0,0.0,0.0
ctx-rh-superiorparietal,0.0,2.0,1.0,1.0,0.0,0.0,0.0,13.0,2.0,2.0,11.0,2.0,0.0,7.0,0.0,3.0,4.0,0.0,0.0,0.0,0.0,1.0,0.0,13.0,2.0,29.0,0.0,0.0,4.0,13.0,5.0,4.0,0.0,2.0,39.0,1.0,9.0,309.0,0.0,0.0,46.0,1709.0,61.0,70.0,33.0,855.0,0.0,42.0,0.0,52.0,196.0,2.0,2.0,0.0,0.0,58.0,581.0,46.0,162.0,2095.0,0.0,3.0,15.0,5679.0,60.0,512.0,1.0,15.0
ctx-rh-superiortemporal,3.0,0.0,0.0,0.0,0.0,0.0,2.0,2.0,3.0,1.0,10.0,0.0,0.0,2.0,0.0,3.0,2.0,0.0,1.0,0.0,0.0,0.0,2.0,9.0,0.0,18.0,1.0,0.0,0.0,8.0,4.0,9.0,0.0,3.0,654.0,0.0,0.0,3.0,21.0,0.0,43.0,131.0,292.0,427.0,24.0,24.0,9.0,14.0,1.0,776.0,7.0,5.0,0.0,0.0,1.0,3.0,13.0,15.0,8.0,97.0,0.0,0.0,1.0,60.0,4236.0,286.0,196.0,664.0
ctx-rh-supramarginal,1.0,1.0,0.0,0.0,0.0,0.0,0.0,4.0,0.0,0.0,6.0,1.0,0.0,1.0,0.0,0.0,2.0,0.0,0.0,0.0,0.0,0.0,2.0,9.0,0.0,4.0,0.0,1.0,5.0,4.0,2.0,2.0,0.0,1.0,411.0,1.0,11.0,0.0,0.0,0.0,3.0,1199.0,18.0,315.0,11.0,0.0,0.0,1.0,0.0,37.0,26.0,0.0,11.0,0.0,0.0,0.0,1316.0,34.0,244.0,93.0,0.0,2.0,10.0,512.0,286.0,5293.0,0.0,18.0
ctx-rh-temporalpole,0.0,0.0,0.0,0.0,0.0,0.0,0.0,0.0,0.0,0.0,0.0,0.0,0.0,0.0,0.0,0.0,0.0,0.0,0.0,0.0,0.0,0.0,0.0,0.0,0.0,0.0,0.0,0.0,0.0,0.0,0.0,0.0,0.0,0.0,2.0,0.0,0.0,0.0,131.0,0.0,121.0,0.0,343.0,30.0,0.0,0.0,5.0,0.0,0.0,234.0,0.0,0.0,0.0,0.0,0.0,0.0,0.0,0.0,0.0,1.0,0.0,0.0,0.0,1.0,196.0,0.0,329.0,0.0
ctx-rh-transversetemporal,0.0,0.0,0.0,0.0,0.0,0.0,0.0,1.0,0.0,3.0,2.0,1.0,0.0,1.0,0.0,0.0,0.0,0.0,0.0,0.0,0.0,0.0,0.0,3.0,0.0,4.0,0.0,0.0,0.0,0.0,1.0,1.0,0.0,1.0,17.0,0.0,0.0,1.0,0.0,0.0,2.0,10.0,5.0,65.0,7.0,0.0,0.0,0.0,0.0,4.0,3.0,0.0,1.0,0.0,0.0,0.0,4.0,4.0,2.0,24.0,0.0,0.0,0.0,15.0,664.0,18.0,0.0,242.0
