,ctx-lh-bankssts,ctx-lh-caudalanteriorcingulate,ctx-lh-caudalmiddlefrontal,ctx-lh-cuneus,ctx-lh-entorhinal,ctx-lh-frontalpole,ctx-lh-fusiform,ctx-lh-inferiorparietal,ctx-lh-inferiortemporal,ctx-lh-insula,ctx-lh-isthmuscingulate,ctx-lh-lateraloccipital,ctx-lh-lateralorbitofrontal,ctx-lh-lingual,ctx-lh-medialorbitofrontal,ctx-lh-middletemporal,ctx-lh-paracentral,ctx-lh-parahippocampal,ctx-lh-parsopercularis,ctx-lh-parsorbitalis,ctx-lh-parstriangularis,ctx-lh-pericalcarine,ctx-lh-postcentral,ctx-lh-posteriorcingulate,ctx-lh-precentral,ctx-lh-precuneus,ctx-lh-rostralanteriorcingulate,ctx-lh-rostralmiddlefrontal,ctx-lh-superiorfrontal,ctx-lh-superiorparietal,ctx-lh-superiortemporal,ctx-lh-supramarginal,ctx-lh-temporalpole,ctx-lh-transversetemporal,ctx-rh-bankssts,ctx-rh-caudalanteriorcingulate,ctx-rh-caudalmiddlefrontal,ctx-rh-cuneus,ctx-rh-entorhinal,ctx-rh-frontalpole,ctx-rh-fusiform,ctx-rh-inferiorparietal,ctx-rh-inferiortemporal,ctx-rh-insula,ctx-rh-isthmuscingulate,ctx-rh-lateraloccipital,ctx-rh-lateralorbitofrontal,ctx-rh-lingual,ctx-rh-medialorbitofrontal,ctx-rh-middletemporal,ctx-rh-paracentral,ctx-rh-parahippocampal,ctx-rh-parsopercularis,ctx-rh-parsorbitalis,ctx-rh-parstriangularis,ctx-rh-pericalcarine,ctx-rh-postcentral,ctx-rh-posteriorcingulate,ctx-rh-precentral,ctx-rh-precuneus,ctx-rh-rostralanteriorcingulate,ctx-rh-rostralmiddlefrontal,ctx-rh-superiorfrontal,ctx-rh-superiorparietal,ctx-rh-superiortemporal,ctx-rh-supramarginal,ctx-rh-temporalpole,ctx-rh-transversetemporal
ctx-lh-bankssts,623.0,0.0,1.0,2.0,0.0,0.0,17.0,398.0,172.0,16.0,3.0,35.0,0.0,6.0,0.0,754.0,0.0,2.0,1.0,0.0,0.0,3.0,9.0,2.0,6.0,11.0,0.0,0.0,0.0,28.0,919.0,265.0,0.0,21.0,2.0,0.0,0.0,2.0,0.0,0.0,0.0,0.0,1.0,0.0,3.0,1.0,0.0,1.0,0.0,3.0,0.0,0.0,0.0,0.0,0.0,0.0,0.0,3.0,0.0,3.0,0.0,0.0,0.0,1.0,3.0,0.0,0.0,0.0
ctx-lh-caudalanteriorcingulate,0.0,424.0,36.0,0.0,0.0,1.0,0.0,0.0,0.0,8.0,11.0,0.0,16.0,0.0,25.0,0.0,10.0,0.0,29.0,6.0,25.0,0.0,3.0,234.0,18.0,4.0,370.0,131.0,730.0,1.0,0.0,3.0,0.0,0.0,0.0,85.0,16.0,0.0,0.0,0.0,0.0,0.0,0.0,14.0,0.0,0.0,3.0,0.0,9.0,0.0,4.0,0.0,14.0,4.0,14.0,0.0,0.0,17.0,14.0,4.0,32.0,40.0,147.0,0.0,0.0,0.0,0.0,0.0
ctx-lh-caudalmiddlefrontal,1.0,36.0,2854.0,0.0,0.0,0.0,0.0,0.0,0.0,32.0,0.0,0.0,0.0,0.0,0.0,0.0,12.0,0.0,358.0,1.0,22.0,0.0,16.0,15.0,952.0,0.0,2.0,584.0,1344.0,1.0,0.0,1.0,0.0,0.0,0.0,26.0,5.0,0.0,0.0,0.0,0.0,0.0,0.0,3.0,0.0,0.0,0.0,0.0,0.0,0.0,2.0,0.0,8.0,0.0,2.0,0.0,0.0,15.0,11.0,0.0,1.0,6.0,45.0,0.0,0.0,1.0,0.0,0.0
ctx-lh-cuneus,2.0,0.0,0.0,1688.0,1.0,0.0,5.0,61.0,7.0,1.0,72.0,348.0,0.0,152.0,0.0,7.0,0.0,1.0,0.0,0.0,0.0,1180.0,0.0,2.0,0.0,322.0,0.0,0.0,0.0,644.0,4.0,2.0,0.0,1.0,1.0,0.0,0.0,93.0,0.0,0.0,3.0,5.0,3.0,2.0,10.0,26.0,0.0,39.0,0.0,5.0,2.0,1.0,0.0,0.0,0.0,36.0,1.0,1.0,0.0,24.0,0.0,0.0,0.0,25.0,1.0,4.0,0.0,0.0
ctx-lh-entorhinal,0.0,0.0,0.0,1.0,362.0,0.0,451.0,0.0,70.0,3.0,0.0,1.0,0.0,2.0,0.0,43.0,0.0,148.0,0.0,0.0,0.0,0.0,0.0,0.0,0.0,0.0,0.0,0.0,0.0,0.0,33.0,2.0,140.0,0.0,0.0,0.0,0.0,0.0,0.0,0.0,0.0,1.0,0.0,0.0,0.0,0.0,0.0,0.0,0.0,0.0,0.0,0.0,0.0,0.0,0.0,0.0,1.0,0.0,0.0,0.0,0.0,0.0,0.0,0.0,0.0,0.0,0.0,0.0
ctx-lh-frontalpole,0.0,1.0,0.0,0.0,0.0,64.0,0.0,0.0,0.0,0.0,0.0,0.0,86.0,0.0,258.0,0.0,0.0,0.0,0.0,7.0,1.0,0.0,0.0,0.0,0.0,0.0,13.0,191.0,81.0,0.0,0.0,0.0,0.0,0.0,0.0,0.0,0.0,0.0,0.0,0.0,0.0,0.0,0.0,0.0,0.0,0.0,0.0,0.0,0.0,0.0,0.0,0.0,0.0,1.0,1.0,0.0,0.0,0.0,0.0,0.0,1.0,0.0,2.0,0.0,0.0,0.0,0.0,0.0
ctx-lh-fusiform,17.0,0.0,0.0,5.0,451.0,0.0,2525.0,99.0,1301.0,60.0,10.0,1165.0,1.0,432.0,0.0,320.0,0.0,97.0,0.0,0.0,0.0,40.0,2.0,0.0,0.0,10.0,0.0,1.0,1.0,19.0,185.0,10.0,170.0,4.0,0.0,0.0,0.0,0.0,0.0,0.0,0.0,2.0,2.0,0.0,5.0,4.0,0.0,0.0,0.0,2.0,1.0,1.0,0.0,0.0,0.0,2.0,0.0,0.0,0.0,5.0,0.0,0.0,0.0,5.0,1.0,0.0,0.0,0.0
ctx-lh-inferiorparietal,398.0,0.0,0.0,61.0,0.0,0.0,99.0,6204.0,231.0,43.0,46.0,1287.0,0.0,40.0,0.0,455.0,4.0,0.0,1.0,0.0,0.0,36.0,86.0,12.0,28.0,176.0,0.0,0.0,0.0,1398.0,146.0,854.0,0.0,13.0,2.0,0.0,0.0,5.0,0.0,0.0,2.0,8.0,9.0,3.0,14.0,10.0,0.0,5.0,0.0,6.0,2.0,1.0,0.0,0.0,0.0,6.0,3.0,13.0,0.0,29.0,0.0,0.0,0.0,9.0,7.0,0.0,0.0,1.0
ctx-lh-inferiortemporal,172.0,0.0,0.0,7.0,70.0,0.0,1301.0,231.0,2935.0,70.0,8.0,286.0,2.0,106.0,0.0,1454.0,0.0,31.0,0.0,0.0,0.0,15.0,5.0,5.0,0.0,18.0,0.0,0.0,0.0,30.0,267.0,41.0,53.0,6.0,1.0,0.0,0.0,2.0,0.0,0.0,0.0,5.0,1.0,2.0,5.0,7.0,0.0,1.0,0.0,0.0,1.0,0.0,0.0,0.0,0.0,1.0,0.0,0.0,0.0,14.0,0.0,0.0,1.0,6.0,2.0,0.0,0.0,1.0
ctx-lh-insula,16.0,8.0,32.0,1.0,3.0,0.0,60.0,43.0,70.0,1517.0,9.0,17.0,381.0,9.0,13.0,110.0,9.0,4.0,219.0,11.0,78.0,1.0,397.0,15.0,406.0,19.0,6.0,65.0,62.0,76.0,243.0,320.0,7.0,76.0,1.0,6.0,2.0,0.0,0.0,0.0,1.0,1.0,0.0,1.0,8.0,2.0,0.0,2.0,0.0,1.0,1.0,0.0,0.0,0.0,3.0,0.0,0.0,6.0,3.0,5.0,0.0,3.0,13.0,4.0,1.0,1.0,0.0,0.0
ctx-lh-isthmuscingulate,3.0,11.0,0.0,72.0,0.0,0.0,10.0,46.0,8.0,9.0,569.0,38.0,0.0,159.0,0.0,12.0,20.0,48.0,0.0,0.0,0.0,43.0,9.0,421.0,12.0,776.0,0.0,0.0,20.0,140.0,22.0,17.0,0.0,6.0,5.0,3.0,0.0,12.0,0.0,0.0,12.0,22.0,6.0,9.0,74.0,23.0,0.0,17.0,0.0,9.0,6.0,0.0,0.0,0.0,0.0,14.0,2.0,37.0,3.0,79.0,0.0,0.0,2.0,26.0,8.0,7.0,0.0,1.0
ctx-lh-lateraloccipital,35.0,0.0,0.0,348.0,1.0,0.0,1165.0,1287.0,286.0,17.0,38.0,7611.0,0.0,921.0,0.0,180.0,1.0,9.0,0.0,0.0,1.0,750.0,3.0,1.0,5.0,93.0,0.0,0.0,0.0,408.0,27.0,12.0,0.0,8.0,3.0,0.0,0.0,8.0,0.0,0.0,2.0,12.0,2.0,2.0,16.0,32.0,0.0,7.0,0.0,6.0,2.0,2.0,0.0,0.0,0.0,9.0,0.0,4.0,0.0,43.0,0.0,0.0,0.0,18.0,6.0,1.0,0.0,0.0
ctx-lh-lateralorbitofrontal,0.0,16.0,0.0,0.0,0.0,86.0,1.0,0.0,2.0,381.0,0.0,0.0,3552.0,0.0,1111.0,2.0,0.0,0.0,20.0,505.0,290.0,0.0,1.0,1.0,4.0,0.0,96.0,740.0,83.0,0.0,2.0,0.0,1.0,1.0,0.0,5.0,0.0,0.0,0.0,0.0,0.0,0.0,0.0,0.0,0.0,0.0,1.0,0.0,4.0,0.0,0.0,0.0,0.0,1.0,1.0,0.0,0.0,0.0,0.0,0.0,5.0,5.0,13.0,0.0,0.0,0.0,0.0,0.0
ctx-lh-lingual,6.0,0.0,0.0,152.0,2.0,0.0,432.0,40.0,106.0,9.0,159.0,921.0,0.0,3894.0,0.0,32.0,0.0,140.0,0.0,0.0,0.0,904.0,2.0,1.0,0.0,89.0,0.0,0.0,0.0,51.0,29.0,4.0,1.0,3.0,1.0,0.0,0.0,7.0,0.0,0.0,7.0,9.0,1.0,1.0,15.0,14.0,0.0,15.0,0.0,2.0,0.0,0.0,0.0,0.0,0.0,6.0,0.0,2.0,1.0,30.0,0.0,0.0,0.0,10.0,2.0,2.0,0.0,0.0
ctx-lh-medialorbitofrontal,0.0,25.0,0.0,0.0,0.0,258.0,0.0,0.0,0.0,13.0,0.0,0.0,1111.0,0.0,1747.0,0.0,0.0,0.0,1.0,32.0,17.0,0.0,0.0,1.0,0.0,0.0,465.0,509.0,312.0,0.0,0.0,0.0,0.0,0.0,0.0,6.0,0.0,0.0,0.0,0.0,0.0,0.0,0.0,0.0,0.0,0.0,6.0,0.0,20.0,0.0,0.0,0.0,0.0,3.0,4.0,0.0,0.0,0.0,0.0,0.0,22.0,3.0,16.0,0.0,0.0,0.0,0.0,0.0
ctx-lh-middletemporal,754.0,0.0,0.0,7.0,43.0,0.0,320.0,455.0,1454.0,110.0,12.0,180.0,2.0,32.0,0.0,2624.0,3.0,8.0,0.0,0.0,0.0,6.0,10.0,4.0,3.0,18.0,0.0,0.0,1.0,48.0,971.0,82.0,148.0,35.0,1.0,0.0,0.0,1.0,0.0,0.0,1.0,2.0,2.0,4.0,1.0,4.0,0.0,1.0,0.0,0.0,2.0,0.0,0.0,0.0,0.0,0.0,0.0,2.0,0.0,11.0,0.0,0.0,0.0,2.0,3.0,1.0,0.0,1.0
ctx-lh-paracentral,0.0,10.0,12.0,0.0,0.0,0.0,0.0,4.0,0.0,9.0,20.0,1.0,0.0,0.0,0.0,3.0,1806.0,0.0,4.0,0.0,0.0,0.0,461.0,343.0,964.0,226.0,1.0,1.0,399.0,185.0,6.0,5.0,0.0,3.0,0.0,9.0,2.0,0.0,0.0,0.0,1.0,5.0,3.0,0.0,9.0,0.0,0.0,0.0,0.0,1.0,15.0,0.0,2.0,0.0,0.0,0.0,1.0,35.0,7.0,14.0,0.0,2.0,25.0,8.0,2.0,2.0,0.0,0.0
ctx-lh-parahippocampal,2.0,0.0,0.0,1.0,148.0,0.0,97.0,0.0,31.0,4.0,48.0,9.0,0.0,140.0,0.0,8.0,0.0,379.0,0.0,0.0,0.0,2.0,0.0,2.0,0.0,6.0,0.0,0.0,0.0,3.0,12.0,0.0,2.0,1.0,0.0,0.0,0.0,1.0,0.0,0.0,0.0,0.0,0.0,0.0,3.0,4.0,0.0,1.0,0.0,0.0,0.0,0.0,0.0,0.0,0.0,1.0,0.0,0.0,0.0,4.0,0.0,0.0,0.0,2.0,0.0,0.0,0.0,0.0
ctx-lh-parsopercularis,1.0,29.0,358.0,0.0,0.0,0.0,0.0,1.0,0.0,219.0,0.0,0.0,20.0,0.0,1.0,0.0,4.0,0.0,2089.0,5.0,583.0,0.0,23.0,7.0,646.0,0.0,7.0,507.0,277.0,0.0,2.0,6.0,0.0,0.0,0.0,15.0,8.0,0.0,0.0,0.0,0.0,0.0,0.0,0.0,0.0,0.0,2.0,0.0,0.0,0.0,1.0,0.0,3.0,0.0,2.0,0.0,1.0,5.0,4.0,0.0,2.0,15.0,35.0,0.0,0.0,0.0,0.0,0.0
ctx-lh-parsorbitalis,0.0,6.0,1.0,0.0,0.0,7.0,0.0,0.0,0.0,11.0,0.0,0.0,505.0,0.0,32.0,0.0,0.0,0.0,5.0,332.0,347.0,0.0,0.0,0.0,1.0,0.0,10.0,536.0,33.0,0.0,0.0,0.0,0.0,0.0,0.0,0.0,0.0,0.0,0.0,0.0,0.0,0.0,0.0,0.0,0.0,0.0,0.0,0.0,1.0,0.0,0.0,0.0,0.0,0.0,2.0,0.0,0.0,0.0,0.0,0.0,0.0,2.0,5.0,0.0,0.0,0.0,0.0,0.0
ctx-lh-parstriangularis,0.0,25.0,22.0,0.0,0.0,1.0,0.0,0.0,0.0,78.0,0.0,1.0,290.0,0.0,17.0,0.0,0.0,0.0,583.0,347.0,1153.0,0.0,1.0,0.0,19.0,0.0,24.0,817.0,137.0,0.0,0.0,0.0,0.0,0.0,0.0,14.0,2.0,0.0,0.0,0.0,0.0,0.0,0.0,0.0,0.0,0.0,4.0,0.0,2.0,0.0,0.0,0.0,0.0,1.0,3.0,0.0,0.0,0.0,0.0,0.0,8.0,17.0,17.0,0.0,0.0,0.0,0.0,0.0
ctx-lh-pericalcarine,3.0,0.0,0.0,1180.0,0.0,0.0,40.0,36.0,15.0,1.0,43.0,750.0,0.0,904.0,0.0,6.0,0.0,2.0,0.0,0.0,0.0,754.0,1.0,1.0,0.0,133.0,0.0,0.0,0.0,100.0,7.0,2.0,0.0,1.0,3.0,0.0,0.0,10.0,0.0,0.0,4.0,0.0,5.0,3.0,14.0,13.0,0.0,21.0,0.0,2.0,1.0,4.0,0.0,0.0,0.0,8.0,0.0,1.0,1.0,27.0,0.0,0.0,0.0,6.0,5.0,0.0,0.0,1.0
ctx-lh-postcentral,9.0,3.0,16.0,0.0,0.0,0.0,2.0,86.0,5.0,397.0,9.0,3.0,1.0,2.0,0.0,10.0,461.0,0.0,23.0,0.0,1.0,1.0,5196.0,33.0,1842.0,102.0,0.0,2.0,41.0,702.0,30.0,1061.0,1.0,13.0,0.0,0.0,0.0,1.0,0.0,0.0,0.0,4.0,1.0,3.0,9.0,1.0,0.0,1.0,0.0,3.0,9.0,0.0,0.0,0.0,0.0,2.0,0.0,18.0,4.0,8.0,0.0,0.0,5.0,7.0,2.0,1.0,0.0,1.0
ctx-lh-posteriorcingulate,2.0,234.0,15.0,2.0,0.0,0.0,0.0,12.0,5.0,15.0,421.0,1.0,1.0,1.0,1.0,4.0,343.0,2.0,7.0,0.0,0.0,1.0,33.0,1324.0,116.0,505.0,13.0,17.0,437.0,87.0,9.0,13.0,0.0,5.0,3.0,29.0,10.0,2.0,0.0,0.0,2.0,5.0,1.0,7.0,16.0,5.0,1.0,0.0,0.0,7.0,25.0,0.0,2.0,0.0,0.0,0.0,5.0,132.0,22.0,22.0,3.0,4.0,55.0,12.0,10.0,7.0,0.0,5.0
ctx-lh-precentral,6.0,18.0,952.0,0.0,0.0,0.0,0.0,28.0,0.0,406.0,12.0,5.0,4.0,0.0,0.0,3.0,964.0,0.0,646.0,1.0,19.0,0.0,1842.0,116.0,7181.0,47.0,0.0,36.0,992.0,209.0,17.0,177.0,0.0,4.0,1.0,14.0,11.0,0.0,0.0,0.0,0.0,2.0,2.0,1.0,3.0,1.0,0.0,0.0,0.0,2.0,7.0,0.0,4.0,0.0,0.0,0.0,1.0,34.0,17.0,8.0,1.0,4.0,49.0,2.0,1.0,2.0,0.0,0.0
ctx-lh-precuneus,11.0,4.0,0.0,322.0,0.0,0.0,10.0,176.0,18.0,19.0,776.0,93.0,0.0,89.0,0.0,18.0,226.0,6.0,0.0,0.0,0.0,133.0,102.0,505.0,47.0,3095.0,0.0,2.0,19.0,1674.0,42.0,38.0,0.0,10.0,6.0,2.0,0.0,16.0,0.0,0.0,6.0,26.0,8.0,5.0,53.0,15.0,0.0,15.0,0.0,8.0,15.0,1.0,0.0,0.0,2.0,13.0,3.0,32.0,3.0,79.0,0.0,0.0,2.0,33.0,19.0,4.0,0.0,6.0
ctx-lh-rostralanteriorcingulate,0.0,370.0,2.0,0.0,0.0,13.0,0.0,0.0,0.0,6.0,0.0,0.0,96.0,0.0,465.0,0.0,1.0,0.0,7.0,10.0,24.0,0.0,0.0,13.0,0.0,0.0,912.0,161.0,395.0,0.0,0.0,0.0,0.0,0.0,0.0,44.0,1.0,0.0,0.0,0.0,0.0,0.0,0.0,2.0,0.0,0.0,21.0,0.0,63.0,0.0,0.0,0.0,2.0,11.0,11.0,0.0,0.0,1.0,1.0,1.0,126.0,36.0,93.0,0.0,0.0,0.0,0.0,0.0
ctx-lh-rostralmiddlefrontal,0.0,131.0,584.0,0.0,0.0,191.0,1.0,0.0,0.0,65.0,0.0,0.0,740.0,0.0,509.0,0.0,1.0,0.0,507.0,536.0,817.0,0.0,2.0,17.0,36.0,2.0,161.0,6206.0,2542.0,1.0,0.0,0.0,0.0,0.0,0.0,62.0,9.0,0.0,0.0,0.0,0.0,0.0,0.0,9.0,0.0,0.0,3.0,0.0,10.0,0.0,1.0,0.0,10.0,8.0,22.0,0.0,0.0,2.0,1.0,0.0,40.0,70.0,107.0,0.0,0.0,0.0,0.0,0.0
ctx-lh-superiorfrontal,0.0,730.0,1344.0,0.0,0.0,81.0,1.0,0.0,0.0,62.0,20.0,0.0,83.0,0.0,312.0,1.0,399.0,0.0,277.0,33.0,137.0,0.0,41.0,437.0,992.0,19.0,395.0,2542.0,12712.0,14.0,1.0,2.0,0.0,0.0,0.0,162.0,41.0,0.0,0.0,1.0,0.0,2.0,0.0,16.0,3.0,0.0,9.0,0.0,11.0,0.0,16.0,0.0,29.0,4.0,26.0,0.0,7.0,76.0,41.0,3.0,37.0,85.0,319.0,5.0,0.0,1.0,0.0,0.0
ctx-lh-superiorparietal,28.0,1.0,1.0,644.0,0.0,0.0,19.0,1398.0,30.0,76.0,140.0,408.0,0.0,51.0,0.0,48.0,185.0,3.0,0.0,0.0,0.0,100.0,702.0,87.0,209.0,1674.0,0.0,1.0,14.0,5792.0,64.0,565.0,2.0,24.0,6.0,1.0,0.0,16.0,0.0,0.0,3.0,16.0,2.0,5.0,28.0,13.0,0.0,9.0,0.0,8.0,3.0,1.0,1.0,0.0,0.0,7.0,3.0,20.0,3.0,61.0,0.0,0.0,2.0,22.0,11.0,10.0,0.0,0.0
ctx-lh-superiortemporal,919.0,0.0,0.0,4.0,33.0,0.0,185.0,146.0,267.0,243.0,22.0,27.0,2.0,29.0,0.0,971.0,6.0,12.0,2.0,0.0,0.0,7.0,30.0,9.0,17.0,42.0,0.0,0.0,1.0,64.0,4409.0,327.0,308.0,629.0,1.0,0.0,0.0,2.0,0.0,0.0,0.0,7.0,0.0,4.0,3.0,8.0,0.0,3.0,0.0,2.0,2.0,1.0,0.0,0.0,0.0,1.0,1.0,7.0,4.0,14.0,0.0,0.0,0.0,12.0,2.0,1.0,0.0,0.0
ctx-lh-supramarginal,265.0,3.0,1.0,2.0,2.0,0.0,10.0,854.0,41.0,320.0,17.0,12.0,0.0,4.0,0.0,82.0,5.0,0.0,6.0,0.0,0.0,2.0,1061.0,13.0,177.0,38.0,0.0,0.0,2.0,565.0,327.0,4428.0,0.0,34.0,2.0,0.0,1.0,2.0,0.0,0.0,2.0,3.0,3.0,1.0,14.0,4.0,0.0,0.0,0.0,1.0,1.0,0.0,0.0,0.0,0.0,1.0,1.0,10.0,2.0,10.0,0.0,0.0,1.0,6.0,2.0,1.0,0.0,0.0
ctx-lh-temporalpole,0.0,0.0,0.0,0.0,140.0,0.0,170.0,0.0,53.0,7.0,0.0,0.0,1.0,1.0,0.0,148.0,0.0,2.0,0.0,0.0,0.0,0.0,1.0,0.0,0.0,0.0,0.0,0.0,0.0,2.0,308.0,0.0,627.0,0.0,0.0,0.0,0.0,0.0,0.0,0.0,0.0,0.0,0.0,0.0,0.0,0.0,0.0,0.0,0.0,0.0,0.0,0.0,0.0,0.0,0.0,0.0,0.0,0.0,0.0,0.0,0.0,0.0,0.0,0.0,0.0,0.0,0.0,0.0
ctx-lh-transversetemporal,21.0,0.0,0.0,1.0,0.0,0.0,4.0,13.0,6.0,76.0,6.0,8.0,1.0,3.0,0.0,35.0,3.0,1.0,0.0,0.0,0.0,1.0,13.0,5.0,4.0,10.0,0.0,0.0,0.0,24.0,629.0,34.0,0.0,492.0,0.0,0.0,0.0,0.0,0.0,0.0,1.0,0.0,1.0,0.0,0.0,1.0,0.0,0.0,0.0,0.0,1.0,0.0,0.0,0.0,0.0,0.0,1.0,0.0,0.0,4.0,0.0,0.0,0.0,5.0,3.0,0.0,0.0,0.0
ctx-rh-bankssts,2.0,0.0,0.0,1.0,0.0,0.0,0.0,2.0,1.0,1.0,5.0,3.0,0.0,1.0,0.0,1.0,0.0,0.0,0.0,0.0,0.0,3.0,0.0,3.0,1.0,6.0,0.0,0.0,0.0,6.0,1.0,2.0,0.0,0.0,624.0,0.0,0.0,6.0,0.0,0.0,5.0,386.0,100.0,25.0,6.0,17.0,0.0,6.0,0.0,842.0,3.0,0.0,0.0,0.0,0.0,2.0,9.0,13.0,5.0,25.0,0.0,1.0,0.0,52.0,638.0,261.0,0.0,10.0
ctx-rh-caudalanteriorcingulate,0.0,85.0,26.0,0.0,0.0,0.0,0.0,0.0,0.0,6.0,3.0,0.0,5.0,0.0,6.0,0.0,9.0,0.0,15.0,0.0,14.0,0.0,0.0,29.0,14.0,2.0,44.0,62.0,162.0,1.0,0.0,0.0,0.0,0.0,0.0,285.0,56.0,0.0,0.0,1.0,0.0,1.0,0.0,19.0,14.0,0.0,18.0,0.0,26.0,0.0,19.0,0.0,31.0,8.0,42.0,0.0,4.0,230.0,25.0,9.0,171.0,111.0,552.0,6.0,0.0,1.0,0.0,0.0
ctx-rh-caudalmiddlefrontal,0.0,16.0,5.0,0.0,0.0,0.0,0.0,0.0,0.0,2.0,0.0,0.0,0.0,0.0,0.0,0.0,2.0,0.0,8.0,0.0,2.0,0.0,0.0,10.0,11.0,0.0,1.0,9.0,41.0,0.0,0.0,1.0,0.0,0.0,0.0,56.0,2798.0,0.0,0.0,0.0,0.0,1.0,0.0,30.0,0.0,0.0,1.0,0.0,1.0,0.0,12.0,0.0,360.0,4.0,40.0,0.0,22.0,19.0,1140.0,0.0,2.0,1047.0,1181.0,6.0,0.0,7.0,0.0,0.0
ctx-rh-cuneus,2.0,0.0,0.0,93.0,0.0,0.0,0.0,5.0,2.0,0.0,12.0,8.0,0.0,7.0,0.0,1.0,0.0,1.0,0.0,0.0,0.0,10.0,1.0,2.0,0.0,16.0,0.0,0.0,0.0,16.0,2.0,2.0,0.0,0.0,6.0,0.0,0.0,1434.0,0.0,0.0,10.0,35.0,11.0,5.0,26.0,578.0,0.0,56.0,0.0,6.0,2.0,4.0,0.0,0.0,0.0,1373.0,1.0,1.0,0.0,262.0,0.0,0.0,0.0,581.0,3.0,1.0,0.0,0.0
ctx-rh-entorhinal,0.0,0.0,0.0,0.0,0.0,0.0,0.0,0.0,0.0,0.0,0.0,0.0,0.0,0.0,0.0,0.0,0.0,0.0,0.0,0.0,0.0,0.0,0.0,0.0,0.0,0.0,0.0,0.0,0.0,0.0,0.0,0.0,0.0,0.0,0.0,0.0,0.0,0.0,273.0,0.0,445.0,0.0,96.0,3.0,0.0,0.0,0.0,0.0,0.0,24.0,0.0,151.0,0.0,0.0,0.0,0.0,0.0,0.0,0.0,2.0,0.0,0.0,0.0,0.0,9.0,0.0,163.0,0.0
ctx-rh-frontalpole,0.0,0.0,0.0,0.0,0.0,0.0,0.0,0.0,0.0,0.0,0.0,0.0,0.0,0.0,0.0,0.0,0.0,0.0,0.0,0.0,0.0,0.0,0.0,0.0,0.0,0.0,0.0,0.0,1.0,0.0,0.0,0.0,0.0,0.0,0.0,1.0,0.0,0.0,0.0,62.0,0.0,0.0,0.0,3.0,0.0,0.0,133.0,0.0,246.0,0.0,0.0,0.0,0.0,5.0,2.0,0.0,0.0,0.0,0.0,0.0,11.0,198.0,171.0,0.0,0.0,0.0,0.0,0.0
ctx-rh-fusiform,0.0,0.0,0.0,3.0,0.0,0.0,0.0,2.0,0.0,1.0,12.0,2.0,0.0,7.0,0.0,1.0,1.0,0.0,0.0,0.0,0.0,4.0,0.0,2.0,0.0,6.0,0.0,0.0,0.0,3.0,0.0,2.0,0.0,1.0,5.0,0.0,0.0,10.0,445.0,0.0,2646.0,72.0,1139.0,66.0,16.0,1084.0,1.0,518.0,0.0,150.0,0.0,250.0,0.0,0.0,1.0,74.0,0.0,2.0,0.0,28.0,0.0,0.0,0.0,13.0,78.0,2.0,100.0,2.0
ctx-rh-inferiorparietal,0.0,0.0,0.0,5.0,1.0,0.0,2.0,8.0,5.0,1.0,22.0,12.0,0.0,9.0,0.0,2.0,5.0,0.0,0.0,0.0,0.0,0.0,4.0,5.0,2.0,26.0,0.0,0.0,2.0,16.0,7.0,3.0,0.0,0.0,386.0,1.0,1.0,35.0,0.0,0.0,72.0,7227.0,177.0,59.0,32.0,1101.0,0.0,46.0,0.0,658.0,13.0,2.0,1.0,0.0,0.0,27.0,90.0,20.0,32.0,188.0,0.0,0.0,3.0,1760.0,118.0,859.0,0.0,15.0
ctx-rh-inferiortemporal,1.0,0.0,0.0,3.0,0.0,0.0,2.0,9.0,1.0,0.0,6.0,2.0,0.0,1.0,0.0,2.0,3.0,0.0,0.0,0.0,0.0,5.0,1.0,1.0,2.0,8.0,0.0,0.0,0.0,2.0,0.0,3.0,0.0,1.0,100.0,0.0,0.0,11.0,96.0,0.0,1139.0,177.0,3368.0,142.0,15.0,320.0,5.0,111.0,1.0,1576.0,5.0,21.0,0.0,0.0,1.0,9.0,3.0,2.0,2.0,27.0,0.0,0.0,0.0,23.0,313.0,23.0,135.0,6.0
ctx-rh-insula,0.0,14.0,3.0,2.0,0.0,0.0,0.0,3.0,2.0,1.0,9.0,2.0,0.0,1.0,0.0,4.0,0.0,0.0,0.0,0.0,0.0,3.0,3.0,7.0,1.0,5.0,2.0,9.0,16.0,5.0,4.0,1.0,0.0,0.0,25.0,19.0,30.0,5.0,3.0,3.0,66.0,59.0,142.0,1258.0,10.0,18.0,392.0,20.0,13.0,154.0,30.0,6.0,182.0,33.0,181.0,6.0,241.0,26.0,240.0,27.0,5.0,126.0,126.0,79.0,328.0,305.0,16.0,57.0
ctx-rh-isthmuscingulate,3.0,0.0,0.0,10.0,0.0,0.0,5.0,14.0,5.0,8.0,74.0,16.0,0.0,15.0,0.0,1.0,9.0,3.0,0.0,0.0,0.0,14.0,9.0,16.0,3.0,53.0,0.0,0.0,3.0,28.0,3.0,14.0,0.0,0.0,6.0,14.0,0.0,26.0,0.0,0.0,16.0,32.0,15.0,10.0,629.0,37.0,0.0,129.0,0.0,15.0,14.0,66.0,0.0,0.0,0.0,12.0,3.0,347.0,3.0,804.0,0.0,0.0,5.0,103.0,11.0,8.0,0.0,3.0
ctx-rh-lateraloccipital,1.0,0.0,0.0,26.0,0.0,0.0,4.0,10.0,7.0,2.0,23.0,32.0,0.0,14.0,0.0,4.0,0.0,4.0,0.0,0.0,0.0,13.0,1.0,5.0,1.0,15.0,0.0,0.0,0.0,13.0,8.0,4.0,0.0,1.0,17.0,0.0,0.0,578.0,0.0,0.0,1084.0,1101.0,320.0,18.0,37.0,7070.0,1.0,852.0,0.0,134.0,1.0,5.0,0.0,0.0,0.0,1134.0,2.0,4.0,0.0,145.0,0.0,0.0,0.0,504.0,34.0,8.0,0.0,3.0
ctx-rh-lateralorbitofrontal,0.0,3.0,0.0,0.0,0.0,0.0,0.0,0.0,0.0,0.0,0.0,0.0,1.0,0.0,6.0,0.0,0.0,0.0,2.0,0.0,4.0,0.0,0.0,1.0,0.0,0.0,21.0,3.0,9.0,0.0,0.0,0.0,0.0,0.0,0.0,18.0,1.0,0.0,0.0,133.0,1.0,0.0,5.0,392.0,0.0,1.0,2926.0,0.0,886.0,4.0,0.0,0.0,3.0,553.0,236.0,0.0,0.0,1.0,0.0,0.0,79.0,665.0,165.0,0.0,8.0,0.0,2.0,0.0
ctx-rh-lingual,1.0,0.0,0.0,39.0,0.0,0.0,0.0,5.0,1.0,2.0,17.0,7.0,0.0,15.0,0.0,1.0,0.0,1.0,0.0,0.0,0.0,21.0,1.0,0.0,0.0,15.0,0.0,0.0,0.0,9.0,3.0,0.0,0.0,0.0,6.0,0.0,0.0,56.0,0.0,0.0,518.0,46.0,111.0,20.0,129.0,852.0,0.0,3881.0,0.0,34.0,1.0,154.0,0.0,0.0,0.0,1070.0,0.0,4.0,0.0,98.0,0.0,0.0,0.0,25.0,24.0,3.0,0.0,4.0
ctx-rh-medialorbitofrontal,0.0,9.0,0.0,0.0,0.0,0.0,0.0,0.0,0.0,0.0,0.0,0.0,4.0,0.0,20.0,0.0,0.0,0.0,0.0,1.0,2.0,0.0,0.0,0.0,0.0,0.0,63.0,10.0,11.0,0.0,0.0,0.0,0.0,0.0,0.0,26.0,1.0,0.0,0.0,246.0,0.0,0.0,1.0,13.0,0.0,0.0,886.0,0.0,1667.0,0.0,0.0,0.0,1.0,29.0,8.0,0.0,0.0,0.0,1.0,0.0,384.0,325.0,370.0,0.0,0.0,0.0,0.0,0.0
ctx-rh-middletemporal,3.0,0.0,0.0,5.0,0.0,0.0,2.0,6.0,0.0,1.0,9.0,6.0,0.0,2.0,0.0,0.0,1.0,0.0,0.0,0.0,0.0,2.0,3.0,7.0,2.0,8.0,0.0,0.0,0.0,8.0,2.0,1.0,0.0,0.0,842.0,0.0,0.0,6.0,24.0,0.0,150.0,658.0,1576.0,154.0,15.0,134.0,4.0,34.0,0.0,3055.0,4.0,11.0,0.0,0.0,0.0,9.0,4.0,7.0,0.0,37.0,0.0,0.0,0.0,66.0,885.0,59.0,78.0,10.0
ctx-rh-paracentral,0.0,4.0,2.0,2.0,0.0,0.0,1.0,2.0,1.0,1.0,6.0,2.0,0.0,0.0,0.0,2.0,15.0,0.0,1.0,0.0,0.0,1.0,9.0,25.0,7.0,15.0,0.0,1.0,16.0,3.0,2.0,1.0,0.0,1.0,3.0,19.0,12.0,2.0,0.0,0.0,0.0,13.0,5.0,30.0,14.0,1.0,0.0,1.0,0.0,4.0,2161.0,0.0,3.0,0.0,0.0,0.0,437.0,468.0,800.0,298.0,0.0,1.0,461.0,269.0,6.0,22.0,1.0,3.0
ctx-rh-parahippocampal,0.0,0.0,0.0,1.0,0.0,0.0,1.0,1.0,0.0,0.0,0.0,2.0,0.0,0.0,0.0,0.0,0.0,0.0,0.0,0.0,0.0,4.0,0.0,0.0,0.0,1.0,0.0,0.0,0.0,1.0,1.0,0.0,0.0,0.0,0.0,0.0,0.0,4.0,151.0,0.0,250.0,2.0,21.0,6.0,66.0,5.0,0.0,154.0,0.0,11.0,0.0,490.0,0.0,0.0,0.0,5.0,0.0,1.0,1.0,14.0,0.0,0.0,0.0,3.0,8.0,0.0,1.0,0.0
ctx-rh-parsopercularis,0.0,14.0,8.0,0.0,0.0,0.0,0.0,0.0,0.0,0.0,0.0,0.0,0.0,0.0,0.0,0.0,2.0,0.0,3.0,0.0,0.0,0.0,0.0,2.0,4.0,0.0,2.0,10.0,29.0,1.0,0.0,0.0,0.0,0.0,0.0,31.0,360.0,0.0,0.0,0.0,0.0,1.0,0.0,182.0,0.0,0.0,3.0,0.0,1.0,0.0,3.0,0.0,1411.0,3.0,431.0,0.0,56.0,6.0,567.0,1.0,3.0,565.0,157.0,5.0,0.0,16.0,0.0,0.0
ctx-rh-parsorbitalis,0.0,4.0,0.0,0.0,0.0,1.0,0.0,0.0,0.0,0.0,0.0,0.0,1.0,0.0,3.0,0.0,0.0,0.0,0.0,0.0,1.0,0.0,0.0,0.0,0.0,0.0,11.0,8.0,4.0,0.0,0.0,0.0,0.0,0.0,0.0,8.0,4.0,0.0,0.0,5.0,0.0,0.0,0.0,33.0,0.0,0.0,553.0,0.0,29.0,0.0,0.0,0.0,3.0,531.0,405.0,0.0,0.0,0.0,1.0,0.0,20.0,593.0,87.0,0.0,0.0,0.0,0.0,0.0
ctx-rh-parstriangularis,0.0,14.0,2.0,0.0,0.0,1.0,0.0,0.0,0.0,3.0,0.0,0.0,1.0,0.0,4.0,0.0,0.0,0.0,2.0,2.0,3.0,0.0,0.0,0.0,0.0,2.0,11.0,22.0,26.0,0.0,0.0,0.0,0.0,0.0,0.0,42.0,40.0,0.0,0.0,2.0,1.0,0.0,1.0,181.0,0.0,0.0,236.0,0.0,8.0,0.0,0.0,0.0,431.0,405.0,1746.0,0.0,4.0,5.0,22.0,0.0,24.0,1012.0,212.0,0.0,1.0,0.0,0.0,0.0
ctx-rh-pericalcarine,0.0,0.0,0.0,36.0,0.0,0.0,2.0,6.0,1.0,0.0,14.0,9.0,0.0,6.0,0.0,0.0,0.0,1.0,0.0,0.0,0.0,8.0,2.0,0.0,0.0,13.0,0.0,0.0,0.0,7.0,1.0,1.0,0.0,0.0,2.0,0.0,0.0,1373.0,0.0,0.0,74.0,27.0,9.0,6.0,12.0,1134.0,0.0,1070.0,0.0,9.0,0.0,5.0,0.0,0.0,0.0,773.0,1.0,0.0,0.0,128.0,0.0,0.0,0.0,100.0,2.0,0.0,0.0,0.0
ctx-rh-postcentral,0.0,0.0,0.0,1.0,1.0,0.0,0.0,3.0,0.0,0.0,2.0,0.0,0.0,0.0,0.0,0.0,1.0,0.0,1.0,0.0,0.0,0.0,0.0,5.0,1.0,3.0,0.0,0.0,7.0,3.0,1.0,1.0,0.0,1.0,9.0,4.0,22.0,1.0,0.0,0.0,0.0,90.0,3.0,241.0,3.0,2.0,0.0,0.0,0.0,4.0,437.0,0.0,56.0,0.0,4.0,1.0,4848.0,34.0,1645.0,76.0,0.0,11.0,41.0,735.0,13.0,1009.0,0.0,3.0
ctx-rh-posteriorcingulate,3.0,17.0,15.0,1.0,0.0,0.0,0.0,13.0,0.0,6.0,37.0,4.0,0.0,2.0,0.0,2.0,35.0,0.0,5.0,0.0,0.0,1.0,18.0,132.0,34.0,32.0,1.0,2.0,76.0,20.0,7.0,10.0,0.0,0.0,13.0,230.0,19.0,1.0,0.0,0.0,2.0,20.0,2.0,26.0,347.0,4.0,1.0,4.0,0.0,7.0,468.0,1.0,6.0,0.0,5.0,0.0,34.0,1067.0,100.0,441.0,5.0,6.0,411.0,76.0,15.0,20.0,0.0,9.0
ctx-rh-precentral,0.0,14.0,11.0,0.0,0.0,0.0,0.0,0.0,0.0,3.0,3.0,0.0,0.0,1.0,0.0,0.0,7.0,0.0,4.0,0.0,0.0,1.0,4.0,22.0,17.0,3.0,1.0,1.0,41.0,3.0,4.0,2.0,0.0,0.0,5.0,25.0,1140.0,0.0,0.0,0.0,0.0,32.0,2.0,240.0,3.0,0.0,0.0,0.0,1.0,0.0,800.0,1.0,567.0,1.0,22.0,0.0,1645.0,100.0,7315.0,33.0,1.0,110.0,858.0,235.0,5.0,185.0,0.0,0.0
ctx-rh-precuneus,3.0,4.0,0.0,24.0,0.0,0.0,5.0,29.0,14.0,5.0,79.0,43.0,0.0,30.0,0.0,11.0,14.0,4.0,0.0,0.0,0.0,27.0,8.0,22.0,8.0,79.0,1.0,0.0,3.0,61.0,14.0,10.0,0.0,4.0,25.0,9.0,0.0,262.0,2.0,0.0,28.0,188.0,27.0,27.0,804.0,145.0,0.0,98.0,0.0,37.0,298.0,14.0,1.0,0.0,0.0,128.0,76.0,441.0,33.0,3822.0,0.0,0.0,16.0,1483.0,43.0,55.0,0.0,11.0
ctx-rh-rostralanteriorcingulate,0.0,32.0,1.0,0.0,0.0,1.0,0.0,0.0,0.0,0.0,0.0,0.0,5.0,0.0,22.0,0.0,0.0,0.0,2.0,0.0,8.0,0.0,0.0,3.0,1.0,0.0,126.0,40.0,37.0,0.0,0.0,0.0,0.0,0.0,0.0,171.0,2.0,0.0,0.0,11.0,0.0,0.0,0.0,5.0,0.0,0.0,79.0,0.0,384.0,0.0,0.0,0.0,3.0,20.0,24.0,0.0,0.0,5.0,1.0,0.0,424.0,133.0,310.0,0.0,0.0,0.0,0.0,0.0
ctx-rh-rostralmiddlefrontal,0.0,40.0,6.0,0.0,0.0,0.0,0.0,0.0,0.0,3.0,0.0,0.0,5.0,0.0,3.0,0.0,2.0,0.0,15.0,2.0,17.0,0.0,0.0,4.0,4.0,0.0,36.0,70.0,85.0,0.0,0.0,0.0,0.0,0.0,1.0,111.0,1047.0,0.0,0.0,198.0,0.0,0.0,0.0,126.0,0.0,0.0,665.0,0.0,325.0,0.0,1.0,0.0,565.0,593.0,1012.0,0.0,11.0,6.0,110.0,0.0,133.0,7158.0,2818.0,0.0,0.0,0.0,0.0,0.0
ctx-rh-superiorfrontal,0.0,147.0,45.0,0.0,0.0,2.0,0.0,0.0,1.0,13.0,2.0,0.0,13.0,0.0,16.0,0.0,25.0,0.0,35.0,5.0,17.0,0.0,5.0,55.0,49.0,2.0,93.0,107.0,319.0,2.0,0.0,1.0,0.0,0.0,0.0,552.0,1181.0,0.0,0.0,171.0,0.0,3.0,0.0,126.0,5.0,0.0,165.0,0.0,370.0,0.0,461.0,0.0,157.0,87.0,212.0,0.0,41.0,411.0,858.0,16.0,310.0,2818.0,10913.0,13.0,0.0,10.0,0.0,1.0
ctx-rh-superiorparietal,1.0,0.0,0.0,25.0,0.0,0.0,5.0,9.0,6.0,4.0,26.0,18.0,0.0,10.0,0.0,2.0,8.0,2.0,0.0,0.0,0.0,6.0,7.0,12.0,2.0,33.0,0.0,0.0,5.0,22.0,12.0,6.0,0.0,5.0,52.0,6.0,6.0,581.0,0.0,0.0,13.0,1760.0,23.0,79.0,103.0,504.0,0.0,25.0,0.0,66.0,269.0,3.0,5.0,0.0,0.0,100.0,735.0,76.0,235.0,1483.0,0.0,0.0,13.0,6352.0,72.0,554.0,0.0,7.0
ctx-rh-superiortemporal,3.0,0.0,0.0,1.0,0.0,0.0,1.0,7.0,2.0,1.0,8.0,6.0,0.0,2.0,0.0,3.0,2.0,0.0,0.0,0.0,0.0,5.0,2.0,10.0,1.0,19.0,0.0,0.0,0.0,11.0,2.0,2.0,0.0,3.0,638.0,0.0,0.0,3.0,9.0,0.0,78.0,118.0,313.0,328.0,11.0,34.0,8.0,24.0,0.0,885.0,6.0,8.0,0.0,0.0,1.0,2.0,13.0,15.0,5.0,43.0,0.0,0.0,0.0,72.0,4630.0,381.0,127.0,751.0
ctx-rh-supramarginal,0.0,0.0,1.0,4.0,0.0,0.0,0.0,0.0,0.0,1.0,7.0,1.0,0.0,2.0,0.0,1.0,2.0,0.0,0.0,0.0,0.0,0.0,1.0,7.0,2.0,4.0,0.0,0.0,1.0,10.0,1.0,1.0,0.0,0.0,261.0,1.0,7.0,1.0,0.0,0.0,2.0,859.0,23.0,305.0,8.0,8.0,0.0,3.0,0.0,59.0,22.0,0.0,16.0,0.0,0.0,0.0,1009.0,20.0,185.0,55.0,0.0,0.0,10.0,554.0,381.0,3756.0,0.0,25.0
ctx-rh-temporalpole,0.0,0.0,0.0,0.0,0.0,0.0,0.0,0.0,0.0,0.0,0.0,0.0,0.0,0.0,0.0,0.0,0.0,0.0,0.0,0.0,0.0,0.0,0.0,0.0,0.0,0.0,0.0,0.0,0.0,0.0,0.0,0.0,0.0,0.0,0.0,0.0,0.0,0.0,163.0,0.0,100.0,0.0,135.0,16.0,0.0,0.0,2.0,0.0,0.0,78.0,1.0,1.0,0.0,0.0,0.0,0.0,0.0,0.0,0.0,0.0,0.0,0.0,0.0,0.0,127.0,0.0,208.0,0.0
ctx-rh-transversetemporal,0.0,0.0,0.0,0.0,0.0,0.0,0.0,1.0,1.0,0.0,1.0,0.0,0.0,0.0,0.0,1.0,0.0,0.0,0.0,0.0,0.0,1.0,1.0,5.0,0.0,6.0,0.0,0.0,0.0,0.0,0.0,0.0,0.0,0.0,10.0,0.0,0.0,0.0,0.0,0.0,2.0,15.0,6.0,57.0,3.0,3.0,0.0,4.0,0.0,10.0,3.0,0.0,0.0,0.0,0.0,0.0,3.0,9.0,0.0,11.0,0.0,0.0,1.0,7.0,751.0,25.0,0.0,217.0
