,ctx-lh-bankssts,ctx-lh-caudalanteriorcingulate,ctx-lh-caudalmiddlefrontal,ctx-lh-cuneus,ctx-lh-entorhinal,ctx-lh-frontalpole,ctx-lh-fusiform,ctx-lh-inferiorparietal,ctx-lh-inferiortemporal,ctx-lh-insula,ctx-lh-isthmuscingulate,ctx-lh-lateraloccipital,ctx-lh-lateralorbitofrontal,ctx-lh-lingual,ctx-lh-medialorbitofrontal,ctx-lh-middletemporal,ctx-lh-paracentral,ctx-lh-parahippocampal,ctx-lh-parsopercularis,ctx-lh-parsorbitalis,ctx-lh-parstriangularis,ctx-lh-pericalcarine,ctx-lh-postcentral,ctx-lh-posteriorcingulate,ctx-lh-precentral,ctx-lh-precuneus,ctx-lh-rostralanteriorcingulate,ctx-lh-rostralmiddlefrontal,ctx-lh-superiorfrontal,ctx-lh-superiorparietal,ctx-lh-superiortemporal,ctx-lh-supramarginal,ctx-lh-temporalpole,ctx-lh-transversetemporal,ctx-rh-bankssts,ctx-rh-caudalanteriorcingulate,ctx-rh-caudalmiddlefrontal,ctx-rh-cuneus,ctx-rh-entorhinal,ctx-rh-frontalpole,ctx-rh-fusiform,ctx-rh-inferiorparietal,ctx-rh-inferiortemporal,ctx-rh-insula,ctx-rh-isthmuscingulate,ctx-rh-lateraloccipital,ctx-rh-lateralorbitofrontal,ctx-rh-lingual,ctx-rh-medialorbitofrontal,ctx-rh-middletemporal,ctx-rh-paracentral,ctx-rh-parahippocampal,ctx-rh-parsopercularis,ctx-rh-parsorbitalis,ctx-rh-parstriangularis,ctx-rh-pericalcarine,ctx-rh-postcentral,ctx-rh-posteriorcingulate,ctx-rh-precentral,ctx-rh-precuneus,ctx-rh-rostralanteriorcingulate,ctx-rh-rostralmiddlefrontal,ctx-rh-superiorfrontal,ctx-rh-superiorparietal,ctx-rh-superiortemporal,ctx-rh-supramarginal,ctx-rh-temporalpole,ctx-rh-transversetemporal
ctx-lh-bankssts,904.0,0.0,3.0,1.0,1.0,0.0,58.0,378.0,281.0,35.0,6.0,20.0,1.0,5.0,0.0,576.0,1.0,4.0,0.0,0.0,0.0,1.0,21.0,7.0,24.0,8.0,0.0,0.0,2.0,39.0,818.0,298.0,2.0,34.0,0.0,0.0,0.0,0.0,0.0,0.0,0.0,1.0,0.0,0.0,3.0,0.0,0.0,3.0,0.0,0.0,0.0,0.0,0.0,0.0,0.0,0.0,0.0,0.0,0.0,4.0,0.0,0.0,1.0,1.0,0.0,1.0,0.0,0.0
ctx-lh-caudalanteriorcingulate,0.0,523.0,59.0,0.0,0.0,0.0,0.0,0.0,0.0,20.0,9.0,1.0,12.0,0.0,4.0,0.0,15.0,0.0,17.0,3.0,17.0,0.0,4.0,279.0,31.0,4.0,221.0,148.0,782.0,4.0,0.0,1.0,0.0,0.0,0.0,154.0,42.0,0.0,0.0,0.0,0.0,0.0,0.0,7.0,0.0,0.0,2.0,0.0,6.0,0.0,3.0,0.0,14.0,1.0,10.0,0.0,3.0,11.0,23.0,2.0,15.0,35.0,162.0,3.0,0.0,1.0,0.0,0.0
ctx-lh-caudalmiddlefrontal,3.0,59.0,3177.0,0.0,0.0,0.0,0.0,2.0,2.0,118.0,0.0,0.0,3.0,0.0,1.0,0.0,16.0,0.0,260.0,0.0,13.0,0.0,93.0,58.0,1181.0,0.0,3.0,713.0,1155.0,19.0,6.0,31.0,0.0,0.0,0.0,25.0,8.0,0.0,0.0,0.0,0.0,1.0,0.0,1.0,0.0,0.0,0.0,0.0,0.0,0.0,2.0,0.0,2.0,0.0,0.0,0.0,1.0,17.0,9.0,0.0,0.0,2.0,36.0,1.0,0.0,2.0,0.0,0.0
ctx-lh-cuneus,1.0,0.0,0.0,1061.0,0.0,0.0,15.0,23.0,0.0,1.0,15.0,321.0,0.0,189.0,0.0,1.0,0.0,1.0,0.0,0.0,0.0,1264.0,0.0,0.0,0.0,188.0,0.0,0.0,0.0,869.0,0.0,0.0,0.0,0.0,0.0,0.0,0.0,4.0,0.0,0.0,1.0,1.0,0.0,0.0,7.0,5.0,0.0,66.0,0.0,0.0,0.0,0.0,0.0,0.0,0.0,13.0,0.0,0.0,0.0,6.0,0.0,0.0,0.0,1.0,0.0,0.0,0.0,0.0
ctx-lh-entorhinal,1.0,0.0,0.0,0.0,268.0,0.0,257.0,1.0,56.0,15.0,0.0,1.0,1.0,1.0,0.0,9.0,0.0,142.0,0.0,0.0,0.0,0.0,0.0,0.0,0.0,1.0,0.0,0.0,0.0,1.0,18.0,0.0,158.0,0.0,0.0,0.0,0.0,0.0,0.0,0.0,0.0,0.0,0.0,0.0,0.0,0.0,0.0,0.0,0.0,0.0,0.0,0.0,0.0,0.0,0.0,0.0,0.0,0.0,0.0,0.0,0.0,0.0,0.0,0.0,0.0,0.0,0.0,0.0
ctx-lh-frontalpole,0.0,0.0,0.0,0.0,0.0,26.0,0.0,0.0,0.0,0.0,0.0,0.0,24.0,0.0,284.0,0.0,0.0,0.0,0.0,0.0,0.0,0.0,0.0,0.0,0.0,0.0,1.0,219.0,74.0,0.0,0.0,0.0,0.0,0.0,0.0,0.0,0.0,0.0,0.0,0.0,0.0,0.0,0.0,0.0,0.0,0.0,0.0,0.0,0.0,0.0,0.0,0.0,0.0,0.0,0.0,0.0,0.0,0.0,0.0,0.0,0.0,1.0,0.0,0.0,0.0,0.0,0.0,0.0
ctx-lh-fusiform,58.0,0.0,0.0,15.0,257.0,0.0,2862.0,215.0,1082.0,66.0,41.0,1073.0,6.0,539.0,0.0,186.0,1.0,280.0,0.0,0.0,0.0,35.0,5.0,11.0,2.0,74.0,0.0,0.0,1.0,85.0,105.0,26.0,121.0,17.0,1.0,0.0,1.0,0.0,0.0,0.0,1.0,7.0,1.0,0.0,14.0,4.0,0.0,8.0,0.0,3.0,2.0,1.0,0.0,0.0,0.0,0.0,2.0,8.0,0.0,23.0,0.0,0.0,1.0,8.0,4.0,3.0,0.0,1.0
ctx-lh-inferiorparietal,378.0,0.0,2.0,23.0,1.0,0.0,215.0,6205.0,216.0,22.0,69.0,1105.0,0.0,63.0,0.0,371.0,4.0,11.0,0.0,0.0,0.0,21.0,56.0,26.0,29.0,275.0,0.0,0.0,2.0,1202.0,82.0,1068.0,2.0,29.0,3.0,0.0,0.0,1.0,0.0,0.0,1.0,8.0,0.0,0.0,30.0,5.0,0.0,8.0,0.0,3.0,2.0,1.0,0.0,0.0,0.0,4.0,2.0,2.0,2.0,34.0,0.0,0.0,0.0,19.0,2.0,8.0,0.0,0.0
ctx-lh-inferiortemporal,281.0,0.0,2.0,0.0,56.0,0.0,1082.0,216.0,2855.0,149.0,5.0,214.0,4.0,26.0,0.0,2446.0,0.0,28.0,1.0,1.0,0.0,3.0,8.0,1.0,6.0,11.0,0.0,0.0,0.0,34.0,359.0,32.0,211.0,20.0,0.0,0.0,0.0,0.0,0.0,0.0,0.0,4.0,0.0,0.0,2.0,1.0,0.0,3.0,0.0,1.0,2.0,0.0,0.0,0.0,0.0,0.0,0.0,5.0,0.0,8.0,0.0,0.0,0.0,4.0,0.0,1.0,0.0,1.0
ctx-lh-insula,35.0,20.0,118.0,1.0,15.0,0.0,66.0,22.0,149.0,1773.0,11.0,8.0,402.0,3.0,10.0,108.0,24.0,4.0,221.0,14.0,97.0,0.0,268.0,48.0,362.0,17.0,15.0,137.0,100.0,65.0,384.0,276.0,56.0,132.0,1.0,12.0,5.0,1.0,0.0,0.0,0.0,0.0,0.0,1.0,6.0,0.0,0.0,0.0,0.0,0.0,2.0,0.0,0.0,0.0,4.0,0.0,3.0,9.0,8.0,5.0,1.0,4.0,11.0,5.0,0.0,3.0,0.0,0.0
ctx-lh-isthmuscingulate,6.0,9.0,0.0,15.0,0.0,0.0,41.0,69.0,5.0,11.0,778.0,48.0,0.0,144.0,0.0,7.0,8.0,64.0,0.0,0.0,0.0,16.0,10.0,411.0,7.0,913.0,0.0,0.0,7.0,158.0,13.0,15.0,0.0,5.0,11.0,1.0,1.0,8.0,0.0,0.0,6.0,41.0,3.0,4.0,117.0,19.0,0.0,28.0,0.0,8.0,10.0,2.0,0.0,0.0,0.0,4.0,8.0,46.0,10.0,120.0,0.0,0.0,4.0,83.0,5.0,29.0,0.0,5.0
ctx-lh-lateraloccipital,20.0,1.0,0.0,321.0,1.0,0.0,1073.0,1105.0,214.0,8.0,48.0,6252.0,0.0,830.0,0.0,110.0,0.0,10.0,0.0,1.0,0.0,637.0,4.0,6.0,1.0,167.0,0.0,0.0,0.0,719.0,26.0,15.0,0.0,4.0,1.0,1.0,0.0,0.0,0.0,0.0,1.0,7.0,1.0,0.0,18.0,1.0,0.0,9.0,0.0,3.0,0.0,1.0,0.0,0.0,0.0,1.0,1.0,3.0,0.0,24.0,0.0,0.0,0.0,9.0,4.0,1.0,0.0,0.0
ctx-lh-lateralorbitofrontal,1.0,12.0,3.0,0.0,1.0,24.0,6.0,0.0,4.0,402.0,0.0,0.0,2694.0,0.0,1358.0,0.0,0.0,0.0,9.0,581.0,396.0,0.0,0.0,0.0,0.0,0.0,208.0,855.0,117.0,0.0,7.0,2.0,3.0,1.0,0.0,11.0,2.0,0.0,0.0,0.0,0.0,0.0,0.0,0.0,0.0,0.0,4.0,0.0,10.0,0.0,2.0,0.0,0.0,1.0,0.0,0.0,0.0,0.0,0.0,0.0,13.0,14.0,9.0,0.0,0.0,0.0,0.0,0.0
ctx-lh-lingual,5.0,0.0,0.0,189.0,1.0,0.0,539.0,63.0,26.0,3.0,144.0,830.0,0.0,3951.0,0.0,7.0,1.0,204.0,0.0,0.0,0.0,1060.0,1.0,6.0,0.0,172.0,0.0,0.0,1.0,101.0,11.0,2.0,0.0,2.0,0.0,0.0,0.0,2.0,0.0,0.0,1.0,8.0,2.0,1.0,19.0,3.0,0.0,3.0,0.0,2.0,2.0,4.0,0.0,0.0,0.0,1.0,0.0,2.0,1.0,30.0,0.0,0.0,0.0,21.0,3.0,2.0,0.0,0.0
ctx-lh-medialorbitofrontal,0.0,4.0,1.0,0.0,0.0,284.0,0.0,0.0,0.0,10.0,0.0,0.0,1358.0,0.0,1219.0,0.0,0.0,0.0,0.0,23.0,10.0,0.0,0.0,1.0,0.0,0.0,461.0,1351.0,323.0,0.0,0.0,0.0,0.0,0.0,0.0,9.0,0.0,0.0,0.0,0.0,0.0,0.0,0.0,1.0,0.0,0.0,8.0,0.0,9.0,0.0,0.0,0.0,1.0,0.0,0.0,0.0,0.0,0.0,1.0,0.0,8.0,12.0,19.0,0.0,0.0,1.0,0.0,0.0
ctx-lh-middletemporal,576.0,0.0,0.0,1.0,9.0,0.0,186.0,371.0,2446.0,108.0,7.0,110.0,0.0,7.0,0.0,2902.0,0.0,15.0,0.0,0.0,1.0,0.0,6.0,5.0,3.0,10.0,0.0,3.0,1.0,28.0,658.0,48.0,160.0,14.0,0.0,0.0,0.0,0.0,0.0,0.0,0.0,2.0,0.0,0.0,0.0,0.0,0.0,2.0,0.0,0.0,0.0,0.0,0.0,0.0,0.0,0.0,0.0,0.0,0.0,3.0,0.0,0.0,0.0,2.0,1.0,0.0,0.0,0.0
ctx-lh-paracentral,1.0,15.0,16.0,0.0,0.0,0.0,1.0,4.0,0.0,24.0,8.0,0.0,0.0,1.0,0.0,0.0,1478.0,0.0,4.0,0.0,1.0,0.0,358.0,328.0,1138.0,122.0,2.0,2.0,441.0,153.0,2.0,9.0,0.0,2.0,0.0,2.0,5.0,1.0,0.0,0.0,0.0,0.0,0.0,1.0,3.0,0.0,0.0,0.0,0.0,1.0,10.0,0.0,0.0,0.0,0.0,0.0,2.0,38.0,11.0,4.0,0.0,0.0,14.0,2.0,0.0,1.0,0.0,0.0
ctx-lh-parahippocampal,4.0,0.0,0.0,1.0,142.0,0.0,280.0,11.0,28.0,4.0,64.0,10.0,0.0,204.0,0.0,15.0,0.0,466.0,0.0,0.0,0.0,5.0,0.0,2.0,0.0,3.0,0.0,0.0,0.0,2.0,6.0,0.0,3.0,1.0,1.0,0.0,0.0,0.0,0.0,0.0,0.0,1.0,0.0,0.0,1.0,1.0,0.0,0.0,0.0,2.0,0.0,1.0,0.0,0.0,0.0,0.0,0.0,0.0,1.0,1.0,0.0,0.0,0.0,2.0,0.0,1.0,0.0,0.0
ctx-lh-parsopercularis,0.0,17.0,260.0,0.0,0.0,0.0,0.0,0.0,1.0,221.0,0.0,0.0,9.0,0.0,0.0,0.0,4.0,0.0,1592.0,1.0,433.0,0.0,29.0,9.0,441.0,1.0,4.0,448.0,94.0,3.0,1.0,12.0,1.0,0.0,0.0,11.0,4.0,0.0,0.0,0.0,0.0,0.0,0.0,0.0,0.0,0.0,0.0,0.0,0.0,0.0,0.0,0.0,0.0,0.0,1.0,0.0,0.0,1.0,1.0,0.0,0.0,1.0,9.0,2.0,0.0,0.0,0.0,0.0
ctx-lh-parsorbitalis,0.0,3.0,0.0,0.0,0.0,0.0,0.0,0.0,1.0,14.0,0.0,1.0,581.0,0.0,23.0,0.0,0.0,0.0,1.0,415.0,418.0,0.0,0.0,0.0,0.0,0.0,28.0,525.0,38.0,0.0,0.0,0.0,1.0,0.0,0.0,3.0,0.0,0.0,0.0,0.0,0.0,0.0,0.0,0.0,0.0,0.0,1.0,0.0,2.0,0.0,0.0,0.0,0.0,0.0,0.0,0.0,0.0,0.0,0.0,0.0,3.0,0.0,4.0,0.0,0.0,0.0,0.0,0.0
ctx-lh-parstriangularis,0.0,17.0,13.0,0.0,0.0,0.0,0.0,0.0,0.0,97.0,0.0,0.0,396.0,0.0,10.0,1.0,1.0,0.0,433.0,418.0,1126.0,0.0,0.0,0.0,9.0,0.0,24.0,851.0,98.0,0.0,0.0,0.0,0.0,0.0,0.0,8.0,3.0,0.0,0.0,0.0,0.0,0.0,0.0,0.0,0.0,0.0,0.0,0.0,0.0,0.0,0.0,0.0,2.0,1.0,1.0,0.0,0.0,0.0,0.0,0.0,1.0,3.0,14.0,0.0,0.0,0.0,0.0,0.0
ctx-lh-pericalcarine,1.0,0.0,0.0,1264.0,0.0,0.0,35.0,21.0,3.0,0.0,16.0,637.0,0.0,1060.0,0.0,0.0,0.0,5.0,0.0,0.0,0.0,630.0,1.0,1.0,0.0,113.0,0.0,0.0,0.0,187.0,2.0,1.0,0.0,0.0,2.0,0.0,0.0,0.0,0.0,0.0,0.0,4.0,0.0,1.0,5.0,2.0,0.0,5.0,0.0,1.0,0.0,1.0,0.0,0.0,0.0,1.0,0.0,2.0,0.0,6.0,0.0,0.0,0.0,2.0,1.0,2.0,0.0,0.0
ctx-lh-postcentral,21.0,4.0,93.0,0.0,0.0,0.0,5.0,56.0,8.0,268.0,10.0,4.0,0.0,1.0,0.0,6.0,358.0,0.0,29.0,0.0,0.0,1.0,6599.0,84.0,2172.0,93.0,0.0,5.0,60.0,750.0,42.0,1061.0,0.0,9.0,0.0,4.0,2.0,0.0,0.0,0.0,0.0,1.0,0.0,0.0,4.0,2.0,0.0,2.0,0.0,0.0,5.0,0.0,0.0,0.0,0.0,0.0,2.0,19.0,10.0,6.0,0.0,0.0,9.0,6.0,1.0,1.0,0.0,0.0
ctx-lh-posteriorcingulate,7.0,279.0,58.0,0.0,0.0,0.0,11.0,26.0,1.0,48.0,411.0,6.0,0.0,6.0,1.0,5.0,328.0,2.0,9.0,0.0,0.0,1.0,84.0,1318.0,242.0,407.0,3.0,12.0,457.0,159.0,17.0,27.0,0.0,6.0,4.0,28.0,15.0,1.0,0.0,0.0,1.0,12.0,0.0,5.0,29.0,3.0,0.0,2.0,0.0,1.0,52.0,1.0,4.0,0.0,0.0,1.0,28.0,124.0,70.0,58.0,0.0,3.0,85.0,29.0,4.0,13.0,0.0,3.0
ctx-lh-precentral,24.0,31.0,1181.0,0.0,0.0,0.0,2.0,29.0,6.0,362.0,7.0,1.0,0.0,0.0,0.0,3.0,1138.0,0.0,441.0,0.0,9.0,0.0,2172.0,242.0,7231.0,85.0,0.0,52.0,784.0,355.0,42.0,282.0,0.0,4.0,1.0,13.0,17.0,1.0,0.0,0.0,0.0,3.0,0.0,0.0,2.0,0.0,0.0,0.0,0.0,0.0,15.0,0.0,3.0,0.0,1.0,0.0,8.0,43.0,22.0,4.0,0.0,0.0,27.0,10.0,1.0,3.0,0.0,0.0
ctx-lh-precuneus,8.0,4.0,0.0,188.0,1.0,0.0,74.0,275.0,11.0,17.0,913.0,167.0,0.0,172.0,0.0,10.0,122.0,3.0,1.0,0.0,0.0,113.0,93.0,407.0,85.0,4667.0,0.0,0.0,16.0,2524.0,19.0,28.0,0.0,6.0,11.0,1.0,0.0,28.0,0.0,0.0,6.0,39.0,0.0,3.0,104.0,13.0,0.0,29.0,0.0,4.0,8.0,4.0,1.0,0.0,0.0,9.0,7.0,45.0,7.0,117.0,0.0,0.0,7.0,59.0,14.0,25.0,0.0,2.0
ctx-lh-rostralanteriorcingulate,0.0,221.0,3.0,0.0,0.0,1.0,0.0,0.0,0.0,15.0,0.0,0.0,208.0,0.0,461.0,0.0,2.0,0.0,4.0,28.0,24.0,0.0,0.0,3.0,0.0,0.0,1036.0,265.0,567.0,0.0,0.0,0.0,0.0,0.0,0.0,73.0,3.0,0.0,0.0,0.0,0.0,0.0,0.0,9.0,0.0,0.0,9.0,0.0,24.0,0.0,0.0,0.0,1.0,4.0,9.0,0.0,0.0,0.0,0.0,0.0,50.0,41.0,67.0,0.0,0.0,0.0,0.0,0.0
ctx-lh-rostralmiddlefrontal,0.0,148.0,713.0,0.0,0.0,219.0,0.0,0.0,0.0,137.0,0.0,0.0,855.0,0.0,1351.0,3.0,2.0,0.0,448.0,525.0,851.0,0.0,5.0,12.0,52.0,0.0,265.0,6926.0,2180.0,2.0,1.0,2.0,1.0,0.0,0.0,74.0,5.0,0.0,0.0,0.0,0.0,0.0,0.0,3.0,0.0,0.0,5.0,0.0,8.0,0.0,1.0,0.0,5.0,4.0,4.0,0.0,0.0,4.0,6.0,0.0,23.0,20.0,58.0,0.0,0.0,0.0,0.0,0.0
ctx-lh-superiorfrontal,2.0,782.0,1155.0,0.0,0.0,74.0,1.0,2.0,0.0,100.0,7.0,0.0,117.0,1.0,323.0,1.0,441.0,0.0,94.0,38.0,98.0,0.0,60.0,457.0,784.0,16.0,567.0,2180.0,10763.0,24.0,5.0,19.0,0.0,2.0,0.0,202.0,54.0,0.0,0.0,0.0,0.0,1.0,0.0,12.0,0.0,1.0,3.0,0.0,7.0,0.0,22.0,0.0,14.0,0.0,12.0,0.0,9.0,61.0,36.0,2.0,27.0,39.0,201.0,2.0,1.0,9.0,1.0,0.0
ctx-lh-superiorparietal,39.0,4.0,19.0,869.0,1.0,0.0,85.0,1202.0,34.0,65.0,158.0,719.0,0.0,101.0,0.0,28.0,153.0,2.0,3.0,0.0,0.0,187.0,750.0,159.0,355.0,2524.0,0.0,2.0,24.0,8745.0,47.0,328.0,0.0,23.0,4.0,2.0,1.0,0.0,0.0,0.0,5.0,25.0,2.0,2.0,39.0,7.0,0.0,7.0,0.0,5.0,8.0,1.0,0.0,0.0,0.0,4.0,3.0,33.0,10.0,56.0,0.0,0.0,8.0,46.0,3.0,13.0,0.0,2.0
ctx-lh-superiortemporal,818.0,0.0,6.0,0.0,18.0,0.0,105.0,82.0,359.0,384.0,13.0,26.0,7.0,11.0,0.0,658.0,2.0,6.0,1.0,0.0,0.0,2.0,42.0,17.0,42.0,19.0,0.0,1.0,5.0,47.0,4837.0,500.0,177.0,597.0,0.0,1.0,0.0,0.0,0.0,0.0,0.0,2.0,0.0,1.0,6.0,0.0,0.0,2.0,0.0,0.0,0.0,0.0,1.0,0.0,0.0,0.0,1.0,3.0,0.0,8.0,0.0,0.0,0.0,8.0,0.0,1.0,0.0,2.0
ctx-lh-supramarginal,298.0,1.0,31.0,0.0,0.0,0.0,26.0,1068.0,32.0,276.0,15.0,15.0,2.0,2.0,0.0,48.0,9.0,0.0,12.0,0.0,0.0,1.0,1061.0,27.0,282.0,28.0,0.0,2.0,19.0,328.0,500.0,5600.0,0.0,30.0,0.0,1.0,1.0,0.0,0.0,0.0,0.0,4.0,0.0,0.0,4.0,0.0,0.0,0.0,0.0,0.0,2.0,0.0,0.0,0.0,0.0,0.0,1.0,9.0,3.0,7.0,0.0,0.0,2.0,4.0,0.0,3.0,0.0,1.0
ctx-lh-temporalpole,2.0,0.0,0.0,0.0,158.0,0.0,121.0,2.0,211.0,56.0,0.0,0.0,3.0,0.0,0.0,160.0,0.0,3.0,1.0,1.0,0.0,0.0,0.0,0.0,0.0,0.0,0.0,1.0,0.0,0.0,177.0,0.0,455.0,0.0,0.0,0.0,0.0,0.0,0.0,0.0,0.0,0.0,0.0,0.0,0.0,0.0,0.0,0.0,0.0,0.0,0.0,0.0,0.0,0.0,0.0,0.0,0.0,0.0,0.0,0.0,0.0,0.0,0.0,0.0,0.0,0.0,0.0,0.0
ctx-lh-transversetemporal,34.0,0.0,0.0,0.0,0.0,0.0,17.0,29.0,20.0,132.0,5.0,4.0,1.0,2.0,0.0,14.0,2.0,1.0,0.0,0.0,0.0,0.0,9.0,6.0,4.0,6.0,0.0,0.0,2.0,23.0,597.0,30.0,0.0,351.0,0.0,0.0,0.0,0.0,0.0,0.0,0.0,1.0,0.0,1.0,2.0,0.0,0.0,1.0,0.0,0.0,1.0,0.0,0.0,0.0,0.0,0.0,1.0,3.0,1.0,8.0,0.0,0.0,0.0,1.0,0.0,0.0,0.0,0.0
ctx-rh-bankssts,0.0,0.0,0.0,0.0,0.0,0.0,1.0,3.0,0.0,1.0,11.0,1.0,0.0,0.0,0.0,0.0,0.0,1.0,0.0,0.0,0.0,2.0,0.0,4.0,1.0,11.0,0.0,0.0,0.0,4.0,0.0,0.0,0.0,0.0,748.0,0.0,2.0,1.0,0.0,0.0,139.0,550.0,180.0,34.0,13.0,29.0,0.0,29.0,0.0,960.0,3.0,14.0,0.0,0.0,0.0,7.0,26.0,7.0,13.0,48.0,0.0,0.0,0.0,50.0,841.0,440.0,2.0,20.0
ctx-rh-caudalanteriorcingulate,0.0,154.0,25.0,0.0,0.0,0.0,0.0,0.0,0.0,12.0,1.0,1.0,11.0,0.0,9.0,0.0,2.0,0.0,11.0,3.0,8.0,0.0,4.0,28.0,13.0,1.0,73.0,74.0,202.0,2.0,1.0,1.0,0.0,0.0,0.0,507.0,85.0,0.0,0.0,1.0,0.0,0.0,0.0,31.0,2.0,0.0,8.0,0.0,12.0,0.0,12.0,0.0,33.0,3.0,29.0,0.0,5.0,162.0,46.0,1.0,92.0,119.0,615.0,3.0,1.0,3.0,0.0,0.0
ctx-rh-caudalmiddlefrontal,0.0,42.0,8.0,0.0,0.0,0.0,1.0,0.0,0.0,5.0,1.0,0.0,2.0,0.0,0.0,0.0,5.0,0.0,4.0,0.0,3.0,0.0,2.0,15.0,17.0,0.0,3.0,5.0,54.0,1.0,0.0,1.0,0.0,0.0,2.0,85.0,2891.0,0.0,0.0,0.0,0.0,3.0,0.0,43.0,1.0,0.0,3.0,0.0,0.0,0.0,43.0,0.0,279.0,0.0,28.0,0.0,58.0,30.0,1108.0,2.0,1.0,692.0,1000.0,21.0,4.0,24.0,0.0,0.0
ctx-rh-cuneus,0.0,0.0,0.0,4.0,0.0,0.0,0.0,1.0,0.0,1.0,8.0,0.0,0.0,2.0,0.0,0.0,1.0,0.0,0.0,0.0,0.0,0.0,0.0,1.0,1.0,28.0,0.0,0.0,0.0,0.0,0.0,0.0,0.0,0.0,1.0,0.0,0.0,1256.0,0.0,0.0,22.0,28.0,6.0,1.0,6.0,512.0,0.0,168.0,0.0,5.0,0.0,1.0,0.0,0.0,0.0,1180.0,0.0,0.0,0.0,319.0,0.0,0.0,0.0,650.0,0.0,2.0,0.0,0.0
ctx-rh-entorhinal,0.0,0.0,0.0,0.0,0.0,0.0,0.0,0.0,0.0,0.0,0.0,0.0,0.0,0.0,0.0,0.0,0.0,0.0,0.0,0.0,0.0,0.0,0.0,0.0,0.0,0.0,0.0,0.0,0.0,0.0,0.0,0.0,0.0,0.0,0.0,0.0,0.0,0.0,276.0,0.0,156.0,3.0,141.0,6.0,0.0,0.0,1.0,0.0,0.0,17.0,0.0,134.0,0.0,0.0,0.0,0.0,0.0,0.0,0.0,0.0,0.0,0.0,0.0,0.0,18.0,0.0,205.0,0.0
ctx-rh-frontalpole,0.0,0.0,0.0,0.0,0.0,0.0,0.0,0.0,0.0,0.0,0.0,0.0,0.0,0.0,0.0,0.0,0.0,0.0,0.0,0.0,0.0,0.0,0.0,0.0,0.0,0.0,0.0,0.0,0.0,0.0,0.0,0.0,0.0,0.0,0.0,1.0,0.0,0.0,0.0,71.0,0.0,0.0,0.0,0.0,0.0,0.0,168.0,0.0,226.0,0.0,0.0,0.0,0.0,10.0,3.0,0.0,0.0,0.0,0.0,0.0,11.0,92.0,90.0,0.0,0.0,0.0,0.0,0.0
ctx-rh-fusiform,0.0,0.0,0.0,1.0,0.0,0.0,1.0,1.0,0.0,0.0,6.0,1.0,0.0,1.0,0.0,0.0,0.0,0.0,0.0,0.0,0.0,0.0,0.0,1.0,0.0,6.0,0.0,0.0,0.0,5.0,0.0,0.0,0.0,0.0,139.0,0.0,0.0,22.0,156.0,0.0,3098.0,173.0,1101.0,26.0,15.0,1250.0,3.0,602.0,0.0,451.0,0.0,298.0,0.0,0.0,1.0,57.0,1.0,0.0,0.0,50.0,0.0,1.0,0.0,47.0,115.0,15.0,103.0,4.0
ctx-rh-inferiorparietal,1.0,0.0,1.0,1.0,0.0,0.0,7.0,8.0,4.0,0.0,41.0,7.0,0.0,8.0,0.0,2.0,0.0,1.0,0.0,0.0,0.0,4.0,1.0,12.0,3.0,39.0,0.0,0.0,1.0,25.0,2.0,4.0,0.0,1.0,550.0,0.0,3.0,28.0,3.0,0.0,173.0,8204.0,161.0,38.0,55.0,810.0,3.0,78.0,0.0,621.0,6.0,8.0,5.0,0.0,0.0,34.0,81.0,27.0,50.0,329.0,0.0,0.0,3.0,1448.0,117.0,1186.0,0.0,20.0
ctx-rh-inferiortemporal,0.0,0.0,0.0,0.0,0.0,0.0,1.0,0.0,0.0,0.0,3.0,1.0,0.0,2.0,0.0,0.0,0.0,0.0,0.0,0.0,0.0,0.0,0.0,0.0,0.0,0.0,0.0,0.0,0.0,2.0,0.0,0.0,0.0,0.0,180.0,0.0,0.0,6.0,141.0,0.0,1101.0,161.0,3218.0,66.0,4.0,278.0,14.0,67.0,1.0,2110.0,0.0,35.0,0.0,1.0,2.0,10.0,0.0,1.0,0.0,14.0,0.0,2.0,0.0,21.0,372.0,5.0,199.0,5.0
ctx-rh-insula,0.0,7.0,1.0,0.0,0.0,0.0,0.0,0.0,0.0,1.0,4.0,0.0,0.0,1.0,1.0,0.0,1.0,0.0,0.0,0.0,0.0,1.0,0.0,5.0,0.0,3.0,9.0,3.0,12.0,2.0,1.0,0.0,0.0,1.0,34.0,31.0,43.0,1.0,6.0,0.0,26.0,38.0,66.0,1275.0,7.0,2.0,338.0,6.0,18.0,87.0,12.0,5.0,284.0,17.0,181.0,1.0,163.0,13.0,245.0,29.0,18.0,167.0,92.0,55.0,398.0,238.0,34.0,89.0
ctx-rh-isthmuscingulate,3.0,0.0,0.0,7.0,0.0,0.0,14.0,30.0,2.0,6.0,117.0,18.0,0.0,19.0,0.0,0.0,3.0,1.0,0.0,0.0,0.0,5.0,4.0,29.0,2.0,104.0,0.0,0.0,0.0,39.0,6.0,4.0,0.0,2.0,13.0,2.0,1.0,6.0,0.0,0.0,15.0,55.0,4.0,7.0,593.0,24.0,0.0,147.0,0.0,5.0,10.0,78.0,0.0,0.0,0.0,6.0,5.0,317.0,6.0,817.0,0.0,0.0,3.0,130.0,20.0,22.0,0.0,7.0
ctx-rh-lateraloccipital,0.0,0.0,0.0,5.0,0.0,0.0,4.0,5.0,1.0,0.0,19.0,1.0,0.0,3.0,0.0,0.0,0.0,1.0,0.0,0.0,0.0,2.0,2.0,3.0,0.0,13.0,0.0,0.0,1.0,7.0,0.0,0.0,0.0,0.0,29.0,0.0,0.0,512.0,0.0,0.0,1250.0,810.0,278.0,2.0,24.0,7431.0,1.0,941.0,0.0,138.0,0.0,11.0,0.0,0.0,0.0,839.0,1.0,4.0,3.0,138.0,0.0,0.0,0.0,547.0,28.0,13.0,0.0,1.0
ctx-rh-lateralorbitofrontal,0.0,2.0,0.0,0.0,0.0,0.0,0.0,0.0,0.0,0.0,0.0,0.0,4.0,0.0,8.0,0.0,0.0,0.0,0.0,1.0,0.0,0.0,0.0,0.0,0.0,0.0,9.0,5.0,3.0,0.0,0.0,0.0,0.0,0.0,0.0,8.0,3.0,0.0,1.0,168.0,3.0,3.0,14.0,338.0,0.0,1.0,2394.0,0.0,879.0,12.0,0.0,1.0,7.0,609.0,317.0,0.0,0.0,0.0,0.0,0.0,136.0,683.0,143.0,1.0,28.0,1.0,15.0,2.0
ctx-rh-lingual,3.0,0.0,0.0,66.0,0.0,0.0,8.0,8.0,3.0,0.0,28.0,9.0,0.0,3.0,0.0,2.0,0.0,0.0,0.0,0.0,0.0,5.0,2.0,2.0,0.0,29.0,0.0,0.0,0.0,7.0,2.0,0.0,0.0,1.0,29.0,0.0,0.0,168.0,0.0,0.0,602.0,78.0,67.0,6.0,147.0,941.0,0.0,4008.0,0.0,48.0,0.0,164.0,0.0,0.0,0.0,1174.0,1.0,4.0,0.0,341.0,0.0,0.0,0.0,157.0,17.0,4.0,0.0,2.0
ctx-rh-medialorbitofrontal,0.0,6.0,0.0,0.0,0.0,0.0,0.0,0.0,0.0,0.0,0.0,0.0,10.0,0.0,9.0,0.0,0.0,0.0,0.0,2.0,0.0,0.0,0.0,0.0,0.0,0.0,24.0,8.0,7.0,0.0,0.0,0.0,0.0,0.0,0.0,12.0,0.0,0.0,0.0,226.0,0.0,0.0,1.0,18.0,0.0,0.0,879.0,0.0,2050.0,0.0,0.0,1.0,0.0,39.0,26.0,0.0,0.0,0.0,1.0,0.0,309.0,239.0,229.0,0.0,3.0,0.0,0.0,0.0
ctx-rh-middletemporal,0.0,0.0,0.0,0.0,0.0,0.0,3.0,3.0,1.0,0.0,8.0,3.0,0.0,2.0,0.0,0.0,1.0,2.0,0.0,0.0,0.0,1.0,0.0,1.0,0.0,4.0,0.0,0.0,0.0,5.0,0.0,0.0,0.0,0.0,960.0,0.0,0.0,5.0,17.0,0.0,451.0,621.0,2110.0,87.0,5.0,138.0,12.0,48.0,0.0,3701.0,0.0,22.0,1.0,1.0,2.0,9.0,4.0,1.0,1.0,24.0,0.0,1.0,0.0,36.0,584.0,42.0,107.0,8.0
ctx-rh-paracentral,0.0,3.0,2.0,0.0,0.0,0.0,2.0,2.0,2.0,2.0,10.0,0.0,2.0,2.0,0.0,0.0,10.0,0.0,0.0,0.0,0.0,0.0,5.0,52.0,15.0,8.0,0.0,1.0,22.0,8.0,0.0,2.0,0.0,1.0,3.0,12.0,43.0,0.0,0.0,0.0,0.0,6.0,0.0,12.0,10.0,0.0,0.0,0.0,0.0,0.0,1430.0,0.0,5.0,0.0,0.0,0.0,569.0,291.0,1065.0,276.0,0.0,1.0,570.0,260.0,3.0,13.0,0.0,0.0
ctx-rh-parahippocampal,0.0,0.0,0.0,0.0,0.0,0.0,1.0,1.0,0.0,0.0,2.0,1.0,0.0,4.0,0.0,0.0,0.0,1.0,0.0,0.0,0.0,1.0,0.0,1.0,0.0,4.0,0.0,0.0,0.0,1.0,0.0,0.0,0.0,0.0,14.0,0.0,0.0,1.0,134.0,0.0,298.0,8.0,35.0,5.0,78.0,11.0,1.0,164.0,1.0,22.0,0.0,426.0,0.0,0.0,0.0,2.0,1.0,0.0,0.0,9.0,0.0,0.0,1.0,6.0,7.0,2.0,3.0,0.0
ctx-rh-parsopercularis,0.0,14.0,2.0,0.0,0.0,0.0,0.0,0.0,0.0,0.0,0.0,0.0,0.0,0.0,1.0,0.0,0.0,0.0,0.0,0.0,2.0,0.0,0.0,4.0,3.0,1.0,1.0,5.0,14.0,0.0,1.0,0.0,0.0,0.0,0.0,33.0,279.0,0.0,0.0,0.0,0.0,5.0,0.0,284.0,0.0,0.0,7.0,0.0,0.0,1.0,5.0,0.0,1253.0,0.0,257.0,0.0,49.0,6.0,536.0,1.0,2.0,410.0,137.0,5.0,1.0,17.0,0.0,0.0
ctx-rh-parsorbitalis,0.0,1.0,0.0,0.0,0.0,0.0,0.0,0.0,0.0,0.0,0.0,0.0,1.0,0.0,0.0,0.0,0.0,0.0,0.0,0.0,1.0,0.0,0.0,0.0,0.0,0.0,4.0,4.0,0.0,0.0,0.0,0.0,0.0,0.0,0.0,3.0,0.0,0.0,0.0,10.0,0.0,0.0,1.0,17.0,0.0,0.0,609.0,0.0,39.0,1.0,0.0,0.0,0.0,549.0,320.0,0.0,0.0,0.0,0.0,0.0,19.0,407.0,42.0,0.0,2.0,0.0,0.0,0.0
ctx-rh-parstriangularis,0.0,10.0,0.0,0.0,0.0,0.0,0.0,0.0,0.0,4.0,0.0,0.0,0.0,0.0,0.0,0.0,0.0,0.0,1.0,0.0,1.0,0.0,0.0,0.0,1.0,0.0,9.0,4.0,12.0,0.0,0.0,0.0,0.0,0.0,0.0,29.0,28.0,0.0,0.0,3.0,1.0,0.0,2.0,181.0,0.0,0.0,317.0,0.0,26.0,2.0,0.0,0.0,257.0,320.0,1753.0,0.0,2.0,2.0,14.0,0.0,39.0,891.0,138.0,0.0,7.0,2.0,0.0,0.0
ctx-rh-pericalcarine,0.0,0.0,0.0,13.0,0.0,0.0,0.0,4.0,0.0,0.0,4.0,1.0,0.0,1.0,0.0,0.0,0.0,0.0,0.0,0.0,0.0,1.0,0.0,1.0,0.0,9.0,0.0,0.0,0.0,4.0,0.0,0.0,0.0,0.0,7.0,0.0,0.0,1180.0,0.0,0.0,57.0,34.0,10.0,1.0,6.0,839.0,0.0,1174.0,0.0,9.0,0.0,2.0,0.0,0.0,0.0,786.0,0.0,2.0,0.0,243.0,0.0,0.0,0.0,199.0,1.0,2.0,0.0,0.0
ctx-rh-postcentral,0.0,3.0,1.0,0.0,0.0,0.0,2.0,2.0,0.0,3.0,8.0,1.0,0.0,0.0,0.0,0.0,2.0,0.0,0.0,0.0,0.0,0.0,2.0,28.0,8.0,7.0,0.0,0.0,9.0,3.0,1.0,1.0,0.0,1.0,26.0,5.0,58.0,0.0,0.0,0.0,1.0,81.0,0.0,163.0,5.0,1.0,0.0,1.0,0.0,4.0,569.0,1.0,49.0,0.0,2.0,0.0,5595.0,78.0,1940.0,159.0,0.0,8.0,70.0,580.0,11.0,1175.0,0.0,4.0
ctx-rh-posteriorcingulate,0.0,11.0,17.0,0.0,0.0,0.0,8.0,2.0,5.0,9.0,46.0,3.0,0.0,2.0,0.0,0.0,38.0,0.0,1.0,0.0,0.0,2.0,19.0,124.0,43.0,45.0,0.0,4.0,61.0,33.0,3.0,9.0,0.0,3.0,7.0,162.0,30.0,0.0,0.0,0.0,0.0,27.0,1.0,13.0,317.0,4.0,0.0,4.0,0.0,1.0,291.0,0.0,6.0,0.0,2.0,2.0,78.0,901.0,151.0,303.0,0.0,3.0,246.0,178.0,11.0,37.0,0.0,2.0
ctx-rh-precentral,0.0,23.0,9.0,0.0,0.0,0.0,0.0,2.0,0.0,8.0,10.0,0.0,0.0,1.0,1.0,0.0,11.0,1.0,1.0,0.0,0.0,0.0,10.0,70.0,22.0,7.0,0.0,6.0,36.0,10.0,0.0,3.0,0.0,1.0,13.0,46.0,1108.0,0.0,0.0,0.0,0.0,50.0,0.0,245.0,6.0,3.0,0.0,0.0,1.0,1.0,1065.0,0.0,536.0,0.0,14.0,0.0,1940.0,151.0,7330.0,55.0,2.0,45.0,968.0,232.0,12.0,370.0,0.0,1.0
ctx-rh-precuneus,4.0,2.0,0.0,6.0,0.0,0.0,23.0,34.0,8.0,5.0,120.0,24.0,0.0,30.0,0.0,3.0,4.0,1.0,0.0,0.0,0.0,6.0,6.0,58.0,4.0,117.0,0.0,0.0,2.0,56.0,8.0,7.0,0.0,8.0,48.0,1.0,2.0,319.0,0.0,0.0,50.0,329.0,14.0,29.0,817.0,138.0,0.0,341.0,0.0,24.0,276.0,9.0,1.0,0.0,0.0,243.0,159.0,303.0,55.0,4536.0,0.0,0.0,20.0,3363.0,38.0,88.0,1.0,6.0
ctx-rh-rostralanteriorcingulate,0.0,15.0,0.0,0.0,0.0,0.0,0.0,0.0,0.0,1.0,0.0,0.0,13.0,0.0,8.0,0.0,0.0,0.0,0.0,3.0,1.0,0.0,0.0,0.0,0.0,0.0,50.0,23.0,27.0,0.0,0.0,0.0,0.0,0.0,0.0,92.0,1.0,0.0,0.0,11.0,0.0,0.0,0.0,18.0,0.0,0.0,136.0,0.0,309.0,0.0,0.0,0.0,2.0,19.0,39.0,0.0,0.0,0.0,2.0,0.0,684.0,211.0,486.0,0.0,1.0,0.0,0.0,0.0
ctx-rh-rostralmiddlefrontal,0.0,35.0,2.0,0.0,0.0,1.0,0.0,0.0,0.0,4.0,0.0,0.0,14.0,0.0,12.0,0.0,0.0,0.0,1.0,0.0,3.0,0.0,0.0,3.0,0.0,0.0,41.0,20.0,39.0,0.0,0.0,0.0,0.0,0.0,0.0,119.0,692.0,0.0,0.0,92.0,1.0,0.0,2.0,167.0,0.0,0.0,683.0,0.0,239.0,1.0,1.0,0.0,410.0,407.0,891.0,0.0,8.0,3.0,45.0,0.0,211.0,6598.0,2367.0,0.0,1.0,7.0,1.0,0.0
ctx-rh-superiorfrontal,1.0,162.0,36.0,0.0,0.0,0.0,1.0,0.0,0.0,11.0,4.0,0.0,9.0,0.0,19.0,0.0,14.0,0.0,9.0,4.0,14.0,0.0,9.0,85.0,27.0,7.0,67.0,58.0,201.0,8.0,0.0,2.0,0.0,0.0,0.0,615.0,1000.0,0.0,0.0,90.0,0.0,3.0,0.0,92.0,3.0,0.0,143.0,0.0,229.0,0.0,570.0,1.0,137.0,42.0,138.0,0.0,70.0,246.0,968.0,20.0,486.0,2367.0,10136.0,20.0,1.0,12.0,0.0,0.0
ctx-rh-superiorparietal,1.0,3.0,1.0,1.0,0.0,0.0,8.0,19.0,4.0,5.0,83.0,9.0,0.0,21.0,0.0,2.0,2.0,2.0,2.0,0.0,0.0,2.0,6.0,29.0,10.0,59.0,0.0,0.0,2.0,46.0,8.0,4.0,0.0,1.0,50.0,3.0,21.0,650.0,0.0,0.0,47.0,1448.0,21.0,55.0,130.0,547.0,1.0,157.0,0.0,36.0,260.0,6.0,5.0,0.0,0.0,199.0,580.0,178.0,232.0,3363.0,0.0,0.0,20.0,8369.0,49.0,440.0,0.0,17.0
ctx-rh-superiortemporal,0.0,0.0,0.0,0.0,0.0,0.0,4.0,2.0,0.0,0.0,5.0,4.0,0.0,3.0,0.0,1.0,0.0,0.0,0.0,0.0,0.0,1.0,1.0,4.0,1.0,14.0,0.0,0.0,1.0,3.0,0.0,0.0,0.0,0.0,841.0,1.0,4.0,0.0,18.0,0.0,115.0,117.0,372.0,398.0,20.0,28.0,28.0,17.0,3.0,584.0,3.0,7.0,1.0,2.0,7.0,1.0,11.0,11.0,12.0,38.0,1.0,1.0,1.0,49.0,4339.0,384.0,184.0,590.0
ctx-rh-supramarginal,1.0,1.0,2.0,0.0,0.0,0.0,3.0,8.0,1.0,3.0,29.0,1.0,0.0,2.0,1.0,0.0,1.0,1.0,0.0,0.0,0.0,2.0,1.0,13.0,3.0,25.0,0.0,0.0,9.0,13.0,1.0,3.0,0.0,0.0,440.0,3.0,24.0,2.0,0.0,0.0,15.0,1186.0,5.0,238.0,22.0,13.0,1.0,4.0,0.0,42.0,13.0,2.0,17.0,0.0,2.0,2.0,1175.0,37.0,370.0,88.0,0.0,7.0,12.0,440.0,384.0,5886.0,0.0,68.0
ctx-rh-temporalpole,0.0,0.0,0.0,0.0,0.0,0.0,0.0,0.0,0.0,0.0,0.0,0.0,0.0,0.0,0.0,0.0,0.0,0.0,0.0,0.0,0.0,0.0,0.0,0.0,0.0,0.0,0.0,0.0,1.0,0.0,0.0,0.0,0.0,0.0,2.0,0.0,0.0,0.0,205.0,0.0,103.0,0.0,199.0,34.0,0.0,0.0,15.0,0.0,0.0,107.0,0.0,3.0,0.0,0.0,0.0,0.0,0.0,0.0,0.0,1.0,0.0,1.0,0.0,0.0,184.0,0.0,231.0,0.0
ctx-rh-transversetemporal,0.0,0.0,0.0,0.0,0.0,0.0,1.0,0.0,1.0,0.0,5.0,0.0,0.0,0.0,0.0,0.0,0.0,0.0,0.0,0.0,0.0,0.0,0.0,3.0,0.0,2.0,0.0,0.0,0.0,2.0,2.0,1.0,0.0,0.0,20.0,0.0,0.0,0.0,0.0,0.0,4.0,20.0,5.0,89.0,7.0,1.0,2.0,2.0,0.0,8.0,0.0,0.0,0.0,0.0,0.0,0.0,4.0,2.0,1.0,6.0,0.0,0.0,0.0,17.0,590.0,68.0,0.0,170.0
