,ctx-lh-bankssts,ctx-lh-caudalanteriorcingulate,ctx-lh-caudalmiddlefrontal,ctx-lh-cuneus,ctx-lh-entorhinal,ctx-lh-frontalpole,ctx-lh-fusiform,ctx-lh-inferiorparietal,ctx-lh-inferiortemporal,ctx-lh-insula,ctx-lh-isthmuscingulate,ctx-lh-lateraloccipital,ctx-lh-lateralorbitofrontal,ctx-lh-lingual,ctx-lh-medialorbitofrontal,ctx-lh-middletemporal,ctx-lh-paracentral,ctx-lh-parahippocampal,ctx-lh-parsopercularis,ctx-lh-parsorbitalis,ctx-lh-parstriangularis,ctx-lh-pericalcarine,ctx-lh-postcentral,ctx-lh-posteriorcingulate,ctx-lh-precentral,ctx-lh-precuneus,ctx-lh-rostralanteriorcingulate,ctx-lh-rostralmiddlefrontal,ctx-lh-superiorfrontal,ctx-lh-superiorparietal,ctx-lh-superiortemporal,ctx-lh-supramarginal,ctx-lh-temporalpole,ctx-lh-transversetemporal,ctx-rh-bankssts,ctx-rh-caudalanteriorcingulate,ctx-rh-caudalmiddlefrontal,ctx-rh-cuneus,ctx-rh-entorhinal,ctx-rh-frontalpole,ctx-rh-fusiform,ctx-rh-inferiorparietal,ctx-rh-inferiortemporal,ctx-rh-insula,ctx-rh-isthmuscingulate,ctx-rh-lateraloccipital,ctx-rh-lateralorbitofrontal,ctx-rh-lingual,ctx-rh-medialorbitofrontal,ctx-rh-middletemporal,ctx-rh-paracentral,ctx-rh-parahippocampal,ctx-rh-parsopercularis,ctx-rh-parsorbitalis,ctx-rh-parstriangularis,ctx-rh-pericalcarine,ctx-rh-postcentral,ctx-rh-posteriorcingulate,ctx-rh-precentral,ctx-rh-precuneus,ctx-rh-rostralanteriorcingulate,ctx-rh-rostralmiddlefrontal,ctx-rh-superiorfrontal,ctx-rh-superiorparietal,ctx-rh-superiortemporal,ctx-rh-supramarginal,ctx-rh-temporalpole,ctx-rh-transversetemporal
ctx-lh-bankssts,913.0,0.0,0.0,1.0,0.0,0.0,22.0,490.0,219.0,25.0,20.0,16.0,1.0,16.0,0.0,961.0,0.0,5.0,0.0,0.0,0.0,1.0,13.0,4.0,2.0,42.0,0.0,0.0,0.0,29.0,1270.0,231.0,0.0,25.0,1.0,0.0,0.0,1.0,0.0,0.0,2.0,2.0,0.0,1.0,6.0,2.0,0.0,2.0,0.0,1.0,1.0,0.0,0.0,0.0,0.0,0.0,0.0,2.0,0.0,11.0,0.0,0.0,0.0,5.0,2.0,6.0,0.0,1.0
ctx-lh-caudalanteriorcingulate,0.0,625.0,50.0,0.0,0.0,0.0,0.0,1.0,0.0,15.0,2.0,0.0,8.0,0.0,10.0,0.0,19.0,0.0,32.0,1.0,12.0,0.0,1.0,266.0,21.0,8.0,192.0,164.0,719.0,2.0,0.0,0.0,0.0,0.0,0.0,116.0,21.0,1.0,0.0,0.0,0.0,0.0,0.0,7.0,2.0,0.0,6.0,0.0,2.0,0.0,15.0,0.0,8.0,2.0,11.0,0.0,4.0,23.0,21.0,2.0,26.0,39.0,182.0,1.0,0.0,1.0,0.0,0.0
ctx-lh-caudalmiddlefrontal,0.0,50.0,3658.0,0.0,0.0,0.0,0.0,1.0,0.0,73.0,2.0,0.0,0.0,0.0,0.0,0.0,15.0,0.0,193.0,0.0,14.0,0.0,52.0,26.0,1193.0,2.0,4.0,1161.0,1341.0,7.0,1.0,6.0,0.0,0.0,0.0,26.0,10.0,0.0,0.0,0.0,0.0,0.0,0.0,3.0,0.0,0.0,1.0,0.0,0.0,0.0,6.0,0.0,4.0,0.0,0.0,0.0,3.0,17.0,11.0,0.0,3.0,11.0,58.0,0.0,0.0,0.0,0.0,0.0
ctx-lh-cuneus,1.0,0.0,0.0,1062.0,0.0,0.0,18.0,50.0,17.0,2.0,27.0,342.0,0.0,82.0,0.0,5.0,0.0,5.0,0.0,0.0,0.0,1367.0,0.0,0.0,0.0,229.0,0.0,0.0,0.0,674.0,3.0,2.0,0.0,0.0,0.0,0.0,0.0,54.0,0.0,0.0,0.0,2.0,0.0,0.0,1.0,13.0,0.0,21.0,0.0,1.0,0.0,1.0,0.0,0.0,0.0,68.0,0.0,0.0,0.0,13.0,0.0,0.0,0.0,4.0,0.0,0.0,0.0,0.0
ctx-lh-entorhinal,0.0,0.0,0.0,0.0,148.0,0.0,88.0,0.0,49.0,3.0,0.0,1.0,0.0,0.0,0.0,16.0,0.0,42.0,0.0,0.0,0.0,0.0,0.0,0.0,0.0,0.0,0.0,0.0,0.0,0.0,26.0,0.0,178.0,0.0,0.0,0.0,0.0,0.0,0.0,0.0,0.0,0.0,0.0,0.0,0.0,0.0,0.0,0.0,0.0,0.0,0.0,0.0,0.0,0.0,0.0,0.0,0.0,0.0,0.0,0.0,0.0,0.0,0.0,0.0,0.0,0.0,0.0,0.0
ctx-lh-frontalpole,0.0,0.0,0.0,0.0,0.0,50.0,0.0,0.0,0.0,0.0,0.0,0.0,26.0,0.0,183.0,0.0,0.0,0.0,0.0,1.0,1.0,0.0,0.0,0.0,0.0,0.0,4.0,229.0,94.0,0.0,0.0,0.0,0.0,0.0,0.0,0.0,0.0,0.0,0.0,0.0,0.0,0.0,0.0,0.0,0.0,0.0,0.0,0.0,0.0,0.0,0.0,0.0,0.0,0.0,0.0,0.0,0.0,0.0,0.0,0.0,1.0,0.0,0.0,0.0,0.0,0.0,0.0,0.0
ctx-lh-fusiform,22.0,0.0,0.0,18.0,88.0,0.0,3266.0,72.0,2087.0,32.0,10.0,1372.0,4.0,494.0,0.0,420.0,0.0,168.0,1.0,0.0,0.0,66.0,1.0,0.0,0.0,23.0,0.0,0.0,0.0,29.0,194.0,6.0,216.0,4.0,0.0,0.0,0.0,3.0,0.0,0.0,0.0,3.0,1.0,0.0,6.0,4.0,0.0,3.0,0.0,2.0,0.0,0.0,0.0,0.0,0.0,1.0,0.0,0.0,0.0,9.0,0.0,0.0,0.0,1.0,1.0,1.0,0.0,1.0
ctx-lh-inferiorparietal,490.0,1.0,1.0,50.0,0.0,0.0,72.0,6898.0,383.0,36.0,105.0,1043.0,0.0,52.0,0.0,459.0,9.0,8.0,1.0,0.0,0.0,25.0,89.0,16.0,25.0,443.0,0.0,0.0,1.0,1354.0,127.0,991.0,0.0,19.0,6.0,0.0,1.0,5.0,0.0,0.0,8.0,18.0,1.0,3.0,31.0,10.0,0.0,4.0,0.0,3.0,0.0,1.0,0.0,0.0,0.0,2.0,3.0,2.0,3.0,62.0,0.0,0.0,0.0,21.0,0.0,3.0,0.0,0.0
ctx-lh-inferiortemporal,219.0,0.0,0.0,17.0,49.0,0.0,2087.0,383.0,4294.0,48.0,20.0,368.0,5.0,194.0,0.0,2040.0,1.0,103.0,0.0,0.0,0.0,22.0,3.0,0.0,1.0,52.0,0.0,0.0,0.0,30.0,327.0,19.0,206.0,14.0,0.0,0.0,0.0,4.0,0.0,0.0,0.0,3.0,3.0,1.0,11.0,3.0,0.0,2.0,0.0,3.0,0.0,0.0,0.0,0.0,0.0,3.0,0.0,0.0,0.0,16.0,0.0,0.0,0.0,4.0,1.0,0.0,0.0,0.0
ctx-lh-insula,25.0,15.0,73.0,2.0,3.0,0.0,32.0,36.0,48.0,1997.0,9.0,4.0,334.0,1.0,32.0,83.0,26.0,6.0,376.0,16.0,177.0,0.0,306.0,25.0,417.0,30.0,22.0,215.0,117.0,50.0,243.0,207.0,7.0,84.0,1.0,13.0,0.0,0.0,0.0,0.0,0.0,11.0,0.0,5.0,6.0,0.0,3.0,0.0,4.0,0.0,8.0,0.0,4.0,0.0,0.0,0.0,2.0,12.0,5.0,10.0,10.0,8.0,26.0,4.0,2.0,7.0,0.0,0.0
ctx-lh-isthmuscingulate,20.0,2.0,2.0,27.0,0.0,0.0,10.0,105.0,20.0,9.0,1013.0,31.0,0.0,197.0,0.0,9.0,9.0,43.0,1.0,0.0,0.0,42.0,19.0,271.0,7.0,986.0,0.0,0.0,5.0,117.0,15.0,27.0,0.0,4.0,10.0,2.0,1.0,6.0,0.0,0.0,6.0,37.0,6.0,6.0,115.0,14.0,0.0,14.0,0.0,5.0,4.0,2.0,0.0,0.0,0.0,8.0,7.0,24.0,2.0,144.0,0.0,0.0,2.0,43.0,6.0,22.0,0.0,1.0
ctx-lh-lateraloccipital,16.0,0.0,0.0,342.0,1.0,0.0,1372.0,1043.0,368.0,4.0,31.0,7094.0,0.0,639.0,0.0,88.0,0.0,4.0,0.0,0.0,0.0,919.0,1.0,0.0,1.0,101.0,0.0,0.0,0.0,415.0,12.0,6.0,0.0,1.0,1.0,0.0,0.0,3.0,0.0,0.0,5.0,3.0,3.0,1.0,13.0,8.0,0.0,7.0,0.0,2.0,0.0,0.0,0.0,0.0,0.0,4.0,0.0,1.0,0.0,18.0,0.0,0.0,0.0,4.0,2.0,0.0,0.0,0.0
ctx-lh-lateralorbitofrontal,1.0,8.0,0.0,0.0,0.0,26.0,4.0,0.0,5.0,334.0,0.0,0.0,2676.0,0.0,922.0,5.0,0.0,0.0,5.0,434.0,370.0,0.0,0.0,0.0,0.0,0.0,123.0,763.0,59.0,0.0,12.0,0.0,1.0,0.0,0.0,4.0,0.0,0.0,0.0,0.0,0.0,0.0,0.0,3.0,0.0,0.0,3.0,0.0,17.0,0.0,0.0,0.0,0.0,3.0,3.0,0.0,0.0,0.0,0.0,0.0,33.0,10.0,11.0,0.0,0.0,0.0,0.0,0.0
ctx-lh-lingual,16.0,0.0,0.0,82.0,0.0,0.0,494.0,52.0,194.0,1.0,197.0,639.0,0.0,4597.0,0.0,58.0,1.0,78.0,0.0,0.0,0.0,1107.0,1.0,2.0,0.0,88.0,0.0,0.0,0.0,49.0,22.0,4.0,0.0,3.0,3.0,0.0,0.0,3.0,0.0,0.0,3.0,2.0,2.0,0.0,17.0,4.0,0.0,95.0,0.0,0.0,0.0,0.0,0.0,0.0,0.0,37.0,0.0,1.0,1.0,17.0,0.0,0.0,0.0,5.0,0.0,0.0,0.0,0.0
ctx-lh-medialorbitofrontal,0.0,10.0,0.0,0.0,0.0,183.0,0.0,0.0,0.0,32.0,0.0,0.0,922.0,0.0,1785.0,0.0,0.0,0.0,1.0,49.0,31.0,0.0,0.0,2.0,0.0,0.0,430.0,1023.0,226.0,0.0,1.0,0.0,0.0,0.0,0.0,4.0,0.0,0.0,0.0,0.0,0.0,0.0,0.0,1.0,0.0,0.0,8.0,0.0,31.0,0.0,0.0,0.0,0.0,3.0,4.0,0.0,0.0,0.0,0.0,0.0,36.0,6.0,8.0,0.0,0.0,0.0,0.0,0.0
ctx-lh-middletemporal,961.0,0.0,0.0,5.0,16.0,0.0,420.0,459.0,2040.0,83.0,9.0,88.0,5.0,58.0,0.0,3845.0,0.0,53.0,0.0,0.0,0.0,5.0,4.0,1.0,1.0,31.0,0.0,0.0,0.0,25.0,1057.0,38.0,123.0,19.0,2.0,0.0,0.0,0.0,0.0,0.0,1.0,3.0,2.0,1.0,6.0,3.0,0.0,1.0,0.0,0.0,1.0,0.0,0.0,0.0,0.0,0.0,0.0,1.0,0.0,13.0,0.0,0.0,0.0,4.0,2.0,1.0,0.0,1.0
ctx-lh-paracentral,0.0,19.0,15.0,0.0,0.0,0.0,0.0,9.0,1.0,26.0,9.0,0.0,0.0,1.0,0.0,0.0,1676.0,0.0,6.0,0.0,0.0,0.0,494.0,291.0,1187.0,210.0,0.0,2.0,554.0,177.0,2.0,12.0,0.0,2.0,0.0,3.0,2.0,0.0,0.0,0.0,0.0,4.0,0.0,3.0,7.0,0.0,0.0,0.0,0.0,0.0,42.0,0.0,0.0,0.0,0.0,0.0,21.0,62.0,22.0,19.0,0.0,0.0,14.0,12.0,2.0,6.0,0.0,1.0
ctx-lh-parahippocampal,5.0,0.0,0.0,5.0,42.0,0.0,168.0,8.0,103.0,6.0,43.0,4.0,0.0,78.0,0.0,53.0,0.0,281.0,0.0,0.0,0.0,2.0,0.0,0.0,0.0,9.0,0.0,0.0,0.0,4.0,34.0,2.0,4.0,0.0,0.0,0.0,0.0,0.0,0.0,0.0,0.0,1.0,0.0,0.0,0.0,1.0,0.0,1.0,0.0,0.0,0.0,0.0,0.0,0.0,0.0,0.0,0.0,0.0,0.0,2.0,0.0,0.0,0.0,0.0,0.0,0.0,0.0,0.0
ctx-lh-parsopercularis,0.0,32.0,193.0,0.0,0.0,0.0,1.0,1.0,0.0,376.0,1.0,0.0,5.0,0.0,1.0,0.0,6.0,0.0,1763.0,1.0,345.0,0.0,43.0,3.0,517.0,0.0,5.0,584.0,161.0,3.0,2.0,8.0,0.0,0.0,0.0,18.0,2.0,0.0,0.0,0.0,0.0,0.0,0.0,1.0,0.0,0.0,0.0,1.0,0.0,0.0,2.0,0.0,0.0,0.0,1.0,0.0,2.0,9.0,5.0,0.0,0.0,8.0,33.0,0.0,0.0,1.0,0.0,0.0
ctx-lh-parsorbitalis,0.0,1.0,0.0,0.0,0.0,1.0,0.0,0.0,0.0,16.0,0.0,0.0,434.0,0.0,49.0,0.0,0.0,0.0,1.0,592.0,347.0,0.0,0.0,0.0,0.0,0.0,27.0,317.0,23.0,0.0,0.0,0.0,0.0,0.0,0.0,1.0,0.0,0.0,0.0,0.0,0.0,0.0,0.0,0.0,0.0,0.0,1.0,0.0,2.0,0.0,0.0,0.0,0.0,0.0,2.0,0.0,0.0,0.0,0.0,0.0,4.0,3.0,2.0,0.0,0.0,0.0,0.0,0.0
ctx-lh-parstriangularis,0.0,12.0,14.0,0.0,0.0,1.0,0.0,0.0,0.0,177.0,0.0,0.0,370.0,0.0,31.0,0.0,0.0,0.0,345.0,347.0,1604.0,0.0,0.0,0.0,5.0,0.0,53.0,808.0,88.0,0.0,0.0,0.0,0.0,0.0,0.0,11.0,2.0,0.0,0.0,0.0,0.0,0.0,0.0,3.0,0.0,0.0,3.0,0.0,4.0,0.0,0.0,0.0,0.0,0.0,0.0,0.0,0.0,1.0,0.0,0.0,18.0,12.0,12.0,0.0,0.0,0.0,0.0,0.0
ctx-lh-pericalcarine,1.0,0.0,0.0,1367.0,0.0,0.0,66.0,25.0,22.0,0.0,42.0,919.0,0.0,1107.0,0.0,5.0,0.0,2.0,0.0,0.0,0.0,706.0,0.0,0.0,0.0,149.0,0.0,0.0,0.0,204.0,1.0,2.0,0.0,0.0,0.0,0.0,0.0,5.0,0.0,0.0,2.0,0.0,5.0,1.0,11.0,4.0,0.0,2.0,0.0,1.0,0.0,0.0,0.0,0.0,0.0,2.0,0.0,1.0,0.0,13.0,0.0,0.0,0.0,3.0,1.0,0.0,0.0,0.0
ctx-lh-postcentral,13.0,1.0,52.0,0.0,0.0,0.0,1.0,89.0,3.0,306.0,19.0,1.0,0.0,1.0,0.0,4.0,494.0,0.0,43.0,0.0,0.0,0.0,5556.0,45.0,1978.0,135.0,0.0,4.0,52.0,654.0,33.0,1278.0,0.0,11.0,1.0,1.0,1.0,0.0,0.0,0.0,2.0,6.0,1.0,1.0,11.0,0.0,0.0,2.0,0.0,1.0,15.0,0.0,0.0,0.0,0.0,1.0,8.0,28.0,7.0,11.0,0.0,0.0,4.0,11.0,5.0,5.0,0.0,1.0
ctx-lh-posteriorcingulate,4.0,266.0,26.0,0.0,0.0,0.0,0.0,16.0,0.0,25.0,271.0,0.0,0.0,2.0,2.0,1.0,291.0,0.0,3.0,0.0,0.0,0.0,45.0,1435.0,77.0,386.0,4.0,9.0,351.0,63.0,5.0,24.0,0.0,2.0,4.0,22.0,10.0,0.0,0.0,0.0,0.0,17.0,1.0,12.0,24.0,0.0,0.0,1.0,0.0,2.0,76.0,0.0,3.0,0.0,1.0,1.0,26.0,149.0,43.0,57.0,0.0,2.0,53.0,39.0,8.0,10.0,0.0,2.0
ctx-lh-precentral,2.0,21.0,1193.0,0.0,0.0,0.0,0.0,25.0,1.0,417.0,7.0,1.0,0.0,0.0,0.0,1.0,1187.0,0.0,517.0,0.0,5.0,0.0,1978.0,77.0,7548.0,29.0,0.0,104.0,880.0,133.0,14.0,193.0,0.0,6.0,0.0,13.0,7.0,0.0,0.0,0.0,0.0,1.0,0.0,6.0,5.0,0.0,0.0,1.0,0.0,1.0,46.0,0.0,4.0,0.0,0.0,0.0,12.0,46.0,40.0,14.0,0.0,2.0,44.0,8.0,1.0,2.0,0.0,2.0
ctx-lh-precuneus,42.0,8.0,2.0,229.0,0.0,0.0,23.0,443.0,52.0,30.0,986.0,101.0,0.0,88.0,0.0,31.0,210.0,9.0,0.0,0.0,0.0,149.0,135.0,386.0,29.0,4702.0,0.0,0.0,10.0,2355.0,56.0,87.0,0.0,14.0,7.0,0.0,0.0,40.0,0.0,0.0,5.0,48.0,10.0,12.0,100.0,28.0,0.0,19.0,0.0,13.0,17.0,4.0,0.0,0.0,0.0,12.0,11.0,36.0,6.0,182.0,0.0,0.0,0.0,54.0,10.0,19.0,0.0,2.0
ctx-lh-rostralanteriorcingulate,0.0,192.0,4.0,0.0,0.0,4.0,0.0,0.0,0.0,22.0,0.0,0.0,123.0,0.0,430.0,0.0,0.0,0.0,5.0,27.0,53.0,0.0,0.0,4.0,0.0,0.0,972.0,408.0,405.0,0.0,0.0,0.0,0.0,0.0,0.0,27.0,0.0,0.0,0.0,1.0,0.0,0.0,0.0,9.0,0.0,0.0,19.0,0.0,39.0,0.0,0.0,0.0,4.0,4.0,9.0,0.0,0.0,1.0,0.0,0.0,143.0,35.0,62.0,0.0,0.0,0.0,0.0,0.0
ctx-lh-rostralmiddlefrontal,0.0,164.0,1161.0,0.0,0.0,229.0,0.0,0.0,0.0,215.0,0.0,0.0,763.0,0.0,1023.0,0.0,2.0,0.0,584.0,317.0,808.0,0.0,4.0,9.0,104.0,0.0,408.0,8590.0,3430.0,0.0,1.0,1.0,0.0,0.0,0.0,67.0,8.0,0.0,0.0,1.0,0.0,0.0,0.0,11.0,0.0,0.0,15.0,0.0,34.0,0.0,2.0,1.0,10.0,6.0,24.0,0.0,1.0,4.0,4.0,0.0,61.0,61.0,153.0,0.0,0.0,0.0,0.0,0.0
ctx-lh-superiorfrontal,0.0,719.0,1341.0,0.0,0.0,94.0,0.0,1.0,0.0,117.0,5.0,0.0,59.0,0.0,226.0,0.0,554.0,0.0,161.0,23.0,88.0,0.0,52.0,351.0,880.0,10.0,405.0,3430.0,12699.0,12.0,1.0,10.0,0.0,0.0,0.0,173.0,53.0,0.0,0.0,0.0,0.0,2.0,0.0,17.0,1.0,0.0,14.0,0.0,17.0,0.0,69.0,0.0,29.0,3.0,16.0,0.0,13.0,113.0,92.0,3.0,60.0,75.0,448.0,4.0,1.0,3.0,0.0,1.0
ctx-lh-superiorparietal,29.0,2.0,7.0,674.0,0.0,0.0,29.0,1354.0,30.0,50.0,117.0,415.0,0.0,49.0,0.0,25.0,177.0,4.0,3.0,0.0,0.0,204.0,654.0,63.0,133.0,2355.0,0.0,0.0,12.0,6179.0,28.0,775.0,0.0,6.0,5.0,1.0,0.0,17.0,0.0,0.0,6.0,14.0,3.0,4.0,31.0,32.0,0.0,8.0,0.0,4.0,14.0,1.0,0.0,0.0,0.0,11.0,5.0,18.0,2.0,43.0,0.0,0.0,0.0,23.0,5.0,14.0,0.0,2.0
ctx-lh-superiortemporal,1270.0,0.0,1.0,3.0,26.0,0.0,194.0,127.0,327.0,243.0,15.0,12.0,12.0,22.0,1.0,1057.0,2.0,34.0,2.0,0.0,0.0,1.0,33.0,5.0,14.0,56.0,0.0,1.0,1.0,28.0,5305.0,324.0,276.0,644.0,3.0,0.0,0.0,0.0,0.0,0.0,0.0,6.0,2.0,3.0,15.0,1.0,0.0,3.0,0.0,0.0,2.0,0.0,0.0,0.0,1.0,1.0,1.0,2.0,0.0,18.0,0.0,0.0,0.0,5.0,3.0,2.0,0.0,0.0
ctx-lh-supramarginal,231.0,0.0,6.0,2.0,0.0,0.0,6.0,991.0,19.0,207.0,27.0,6.0,0.0,4.0,0.0,38.0,12.0,2.0,8.0,0.0,0.0,2.0,1278.0,24.0,193.0,87.0,0.0,1.0,10.0,775.0,324.0,4806.0,0.0,48.0,4.0,0.0,0.0,2.0,0.0,0.0,4.0,5.0,2.0,0.0,10.0,4.0,0.0,1.0,0.0,1.0,7.0,0.0,0.0,0.0,0.0,1.0,3.0,9.0,1.0,25.0,0.0,0.0,1.0,11.0,6.0,8.0,0.0,0.0
ctx-lh-temporalpole,0.0,0.0,0.0,0.0,178.0,0.0,216.0,0.0,206.0,7.0,0.0,0.0,1.0,0.0,0.0,123.0,0.0,4.0,0.0,0.0,0.0,0.0,0.0,0.0,0.0,0.0,0.0,0.0,0.0,0.0,276.0,0.0,503.0,0.0,0.0,0.0,0.0,0.0,0.0,0.0,0.0,0.0,0.0,0.0,0.0,0.0,0.0,0.0,0.0,0.0,0.0,0.0,0.0,0.0,0.0,0.0,0.0,0.0,0.0,0.0,0.0,0.0,0.0,0.0,0.0,0.0,0.0,0.0
ctx-lh-transversetemporal,25.0,0.0,0.0,0.0,0.0,0.0,4.0,19.0,14.0,84.0,4.0,1.0,0.0,3.0,0.0,19.0,2.0,0.0,0.0,0.0,0.0,0.0,11.0,2.0,6.0,14.0,0.0,0.0,0.0,6.0,644.0,48.0,0.0,436.0,1.0,0.0,0.0,1.0,0.0,0.0,0.0,1.0,1.0,0.0,2.0,0.0,0.0,0.0,0.0,1.0,1.0,0.0,0.0,0.0,0.0,1.0,0.0,1.0,0.0,11.0,0.0,0.0,0.0,2.0,0.0,3.0,0.0,1.0
ctx-rh-bankssts,1.0,0.0,0.0,0.0,0.0,0.0,0.0,6.0,0.0,1.0,10.0,1.0,0.0,3.0,0.0,2.0,0.0,0.0,0.0,0.0,0.0,0.0,1.0,4.0,0.0,7.0,0.0,0.0,0.0,5.0,3.0,4.0,0.0,1.0,1205.0,0.0,1.0,6.0,0.0,0.0,47.0,427.0,233.0,40.0,21.0,30.0,0.0,20.0,0.0,822.0,0.0,5.0,0.0,0.0,0.0,6.0,8.0,2.0,4.0,34.0,0.0,0.0,0.0,28.0,1149.0,372.0,0.0,24.0
ctx-rh-caudalanteriorcingulate,0.0,116.0,26.0,0.0,0.0,0.0,0.0,0.0,0.0,13.0,2.0,0.0,4.0,0.0,4.0,0.0,3.0,0.0,18.0,1.0,11.0,0.0,1.0,22.0,13.0,0.0,27.0,67.0,173.0,1.0,0.0,0.0,0.0,0.0,0.0,518.0,50.0,0.0,0.0,1.0,0.0,0.0,0.0,19.0,10.0,0.0,6.0,0.0,4.0,0.0,33.0,0.0,26.0,0.0,21.0,0.0,8.0,343.0,35.0,7.0,167.0,118.0,883.0,4.0,0.0,1.0,0.0,0.0
ctx-rh-caudalmiddlefrontal,0.0,21.0,10.0,0.0,0.0,0.0,0.0,1.0,0.0,0.0,1.0,0.0,0.0,0.0,0.0,0.0,2.0,0.0,2.0,0.0,2.0,0.0,1.0,10.0,7.0,0.0,0.0,8.0,53.0,0.0,0.0,0.0,0.0,0.0,1.0,50.0,2889.0,0.0,0.0,0.0,0.0,7.0,0.0,42.0,1.0,0.0,0.0,0.0,1.0,0.0,13.0,1.0,333.0,0.0,15.0,0.0,46.0,29.0,1051.0,0.0,1.0,746.0,968.0,7.0,0.0,17.0,0.0,0.0
ctx-rh-cuneus,1.0,1.0,0.0,54.0,0.0,0.0,3.0,5.0,4.0,0.0,6.0,3.0,0.0,3.0,0.0,0.0,0.0,0.0,0.0,0.0,0.0,5.0,0.0,0.0,0.0,40.0,0.0,0.0,0.0,17.0,0.0,2.0,0.0,1.0,6.0,0.0,0.0,1409.0,0.0,0.0,26.0,39.0,10.0,4.0,31.0,929.0,0.0,228.0,0.0,10.0,0.0,1.0,0.0,0.0,0.0,1481.0,1.0,1.0,1.0,337.0,0.0,0.0,0.0,362.0,6.0,0.0,0.0,0.0
ctx-rh-entorhinal,0.0,0.0,0.0,0.0,0.0,0.0,0.0,0.0,0.0,0.0,0.0,0.0,0.0,0.0,0.0,0.0,0.0,0.0,0.0,0.0,0.0,0.0,0.0,0.0,0.0,0.0,0.0,0.0,0.0,0.0,0.0,0.0,0.0,0.0,0.0,0.0,0.0,0.0,132.0,0.0,91.0,0.0,123.0,4.0,0.0,0.0,0.0,1.0,0.0,45.0,0.0,60.0,0.0,0.0,0.0,0.0,0.0,0.0,0.0,0.0,0.0,0.0,0.0,1.0,49.0,0.0,164.0,0.0
ctx-rh-frontalpole,0.0,0.0,0.0,0.0,0.0,0.0,0.0,0.0,0.0,0.0,0.0,0.0,0.0,0.0,0.0,0.0,0.0,0.0,0.0,0.0,0.0,0.0,0.0,0.0,0.0,0.0,1.0,1.0,0.0,0.0,0.0,0.0,0.0,0.0,0.0,1.0,0.0,0.0,0.0,82.0,0.0,0.0,0.0,2.0,0.0,0.0,133.0,0.0,320.0,0.0,0.0,0.0,0.0,7.0,9.0,0.0,0.0,0.0,0.0,0.0,6.0,269.0,148.0,0.0,0.0,0.0,0.0,0.0
ctx-rh-fusiform,2.0,0.0,0.0,0.0,0.0,0.0,0.0,8.0,0.0,0.0,6.0,5.0,0.0,3.0,0.0,1.0,0.0,0.0,0.0,0.0,0.0,2.0,2.0,0.0,0.0,5.0,0.0,0.0,0.0,6.0,0.0,4.0,0.0,0.0,47.0,0.0,0.0,26.0,91.0,0.0,3947.0,70.0,1876.0,55.0,19.0,1336.0,2.0,620.0,1.0,408.0,1.0,203.0,0.0,0.0,0.0,57.0,0.0,1.0,2.0,40.0,0.0,0.0,0.0,19.0,147.0,6.0,105.0,3.0
ctx-rh-inferiorparietal,2.0,0.0,0.0,2.0,0.0,0.0,3.0,18.0,3.0,11.0,37.0,3.0,0.0,2.0,0.0,3.0,4.0,1.0,0.0,0.0,0.0,0.0,6.0,17.0,1.0,48.0,0.0,0.0,2.0,14.0,6.0,5.0,0.0,1.0,427.0,0.0,7.0,39.0,0.0,0.0,70.0,7521.0,283.0,61.0,66.0,853.0,2.0,24.0,0.0,545.0,15.0,4.0,3.0,0.0,0.0,15.0,159.0,18.0,60.0,457.0,0.0,0.0,3.0,1496.0,117.0,1474.0,0.0,21.0
ctx-rh-inferiortemporal,0.0,0.0,0.0,0.0,0.0,0.0,1.0,1.0,3.0,0.0,6.0,3.0,0.0,2.0,0.0,2.0,0.0,0.0,0.0,0.0,0.0,5.0,1.0,1.0,0.0,10.0,0.0,0.0,0.0,3.0,2.0,2.0,0.0,1.0,233.0,0.0,0.0,10.0,123.0,0.0,1876.0,283.0,3369.0,67.0,7.0,261.0,4.0,89.0,0.0,1734.0,0.0,70.0,0.0,0.0,0.0,11.0,1.0,1.0,1.0,35.0,0.0,0.0,0.0,28.0,251.0,19.0,221.0,7.0
ctx-rh-insula,1.0,7.0,3.0,0.0,0.0,0.0,0.0,3.0,1.0,5.0,6.0,1.0,3.0,0.0,1.0,1.0,3.0,0.0,1.0,0.0,3.0,1.0,1.0,12.0,6.0,12.0,9.0,11.0,17.0,4.0,3.0,0.0,0.0,0.0,40.0,19.0,42.0,4.0,4.0,2.0,55.0,61.0,67.0,1857.0,11.0,11.0,375.0,4.0,25.0,101.0,16.0,16.0,188.0,26.0,200.0,2.0,254.0,22.0,279.0,27.0,28.0,164.0,151.0,53.0,240.0,350.0,12.0,47.0
ctx-rh-isthmuscingulate,6.0,2.0,0.0,1.0,0.0,0.0,6.0,31.0,11.0,6.0,115.0,13.0,0.0,17.0,0.0,6.0,7.0,0.0,0.0,0.0,0.0,11.0,11.0,24.0,5.0,100.0,0.0,0.0,1.0,31.0,15.0,10.0,0.0,2.0,21.0,10.0,1.0,31.0,0.0,0.0,19.0,66.0,7.0,11.0,722.0,29.0,0.0,158.0,0.0,8.0,10.0,66.0,0.0,0.0,0.0,30.0,4.0,227.0,7.0,1017.0,0.0,0.0,3.0,77.0,10.0,22.0,0.0,5.0
ctx-rh-lateraloccipital,2.0,0.0,0.0,13.0,0.0,0.0,4.0,10.0,3.0,0.0,14.0,8.0,0.0,4.0,0.0,3.0,0.0,1.0,0.0,0.0,0.0,4.0,0.0,0.0,0.0,28.0,0.0,0.0,0.0,32.0,1.0,4.0,0.0,0.0,30.0,0.0,0.0,929.0,0.0,0.0,1336.0,853.0,261.0,11.0,29.0,7965.0,0.0,871.0,0.0,164.0,0.0,7.0,0.0,0.0,0.0,1091.0,1.0,3.0,1.0,214.0,0.0,0.0,0.0,445.0,21.0,9.0,0.0,5.0
ctx-rh-lateralorbitofrontal,0.0,6.0,1.0,0.0,0.0,0.0,0.0,0.0,0.0,3.0,0.0,0.0,3.0,0.0,8.0,0.0,0.0,0.0,0.0,1.0,3.0,0.0,0.0,0.0,0.0,0.0,19.0,15.0,14.0,0.0,0.0,0.0,0.0,0.0,0.0,6.0,0.0,0.0,0.0,133.0,2.0,2.0,4.0,375.0,0.0,0.0,2533.0,0.0,906.0,2.0,0.0,1.0,1.0,474.0,232.0,0.0,0.0,0.0,0.0,0.0,100.0,456.0,88.0,0.0,9.0,0.0,0.0,0.0
ctx-rh-lingual,2.0,0.0,0.0,21.0,0.0,0.0,3.0,4.0,2.0,0.0,14.0,7.0,0.0,95.0,0.0,1.0,0.0,1.0,1.0,0.0,0.0,2.0,2.0,1.0,1.0,19.0,0.0,0.0,0.0,8.0,3.0,1.0,0.0,0.0,20.0,0.0,0.0,228.0,1.0,0.0,620.0,24.0,89.0,4.0,158.0,871.0,0.0,5156.0,0.0,43.0,0.0,278.0,0.0,0.0,0.0,1543.0,0.0,0.0,0.0,230.0,0.0,0.0,0.0,23.0,17.0,4.0,0.0,6.0
ctx-rh-medialorbitofrontal,0.0,2.0,0.0,0.0,0.0,0.0,0.0,0.0,0.0,4.0,0.0,0.0,17.0,0.0,31.0,0.0,0.0,0.0,0.0,2.0,4.0,0.0,0.0,0.0,0.0,0.0,39.0,34.0,17.0,0.0,0.0,0.0,0.0,0.0,0.0,4.0,1.0,0.0,0.0,320.0,1.0,0.0,0.0,25.0,0.0,0.0,906.0,0.0,2006.0,0.0,0.0,0.0,2.0,72.0,34.0,0.0,0.0,1.0,1.0,0.0,367.0,760.0,396.0,0.0,0.0,0.0,0.0,0.0
ctx-rh-middletemporal,1.0,0.0,0.0,1.0,0.0,0.0,2.0,3.0,3.0,0.0,5.0,2.0,0.0,0.0,0.0,0.0,0.0,0.0,0.0,0.0,0.0,1.0,1.0,2.0,1.0,13.0,0.0,0.0,0.0,4.0,0.0,1.0,0.0,1.0,822.0,0.0,0.0,10.0,45.0,0.0,408.0,545.0,1734.0,101.0,8.0,164.0,2.0,43.0,0.0,4745.0,0.0,58.0,0.0,0.0,0.0,5.0,4.0,1.0,1.0,39.0,0.0,0.0,0.0,29.0,685.0,39.0,170.0,8.0
ctx-rh-paracentral,1.0,15.0,6.0,0.0,0.0,0.0,0.0,0.0,0.0,8.0,4.0,0.0,0.0,0.0,0.0,1.0,42.0,0.0,2.0,0.0,0.0,0.0,15.0,76.0,46.0,17.0,0.0,2.0,69.0,14.0,2.0,7.0,0.0,1.0,0.0,33.0,13.0,0.0,0.0,0.0,1.0,15.0,0.0,16.0,10.0,0.0,0.0,0.0,0.0,0.0,2116.0,0.0,1.0,0.0,0.0,0.0,587.0,501.0,975.0,238.0,0.0,1.0,398.0,261.0,5.0,21.0,0.0,0.0
ctx-rh-parahippocampal,0.0,0.0,0.0,1.0,0.0,0.0,0.0,1.0,0.0,0.0,2.0,0.0,0.0,0.0,0.0,0.0,0.0,0.0,0.0,0.0,0.0,0.0,0.0,0.0,0.0,4.0,0.0,1.0,0.0,1.0,0.0,0.0,0.0,0.0,5.0,0.0,1.0,1.0,60.0,0.0,203.0,4.0,70.0,16.0,66.0,7.0,1.0,278.0,0.0,58.0,0.0,323.0,0.0,0.0,0.0,5.0,0.0,0.0,0.0,23.0,0.0,1.0,1.0,3.0,35.0,0.0,1.0,0.0
ctx-rh-parsopercularis,0.0,8.0,4.0,0.0,0.0,0.0,0.0,0.0,0.0,4.0,0.0,0.0,0.0,0.0,0.0,0.0,0.0,0.0,0.0,0.0,0.0,0.0,0.0,3.0,4.0,0.0,4.0,10.0,29.0,0.0,0.0,0.0,0.0,0.0,0.0,26.0,333.0,0.0,0.0,0.0,0.0,3.0,0.0,188.0,0.0,0.0,1.0,0.0,2.0,0.0,1.0,0.0,1420.0,1.0,324.0,0.0,61.0,5.0,489.0,1.0,1.0,550.0,208.0,2.0,0.0,14.0,0.0,0.0
ctx-rh-parsorbitalis,0.0,2.0,0.0,0.0,0.0,0.0,0.0,0.0,0.0,0.0,0.0,0.0,3.0,0.0,3.0,0.0,0.0,0.0,0.0,0.0,0.0,0.0,0.0,0.0,0.0,0.0,4.0,6.0,3.0,0.0,0.0,0.0,0.0,0.0,0.0,0.0,0.0,0.0,0.0,7.0,0.0,0.0,0.0,26.0,0.0,0.0,474.0,0.0,72.0,0.0,0.0,0.0,1.0,514.0,383.0,0.0,0.0,0.0,0.0,0.0,47.0,386.0,78.0,0.0,0.0,0.0,0.0,0.0
ctx-rh-parstriangularis,0.0,11.0,0.0,0.0,0.0,0.0,0.0,0.0,0.0,0.0,0.0,0.0,3.0,0.0,4.0,0.0,0.0,0.0,1.0,2.0,0.0,0.0,0.0,1.0,0.0,0.0,9.0,24.0,16.0,0.0,1.0,0.0,0.0,0.0,0.0,21.0,15.0,0.0,0.0,9.0,0.0,0.0,0.0,200.0,0.0,0.0,232.0,0.0,34.0,0.0,0.0,0.0,324.0,383.0,1758.0,0.0,0.0,1.0,5.0,0.0,54.0,875.0,173.0,0.0,1.0,0.0,0.0,0.0
ctx-rh-pericalcarine,0.0,0.0,0.0,68.0,0.0,0.0,1.0,2.0,3.0,0.0,8.0,4.0,0.0,37.0,0.0,0.0,0.0,0.0,0.0,0.0,0.0,2.0,1.0,1.0,0.0,12.0,0.0,0.0,0.0,11.0,1.0,1.0,0.0,1.0,6.0,0.0,0.0,1481.0,0.0,0.0,57.0,15.0,11.0,2.0,30.0,1091.0,0.0,1543.0,0.0,5.0,0.0,5.0,0.0,0.0,0.0,961.0,0.0,0.0,0.0,172.0,0.0,0.0,0.0,35.0,0.0,0.0,0.0,2.0
ctx-rh-postcentral,0.0,4.0,3.0,0.0,0.0,0.0,0.0,3.0,0.0,2.0,7.0,0.0,0.0,0.0,0.0,0.0,21.0,0.0,2.0,0.0,0.0,0.0,8.0,26.0,12.0,11.0,0.0,1.0,13.0,5.0,1.0,3.0,0.0,0.0,8.0,8.0,46.0,1.0,0.0,0.0,0.0,159.0,1.0,254.0,4.0,1.0,0.0,0.0,0.0,4.0,587.0,0.0,61.0,0.0,0.0,0.0,5329.0,49.0,1979.0,120.0,0.0,8.0,43.0,576.0,13.0,1369.0,0.0,6.0
ctx-rh-posteriorcingulate,2.0,23.0,17.0,0.0,0.0,0.0,0.0,2.0,0.0,12.0,24.0,1.0,0.0,1.0,0.0,1.0,62.0,0.0,9.0,0.0,1.0,1.0,28.0,149.0,46.0,36.0,1.0,4.0,113.0,18.0,2.0,9.0,0.0,1.0,2.0,343.0,29.0,1.0,0.0,0.0,1.0,18.0,1.0,22.0,227.0,3.0,0.0,0.0,1.0,1.0,501.0,0.0,5.0,0.0,1.0,0.0,49.0,1413.0,103.0,392.0,2.0,10.0,401.0,69.0,7.0,33.0,0.0,4.0
ctx-rh-precentral,0.0,21.0,11.0,0.0,0.0,0.0,0.0,3.0,0.0,5.0,2.0,0.0,0.0,1.0,0.0,0.0,22.0,0.0,5.0,0.0,0.0,0.0,7.0,43.0,40.0,6.0,0.0,4.0,92.0,2.0,0.0,1.0,0.0,0.0,4.0,35.0,1051.0,1.0,0.0,0.0,2.0,60.0,1.0,279.0,7.0,1.0,0.0,0.0,1.0,1.0,975.0,0.0,489.0,0.0,5.0,0.0,1979.0,103.0,7754.0,49.0,0.0,66.0,930.0,165.0,7.0,255.0,0.0,3.0
ctx-rh-precuneus,11.0,2.0,0.0,13.0,0.0,0.0,9.0,62.0,16.0,10.0,144.0,18.0,0.0,17.0,0.0,13.0,19.0,2.0,0.0,0.0,0.0,13.0,11.0,57.0,14.0,182.0,0.0,0.0,3.0,43.0,18.0,25.0,0.0,11.0,34.0,7.0,0.0,337.0,0.0,0.0,40.0,457.0,35.0,27.0,1017.0,214.0,0.0,230.0,0.0,39.0,238.0,23.0,1.0,0.0,0.0,172.0,120.0,392.0,49.0,5090.0,0.0,0.0,6.0,2450.0,36.0,60.0,1.0,11.0
ctx-rh-rostralanteriorcingulate,0.0,26.0,3.0,0.0,0.0,1.0,0.0,0.0,0.0,10.0,0.0,0.0,33.0,0.0,36.0,0.0,0.0,0.0,0.0,4.0,18.0,0.0,0.0,0.0,0.0,0.0,143.0,61.0,60.0,0.0,0.0,0.0,0.0,0.0,0.0,167.0,1.0,0.0,0.0,6.0,0.0,0.0,0.0,28.0,0.0,0.0,100.0,0.0,367.0,0.0,0.0,0.0,1.0,47.0,54.0,0.0,0.0,2.0,0.0,0.0,600.0,164.0,434.0,1.0,2.0,0.0,0.0,0.0
ctx-rh-rostralmiddlefrontal,0.0,39.0,11.0,0.0,0.0,0.0,0.0,0.0,0.0,8.0,0.0,0.0,10.0,0.0,6.0,0.0,0.0,0.0,8.0,3.0,12.0,0.0,0.0,2.0,2.0,0.0,35.0,61.0,75.0,0.0,0.0,0.0,0.0,0.0,0.0,118.0,746.0,0.0,0.0,269.0,0.0,0.0,0.0,164.0,0.0,0.0,456.0,0.0,760.0,0.0,1.0,1.0,550.0,386.0,875.0,0.0,8.0,10.0,66.0,0.0,164.0,8102.0,3299.0,0.0,1.0,2.0,0.0,0.0
ctx-rh-superiorfrontal,0.0,182.0,58.0,0.0,0.0,0.0,0.0,0.0,0.0,26.0,2.0,0.0,11.0,0.0,8.0,0.0,14.0,0.0,33.0,2.0,12.0,0.0,4.0,53.0,44.0,0.0,62.0,153.0,448.0,0.0,0.0,1.0,0.0,0.0,0.0,883.0,968.0,0.0,0.0,148.0,0.0,3.0,0.0,151.0,3.0,0.0,88.0,0.0,396.0,0.0,398.0,1.0,208.0,78.0,173.0,0.0,43.0,401.0,930.0,6.0,434.0,3299.0,11027.0,8.0,1.0,7.0,0.0,0.0
ctx-rh-superiorparietal,5.0,1.0,0.0,4.0,0.0,0.0,1.0,21.0,4.0,4.0,43.0,4.0,0.0,5.0,0.0,4.0,12.0,0.0,0.0,0.0,0.0,3.0,11.0,39.0,8.0,54.0,0.0,0.0,4.0,23.0,5.0,11.0,0.0,2.0,28.0,4.0,7.0,362.0,1.0,0.0,19.0,1496.0,28.0,53.0,77.0,445.0,0.0,23.0,0.0,29.0,261.0,3.0,2.0,0.0,0.0,35.0,576.0,69.0,165.0,2450.0,1.0,0.0,8.0,5067.0,39.0,388.0,0.0,7.0
ctx-rh-superiortemporal,2.0,0.0,0.0,0.0,0.0,0.0,1.0,0.0,1.0,2.0,6.0,2.0,0.0,0.0,0.0,2.0,2.0,0.0,0.0,0.0,0.0,1.0,5.0,8.0,1.0,10.0,0.0,0.0,1.0,5.0,3.0,6.0,0.0,0.0,1149.0,0.0,0.0,6.0,49.0,0.0,147.0,117.0,251.0,240.0,10.0,21.0,9.0,17.0,0.0,685.0,5.0,35.0,0.0,0.0,1.0,0.0,13.0,7.0,7.0,36.0,2.0,1.0,1.0,39.0,5725.0,322.0,174.0,655.0
ctx-rh-supramarginal,6.0,1.0,0.0,0.0,0.0,0.0,1.0,3.0,0.0,7.0,22.0,0.0,0.0,0.0,0.0,1.0,6.0,0.0,1.0,0.0,0.0,0.0,5.0,10.0,2.0,19.0,0.0,0.0,3.0,14.0,2.0,8.0,0.0,3.0,372.0,1.0,17.0,0.0,0.0,0.0,6.0,1474.0,19.0,350.0,22.0,9.0,0.0,4.0,0.0,39.0,21.0,0.0,14.0,0.0,0.0,0.0,1369.0,33.0,255.0,60.0,0.0,2.0,7.0,388.0,322.0,5116.0,0.0,46.0
ctx-rh-temporalpole,0.0,0.0,0.0,0.0,0.0,0.0,0.0,0.0,0.0,0.0,0.0,0.0,0.0,0.0,0.0,0.0,0.0,0.0,0.0,0.0,0.0,0.0,0.0,0.0,0.0,0.0,0.0,0.0,0.0,0.0,0.0,0.0,0.0,0.0,0.0,0.0,0.0,0.0,164.0,0.0,105.0,0.0,221.0,12.0,0.0,0.0,0.0,0.0,0.0,170.0,0.0,1.0,0.0,0.0,0.0,0.0,0.0,0.0,0.0,1.0,0.0,0.0,0.0,0.0,174.0,0.0,396.0,0.0
ctx-rh-transversetemporal,1.0,0.0,0.0,0.0,0.0,0.0,1.0,0.0,0.0,0.0,1.0,0.0,0.0,0.0,0.0,1.0,1.0,0.0,0.0,0.0,0.0,0.0,1.0,2.0,2.0,2.0,0.0,0.0,1.0,2.0,0.0,0.0,0.0,1.0,24.0,0.0,0.0,0.0,0.0,0.0,3.0,21.0,7.0,47.0,5.0,5.0,0.0,6.0,0.0,8.0,0.0,0.0,0.0,0.0,0.0,2.0,6.0,4.0,3.0,11.0,0.0,0.0,0.0,7.0,655.0,46.0,0.0,315.0
