,ctx-lh-bankssts,ctx-lh-caudalanteriorcingulate,ctx-lh-caudalmiddlefrontal,ctx-lh-cuneus,ctx-lh-entorhinal,ctx-lh-frontalpole,ctx-lh-fusiform,ctx-lh-inferiorparietal,ctx-lh-inferiortemporal,ctx-lh-insula,ctx-lh-isthmuscingulate,ctx-lh-lateraloccipital,ctx-lh-lateralorbitofrontal,ctx-lh-lingual,ctx-lh-medialorbitofrontal,ctx-lh-middletemporal,ctx-lh-paracentral,ctx-lh-parahippocampal,ctx-lh-parsopercularis,ctx-lh-parsorbitalis,ctx-lh-parstriangularis,ctx-lh-pericalcarine,ctx-lh-postcentral,ctx-lh-posteriorcingulate,ctx-lh-precentral,ctx-lh-precuneus,ctx-lh-rostralanteriorcingulate,ctx-lh-rostralmiddlefrontal,ctx-lh-superiorfrontal,ctx-lh-superiorparietal,ctx-lh-superiortemporal,ctx-lh-supramarginal,ctx-lh-temporalpole,ctx-lh-transversetemporal,ctx-rh-bankssts,ctx-rh-caudalanteriorcingulate,ctx-rh-caudalmiddlefrontal,ctx-rh-cuneus,ctx-rh-entorhinal,ctx-rh-frontalpole,ctx-rh-fusiform,ctx-rh-inferiorparietal,ctx-rh-inferiortemporal,ctx-rh-insula,ctx-rh-isthmuscingulate,ctx-rh-lateraloccipital,ctx-rh-lateralorbitofrontal,ctx-rh-lingual,ctx-rh-medialorbitofrontal,ctx-rh-middletemporal,ctx-rh-paracentral,ctx-rh-parahippocampal,ctx-rh-parsopercularis,ctx-rh-parsorbitalis,ctx-rh-parstriangularis,ctx-rh-pericalcarine,ctx-rh-postcentral,ctx-rh-posteriorcingulate,ctx-rh-precentral,ctx-rh-precuneus,ctx-rh-rostralanteriorcingulate,ctx-rh-rostralmiddlefrontal,ctx-rh-superiorfrontal,ctx-rh-superiorparietal,ctx-rh-superiortemporal,ctx-rh-supramarginal,ctx-rh-temporalpole,ctx-rh-transversetemporal
ctx-lh-bankssts,725.0,0.0,1.0,0.0,1.0,0.0,40.0,288.0,258.0,35.0,10.0,20.0,0.0,10.0,0.0,874.0,0.0,1.0,1.0,0.0,0.0,0.0,23.0,4.0,12.0,13.0,0.0,0.0,2.0,19.0,849.0,203.0,1.0,39.0,0.0,0.0,0.0,1.0,0.0,0.0,0.0,1.0,0.0,0.0,2.0,1.0,0.0,0.0,0.0,1.0,0.0,0.0,0.0,0.0,0.0,0.0,0.0,3.0,0.0,3.0,0.0,0.0,0.0,3.0,0.0,0.0,0.0,0.0
ctx-lh-caudalanteriorcingulate,0.0,670.0,120.0,0.0,0.0,0.0,0.0,2.0,0.0,19.0,6.0,0.0,13.0,1.0,9.0,0.0,17.0,0.0,38.0,3.0,12.0,0.0,5.0,371.0,34.0,10.0,276.0,190.0,1033.0,4.0,0.0,2.0,0.0,0.0,0.0,144.0,12.0,0.0,0.0,0.0,0.0,0.0,0.0,4.0,0.0,0.0,5.0,0.0,7.0,0.0,2.0,0.0,7.0,1.0,5.0,0.0,0.0,15.0,9.0,0.0,54.0,61.0,105.0,1.0,0.0,0.0,0.0,0.0
ctx-lh-caudalmiddlefrontal,1.0,120.0,3016.0,0.0,0.0,0.0,0.0,2.0,0.0,63.0,2.0,0.0,3.0,0.0,0.0,0.0,21.0,0.0,356.0,0.0,23.0,0.0,39.0,82.0,1009.0,2.0,6.0,833.0,1422.0,7.0,7.0,18.0,0.0,0.0,0.0,54.0,9.0,0.0,0.0,0.0,0.0,0.0,0.0,0.0,0.0,0.0,0.0,0.0,0.0,1.0,1.0,0.0,3.0,0.0,1.0,0.0,0.0,28.0,11.0,0.0,2.0,11.0,46.0,1.0,0.0,0.0,0.0,0.0
ctx-lh-cuneus,0.0,0.0,0.0,1509.0,0.0,0.0,13.0,34.0,7.0,1.0,46.0,401.0,0.0,147.0,0.0,3.0,0.0,5.0,0.0,0.0,0.0,1418.0,0.0,1.0,1.0,279.0,0.0,0.0,0.0,819.0,4.0,1.0,0.0,2.0,1.0,0.0,0.0,28.0,0.0,0.0,0.0,7.0,2.0,2.0,15.0,4.0,0.0,7.0,0.0,1.0,1.0,0.0,0.0,0.0,0.0,8.0,1.0,0.0,0.0,24.0,0.0,0.0,0.0,26.0,1.0,0.0,0.0,1.0
ctx-lh-entorhinal,1.0,0.0,0.0,0.0,384.0,0.0,426.0,0.0,334.0,13.0,0.0,0.0,1.0,0.0,0.0,34.0,0.0,166.0,0.0,0.0,0.0,0.0,0.0,0.0,0.0,0.0,0.0,0.0,0.0,1.0,23.0,0.0,256.0,0.0,0.0,0.0,0.0,0.0,0.0,0.0,0.0,0.0,0.0,0.0,0.0,0.0,0.0,0.0,0.0,0.0,0.0,0.0,0.0,0.0,0.0,0.0,0.0,1.0,0.0,0.0,0.0,0.0,0.0,0.0,0.0,0.0,0.0,0.0
ctx-lh-frontalpole,0.0,0.0,0.0,0.0,0.0,113.0,0.0,0.0,0.0,0.0,0.0,0.0,34.0,0.0,258.0,0.0,0.0,0.0,1.0,1.0,1.0,0.0,0.0,0.0,0.0,0.0,3.0,164.0,80.0,0.0,0.0,0.0,0.0,0.0,0.0,0.0,0.0,0.0,0.0,0.0,0.0,0.0,0.0,0.0,0.0,0.0,1.0,0.0,0.0,0.0,0.0,0.0,0.0,0.0,0.0,0.0,0.0,0.0,0.0,0.0,0.0,0.0,0.0,0.0,0.0,0.0,0.0,0.0
ctx-lh-fusiform,40.0,0.0,0.0,13.0,426.0,0.0,3509.0,135.0,1397.0,42.0,31.0,1214.0,2.0,633.0,0.0,238.0,0.0,459.0,0.0,0.0,0.0,59.0,2.0,3.0,1.0,29.0,1.0,0.0,0.0,69.0,92.0,9.0,135.0,9.0,1.0,0.0,0.0,5.0,0.0,0.0,2.0,10.0,0.0,0.0,7.0,4.0,0.0,8.0,0.0,1.0,1.0,0.0,0.0,0.0,0.0,0.0,1.0,5.0,0.0,31.0,0.0,0.0,0.0,7.0,1.0,3.0,0.0,0.0
ctx-lh-inferiorparietal,288.0,2.0,2.0,34.0,0.0,0.0,135.0,5910.0,246.0,50.0,57.0,952.0,1.0,45.0,0.0,444.0,5.0,7.0,7.0,0.0,0.0,24.0,132.0,14.0,56.0,162.0,0.0,1.0,0.0,1306.0,183.0,1139.0,1.0,22.0,2.0,0.0,0.0,3.0,0.0,0.0,2.0,13.0,1.0,0.0,21.0,4.0,0.0,10.0,0.0,2.0,3.0,3.0,0.0,0.0,0.0,1.0,1.0,2.0,2.0,30.0,0.0,0.0,0.0,13.0,2.0,1.0,0.0,0.0
ctx-lh-inferiortemporal,258.0,0.0,0.0,7.0,334.0,0.0,1397.0,246.0,4037.0,82.0,11.0,283.0,1.0,54.0,0.0,2289.0,2.0,24.0,3.0,0.0,1.0,8.0,12.0,2.0,9.0,9.0,0.0,0.0,0.0,30.0,299.0,56.0,205.0,25.0,0.0,0.0,0.0,2.0,0.0,0.0,1.0,3.0,1.0,1.0,5.0,1.0,0.0,1.0,0.0,0.0,0.0,0.0,0.0,0.0,0.0,1.0,0.0,0.0,0.0,12.0,0.0,0.0,0.0,3.0,0.0,0.0,0.0,0.0
ctx-lh-insula,35.0,19.0,63.0,1.0,13.0,0.0,42.0,50.0,82.0,1463.0,16.0,14.0,476.0,9.0,13.0,137.0,24.0,1.0,302.0,9.0,115.0,1.0,259.0,37.0,303.0,33.0,6.0,153.0,74.0,38.0,394.0,296.0,47.0,102.0,0.0,6.0,1.0,1.0,0.0,0.0,0.0,3.0,0.0,2.0,8.0,0.0,0.0,3.0,1.0,0.0,1.0,0.0,2.0,0.0,0.0,0.0,0.0,12.0,1.0,8.0,3.0,5.0,7.0,4.0,1.0,1.0,0.0,0.0
ctx-lh-isthmuscingulate,10.0,6.0,2.0,46.0,0.0,0.0,31.0,57.0,11.0,16.0,765.0,43.0,1.0,182.0,0.0,6.0,18.0,86.0,3.0,0.0,0.0,34.0,37.0,332.0,29.0,1090.0,0.0,0.0,10.0,153.0,34.0,14.0,0.0,6.0,6.0,2.0,2.0,7.0,0.0,0.0,5.0,24.0,13.0,9.0,93.0,14.0,0.0,17.0,0.0,5.0,18.0,3.0,0.0,0.0,0.0,14.0,10.0,57.0,12.0,110.0,0.0,0.0,4.0,43.0,12.0,8.0,0.0,3.0
ctx-lh-lateraloccipital,20.0,0.0,0.0,401.0,0.0,0.0,1214.0,952.0,283.0,14.0,43.0,7921.0,0.0,660.0,0.0,143.0,1.0,9.0,0.0,0.0,0.0,780.0,7.0,2.0,7.0,86.0,0.0,0.0,1.0,630.0,26.0,18.0,0.0,7.0,1.0,0.0,0.0,7.0,0.0,0.0,0.0,4.0,1.0,2.0,8.0,1.0,0.0,12.0,0.0,5.0,1.0,1.0,0.0,0.0,0.0,6.0,2.0,2.0,0.0,23.0,0.0,0.0,0.0,8.0,2.0,1.0,0.0,0.0
ctx-lh-lateralorbitofrontal,0.0,13.0,3.0,0.0,1.0,34.0,2.0,1.0,1.0,476.0,1.0,0.0,2927.0,0.0,1543.0,6.0,0.0,0.0,26.0,403.0,308.0,0.0,1.0,0.0,0.0,0.0,198.0,1230.0,141.0,0.0,1.0,0.0,4.0,0.0,0.0,10.0,0.0,0.0,0.0,0.0,0.0,0.0,0.0,0.0,0.0,0.0,0.0,0.0,0.0,0.0,0.0,0.0,0.0,0.0,0.0,0.0,0.0,0.0,0.0,0.0,12.0,7.0,5.0,0.0,0.0,0.0,0.0,0.0
ctx-lh-lingual,10.0,1.0,0.0,147.0,0.0,0.0,633.0,45.0,54.0,9.0,182.0,660.0,0.0,4589.0,0.0,16.0,2.0,219.0,0.0,0.0,0.0,1325.0,1.0,4.0,0.0,151.0,0.0,0.0,1.0,109.0,18.0,3.0,0.0,2.0,3.0,0.0,0.0,27.0,0.0,0.0,7.0,10.0,3.0,1.0,23.0,17.0,0.0,69.0,0.0,2.0,3.0,4.0,0.0,0.0,0.0,38.0,1.0,3.0,0.0,51.0,0.0,0.0,0.0,11.0,2.0,2.0,0.0,1.0
ctx-lh-medialorbitofrontal,0.0,9.0,0.0,0.0,0.0,258.0,0.0,0.0,0.0,13.0,0.0,0.0,1543.0,0.0,1423.0,0.0,0.0,0.0,0.0,25.0,10.0,0.0,0.0,0.0,0.0,0.0,502.0,704.0,390.0,0.0,0.0,0.0,0.0,0.0,0.0,4.0,0.0,0.0,0.0,0.0,0.0,0.0,0.0,0.0,0.0,0.0,0.0,0.0,3.0,0.0,0.0,0.0,0.0,0.0,0.0,0.0,0.0,0.0,0.0,0.0,4.0,0.0,5.0,0.0,0.0,0.0,1.0,0.0
ctx-lh-middletemporal,874.0,0.0,0.0,3.0,34.0,0.0,238.0,444.0,2289.0,137.0,6.0,143.0,6.0,16.0,0.0,3872.0,1.0,11.0,1.0,0.0,1.0,1.0,17.0,1.0,7.0,15.0,0.0,2.0,1.0,48.0,1050.0,62.0,172.0,24.0,1.0,1.0,0.0,1.0,0.0,0.0,0.0,3.0,0.0,0.0,6.0,0.0,0.0,0.0,0.0,1.0,0.0,0.0,0.0,0.0,0.0,0.0,0.0,3.0,0.0,4.0,0.0,0.0,0.0,4.0,2.0,0.0,0.0,0.0
ctx-lh-paracentral,0.0,17.0,21.0,0.0,0.0,0.0,0.0,5.0,2.0,24.0,18.0,1.0,0.0,2.0,0.0,1.0,1776.0,0.0,3.0,0.0,0.0,0.0,431.0,312.0,898.0,233.0,0.0,0.0,631.0,99.0,1.0,8.0,0.0,1.0,0.0,4.0,1.0,0.0,0.0,0.0,0.0,0.0,0.0,1.0,2.0,0.0,0.0,1.0,0.0,0.0,5.0,1.0,1.0,0.0,0.0,0.0,3.0,28.0,7.0,5.0,0.0,1.0,17.0,1.0,0.0,0.0,0.0,0.0
ctx-lh-parahippocampal,1.0,0.0,0.0,5.0,166.0,0.0,459.0,7.0,24.0,1.0,86.0,9.0,0.0,219.0,0.0,11.0,0.0,664.0,0.0,0.0,0.0,6.0,0.0,1.0,0.0,10.0,0.0,0.0,0.0,3.0,5.0,3.0,2.0,1.0,0.0,0.0,0.0,0.0,0.0,0.0,1.0,4.0,1.0,0.0,3.0,1.0,0.0,7.0,0.0,0.0,0.0,1.0,0.0,0.0,0.0,1.0,0.0,0.0,1.0,6.0,0.0,0.0,0.0,2.0,0.0,0.0,0.0,1.0
ctx-lh-parsopercularis,1.0,38.0,356.0,0.0,0.0,1.0,0.0,7.0,3.0,302.0,3.0,0.0,26.0,0.0,0.0,1.0,3.0,0.0,1909.0,7.0,540.0,0.0,88.0,12.0,648.0,1.0,2.0,615.0,156.0,6.0,5.0,45.0,0.0,5.0,0.0,8.0,4.0,0.0,0.0,0.0,0.0,0.0,0.0,1.0,1.0,0.0,0.0,0.0,0.0,0.0,0.0,0.0,1.0,0.0,0.0,0.0,1.0,5.0,2.0,0.0,1.0,12.0,14.0,0.0,0.0,0.0,0.0,0.0
ctx-lh-parsorbitalis,0.0,3.0,0.0,0.0,0.0,1.0,0.0,0.0,0.0,9.0,0.0,0.0,403.0,0.0,25.0,0.0,0.0,0.0,7.0,490.0,294.0,0.0,0.0,0.0,0.0,0.0,9.0,535.0,24.0,0.0,0.0,0.0,0.0,0.0,0.0,1.0,0.0,0.0,0.0,0.0,0.0,0.0,0.0,0.0,0.0,0.0,0.0,0.0,0.0,0.0,0.0,0.0,0.0,0.0,0.0,0.0,0.0,0.0,0.0,0.0,0.0,2.0,2.0,0.0,0.0,0.0,0.0,0.0
ctx-lh-parstriangularis,0.0,12.0,23.0,0.0,0.0,1.0,0.0,0.0,1.0,115.0,0.0,0.0,308.0,0.0,10.0,1.0,0.0,0.0,540.0,294.0,1206.0,0.0,1.0,1.0,6.0,0.0,8.0,800.0,65.0,1.0,0.0,2.0,0.0,0.0,0.0,9.0,0.0,0.0,0.0,0.0,0.0,0.0,0.0,0.0,0.0,0.0,1.0,0.0,2.0,0.0,0.0,0.0,0.0,0.0,0.0,0.0,0.0,1.0,0.0,0.0,3.0,1.0,7.0,0.0,0.0,0.0,0.0,0.0
ctx-lh-pericalcarine,0.0,0.0,0.0,1418.0,0.0,0.0,59.0,24.0,8.0,1.0,34.0,780.0,0.0,1325.0,0.0,1.0,0.0,6.0,0.0,0.0,0.0,1173.0,2.0,2.0,0.0,169.0,0.0,0.0,0.0,270.0,7.0,1.0,0.0,2.0,0.0,0.0,0.0,27.0,0.0,0.0,0.0,7.0,0.0,0.0,15.0,3.0,0.0,13.0,0.0,5.0,0.0,0.0,0.0,0.0,0.0,21.0,0.0,2.0,0.0,26.0,0.0,0.0,0.0,6.0,2.0,0.0,0.0,0.0
ctx-lh-postcentral,23.0,5.0,39.0,0.0,0.0,0.0,2.0,132.0,12.0,259.0,37.0,7.0,1.0,1.0,0.0,17.0,431.0,0.0,88.0,0.0,1.0,2.0,4727.0,61.0,1630.0,211.0,0.0,3.0,33.0,812.0,34.0,1046.0,0.0,7.0,1.0,1.0,0.0,0.0,0.0,0.0,0.0,4.0,2.0,1.0,13.0,1.0,0.0,2.0,0.0,1.0,3.0,0.0,0.0,0.0,0.0,0.0,1.0,9.0,1.0,8.0,0.0,2.0,5.0,3.0,0.0,2.0,0.0,0.0
ctx-lh-posteriorcingulate,4.0,371.0,82.0,1.0,0.0,0.0,3.0,14.0,2.0,37.0,332.0,2.0,0.0,4.0,0.0,1.0,312.0,1.0,12.0,0.0,1.0,2.0,61.0,1081.0,245.0,525.0,5.0,13.0,470.0,69.0,12.0,19.0,0.0,10.0,2.0,25.0,12.0,1.0,1.0,0.0,0.0,1.0,0.0,2.0,7.0,1.0,0.0,3.0,0.0,2.0,45.0,1.0,7.0,0.0,1.0,0.0,9.0,127.0,69.0,19.0,1.0,6.0,78.0,16.0,1.0,2.0,0.0,0.0
ctx-lh-precentral,12.0,34.0,1009.0,1.0,0.0,0.0,1.0,56.0,9.0,303.0,29.0,7.0,0.0,0.0,0.0,7.0,898.0,0.0,648.0,0.0,6.0,0.0,1630.0,245.0,6196.0,128.0,0.0,50.0,752.0,199.0,42.0,353.0,0.0,3.0,2.0,11.0,9.0,1.0,0.0,0.0,0.0,2.0,2.0,3.0,5.0,0.0,0.0,0.0,0.0,0.0,15.0,0.0,1.0,0.0,0.0,0.0,3.0,70.0,20.0,10.0,0.0,5.0,40.0,5.0,1.0,2.0,0.0,0.0
ctx-lh-precuneus,13.0,10.0,2.0,279.0,0.0,0.0,29.0,162.0,9.0,33.0,1090.0,86.0,0.0,151.0,0.0,15.0,233.0,10.0,1.0,0.0,0.0,169.0,211.0,525.0,128.0,4377.0,1.0,2.0,30.0,2012.0,29.0,38.0,1.0,10.0,6.0,0.0,1.0,9.0,0.0,0.0,6.0,32.0,7.0,7.0,83.0,8.0,0.0,22.0,0.0,5.0,9.0,1.0,0.0,0.0,0.0,9.0,4.0,39.0,5.0,117.0,0.0,0.0,3.0,49.0,10.0,6.0,0.0,1.0
ctx-lh-rostralanteriorcingulate,0.0,276.0,6.0,0.0,0.0,3.0,1.0,0.0,0.0,6.0,0.0,0.0,198.0,0.0,502.0,0.0,0.0,0.0,2.0,9.0,8.0,0.0,0.0,5.0,0.0,1.0,1307.0,185.0,480.0,0.0,0.0,0.0,0.0,0.0,0.0,43.0,0.0,0.0,0.0,1.0,0.0,0.0,0.0,1.0,0.0,0.0,7.0,0.0,8.0,0.0,0.0,0.0,0.0,2.0,2.0,0.0,0.0,2.0,1.0,0.0,76.0,14.0,35.0,0.0,0.0,0.0,0.0,0.0
ctx-lh-rostralmiddlefrontal,0.0,190.0,833.0,0.0,0.0,164.0,0.0,1.0,0.0,153.0,0.0,0.0,1230.0,0.0,704.0,2.0,0.0,0.0,615.0,535.0,800.0,0.0,3.0,13.0,50.0,2.0,185.0,6999.0,2182.0,0.0,2.0,2.0,0.0,1.0,1.0,66.0,3.0,0.0,0.0,0.0,0.0,0.0,0.0,3.0,0.0,0.0,8.0,0.0,10.0,0.0,0.0,0.0,6.0,2.0,4.0,0.0,1.0,4.0,3.0,0.0,54.0,42.0,66.0,0.0,0.0,0.0,0.0,0.0
ctx-lh-superiorfrontal,2.0,1033.0,1422.0,0.0,0.0,80.0,0.0,0.0,0.0,74.0,10.0,1.0,141.0,1.0,390.0,1.0,631.0,0.0,156.0,24.0,65.0,0.0,33.0,470.0,752.0,30.0,480.0,2182.0,10550.0,15.0,1.0,6.0,0.0,0.0,0.0,187.0,34.0,0.0,0.0,0.0,0.0,1.0,0.0,8.0,2.0,0.0,6.0,0.0,14.0,0.0,17.0,0.0,10.0,0.0,7.0,0.0,3.0,80.0,37.0,4.0,61.0,90.0,203.0,1.0,0.0,2.0,0.0,0.0
ctx-lh-superiorparietal,19.0,4.0,7.0,819.0,1.0,0.0,69.0,1306.0,30.0,38.0,153.0,630.0,0.0,109.0,0.0,48.0,99.0,3.0,6.0,0.0,1.0,270.0,812.0,69.0,199.0,2012.0,0.0,0.0,15.0,7531.0,39.0,459.0,0.0,7.0,3.0,1.0,1.0,10.0,0.0,0.0,3.0,25.0,1.0,5.0,42.0,8.0,0.0,20.0,0.0,2.0,6.0,3.0,1.0,0.0,0.0,10.0,4.0,19.0,2.0,48.0,0.0,0.0,4.0,22.0,5.0,0.0,0.0,0.0
ctx-lh-superiortemporal,849.0,0.0,7.0,4.0,23.0,0.0,92.0,183.0,299.0,394.0,34.0,26.0,1.0,18.0,0.0,1050.0,1.0,5.0,5.0,0.0,0.0,7.0,34.0,12.0,42.0,29.0,0.0,2.0,1.0,39.0,6068.0,530.0,326.0,812.0,0.0,0.0,0.0,3.0,0.0,0.0,0.0,0.0,0.0,0.0,7.0,2.0,0.0,1.0,0.0,2.0,1.0,0.0,0.0,0.0,0.0,3.0,0.0,2.0,1.0,8.0,0.0,0.0,0.0,3.0,2.0,1.0,0.0,0.0
ctx-lh-supramarginal,203.0,2.0,18.0,1.0,0.0,0.0,9.0,1139.0,56.0,296.0,14.0,18.0,0.0,3.0,0.0,62.0,8.0,3.0,45.0,0.0,2.0,1.0,1046.0,19.0,353.0,38.0,0.0,2.0,6.0,459.0,530.0,3778.0,0.0,23.0,0.0,2.0,0.0,0.0,0.0,0.0,1.0,1.0,0.0,0.0,11.0,0.0,0.0,0.0,0.0,0.0,1.0,0.0,0.0,0.0,0.0,0.0,1.0,4.0,1.0,6.0,0.0,0.0,0.0,3.0,0.0,2.0,0.0,0.0
ctx-lh-temporalpole,1.0,0.0,0.0,0.0,256.0,0.0,135.0,1.0,205.0,47.0,0.0,0.0,4.0,0.0,0.0,172.0,0.0,2.0,0.0,0.0,0.0,0.0,0.0,0.0,0.0,1.0,0.0,0.0,0.0,0.0,326.0,0.0,587.0,1.0,0.0,0.0,0.0,0.0,0.0,0.0,0.0,0.0,0.0,0.0,0.0,0.0,0.0,0.0,0.0,0.0,0.0,0.0,0.0,0.0,0.0,0.0,0.0,0.0,0.0,0.0,0.0,0.0,0.0,0.0,0.0,0.0,0.0,0.0
ctx-lh-transversetemporal,39.0,0.0,0.0,2.0,0.0,0.0,9.0,22.0,25.0,102.0,6.0,7.0,0.0,2.0,0.0,24.0,1.0,1.0,5.0,0.0,0.0,2.0,7.0,10.0,3.0,10.0,0.0,1.0,0.0,7.0,812.0,23.0,1.0,296.0,1.0,0.0,0.0,1.0,0.0,0.0,0.0,1.0,0.0,0.0,2.0,0.0,0.0,0.0,0.0,1.0,0.0,0.0,0.0,0.0,0.0,0.0,0.0,2.0,2.0,1.0,0.0,0.0,0.0,2.0,1.0,0.0,0.0,0.0
ctx-rh-bankssts,0.0,0.0,0.0,1.0,0.0,0.0,1.0,2.0,0.0,0.0,6.0,1.0,0.0,3.0,0.0,1.0,0.0,0.0,0.0,0.0,0.0,0.0,1.0,2.0,2.0,6.0,0.0,1.0,0.0,3.0,0.0,0.0,0.0,1.0,686.0,0.0,0.0,3.0,0.0,0.0,31.0,429.0,58.0,39.0,9.0,14.0,1.0,10.0,0.0,550.0,1.0,5.0,1.0,0.0,2.0,6.0,18.0,2.0,10.0,32.0,0.0,0.0,0.0,39.0,909.0,308.0,0.0,29.0
ctx-rh-caudalanteriorcingulate,0.0,144.0,54.0,0.0,0.0,0.0,0.0,0.0,0.0,6.0,2.0,0.0,10.0,0.0,4.0,1.0,4.0,0.0,8.0,1.0,9.0,0.0,1.0,25.0,11.0,0.0,43.0,66.0,187.0,1.0,0.0,2.0,0.0,0.0,0.0,689.0,45.0,0.0,0.0,1.0,0.0,0.0,0.0,16.0,3.0,0.0,14.0,0.0,19.0,0.0,12.0,0.0,17.0,4.0,16.0,0.0,2.0,272.0,35.0,2.0,212.0,175.0,1021.0,0.0,2.0,1.0,0.0,0.0
ctx-rh-caudalmiddlefrontal,0.0,12.0,9.0,0.0,0.0,0.0,0.0,0.0,0.0,1.0,2.0,0.0,0.0,0.0,0.0,0.0,1.0,0.0,4.0,0.0,0.0,0.0,0.0,12.0,9.0,1.0,0.0,3.0,34.0,1.0,0.0,0.0,0.0,0.0,0.0,45.0,2098.0,0.0,0.0,0.0,0.0,1.0,0.0,33.0,0.0,0.0,0.0,0.0,0.0,0.0,18.0,0.0,187.0,0.0,21.0,0.0,21.0,73.0,988.0,0.0,2.0,747.0,972.0,8.0,0.0,8.0,0.0,0.0
ctx-rh-cuneus,1.0,0.0,0.0,28.0,0.0,0.0,5.0,3.0,2.0,1.0,7.0,7.0,0.0,27.0,0.0,1.0,0.0,0.0,0.0,0.0,0.0,27.0,0.0,1.0,1.0,9.0,0.0,0.0,0.0,10.0,3.0,0.0,0.0,1.0,3.0,0.0,0.0,1514.0,0.0,0.0,29.0,75.0,18.0,0.0,26.0,643.0,0.0,239.0,0.0,15.0,1.0,0.0,0.0,0.0,0.0,1458.0,0.0,2.0,0.0,291.0,0.0,0.0,0.0,988.0,3.0,3.0,0.0,1.0
ctx-rh-entorhinal,0.0,0.0,0.0,0.0,0.0,0.0,0.0,0.0,0.0,0.0,0.0,0.0,0.0,0.0,0.0,0.0,0.0,0.0,0.0,0.0,0.0,0.0,0.0,1.0,0.0,0.0,0.0,0.0,0.0,0.0,0.0,0.0,0.0,0.0,0.0,0.0,0.0,0.0,268.0,0.0,335.0,2.0,231.0,5.0,0.0,1.0,0.0,1.0,0.0,51.0,0.0,140.0,0.0,0.0,0.0,1.0,0.0,0.0,0.0,0.0,0.0,0.0,0.0,0.0,21.0,0.0,160.0,0.0
ctx-rh-frontalpole,0.0,0.0,0.0,0.0,0.0,0.0,0.0,0.0,0.0,0.0,0.0,0.0,0.0,0.0,0.0,0.0,0.0,0.0,0.0,0.0,0.0,0.0,0.0,0.0,0.0,0.0,1.0,0.0,0.0,0.0,0.0,0.0,0.0,0.0,0.0,1.0,0.0,0.0,0.0,19.0,0.0,0.0,0.0,0.0,0.0,0.0,65.0,0.0,289.0,0.0,0.0,0.0,0.0,2.0,0.0,0.0,0.0,0.0,0.0,0.0,2.0,120.0,52.0,0.0,0.0,0.0,0.0,0.0
ctx-rh-fusiform,0.0,0.0,0.0,0.0,0.0,0.0,2.0,2.0,1.0,0.0,5.0,0.0,0.0,7.0,0.0,0.0,0.0,1.0,0.0,0.0,0.0,0.0,0.0,0.0,0.0,6.0,0.0,0.0,0.0,3.0,0.0,1.0,0.0,0.0,31.0,0.0,0.0,29.0,335.0,0.0,3883.0,149.0,1300.0,10.0,17.0,1694.0,2.0,756.0,0.0,320.0,2.0,520.0,0.0,0.0,0.0,125.0,1.0,0.0,1.0,24.0,0.0,0.0,0.0,50.0,57.0,6.0,42.0,0.0
ctx-rh-inferiorparietal,1.0,0.0,0.0,7.0,0.0,0.0,10.0,13.0,3.0,3.0,24.0,4.0,0.0,10.0,0.0,3.0,0.0,4.0,0.0,0.0,0.0,7.0,4.0,1.0,2.0,32.0,0.0,0.0,1.0,25.0,0.0,1.0,0.0,1.0,429.0,0.0,1.0,75.0,2.0,0.0,149.0,8111.0,235.0,68.0,84.0,837.0,0.0,91.0,0.0,597.0,15.0,6.0,7.0,1.0,1.0,68.0,94.0,25.0,61.0,366.0,0.0,3.0,2.0,1509.0,176.0,1048.0,0.0,19.0
ctx-rh-inferiortemporal,0.0,0.0,0.0,2.0,0.0,0.0,0.0,1.0,1.0,0.0,13.0,1.0,0.0,3.0,0.0,0.0,0.0,1.0,0.0,0.0,0.0,0.0,2.0,0.0,2.0,7.0,0.0,0.0,0.0,1.0,0.0,0.0,0.0,0.0,58.0,0.0,0.0,18.0,231.0,0.0,1300.0,235.0,3770.0,56.0,12.0,377.0,5.0,134.0,0.0,2281.0,1.0,55.0,0.0,0.0,0.0,19.0,3.0,3.0,1.0,19.0,0.0,1.0,1.0,28.0,232.0,11.0,172.0,4.0
ctx-rh-insula,0.0,4.0,0.0,2.0,0.0,0.0,0.0,0.0,1.0,2.0,9.0,2.0,0.0,1.0,0.0,0.0,1.0,0.0,1.0,0.0,0.0,0.0,1.0,2.0,3.0,7.0,1.0,3.0,8.0,5.0,0.0,0.0,0.0,0.0,39.0,16.0,33.0,0.0,5.0,0.0,10.0,68.0,56.0,1273.0,11.0,6.0,382.0,6.0,12.0,110.0,13.0,0.0,231.0,30.0,188.0,1.0,161.0,16.0,232.0,36.0,4.0,156.0,49.0,56.0,320.0,262.0,32.0,90.0
ctx-rh-isthmuscingulate,2.0,0.0,0.0,15.0,0.0,0.0,7.0,21.0,5.0,8.0,93.0,8.0,0.0,23.0,0.0,6.0,2.0,3.0,1.0,0.0,0.0,15.0,13.0,7.0,5.0,83.0,0.0,0.0,2.0,42.0,7.0,11.0,0.0,2.0,9.0,3.0,0.0,26.0,0.0,0.0,17.0,84.0,12.0,11.0,643.0,17.0,1.0,85.0,0.0,16.0,43.0,80.0,1.0,0.0,0.0,15.0,13.0,310.0,18.0,970.0,0.0,1.0,3.0,131.0,22.0,21.0,1.0,7.0
ctx-rh-lateraloccipital,1.0,0.0,0.0,4.0,0.0,0.0,4.0,4.0,1.0,0.0,14.0,1.0,0.0,17.0,0.0,0.0,0.0,1.0,0.0,0.0,0.0,3.0,1.0,1.0,0.0,8.0,0.0,0.0,0.0,8.0,2.0,0.0,0.0,0.0,14.0,0.0,0.0,643.0,1.0,0.0,1694.0,837.0,377.0,6.0,17.0,8239.0,0.0,948.0,0.0,161.0,0.0,10.0,1.0,0.0,0.0,1293.0,1.0,5.0,2.0,68.0,0.0,0.0,0.0,365.0,17.0,6.0,0.0,3.0
ctx-rh-lateralorbitofrontal,0.0,5.0,0.0,0.0,0.0,1.0,0.0,0.0,0.0,0.0,0.0,0.0,0.0,0.0,0.0,0.0,0.0,0.0,0.0,0.0,1.0,0.0,0.0,0.0,0.0,0.0,7.0,8.0,6.0,0.0,0.0,0.0,0.0,0.0,1.0,14.0,0.0,0.0,0.0,65.0,2.0,0.0,5.0,382.0,1.0,0.0,2718.0,1.0,1261.0,7.0,0.0,0.0,16.0,745.0,247.0,0.0,2.0,0.0,6.0,0.0,89.0,908.0,129.0,0.0,19.0,0.0,4.0,1.0
ctx-rh-lingual,0.0,0.0,0.0,7.0,0.0,0.0,8.0,10.0,1.0,3.0,17.0,12.0,0.0,69.0,0.0,0.0,1.0,7.0,0.0,0.0,0.0,13.0,2.0,3.0,0.0,22.0,0.0,0.0,0.0,20.0,1.0,0.0,0.0,0.0,10.0,0.0,0.0,239.0,1.0,0.0,756.0,91.0,134.0,6.0,85.0,948.0,1.0,3569.0,0.0,69.0,2.0,208.0,0.0,0.0,0.0,1404.0,3.0,5.0,0.0,176.0,0.0,0.0,0.0,62.0,18.0,4.0,0.0,0.0
ctx-rh-medialorbitofrontal,0.0,7.0,0.0,0.0,0.0,0.0,0.0,0.0,0.0,1.0,0.0,0.0,0.0,0.0,3.0,0.0,0.0,0.0,0.0,0.0,2.0,0.0,0.0,0.0,0.0,0.0,8.0,10.0,14.0,0.0,0.0,0.0,0.0,0.0,0.0,19.0,0.0,0.0,0.0,289.0,0.0,0.0,0.0,12.0,0.0,0.0,1261.0,0.0,1682.0,0.0,0.0,0.0,0.0,18.0,14.0,0.0,0.0,0.0,0.0,0.0,485.0,539.0,336.0,0.0,0.0,0.0,0.0,0.0
ctx-rh-middletemporal,1.0,0.0,1.0,1.0,0.0,0.0,1.0,2.0,0.0,0.0,5.0,5.0,0.0,2.0,0.0,1.0,0.0,0.0,0.0,0.0,0.0,5.0,1.0,2.0,0.0,5.0,0.0,0.0,0.0,2.0,2.0,0.0,0.0,1.0,550.0,0.0,0.0,15.0,51.0,0.0,320.0,597.0,2281.0,110.0,16.0,161.0,7.0,69.0,0.0,4961.0,0.0,20.0,2.0,0.0,0.0,12.0,10.0,2.0,3.0,44.0,0.0,2.0,2.0,34.0,754.0,48.0,133.0,14.0
ctx-rh-paracentral,0.0,2.0,1.0,1.0,0.0,0.0,1.0,3.0,0.0,1.0,18.0,1.0,0.0,3.0,0.0,0.0,5.0,0.0,0.0,0.0,0.0,0.0,3.0,45.0,15.0,9.0,0.0,0.0,17.0,6.0,1.0,1.0,0.0,0.0,1.0,12.0,18.0,1.0,0.0,0.0,2.0,15.0,1.0,13.0,43.0,0.0,0.0,2.0,0.0,0.0,1885.0,0.0,8.0,0.0,0.0,1.0,526.0,435.0,1081.0,400.0,0.0,6.0,423.0,315.0,4.0,12.0,0.0,1.0
ctx-rh-parahippocampal,0.0,0.0,0.0,0.0,0.0,0.0,0.0,3.0,0.0,0.0,3.0,1.0,0.0,4.0,0.0,0.0,1.0,1.0,0.0,0.0,0.0,0.0,0.0,1.0,0.0,1.0,0.0,0.0,0.0,3.0,0.0,0.0,0.0,0.0,5.0,0.0,0.0,0.0,140.0,0.0,520.0,6.0,55.0,0.0,80.0,10.0,0.0,208.0,0.0,20.0,0.0,434.0,0.0,0.0,0.0,7.0,0.0,0.0,0.0,20.0,0.0,0.0,0.0,5.0,4.0,1.0,2.0,0.0
ctx-rh-parsopercularis,0.0,7.0,3.0,0.0,0.0,0.0,0.0,0.0,0.0,2.0,0.0,0.0,0.0,0.0,0.0,0.0,1.0,0.0,1.0,0.0,0.0,0.0,0.0,7.0,1.0,0.0,0.0,6.0,10.0,1.0,0.0,0.0,0.0,0.0,1.0,17.0,187.0,0.0,0.0,0.0,0.0,7.0,0.0,231.0,1.0,1.0,16.0,0.0,0.0,2.0,8.0,0.0,1058.0,7.0,409.0,0.0,63.0,14.0,681.0,1.0,3.0,564.0,99.0,6.0,1.0,48.0,0.0,1.0
ctx-rh-parsorbitalis,0.0,1.0,0.0,0.0,0.0,0.0,0.0,0.0,0.0,0.0,0.0,0.0,0.0,0.0,0.0,0.0,0.0,0.0,0.0,0.0,0.0,0.0,0.0,0.0,0.0,0.0,2.0,2.0,0.0,0.0,0.0,0.0,0.0,0.0,0.0,4.0,0.0,0.0,0.0,2.0,0.0,1.0,0.0,30.0,0.0,0.0,745.0,0.0,18.0,0.0,0.0,0.0,7.0,677.0,299.0,0.0,0.0,0.0,4.0,0.0,7.0,665.0,37.0,0.0,1.0,0.0,0.0,0.0
ctx-rh-parstriangularis,0.0,5.0,1.0,0.0,0.0,0.0,0.0,0.0,0.0,0.0,0.0,0.0,0.0,0.0,0.0,0.0,0.0,0.0,0.0,0.0,0.0,0.0,0.0,1.0,0.0,0.0,2.0,4.0,7.0,0.0,0.0,0.0,0.0,0.0,2.0,16.0,21.0,0.0,0.0,0.0,0.0,1.0,0.0,188.0,0.0,0.0,247.0,0.0,14.0,0.0,0.0,0.0,409.0,299.0,1526.0,0.0,5.0,2.0,19.0,1.0,11.0,937.0,78.0,0.0,2.0,0.0,0.0,0.0
ctx-rh-pericalcarine,0.0,0.0,0.0,8.0,0.0,0.0,0.0,1.0,1.0,0.0,14.0,6.0,0.0,38.0,0.0,0.0,0.0,1.0,0.0,0.0,0.0,21.0,0.0,0.0,0.0,9.0,0.0,0.0,0.0,10.0,3.0,0.0,0.0,0.0,6.0,0.0,0.0,1458.0,1.0,0.0,125.0,68.0,19.0,1.0,15.0,1293.0,0.0,1404.0,0.0,12.0,1.0,7.0,0.0,0.0,0.0,940.0,0.0,2.0,0.0,189.0,0.0,0.0,0.0,174.0,3.0,2.0,0.0,1.0
ctx-rh-postcentral,0.0,0.0,0.0,1.0,0.0,0.0,1.0,1.0,0.0,0.0,10.0,2.0,0.0,1.0,0.0,0.0,3.0,0.0,1.0,0.0,0.0,0.0,1.0,9.0,3.0,4.0,0.0,1.0,3.0,4.0,0.0,1.0,0.0,0.0,18.0,2.0,21.0,0.0,0.0,0.0,1.0,94.0,3.0,161.0,13.0,1.0,2.0,3.0,0.0,10.0,526.0,0.0,63.0,0.0,5.0,0.0,4296.0,46.0,1615.0,122.0,0.0,10.0,31.0,485.0,18.0,1203.0,0.0,5.0
ctx-rh-posteriorcingulate,3.0,15.0,28.0,0.0,1.0,0.0,5.0,2.0,0.0,12.0,57.0,2.0,0.0,3.0,0.0,3.0,28.0,0.0,5.0,0.0,1.0,2.0,9.0,127.0,70.0,39.0,2.0,4.0,80.0,19.0,2.0,4.0,0.0,2.0,2.0,272.0,73.0,2.0,0.0,0.0,0.0,25.0,3.0,16.0,310.0,5.0,0.0,5.0,0.0,2.0,435.0,0.0,14.0,0.0,2.0,2.0,46.0,1227.0,236.0,366.0,0.0,17.0,563.0,89.0,7.0,20.0,0.0,1.0
ctx-rh-precentral,0.0,9.0,11.0,0.0,0.0,0.0,0.0,2.0,0.0,1.0,12.0,0.0,0.0,0.0,0.0,0.0,7.0,1.0,2.0,0.0,0.0,0.0,1.0,69.0,20.0,5.0,1.0,3.0,37.0,2.0,1.0,1.0,0.0,2.0,10.0,35.0,988.0,0.0,0.0,0.0,1.0,61.0,1.0,232.0,18.0,2.0,6.0,0.0,0.0,3.0,1081.0,0.0,681.0,4.0,19.0,0.0,1615.0,236.0,7214.0,57.0,0.0,106.0,973.0,203.0,13.0,269.0,0.0,4.0
ctx-rh-precuneus,3.0,0.0,0.0,24.0,0.0,0.0,31.0,30.0,12.0,8.0,110.0,23.0,0.0,51.0,0.0,4.0,5.0,6.0,0.0,0.0,0.0,26.0,8.0,19.0,10.0,117.0,0.0,0.0,4.0,48.0,8.0,6.0,0.0,1.0,32.0,2.0,0.0,291.0,0.0,0.0,24.0,366.0,19.0,36.0,970.0,68.0,0.0,176.0,0.0,44.0,400.0,20.0,1.0,0.0,1.0,189.0,122.0,366.0,57.0,4407.0,0.0,0.0,9.0,2569.0,42.0,39.0,0.0,11.0
ctx-rh-rostralanteriorcingulate,0.0,54.0,2.0,0.0,0.0,0.0,0.0,0.0,0.0,3.0,0.0,0.0,12.0,0.0,4.0,0.0,0.0,0.0,1.0,0.0,3.0,0.0,0.0,1.0,0.0,0.0,76.0,54.0,61.0,0.0,0.0,0.0,0.0,0.0,0.0,212.0,2.0,0.0,0.0,2.0,0.0,0.0,0.0,4.0,0.0,0.0,89.0,0.0,485.0,0.0,0.0,0.0,3.0,7.0,11.0,0.0,0.0,0.0,0.0,0.0,580.0,108.0,503.0,0.0,0.0,0.0,0.0,0.0
ctx-rh-rostralmiddlefrontal,0.0,61.0,11.0,0.0,0.0,0.0,0.0,0.0,0.0,5.0,0.0,0.0,7.0,0.0,0.0,0.0,1.0,0.0,12.0,2.0,1.0,0.0,2.0,6.0,5.0,0.0,14.0,42.0,90.0,0.0,0.0,0.0,0.0,0.0,0.0,175.0,747.0,0.0,0.0,120.0,0.0,3.0,1.0,156.0,1.0,0.0,908.0,0.0,539.0,2.0,6.0,0.0,564.0,665.0,937.0,0.0,10.0,17.0,106.0,0.0,108.0,7362.0,2559.0,2.0,1.0,5.0,0.0,1.0
ctx-rh-superiorfrontal,0.0,105.0,46.0,0.0,0.0,0.0,0.0,0.0,0.0,7.0,4.0,0.0,5.0,0.0,5.0,0.0,17.0,0.0,14.0,2.0,7.0,0.0,5.0,78.0,40.0,3.0,35.0,66.0,203.0,4.0,0.0,0.0,0.0,0.0,0.0,1021.0,972.0,0.0,0.0,52.0,0.0,2.0,1.0,49.0,3.0,0.0,129.0,0.0,336.0,2.0,423.0,0.0,99.0,37.0,78.0,0.0,31.0,563.0,973.0,9.0,503.0,2559.0,9048.0,14.0,0.0,13.0,1.0,0.0
ctx-rh-superiorparietal,3.0,1.0,1.0,26.0,0.0,0.0,7.0,13.0,3.0,4.0,43.0,8.0,0.0,11.0,0.0,4.0,1.0,2.0,0.0,0.0,0.0,6.0,3.0,16.0,5.0,49.0,0.0,0.0,1.0,22.0,3.0,3.0,0.0,2.0,39.0,0.0,8.0,988.0,0.0,0.0,50.0,1509.0,28.0,56.0,131.0,365.0,0.0,62.0,0.0,34.0,315.0,5.0,6.0,0.0,0.0,174.0,485.0,89.0,203.0,2569.0,0.0,2.0,14.0,6999.0,67.0,408.0,0.0,8.0
ctx-rh-superiortemporal,0.0,0.0,0.0,1.0,0.0,0.0,1.0,2.0,0.0,1.0,12.0,2.0,0.0,2.0,0.0,2.0,0.0,0.0,0.0,0.0,0.0,2.0,0.0,1.0,1.0,10.0,0.0,0.0,0.0,5.0,2.0,0.0,0.0,1.0,909.0,2.0,0.0,3.0,21.0,0.0,57.0,176.0,232.0,320.0,22.0,17.0,19.0,18.0,0.0,754.0,4.0,4.0,1.0,1.0,2.0,3.0,18.0,7.0,13.0,42.0,0.0,1.0,0.0,67.0,6263.0,322.0,262.0,592.0
ctx-rh-supramarginal,0.0,0.0,0.0,0.0,0.0,0.0,3.0,1.0,0.0,1.0,8.0,1.0,0.0,2.0,0.0,0.0,0.0,0.0,0.0,0.0,0.0,0.0,2.0,2.0,2.0,6.0,0.0,0.0,2.0,0.0,1.0,2.0,0.0,0.0,308.0,1.0,8.0,3.0,0.0,0.0,6.0,1048.0,11.0,262.0,21.0,6.0,0.0,4.0,0.0,48.0,12.0,1.0,48.0,0.0,0.0,2.0,1203.0,20.0,269.0,39.0,0.0,5.0,13.0,408.0,322.0,4202.0,0.0,44.0
ctx-rh-temporalpole,0.0,0.0,0.0,0.0,0.0,0.0,0.0,0.0,0.0,0.0,0.0,0.0,0.0,0.0,1.0,0.0,0.0,0.0,0.0,0.0,0.0,0.0,0.0,0.0,0.0,0.0,0.0,0.0,0.0,0.0,0.0,0.0,0.0,0.0,0.0,0.0,0.0,0.0,160.0,0.0,42.0,0.0,172.0,32.0,1.0,0.0,4.0,0.0,0.0,133.0,0.0,2.0,0.0,0.0,0.0,0.0,0.0,0.0,0.0,0.0,0.0,0.0,1.0,0.0,262.0,0.0,382.0,1.0
ctx-rh-transversetemporal,0.0,0.0,0.0,1.0,0.0,0.0,0.0,0.0,0.0,0.0,3.0,0.0,0.0,1.0,0.0,0.0,0.0,1.0,0.0,0.0,0.0,0.0,0.0,0.0,0.0,1.0,0.0,0.0,0.0,0.0,0.0,0.0,0.0,0.0,29.0,0.0,0.0,1.0,0.0,0.0,0.0,19.0,4.0,90.0,7.0,3.0,1.0,0.0,0.0,14.0,1.0,0.0,1.0,0.0,0.0,1.0,5.0,1.0,4.0,11.0,0.0,1.0,0.0,8.0,592.0,44.0,1.0,209.0
