,ctx-lh-bankssts,ctx-lh-caudalanteriorcingulate,ctx-lh-caudalmiddlefrontal,ctx-lh-cuneus,ctx-lh-entorhinal,ctx-lh-frontalpole,ctx-lh-fusiform,ctx-lh-inferiorparietal,ctx-lh-inferiortemporal,ctx-lh-insula,ctx-lh-isthmuscingulate,ctx-lh-lateraloccipital,ctx-lh-lateralorbitofrontal,ctx-lh-lingual,ctx-lh-medialorbitofrontal,ctx-lh-middletemporal,ctx-lh-paracentral,ctx-lh-parahippocampal,ctx-lh-parsopercularis,ctx-lh-parsorbitalis,ctx-lh-parstriangularis,ctx-lh-pericalcarine,ctx-lh-postcentral,ctx-lh-posteriorcingulate,ctx-lh-precentral,ctx-lh-precuneus,ctx-lh-rostralanteriorcingulate,ctx-lh-rostralmiddlefrontal,ctx-lh-superiorfrontal,ctx-lh-superiorparietal,ctx-lh-superiortemporal,ctx-lh-supramarginal,ctx-lh-temporalpole,ctx-lh-transversetemporal,ctx-rh-bankssts,ctx-rh-caudalanteriorcingulate,ctx-rh-caudalmiddlefrontal,ctx-rh-cuneus,ctx-rh-entorhinal,ctx-rh-frontalpole,ctx-rh-fusiform,ctx-rh-inferiorparietal,ctx-rh-inferiortemporal,ctx-rh-insula,ctx-rh-isthmuscingulate,ctx-rh-lateraloccipital,ctx-rh-lateralorbitofrontal,ctx-rh-lingual,ctx-rh-medialorbitofrontal,ctx-rh-middletemporal,ctx-rh-paracentral,ctx-rh-parahippocampal,ctx-rh-parsopercularis,ctx-rh-parsorbitalis,ctx-rh-parstriangularis,ctx-rh-pericalcarine,ctx-rh-postcentral,ctx-rh-posteriorcingulate,ctx-rh-precentral,ctx-rh-precuneus,ctx-rh-rostralanteriorcingulate,ctx-rh-rostralmiddlefrontal,ctx-rh-superiorfrontal,ctx-rh-superiorparietal,ctx-rh-superiortemporal,ctx-rh-supramarginal,ctx-rh-temporalpole,ctx-rh-transversetemporal
ctx-lh-bankssts,660.0,0.0,3.0,0.0,4.0,0.0,43.0,334.0,197.0,39.0,6.0,3.0,0.0,4.0,0.0,706.0,1.0,8.0,1.0,0.0,0.0,0.0,28.0,15.0,18.0,8.0,0.0,0.0,0.0,15.0,1060.0,227.0,1.0,104.0,0.0,0.0,0.0,0.0,0.0,0.0,0.0,0.0,0.0,0.0,4.0,0.0,0.0,1.0,0.0,0.0,2.0,0.0,0.0,0.0,0.0,0.0,0.0,4.0,0.0,2.0,0.0,0.0,1.0,1.0,0.0,0.0,0.0,0.0
ctx-lh-caudalanteriorcingulate,0.0,677.0,105.0,0.0,0.0,0.0,0.0,1.0,0.0,44.0,3.0,0.0,7.0,0.0,14.0,0.0,32.0,1.0,29.0,0.0,9.0,0.0,9.0,261.0,62.0,6.0,236.0,121.0,920.0,2.0,0.0,7.0,0.0,0.0,0.0,166.0,41.0,0.0,0.0,0.0,0.0,0.0,0.0,7.0,1.0,0.0,3.0,0.0,4.0,0.0,8.0,0.0,8.0,1.0,4.0,0.0,1.0,41.0,29.0,1.0,37.0,88.0,186.0,3.0,0.0,0.0,0.0,0.0
ctx-lh-caudalmiddlefrontal,3.0,105.0,3707.0,0.0,0.0,0.0,0.0,8.0,0.0,121.0,0.0,0.0,0.0,0.0,2.0,0.0,10.0,0.0,349.0,0.0,24.0,0.0,111.0,70.0,1245.0,0.0,8.0,795.0,1235.0,5.0,4.0,56.0,0.0,0.0,0.0,20.0,22.0,0.0,0.0,0.0,0.0,0.0,0.0,1.0,3.0,0.0,1.0,0.0,0.0,0.0,10.0,0.0,3.0,0.0,0.0,0.0,1.0,29.0,16.0,4.0,0.0,5.0,57.0,0.0,0.0,1.0,0.0,0.0
ctx-lh-cuneus,0.0,0.0,0.0,1273.0,0.0,0.0,13.0,16.0,1.0,0.0,19.0,369.0,0.0,201.0,0.0,0.0,0.0,5.0,0.0,0.0,0.0,1543.0,0.0,3.0,0.0,245.0,0.0,0.0,0.0,1033.0,0.0,0.0,0.0,0.0,0.0,0.0,0.0,33.0,0.0,0.0,1.0,0.0,0.0,0.0,2.0,4.0,0.0,8.0,0.0,0.0,0.0,0.0,0.0,0.0,0.0,33.0,0.0,0.0,0.0,4.0,0.0,0.0,0.0,2.0,0.0,0.0,0.0,0.0
ctx-lh-entorhinal,4.0,0.0,0.0,0.0,142.0,0.0,162.0,3.0,137.0,17.0,0.0,0.0,2.0,0.0,0.0,37.0,0.0,120.0,0.0,0.0,0.0,0.0,1.0,2.0,0.0,0.0,0.0,0.0,1.0,0.0,28.0,2.0,141.0,0.0,0.0,0.0,0.0,0.0,0.0,0.0,0.0,0.0,0.0,0.0,0.0,0.0,0.0,0.0,0.0,0.0,0.0,0.0,0.0,0.0,0.0,0.0,0.0,0.0,0.0,1.0,0.0,0.0,0.0,0.0,0.0,0.0,0.0,0.0
ctx-lh-frontalpole,0.0,0.0,0.0,0.0,0.0,60.0,0.0,0.0,0.0,1.0,0.0,0.0,151.0,0.0,210.0,0.0,0.0,0.0,0.0,0.0,2.0,0.0,0.0,0.0,0.0,0.0,7.0,127.0,119.0,0.0,0.0,0.0,0.0,0.0,0.0,0.0,0.0,0.0,0.0,0.0,0.0,0.0,0.0,0.0,0.0,0.0,0.0,0.0,0.0,0.0,0.0,0.0,0.0,0.0,0.0,0.0,0.0,0.0,0.0,0.0,0.0,0.0,0.0,0.0,0.0,0.0,0.0,0.0
ctx-lh-fusiform,43.0,0.0,0.0,13.0,162.0,0.0,3535.0,310.0,1422.0,24.0,51.0,2008.0,2.0,760.0,0.0,176.0,3.0,248.0,0.0,0.0,0.0,77.0,5.0,13.0,1.0,63.0,0.0,0.0,3.0,65.0,73.0,13.0,97.0,8.0,1.0,0.0,0.0,0.0,0.0,0.0,0.0,1.0,1.0,0.0,11.0,0.0,0.0,2.0,0.0,1.0,0.0,0.0,0.0,0.0,0.0,0.0,0.0,2.0,0.0,14.0,0.0,0.0,0.0,6.0,1.0,1.0,0.0,0.0
ctx-lh-inferiorparietal,334.0,1.0,8.0,16.0,3.0,0.0,310.0,7006.0,567.0,47.0,152.0,1107.0,0.0,88.0,1.0,474.0,25.0,33.0,0.0,0.0,0.0,27.0,194.0,123.0,66.0,291.0,0.0,0.0,8.0,1309.0,176.0,1271.0,1.0,18.0,1.0,1.0,1.0,3.0,0.0,0.0,1.0,7.0,2.0,2.0,44.0,1.0,0.0,1.0,0.0,3.0,4.0,1.0,1.0,0.0,0.0,0.0,0.0,15.0,0.0,33.0,0.0,0.0,1.0,7.0,1.0,1.0,0.0,0.0
ctx-lh-inferiortemporal,197.0,0.0,0.0,1.0,137.0,0.0,1422.0,567.0,3657.0,106.0,13.0,444.0,8.0,35.0,1.0,2288.0,3.0,54.0,0.0,0.0,0.0,3.0,14.0,15.0,7.0,23.0,0.0,1.0,3.0,45.0,355.0,33.0,191.0,35.0,0.0,0.0,0.0,0.0,0.0,0.0,1.0,1.0,0.0,0.0,6.0,0.0,0.0,0.0,0.0,1.0,0.0,0.0,0.0,0.0,0.0,0.0,1.0,4.0,0.0,8.0,0.0,0.0,0.0,2.0,0.0,0.0,0.0,0.0
ctx-lh-insula,39.0,44.0,121.0,0.0,17.0,1.0,24.0,47.0,106.0,1776.0,5.0,5.0,461.0,2.0,43.0,88.0,20.0,3.0,270.0,33.0,150.0,0.0,266.0,64.0,377.0,10.0,23.0,277.0,194.0,34.0,309.0,294.0,52.0,83.0,0.0,12.0,3.0,1.0,0.0,0.0,0.0,0.0,0.0,1.0,1.0,0.0,0.0,0.0,0.0,1.0,3.0,0.0,1.0,0.0,0.0,0.0,1.0,12.0,6.0,8.0,1.0,6.0,21.0,1.0,0.0,1.0,0.0,0.0
ctx-lh-isthmuscingulate,6.0,3.0,0.0,19.0,0.0,0.0,51.0,152.0,13.0,5.0,799.0,118.0,0.0,126.0,0.0,6.0,9.0,73.0,0.0,0.0,0.0,29.0,6.0,519.0,8.0,956.0,0.0,0.0,0.0,161.0,3.0,6.0,0.0,3.0,3.0,1.0,2.0,0.0,0.0,0.0,1.0,11.0,4.0,2.0,103.0,2.0,0.0,6.0,0.0,5.0,2.0,1.0,0.0,0.0,0.0,1.0,1.0,30.0,3.0,101.0,0.0,0.0,1.0,28.0,1.0,12.0,0.0,0.0
ctx-lh-lateraloccipital,3.0,0.0,0.0,369.0,0.0,0.0,2008.0,1107.0,444.0,5.0,118.0,8405.0,1.0,1306.0,0.0,80.0,0.0,29.0,1.0,0.0,0.0,1116.0,2.0,7.0,1.0,295.0,0.0,0.0,0.0,616.0,3.0,6.0,0.0,2.0,0.0,0.0,1.0,0.0,0.0,0.0,0.0,1.0,0.0,0.0,19.0,1.0,0.0,2.0,0.0,0.0,0.0,1.0,0.0,0.0,0.0,1.0,0.0,2.0,0.0,19.0,0.0,0.0,0.0,3.0,0.0,1.0,0.0,0.0
ctx-lh-lateralorbitofrontal,0.0,7.0,0.0,0.0,2.0,151.0,2.0,0.0,8.0,461.0,0.0,1.0,3114.0,1.0,1331.0,9.0,0.0,0.0,23.0,626.0,398.0,0.0,0.0,0.0,0.0,0.0,147.0,1159.0,190.0,0.0,17.0,1.0,8.0,1.0,0.0,8.0,0.0,0.0,0.0,0.0,0.0,0.0,0.0,0.0,0.0,0.0,0.0,0.0,1.0,0.0,0.0,0.0,0.0,0.0,0.0,0.0,0.0,0.0,0.0,0.0,10.0,9.0,8.0,0.0,0.0,0.0,0.0,0.0
ctx-lh-lingual,4.0,0.0,0.0,201.0,0.0,0.0,760.0,88.0,35.0,2.0,126.0,1306.0,1.0,5705.0,0.0,6.0,0.0,245.0,0.0,0.0,0.0,1510.0,1.0,8.0,0.0,147.0,0.0,0.0,0.0,124.0,5.0,0.0,0.0,0.0,0.0,0.0,0.0,30.0,0.0,0.0,0.0,3.0,0.0,1.0,19.0,10.0,0.0,196.0,0.0,2.0,1.0,0.0,0.0,0.0,0.0,55.0,1.0,0.0,0.0,17.0,0.0,0.0,0.0,7.0,0.0,1.0,0.0,0.0
ctx-lh-medialorbitofrontal,0.0,14.0,2.0,0.0,0.0,210.0,0.0,1.0,1.0,43.0,0.0,0.0,1331.0,0.0,1616.0,0.0,0.0,0.0,3.0,20.0,14.0,0.0,0.0,0.0,0.0,0.0,345.0,381.0,249.0,0.0,1.0,0.0,0.0,0.0,0.0,15.0,1.0,0.0,0.0,0.0,0.0,0.0,0.0,0.0,0.0,0.0,1.0,0.0,6.0,0.0,0.0,0.0,1.0,0.0,2.0,0.0,0.0,0.0,0.0,0.0,27.0,8.0,13.0,0.0,0.0,0.0,0.0,0.0
ctx-lh-middletemporal,706.0,0.0,0.0,0.0,37.0,0.0,176.0,474.0,2288.0,88.0,6.0,80.0,9.0,6.0,0.0,3691.0,2.0,22.0,0.0,2.0,3.0,0.0,11.0,14.0,4.0,8.0,0.0,3.0,4.0,24.0,831.0,38.0,120.0,32.0,1.0,0.0,0.0,0.0,0.0,0.0,0.0,0.0,0.0,0.0,2.0,0.0,0.0,0.0,0.0,0.0,0.0,0.0,0.0,0.0,0.0,0.0,1.0,1.0,1.0,5.0,0.0,0.0,0.0,3.0,0.0,1.0,0.0,0.0
ctx-lh-paracentral,1.0,32.0,10.0,0.0,0.0,0.0,3.0,25.0,3.0,20.0,9.0,0.0,0.0,0.0,0.0,2.0,1708.0,0.0,3.0,0.0,0.0,0.0,398.0,308.0,947.0,187.0,1.0,2.0,581.0,335.0,4.0,24.0,0.0,1.0,0.0,0.0,3.0,0.0,0.0,0.0,1.0,4.0,0.0,1.0,9.0,1.0,0.0,1.0,0.0,0.0,10.0,0.0,0.0,0.0,0.0,0.0,2.0,39.0,8.0,19.0,0.0,0.0,6.0,8.0,0.0,1.0,0.0,1.0
ctx-lh-parahippocampal,8.0,1.0,0.0,5.0,120.0,0.0,248.0,33.0,54.0,3.0,73.0,29.0,0.0,245.0,0.0,22.0,0.0,374.0,0.0,0.0,0.0,5.0,0.0,4.0,0.0,21.0,0.0,0.0,0.0,18.0,9.0,2.0,1.0,1.0,0.0,0.0,0.0,0.0,0.0,0.0,0.0,1.0,1.0,0.0,2.0,0.0,0.0,0.0,0.0,0.0,0.0,0.0,0.0,0.0,0.0,0.0,0.0,3.0,0.0,9.0,0.0,0.0,0.0,0.0,0.0,0.0,0.0,0.0
ctx-lh-parsopercularis,1.0,29.0,349.0,0.0,0.0,0.0,0.0,0.0,0.0,270.0,0.0,1.0,23.0,0.0,3.0,0.0,3.0,0.0,2106.0,10.0,571.0,0.0,46.0,8.0,581.0,1.0,7.0,665.0,146.0,1.0,0.0,14.0,1.0,0.0,0.0,9.0,4.0,0.0,0.0,0.0,0.0,0.0,0.0,1.0,1.0,0.0,0.0,0.0,0.0,0.0,2.0,0.0,0.0,0.0,1.0,0.0,1.0,6.0,3.0,0.0,1.0,4.0,17.0,0.0,0.0,0.0,0.0,0.0
ctx-lh-parsorbitalis,0.0,0.0,0.0,0.0,0.0,0.0,0.0,0.0,0.0,33.0,0.0,0.0,626.0,0.0,20.0,2.0,0.0,0.0,10.0,444.0,484.0,0.0,0.0,0.0,0.0,0.0,9.0,480.0,34.0,0.0,1.0,0.0,0.0,0.0,0.0,0.0,0.0,0.0,0.0,0.0,0.0,0.0,0.0,0.0,0.0,0.0,0.0,0.0,0.0,0.0,0.0,0.0,1.0,0.0,0.0,0.0,0.0,0.0,0.0,0.0,0.0,2.0,1.0,0.0,0.0,0.0,0.0,0.0
ctx-lh-parstriangularis,0.0,9.0,24.0,0.0,0.0,2.0,0.0,0.0,0.0,150.0,0.0,0.0,398.0,0.0,14.0,3.0,0.0,0.0,571.0,484.0,1295.0,0.0,0.0,0.0,4.0,0.0,17.0,1214.0,126.0,0.0,2.0,1.0,1.0,0.0,0.0,4.0,1.0,0.0,0.0,0.0,0.0,0.0,0.0,0.0,0.0,0.0,0.0,0.0,0.0,0.0,0.0,0.0,0.0,0.0,0.0,0.0,0.0,0.0,0.0,0.0,4.0,1.0,11.0,0.0,0.0,0.0,0.0,0.0
ctx-lh-pericalcarine,0.0,0.0,0.0,1543.0,0.0,0.0,77.0,27.0,3.0,0.0,29.0,1116.0,0.0,1510.0,0.0,0.0,0.0,5.0,0.0,0.0,0.0,663.0,0.0,1.0,0.0,179.0,0.0,0.0,0.0,361.0,0.0,0.0,0.0,0.0,0.0,0.0,0.0,13.0,0.0,0.0,0.0,3.0,0.0,0.0,3.0,0.0,0.0,7.0,0.0,0.0,0.0,0.0,0.0,0.0,0.0,1.0,0.0,0.0,1.0,1.0,0.0,0.0,0.0,0.0,0.0,0.0,0.0,0.0
ctx-lh-postcentral,28.0,9.0,111.0,0.0,1.0,0.0,5.0,194.0,14.0,266.0,6.0,2.0,0.0,1.0,0.0,11.0,398.0,0.0,46.0,0.0,0.0,0.0,6188.0,100.0,2125.0,62.0,0.0,8.0,52.0,831.0,63.0,1577.0,0.0,16.0,0.0,2.0,0.0,0.0,0.0,0.0,1.0,2.0,0.0,2.0,8.0,0.0,0.0,1.0,0.0,1.0,4.0,0.0,0.0,0.0,0.0,0.0,2.0,21.0,2.0,8.0,0.0,0.0,7.0,5.0,0.0,2.0,0.0,0.0
ctx-lh-posteriorcingulate,15.0,261.0,70.0,3.0,2.0,0.0,13.0,123.0,15.0,64.0,519.0,7.0,0.0,8.0,0.0,14.0,308.0,4.0,8.0,0.0,0.0,1.0,100.0,1159.0,308.0,483.0,0.0,14.0,477.0,224.0,27.0,56.0,0.0,14.0,5.0,9.0,8.0,1.0,0.0,0.0,0.0,13.0,2.0,6.0,78.0,2.0,0.0,1.0,0.0,2.0,36.0,2.0,1.0,0.0,0.0,1.0,21.0,147.0,47.0,76.0,0.0,3.0,43.0,20.0,5.0,14.0,0.0,0.0
ctx-lh-precentral,18.0,62.0,1245.0,0.0,0.0,0.0,1.0,66.0,7.0,377.0,8.0,1.0,0.0,0.0,0.0,4.0,947.0,0.0,581.0,0.0,4.0,0.0,2125.0,308.0,7787.0,57.0,3.0,59.0,1073.0,225.0,31.0,444.0,0.0,10.0,1.0,4.0,7.0,0.0,0.0,0.0,1.0,2.0,1.0,2.0,12.0,0.0,0.0,0.0,0.0,0.0,20.0,0.0,0.0,0.0,0.0,1.0,10.0,82.0,29.0,16.0,0.0,1.0,53.0,9.0,1.0,2.0,0.0,0.0
ctx-lh-precuneus,8.0,6.0,0.0,245.0,0.0,0.0,63.0,291.0,23.0,10.0,956.0,295.0,0.0,147.0,0.0,8.0,187.0,21.0,1.0,0.0,0.0,179.0,62.0,483.0,57.0,4012.0,0.0,0.0,13.0,2239.0,9.0,15.0,1.0,8.0,1.0,1.0,0.0,1.0,0.0,0.0,2.0,8.0,1.0,1.0,45.0,0.0,0.0,12.0,0.0,1.0,1.0,3.0,0.0,0.0,0.0,1.0,0.0,19.0,0.0,47.0,0.0,0.0,5.0,8.0,1.0,2.0,0.0,0.0
ctx-lh-rostralanteriorcingulate,0.0,236.0,8.0,0.0,0.0,7.0,0.0,0.0,0.0,23.0,0.0,0.0,147.0,0.0,345.0,0.0,1.0,0.0,7.0,9.0,17.0,0.0,0.0,0.0,3.0,0.0,877.0,94.0,414.0,0.0,1.0,0.0,0.0,0.0,0.0,89.0,13.0,0.0,0.0,1.0,0.0,0.0,0.0,0.0,0.0,0.0,9.0,0.0,28.0,0.0,0.0,0.0,6.0,2.0,4.0,0.0,1.0,3.0,0.0,0.0,142.0,98.0,95.0,0.0,0.0,0.0,0.0,0.0
ctx-lh-rostralmiddlefrontal,0.0,121.0,795.0,0.0,0.0,127.0,0.0,0.0,1.0,277.0,0.0,0.0,1159.0,0.0,381.0,3.0,2.0,0.0,665.0,480.0,1214.0,0.0,8.0,14.0,59.0,0.0,94.0,6986.0,2370.0,0.0,6.0,2.0,1.0,0.0,0.0,59.0,7.0,0.0,0.0,0.0,0.0,0.0,0.0,2.0,0.0,0.0,1.0,0.0,4.0,0.0,2.0,0.0,4.0,0.0,1.0,0.0,0.0,4.0,3.0,0.0,24.0,32.0,81.0,0.0,0.0,0.0,0.0,0.0
ctx-lh-superiorfrontal,0.0,920.0,1235.0,0.0,1.0,119.0,3.0,8.0,3.0,194.0,0.0,0.0,190.0,0.0,249.0,4.0,581.0,0.0,146.0,34.0,126.0,0.0,52.0,477.0,1073.0,13.0,414.0,2370.0,10879.0,18.0,4.0,13.0,0.0,1.0,0.0,227.0,83.0,0.0,0.0,0.0,0.0,4.0,0.0,7.0,6.0,0.0,3.0,0.0,10.0,0.0,26.0,0.0,23.0,1.0,3.0,1.0,7.0,121.0,64.0,7.0,65.0,129.0,307.0,2.0,1.0,3.0,1.0,0.0
ctx-lh-superiorparietal,15.0,2.0,5.0,1033.0,0.0,0.0,65.0,1309.0,45.0,34.0,161.0,616.0,0.0,124.0,0.0,24.0,335.0,18.0,1.0,0.0,0.0,361.0,831.0,224.0,225.0,2239.0,0.0,0.0,18.0,5372.0,16.0,540.0,1.0,6.0,0.0,0.0,1.0,3.0,0.0,0.0,0.0,11.0,0.0,2.0,39.0,1.0,0.0,2.0,0.0,0.0,4.0,0.0,0.0,0.0,0.0,1.0,4.0,33.0,2.0,31.0,0.0,0.0,2.0,5.0,5.0,6.0,0.0,2.0
ctx-lh-superiortemporal,1060.0,0.0,4.0,0.0,28.0,0.0,73.0,176.0,355.0,309.0,3.0,3.0,17.0,5.0,1.0,831.0,4.0,9.0,0.0,1.0,2.0,0.0,63.0,27.0,31.0,9.0,1.0,6.0,4.0,16.0,4350.0,411.0,174.0,734.0,0.0,0.0,0.0,0.0,0.0,0.0,0.0,1.0,0.0,0.0,3.0,0.0,0.0,1.0,0.0,2.0,1.0,0.0,0.0,0.0,0.0,0.0,0.0,3.0,0.0,1.0,0.0,0.0,1.0,1.0,0.0,0.0,0.0,0.0
ctx-lh-supramarginal,227.0,7.0,56.0,0.0,2.0,0.0,13.0,1271.0,33.0,294.0,6.0,6.0,1.0,0.0,0.0,38.0,24.0,2.0,14.0,0.0,1.0,0.0,1577.0,56.0,444.0,15.0,0.0,2.0,13.0,540.0,411.0,4080.0,0.0,32.0,0.0,0.0,2.0,0.0,0.0,0.0,0.0,1.0,0.0,1.0,1.0,0.0,0.0,2.0,0.0,0.0,1.0,0.0,0.0,0.0,0.0,0.0,0.0,7.0,2.0,6.0,0.0,0.0,2.0,3.0,0.0,1.0,0.0,0.0
ctx-lh-temporalpole,1.0,0.0,0.0,0.0,141.0,0.0,97.0,1.0,191.0,52.0,0.0,0.0,8.0,0.0,0.0,120.0,0.0,1.0,1.0,0.0,1.0,0.0,0.0,0.0,0.0,1.0,0.0,1.0,0.0,1.0,174.0,0.0,328.0,0.0,0.0,0.0,0.0,0.0,0.0,0.0,1.0,0.0,0.0,0.0,0.0,0.0,0.0,0.0,0.0,0.0,0.0,0.0,0.0,0.0,0.0,0.0,0.0,0.0,0.0,0.0,0.0,0.0,0.0,0.0,0.0,0.0,0.0,0.0
ctx-lh-transversetemporal,104.0,0.0,0.0,0.0,0.0,0.0,8.0,18.0,35.0,83.0,3.0,2.0,1.0,0.0,0.0,32.0,1.0,1.0,0.0,0.0,0.0,0.0,16.0,14.0,10.0,8.0,0.0,0.0,1.0,6.0,734.0,32.0,0.0,316.0,0.0,0.0,0.0,0.0,0.0,0.0,0.0,1.0,0.0,0.0,3.0,0.0,0.0,0.0,0.0,1.0,0.0,0.0,0.0,0.0,0.0,0.0,0.0,1.0,0.0,2.0,0.0,0.0,0.0,2.0,0.0,1.0,0.0,0.0
ctx-rh-bankssts,0.0,0.0,0.0,0.0,0.0,0.0,1.0,1.0,0.0,0.0,3.0,0.0,0.0,0.0,0.0,1.0,0.0,0.0,0.0,0.0,0.0,0.0,0.0,5.0,1.0,1.0,0.0,0.0,0.0,0.0,0.0,0.0,0.0,0.0,841.0,0.0,1.0,6.0,1.0,0.0,70.0,665.0,213.0,63.0,11.0,24.0,0.0,24.0,0.0,826.0,5.0,16.0,5.0,0.0,0.0,8.0,36.0,11.0,30.0,52.0,0.0,0.0,2.0,54.0,816.0,486.0,0.0,22.0
ctx-rh-caudalanteriorcingulate,0.0,166.0,20.0,0.0,0.0,0.0,0.0,1.0,0.0,12.0,1.0,0.0,8.0,0.0,15.0,0.0,0.0,0.0,9.0,0.0,4.0,0.0,2.0,9.0,4.0,1.0,89.0,59.0,227.0,0.0,0.0,0.0,0.0,0.0,0.0,433.0,94.0,0.0,0.0,0.0,0.0,0.0,1.0,9.0,6.0,0.0,12.0,0.0,16.0,0.0,6.0,0.0,36.0,3.0,14.0,0.0,7.0,232.0,29.0,1.0,164.0,215.0,682.0,0.0,3.0,0.0,0.0,0.0
ctx-rh-caudalmiddlefrontal,0.0,41.0,22.0,0.0,0.0,0.0,0.0,1.0,0.0,3.0,2.0,1.0,0.0,0.0,1.0,0.0,3.0,0.0,4.0,0.0,1.0,0.0,0.0,8.0,7.0,0.0,13.0,7.0,83.0,1.0,0.0,2.0,0.0,0.0,1.0,94.0,2424.0,0.0,0.0,0.0,1.0,16.0,0.0,63.0,5.0,0.0,3.0,0.0,0.0,3.0,46.0,0.0,318.0,0.0,29.0,0.0,101.0,73.0,1285.0,7.0,1.0,636.0,1018.0,13.0,5.0,28.0,0.0,0.0
ctx-rh-cuneus,0.0,0.0,0.0,33.0,0.0,0.0,0.0,3.0,0.0,1.0,0.0,0.0,0.0,30.0,0.0,0.0,0.0,0.0,0.0,0.0,0.0,13.0,0.0,1.0,0.0,1.0,0.0,0.0,0.0,3.0,0.0,0.0,0.0,0.0,6.0,0.0,0.0,1321.0,0.0,0.0,77.0,42.0,35.0,3.0,10.0,594.0,0.0,236.0,0.0,7.0,2.0,2.0,0.0,0.0,0.0,1664.0,0.0,0.0,0.0,282.0,0.0,0.0,0.0,777.0,4.0,3.0,0.0,0.0
ctx-rh-entorhinal,0.0,0.0,0.0,0.0,0.0,0.0,0.0,0.0,0.0,0.0,0.0,0.0,0.0,0.0,0.0,0.0,0.0,0.0,0.0,0.0,0.0,0.0,0.0,0.0,0.0,0.0,0.0,0.0,0.0,0.0,0.0,0.0,0.0,0.0,1.0,0.0,0.0,0.0,159.0,0.0,336.0,0.0,234.0,8.0,0.0,1.0,1.0,1.0,0.0,31.0,0.0,168.0,0.0,0.0,0.0,0.0,0.0,0.0,0.0,0.0,0.0,0.0,0.0,0.0,7.0,0.0,126.0,0.0
ctx-rh-frontalpole,0.0,0.0,0.0,0.0,0.0,0.0,0.0,0.0,0.0,0.0,0.0,0.0,0.0,0.0,0.0,0.0,0.0,0.0,0.0,0.0,0.0,0.0,0.0,0.0,0.0,0.0,1.0,0.0,0.0,0.0,0.0,0.0,0.0,0.0,0.0,0.0,0.0,0.0,0.0,87.0,0.0,0.0,0.0,1.0,0.0,0.0,93.0,0.0,343.0,0.0,0.0,0.0,0.0,2.0,2.0,0.0,0.0,0.0,0.0,0.0,5.0,161.0,88.0,0.0,0.0,0.0,0.0,0.0
ctx-rh-fusiform,0.0,0.0,0.0,1.0,0.0,0.0,0.0,1.0,1.0,0.0,1.0,0.0,0.0,0.0,0.0,0.0,1.0,0.0,0.0,0.0,0.0,0.0,1.0,0.0,1.0,2.0,0.0,0.0,0.0,0.0,0.0,0.0,1.0,0.0,70.0,0.0,1.0,77.0,336.0,0.0,3158.0,180.0,1140.0,31.0,7.0,1473.0,2.0,1068.0,0.0,268.0,1.0,237.0,1.0,0.0,1.0,137.0,4.0,3.0,2.0,62.0,0.0,0.0,0.0,125.0,48.0,6.0,28.0,0.0
ctx-rh-inferiorparietal,0.0,0.0,0.0,0.0,0.0,0.0,1.0,7.0,1.0,0.0,11.0,1.0,0.0,3.0,0.0,0.0,4.0,1.0,0.0,0.0,0.0,3.0,2.0,13.0,2.0,8.0,0.0,0.0,4.0,11.0,1.0,1.0,0.0,1.0,665.0,0.0,16.0,42.0,0.0,0.0,180.0,8697.0,408.0,68.0,36.0,895.0,1.0,86.0,0.0,636.0,13.0,8.0,8.0,0.0,1.0,26.0,135.0,16.0,112.0,299.0,0.0,2.0,7.0,1839.0,129.0,1066.0,0.0,13.0
ctx-rh-inferiortemporal,0.0,0.0,0.0,0.0,0.0,0.0,1.0,2.0,0.0,0.0,4.0,0.0,0.0,0.0,0.0,0.0,0.0,1.0,0.0,0.0,0.0,0.0,0.0,2.0,1.0,1.0,0.0,0.0,0.0,0.0,0.0,0.0,0.0,0.0,213.0,1.0,0.0,35.0,234.0,0.0,1140.0,408.0,3021.0,100.0,6.0,519.0,6.0,140.0,0.0,1866.0,4.0,76.0,0.0,0.0,0.0,23.0,8.0,5.0,4.0,65.0,0.0,0.0,2.0,104.0,291.0,14.0,191.0,9.0
ctx-rh-insula,0.0,7.0,1.0,0.0,0.0,0.0,0.0,2.0,0.0,1.0,2.0,0.0,0.0,1.0,0.0,0.0,1.0,0.0,1.0,0.0,0.0,0.0,2.0,6.0,2.0,1.0,0.0,2.0,7.0,2.0,0.0,1.0,0.0,0.0,63.0,9.0,63.0,3.0,8.0,1.0,31.0,68.0,100.0,1463.0,14.0,6.0,349.0,3.0,3.0,152.0,48.0,6.0,308.0,20.0,133.0,3.0,216.0,19.0,295.0,42.0,2.0,153.0,37.0,58.0,502.0,275.0,10.0,69.0
ctx-rh-isthmuscingulate,4.0,1.0,3.0,2.0,0.0,0.0,11.0,44.0,6.0,1.0,103.0,19.0,0.0,19.0,0.0,2.0,9.0,2.0,1.0,0.0,0.0,3.0,8.0,78.0,12.0,45.0,0.0,0.0,6.0,39.0,3.0,1.0,0.0,3.0,11.0,6.0,5.0,10.0,0.0,0.0,7.0,36.0,6.0,14.0,649.0,12.0,0.0,108.0,0.0,5.0,67.0,111.0,1.0,0.0,1.0,5.0,15.0,472.0,18.0,971.0,0.0,0.0,16.0,119.0,11.0,14.0,0.0,1.0
ctx-rh-lateraloccipital,0.0,0.0,0.0,4.0,0.0,0.0,0.0,1.0,0.0,0.0,2.0,1.0,0.0,10.0,0.0,0.0,1.0,0.0,0.0,0.0,0.0,0.0,0.0,2.0,0.0,0.0,0.0,0.0,0.0,1.0,0.0,0.0,0.0,0.0,24.0,0.0,0.0,594.0,1.0,0.0,1473.0,895.0,519.0,6.0,12.0,7350.0,0.0,1108.0,0.0,140.0,2.0,5.0,0.0,0.0,0.0,1077.0,4.0,4.0,3.0,120.0,0.0,0.0,0.0,703.0,14.0,4.0,0.0,1.0
ctx-rh-lateralorbitofrontal,0.0,3.0,1.0,0.0,0.0,0.0,0.0,0.0,0.0,0.0,0.0,0.0,0.0,0.0,1.0,0.0,0.0,0.0,0.0,0.0,0.0,0.0,0.0,0.0,0.0,0.0,9.0,1.0,3.0,0.0,0.0,0.0,0.0,0.0,0.0,12.0,3.0,0.0,1.0,93.0,2.0,1.0,6.0,349.0,0.0,0.0,2942.0,0.0,719.0,10.0,0.0,1.0,17.0,605.0,340.0,0.0,0.0,1.0,1.0,0.0,53.0,1176.0,115.0,0.0,6.0,0.0,3.0,0.0
ctx-rh-lingual,1.0,0.0,0.0,8.0,0.0,0.0,2.0,1.0,0.0,0.0,6.0,2.0,0.0,196.0,0.0,0.0,1.0,0.0,0.0,0.0,0.0,7.0,1.0,1.0,0.0,12.0,0.0,0.0,0.0,2.0,1.0,2.0,0.0,0.0,24.0,0.0,0.0,236.0,1.0,0.0,1068.0,86.0,140.0,3.0,108.0,1108.0,0.0,4670.0,0.0,50.0,2.0,272.0,1.0,0.0,0.0,1493.0,3.0,7.0,3.0,287.0,0.0,0.0,0.0,127.0,17.0,11.0,0.0,0.0
ctx-rh-medialorbitofrontal,0.0,4.0,0.0,0.0,0.0,0.0,0.0,0.0,0.0,0.0,0.0,0.0,1.0,0.0,6.0,0.0,0.0,0.0,0.0,0.0,0.0,0.0,0.0,0.0,0.0,0.0,28.0,4.0,10.0,0.0,0.0,0.0,0.0,0.0,0.0,16.0,0.0,0.0,0.0,343.0,0.0,0.0,0.0,3.0,0.0,0.0,719.0,0.0,1862.0,0.0,0.0,0.0,0.0,12.0,10.0,0.0,0.0,0.0,0.0,0.0,351.0,564.0,487.0,0.0,0.0,0.0,0.0,0.0
ctx-rh-middletemporal,0.0,0.0,0.0,0.0,0.0,0.0,1.0,3.0,1.0,1.0,5.0,0.0,0.0,2.0,0.0,0.0,0.0,0.0,0.0,0.0,0.0,0.0,1.0,2.0,0.0,1.0,0.0,0.0,0.0,0.0,2.0,0.0,0.0,1.0,826.0,0.0,3.0,7.0,31.0,0.0,268.0,636.0,1866.0,152.0,5.0,140.0,10.0,50.0,0.0,3838.0,1.0,36.0,2.0,0.0,1.0,12.0,8.0,3.0,12.0,52.0,0.0,0.0,1.0,84.0,592.0,52.0,67.0,6.0
ctx-rh-paracentral,2.0,8.0,10.0,0.0,0.0,0.0,0.0,4.0,0.0,3.0,2.0,0.0,0.0,1.0,0.0,0.0,10.0,0.0,2.0,0.0,0.0,0.0,4.0,36.0,20.0,1.0,0.0,2.0,26.0,4.0,1.0,1.0,0.0,0.0,5.0,6.0,46.0,2.0,0.0,0.0,1.0,13.0,4.0,48.0,67.0,2.0,0.0,2.0,0.0,1.0,2140.0,1.0,6.0,0.0,0.0,0.0,714.0,329.0,1440.0,269.0,0.0,4.0,606.0,407.0,13.0,28.0,0.0,1.0
ctx-rh-parahippocampal,0.0,0.0,0.0,0.0,0.0,0.0,0.0,1.0,0.0,0.0,1.0,1.0,0.0,0.0,0.0,0.0,0.0,0.0,0.0,0.0,0.0,0.0,0.0,2.0,0.0,3.0,0.0,0.0,0.0,0.0,0.0,0.0,0.0,0.0,16.0,0.0,0.0,2.0,168.0,0.0,237.0,8.0,76.0,6.0,111.0,5.0,1.0,272.0,0.0,36.0,1.0,477.0,0.0,0.0,0.0,3.0,0.0,0.0,1.0,28.0,0.0,0.0,1.0,8.0,7.0,0.0,2.0,0.0
ctx-rh-parsopercularis,0.0,8.0,3.0,0.0,0.0,0.0,0.0,1.0,0.0,1.0,0.0,0.0,0.0,0.0,1.0,0.0,0.0,0.0,0.0,1.0,0.0,0.0,0.0,1.0,0.0,0.0,6.0,4.0,23.0,0.0,0.0,0.0,0.0,0.0,5.0,36.0,318.0,0.0,0.0,0.0,1.0,8.0,0.0,308.0,1.0,0.0,17.0,1.0,0.0,2.0,6.0,0.0,1443.0,11.0,406.0,0.0,107.0,5.0,639.0,2.0,2.0,527.0,108.0,3.0,1.0,21.0,0.0,0.0
ctx-rh-parsorbitalis,0.0,1.0,0.0,0.0,0.0,0.0,0.0,0.0,0.0,0.0,0.0,0.0,0.0,0.0,0.0,0.0,0.0,0.0,0.0,0.0,0.0,0.0,0.0,0.0,0.0,0.0,2.0,0.0,1.0,0.0,0.0,0.0,0.0,0.0,0.0,3.0,0.0,0.0,0.0,2.0,0.0,0.0,0.0,20.0,0.0,0.0,605.0,0.0,12.0,0.0,0.0,0.0,11.0,539.0,486.0,0.0,0.0,0.0,0.0,0.0,8.0,685.0,11.0,0.0,0.0,0.0,0.0,0.0
ctx-rh-parstriangularis,0.0,4.0,0.0,0.0,0.0,0.0,0.0,0.0,0.0,0.0,0.0,0.0,0.0,0.0,2.0,0.0,0.0,0.0,1.0,0.0,0.0,0.0,0.0,0.0,0.0,0.0,4.0,1.0,3.0,0.0,0.0,0.0,0.0,0.0,0.0,14.0,29.0,0.0,0.0,2.0,1.0,1.0,0.0,133.0,1.0,0.0,340.0,0.0,10.0,1.0,0.0,0.0,406.0,486.0,1339.0,0.0,2.0,3.0,13.0,0.0,9.0,1165.0,61.0,0.0,3.0,0.0,1.0,0.0
ctx-rh-pericalcarine,0.0,0.0,0.0,33.0,0.0,0.0,0.0,0.0,0.0,0.0,1.0,1.0,0.0,55.0,0.0,0.0,0.0,0.0,0.0,0.0,0.0,1.0,0.0,1.0,1.0,1.0,0.0,0.0,1.0,1.0,0.0,0.0,0.0,0.0,8.0,0.0,0.0,1664.0,0.0,0.0,137.0,26.0,23.0,3.0,5.0,1077.0,0.0,1493.0,0.0,12.0,0.0,3.0,0.0,0.0,0.0,865.0,1.0,1.0,1.0,227.0,0.0,0.0,0.0,198.0,3.0,3.0,0.0,0.0
ctx-rh-postcentral,0.0,1.0,1.0,0.0,0.0,0.0,0.0,0.0,1.0,1.0,1.0,0.0,0.0,1.0,0.0,1.0,2.0,0.0,1.0,0.0,0.0,0.0,2.0,21.0,10.0,0.0,1.0,0.0,7.0,4.0,0.0,0.0,0.0,0.0,36.0,7.0,101.0,0.0,0.0,0.0,4.0,135.0,8.0,216.0,15.0,4.0,0.0,3.0,0.0,8.0,714.0,0.0,107.0,0.0,2.0,1.0,4322.0,35.0,1669.0,148.0,0.0,11.0,37.0,583.0,29.0,1628.0,0.0,1.0
ctx-rh-posteriorcingulate,4.0,41.0,29.0,0.0,0.0,0.0,2.0,15.0,4.0,12.0,30.0,2.0,0.0,0.0,0.0,1.0,39.0,3.0,6.0,0.0,0.0,0.0,21.0,147.0,82.0,19.0,3.0,4.0,121.0,33.0,3.0,7.0,0.0,1.0,11.0,232.0,73.0,0.0,0.0,0.0,3.0,16.0,5.0,19.0,472.0,4.0,1.0,7.0,0.0,3.0,329.0,0.0,5.0,0.0,3.0,1.0,35.0,1241.0,182.0,474.0,1.0,27.0,530.0,83.0,13.0,20.0,0.0,1.0
ctx-rh-precentral,0.0,29.0,16.0,0.0,0.0,0.0,0.0,0.0,0.0,6.0,3.0,0.0,0.0,0.0,0.0,1.0,8.0,0.0,3.0,0.0,0.0,1.0,2.0,47.0,29.0,0.0,0.0,3.0,64.0,2.0,0.0,2.0,0.0,0.0,30.0,29.0,1285.0,0.0,0.0,0.0,2.0,112.0,4.0,295.0,18.0,3.0,1.0,3.0,0.0,12.0,1440.0,1.0,639.0,0.0,13.0,1.0,1669.0,182.0,8033.0,96.0,0.0,54.0,1070.0,250.0,24.0,360.0,0.0,4.0
ctx-rh-precuneus,2.0,1.0,4.0,4.0,1.0,0.0,14.0,33.0,8.0,8.0,101.0,19.0,0.0,17.0,0.0,5.0,19.0,9.0,0.0,0.0,0.0,1.0,8.0,76.0,16.0,47.0,0.0,0.0,7.0,31.0,1.0,6.0,0.0,2.0,52.0,1.0,7.0,282.0,0.0,0.0,62.0,299.0,65.0,42.0,971.0,120.0,0.0,287.0,0.0,52.0,269.0,28.0,2.0,0.0,0.0,227.0,148.0,474.0,96.0,4374.0,0.0,0.0,22.0,2677.0,63.0,83.0,0.0,4.0
ctx-rh-rostralanteriorcingulate,0.0,37.0,0.0,0.0,0.0,0.0,0.0,0.0,0.0,1.0,0.0,0.0,10.0,0.0,27.0,0.0,0.0,0.0,1.0,0.0,4.0,0.0,0.0,0.0,0.0,0.0,142.0,24.0,65.0,0.0,0.0,0.0,0.0,0.0,0.0,164.0,1.0,0.0,0.0,5.0,0.0,0.0,0.0,2.0,0.0,0.0,53.0,0.0,351.0,0.0,0.0,0.0,2.0,8.0,9.0,0.0,0.0,1.0,0.0,0.0,572.0,300.0,448.0,0.0,0.0,0.0,0.0,0.0
ctx-rh-rostralmiddlefrontal,0.0,88.0,5.0,0.0,0.0,0.0,0.0,0.0,0.0,6.0,0.0,0.0,9.0,0.0,8.0,0.0,0.0,0.0,4.0,2.0,1.0,0.0,0.0,3.0,1.0,0.0,98.0,32.0,129.0,0.0,0.0,0.0,0.0,0.0,0.0,215.0,636.0,0.0,0.0,161.0,0.0,2.0,0.0,153.0,0.0,0.0,1176.0,0.0,564.0,0.0,4.0,0.0,527.0,685.0,1165.0,0.0,11.0,27.0,54.0,0.0,300.0,6836.0,2285.0,0.0,2.0,0.0,0.0,0.0
ctx-rh-superiorfrontal,1.0,186.0,57.0,0.0,0.0,0.0,0.0,1.0,0.0,21.0,1.0,0.0,8.0,0.0,13.0,0.0,6.0,0.0,17.0,1.0,11.0,0.0,7.0,43.0,53.0,5.0,95.0,81.0,307.0,2.0,1.0,2.0,0.0,0.0,2.0,682.0,1018.0,0.0,0.0,88.0,0.0,7.0,2.0,37.0,16.0,0.0,115.0,0.0,487.0,1.0,606.0,1.0,108.0,11.0,61.0,0.0,37.0,530.0,1070.0,22.0,448.0,2285.0,10161.0,10.0,3.0,9.0,0.0,0.0
ctx-rh-superiorparietal,1.0,3.0,0.0,2.0,0.0,0.0,6.0,7.0,2.0,1.0,28.0,3.0,0.0,7.0,0.0,3.0,8.0,0.0,0.0,0.0,0.0,0.0,5.0,20.0,9.0,8.0,0.0,0.0,2.0,5.0,1.0,3.0,0.0,2.0,54.0,0.0,13.0,777.0,0.0,0.0,125.0,1839.0,104.0,58.0,119.0,703.0,0.0,127.0,0.0,84.0,407.0,8.0,3.0,0.0,0.0,198.0,583.0,83.0,250.0,2677.0,0.0,0.0,10.0,5138.0,55.0,381.0,0.0,8.0
ctx-rh-superiortemporal,0.0,0.0,0.0,0.0,0.0,0.0,1.0,1.0,0.0,0.0,1.0,0.0,0.0,0.0,0.0,0.0,0.0,0.0,0.0,0.0,0.0,0.0,0.0,5.0,1.0,1.0,0.0,0.0,1.0,5.0,0.0,0.0,0.0,0.0,816.0,3.0,5.0,4.0,7.0,0.0,48.0,129.0,291.0,502.0,11.0,14.0,6.0,17.0,0.0,592.0,13.0,7.0,1.0,0.0,3.0,3.0,29.0,13.0,24.0,63.0,0.0,2.0,3.0,55.0,3927.0,541.0,182.0,828.0
ctx-rh-supramarginal,0.0,0.0,1.0,0.0,0.0,0.0,1.0,1.0,0.0,1.0,12.0,1.0,0.0,1.0,0.0,1.0,1.0,0.0,0.0,0.0,0.0,0.0,2.0,14.0,2.0,2.0,0.0,0.0,3.0,6.0,0.0,1.0,0.0,1.0,486.0,0.0,28.0,3.0,0.0,0.0,6.0,1066.0,14.0,275.0,14.0,4.0,0.0,11.0,0.0,52.0,28.0,0.0,21.0,0.0,0.0,3.0,1628.0,20.0,360.0,83.0,0.0,0.0,9.0,381.0,541.0,3921.0,0.0,18.0
ctx-rh-temporalpole,0.0,0.0,0.0,0.0,0.0,0.0,0.0,0.0,0.0,0.0,0.0,0.0,0.0,0.0,0.0,0.0,0.0,0.0,0.0,0.0,0.0,0.0,0.0,0.0,0.0,0.0,0.0,0.0,1.0,0.0,0.0,0.0,0.0,0.0,0.0,0.0,0.0,0.0,126.0,0.0,28.0,0.0,191.0,10.0,0.0,0.0,3.0,0.0,0.0,67.0,0.0,2.0,0.0,0.0,1.0,0.0,0.0,0.0,0.0,0.0,0.0,0.0,0.0,0.0,182.0,0.0,259.0,0.0
ctx-rh-transversetemporal,0.0,0.0,0.0,0.0,0.0,0.0,0.0,0.0,0.0,0.0,0.0,0.0,0.0,0.0,0.0,0.0,1.0,0.0,0.0,0.0,0.0,0.0,0.0,0.0,0.0,0.0,0.0,0.0,0.0,2.0,0.0,0.0,0.0,0.0,22.0,0.0,0.0,0.0,0.0,0.0,0.0,13.0,9.0,69.0,1.0,1.0,0.0,0.0,0.0,6.0,1.0,0.0,0.0,0.0,0.0,0.0,1.0,1.0,4.0,4.0,0.0,0.0,0.0,8.0,828.0,18.0,0.0,148.0
