,ctx-lh-bankssts,ctx-lh-caudalanteriorcingulate,ctx-lh-caudalmiddlefrontal,ctx-lh-cuneus,ctx-lh-entorhinal,ctx-lh-frontalpole,ctx-lh-fusiform,ctx-lh-inferiorparietal,ctx-lh-inferiortemporal,ctx-lh-insula,ctx-lh-isthmuscingulate,ctx-lh-lateraloccipital,ctx-lh-lateralorbitofrontal,ctx-lh-lingual,ctx-lh-medialorbitofrontal,ctx-lh-middletemporal,ctx-lh-paracentral,ctx-lh-parahippocampal,ctx-lh-parsopercularis,ctx-lh-parsorbitalis,ctx-lh-parstriangularis,ctx-lh-pericalcarine,ctx-lh-postcentral,ctx-lh-posteriorcingulate,ctx-lh-precentral,ctx-lh-precuneus,ctx-lh-rostralanteriorcingulate,ctx-lh-rostralmiddlefrontal,ctx-lh-superiorfrontal,ctx-lh-superiorparietal,ctx-lh-superiortemporal,ctx-lh-supramarginal,ctx-lh-temporalpole,ctx-lh-transversetemporal,ctx-rh-bankssts,ctx-rh-caudalanteriorcingulate,ctx-rh-caudalmiddlefrontal,ctx-rh-cuneus,ctx-rh-entorhinal,ctx-rh-frontalpole,ctx-rh-fusiform,ctx-rh-inferiorparietal,ctx-rh-inferiortemporal,ctx-rh-insula,ctx-rh-isthmuscingulate,ctx-rh-lateraloccipital,ctx-rh-lateralorbitofrontal,ctx-rh-lingual,ctx-rh-medialorbitofrontal,ctx-rh-middletemporal,ctx-rh-paracentral,ctx-rh-parahippocampal,ctx-rh-parsopercularis,ctx-rh-parsorbitalis,ctx-rh-parstriangularis,ctx-rh-pericalcarine,ctx-rh-postcentral,ctx-rh-posteriorcingulate,ctx-rh-precentral,ctx-rh-precuneus,ctx-rh-rostralanteriorcingulate,ctx-rh-rostralmiddlefrontal,ctx-rh-superiorfrontal,ctx-rh-superiorparietal,ctx-rh-superiortemporal,ctx-rh-supramarginal,ctx-rh-temporalpole,ctx-rh-transversetemporal
ctx-lh-bankssts,1019.0,0.0,1.0,9.0,0.0,0.0,28.0,704.0,289.0,16.0,13.0,25.0,0.0,6.0,0.0,671.0,0.0,3.0,1.0,0.0,0.0,3.0,38.0,1.0,24.0,36.0,1.0,0.0,2.0,44.0,707.0,266.0,0.0,18.0,1.0,0.0,0.0,1.0,0.0,0.0,0.0,0.0,0.0,0.0,7.0,2.0,0.0,0.0,0.0,1.0,0.0,0.0,0.0,0.0,0.0,1.0,0.0,1.0,0.0,9.0,0.0,0.0,0.0,3.0,1.0,1.0,0.0,0.0
ctx-lh-caudalanteriorcingulate,0.0,595.0,48.0,1.0,0.0,0.0,0.0,0.0,0.0,10.0,13.0,0.0,15.0,0.0,21.0,0.0,25.0,0.0,20.0,2.0,20.0,0.0,3.0,401.0,19.0,18.0,282.0,87.0,739.0,2.0,0.0,1.0,0.0,0.0,1.0,76.0,23.0,0.0,0.0,0.0,0.0,0.0,0.0,18.0,1.0,0.0,4.0,0.0,1.0,0.0,6.0,0.0,10.0,1.0,9.0,0.0,2.0,21.0,18.0,4.0,39.0,20.0,147.0,1.0,1.0,0.0,0.0,0.0
ctx-lh-caudalmiddlefrontal,1.0,48.0,3548.0,0.0,0.0,0.0,0.0,2.0,1.0,56.0,2.0,0.0,6.0,0.0,1.0,0.0,13.0,0.0,341.0,2.0,29.0,0.0,59.0,9.0,1378.0,13.0,8.0,777.0,1410.0,14.0,2.0,15.0,0.0,0.0,0.0,27.0,9.0,0.0,0.0,0.0,0.0,0.0,0.0,5.0,1.0,0.0,1.0,0.0,1.0,0.0,11.0,0.0,7.0,0.0,1.0,0.0,3.0,8.0,10.0,4.0,4.0,9.0,57.0,0.0,0.0,1.0,0.0,0.0
ctx-lh-cuneus,9.0,1.0,0.0,1271.0,0.0,0.0,39.0,83.0,14.0,2.0,33.0,448.0,0.0,150.0,0.0,15.0,1.0,3.0,0.0,0.0,0.0,1267.0,0.0,2.0,0.0,360.0,0.0,0.0,0.0,1025.0,4.0,3.0,0.0,3.0,1.0,0.0,0.0,64.0,0.0,0.0,3.0,10.0,1.0,1.0,10.0,14.0,0.0,4.0,0.0,0.0,0.0,0.0,0.0,0.0,0.0,55.0,0.0,1.0,1.0,16.0,0.0,0.0,0.0,9.0,1.0,0.0,0.0,1.0
ctx-lh-entorhinal,0.0,0.0,0.0,0.0,199.0,0.0,187.0,0.0,105.0,9.0,0.0,0.0,0.0,2.0,0.0,34.0,0.0,147.0,0.0,0.0,0.0,2.0,0.0,0.0,1.0,0.0,0.0,0.0,1.0,0.0,45.0,0.0,153.0,0.0,0.0,0.0,0.0,0.0,0.0,0.0,0.0,0.0,0.0,0.0,0.0,0.0,0.0,0.0,0.0,0.0,0.0,0.0,0.0,0.0,0.0,0.0,0.0,0.0,0.0,2.0,0.0,0.0,0.0,0.0,0.0,0.0,0.0,0.0
ctx-lh-frontalpole,0.0,0.0,0.0,0.0,0.0,55.0,0.0,0.0,0.0,0.0,0.0,0.0,62.0,0.0,164.0,0.0,0.0,0.0,0.0,6.0,1.0,0.0,0.0,0.0,0.0,0.0,2.0,185.0,84.0,0.0,0.0,0.0,0.0,0.0,0.0,2.0,0.0,0.0,0.0,0.0,0.0,0.0,0.0,0.0,0.0,0.0,0.0,0.0,0.0,0.0,0.0,0.0,0.0,0.0,1.0,0.0,0.0,0.0,0.0,0.0,0.0,0.0,0.0,0.0,0.0,0.0,0.0,0.0
ctx-lh-fusiform,28.0,0.0,0.0,39.0,187.0,0.0,3490.0,102.0,1507.0,38.0,13.0,1147.0,3.0,842.0,1.0,329.0,0.0,130.0,0.0,0.0,0.0,98.0,1.0,2.0,1.0,31.0,0.0,0.0,1.0,33.0,120.0,8.0,120.0,11.0,0.0,0.0,0.0,1.0,0.0,0.0,1.0,2.0,1.0,2.0,7.0,2.0,0.0,2.0,0.0,1.0,0.0,1.0,0.0,0.0,0.0,2.0,0.0,0.0,0.0,14.0,0.0,0.0,0.0,1.0,2.0,1.0,0.0,0.0
ctx-lh-inferiorparietal,704.0,0.0,2.0,83.0,0.0,0.0,102.0,4613.0,178.0,28.0,29.0,927.0,0.0,44.0,0.0,360.0,3.0,7.0,3.0,0.0,0.0,26.0,62.0,3.0,29.0,261.0,0.0,0.0,2.0,1079.0,154.0,1214.0,0.0,15.0,1.0,0.0,0.0,5.0,0.0,0.0,1.0,5.0,5.0,5.0,20.0,3.0,0.0,2.0,0.0,1.0,1.0,0.0,0.0,0.0,0.0,3.0,0.0,2.0,1.0,38.0,0.0,0.0,1.0,4.0,9.0,1.0,0.0,0.0
ctx-lh-inferiortemporal,289.0,0.0,1.0,14.0,105.0,0.0,1507.0,178.0,2909.0,85.0,12.0,342.0,6.0,137.0,0.0,2559.0,0.0,65.0,0.0,0.0,0.0,31.0,6.0,1.0,7.0,33.0,0.0,0.0,0.0,40.0,304.0,46.0,154.0,15.0,0.0,0.0,0.0,3.0,0.0,0.0,0.0,1.0,1.0,0.0,6.0,3.0,0.0,0.0,0.0,0.0,0.0,0.0,0.0,0.0,0.0,2.0,1.0,0.0,0.0,15.0,0.0,0.0,0.0,3.0,1.0,3.0,0.0,2.0
ctx-lh-insula,16.0,10.0,56.0,2.0,9.0,0.0,38.0,28.0,85.0,1858.0,9.0,4.0,601.0,3.0,46.0,134.0,10.0,6.0,285.0,7.0,78.0,2.0,329.0,15.0,393.0,34.0,15.0,65.0,74.0,50.0,427.0,286.0,23.0,118.0,0.0,6.0,3.0,1.0,0.0,0.0,0.0,1.0,0.0,2.0,5.0,0.0,0.0,0.0,1.0,1.0,3.0,0.0,1.0,0.0,1.0,1.0,0.0,5.0,2.0,13.0,0.0,3.0,12.0,3.0,1.0,2.0,0.0,1.0
ctx-lh-isthmuscingulate,13.0,13.0,2.0,33.0,0.0,0.0,13.0,29.0,12.0,9.0,700.0,27.0,1.0,140.0,1.0,10.0,3.0,86.0,2.0,0.0,0.0,20.0,8.0,321.0,4.0,872.0,1.0,0.0,8.0,69.0,19.0,21.0,0.0,1.0,12.0,1.0,0.0,4.0,0.0,0.0,1.0,19.0,3.0,12.0,68.0,0.0,0.0,9.0,0.0,4.0,4.0,1.0,1.0,0.0,0.0,4.0,4.0,10.0,5.0,115.0,0.0,0.0,3.0,25.0,15.0,7.0,0.0,2.0
ctx-lh-lateraloccipital,25.0,0.0,0.0,448.0,0.0,0.0,1147.0,927.0,342.0,4.0,27.0,7317.0,0.0,899.0,0.0,104.0,0.0,6.0,1.0,0.0,0.0,768.0,4.0,1.0,2.0,87.0,0.0,0.0,0.0,524.0,13.0,11.0,0.0,9.0,1.0,0.0,0.0,4.0,0.0,0.0,2.0,6.0,1.0,1.0,13.0,0.0,0.0,3.0,0.0,1.0,0.0,0.0,0.0,0.0,0.0,3.0,0.0,0.0,1.0,22.0,0.0,0.0,0.0,3.0,1.0,2.0,0.0,0.0
ctx-lh-lateralorbitofrontal,0.0,15.0,6.0,0.0,0.0,62.0,3.0,0.0,6.0,601.0,1.0,0.0,3235.0,0.0,2091.0,4.0,0.0,0.0,25.0,574.0,334.0,0.0,0.0,3.0,2.0,0.0,164.0,719.0,99.0,1.0,9.0,1.0,1.0,0.0,0.0,6.0,0.0,0.0,0.0,0.0,0.0,0.0,0.0,2.0,0.0,0.0,1.0,0.0,1.0,0.0,0.0,0.0,1.0,0.0,1.0,0.0,0.0,0.0,0.0,1.0,7.0,2.0,9.0,0.0,0.0,0.0,0.0,0.0
ctx-lh-lingual,6.0,0.0,0.0,150.0,2.0,0.0,842.0,44.0,137.0,3.0,140.0,899.0,0.0,4904.0,0.0,58.0,1.0,165.0,0.0,0.0,0.0,1203.0,0.0,0.0,1.0,148.0,0.0,0.0,0.0,46.0,24.0,5.0,0.0,7.0,2.0,0.0,0.0,12.0,0.0,0.0,5.0,3.0,2.0,0.0,9.0,8.0,0.0,156.0,0.0,1.0,0.0,0.0,0.0,0.0,0.0,54.0,0.0,1.0,0.0,18.0,0.0,0.0,0.0,1.0,4.0,0.0,0.0,1.0
ctx-lh-medialorbitofrontal,0.0,21.0,1.0,0.0,0.0,164.0,1.0,0.0,0.0,46.0,1.0,0.0,2091.0,0.0,1396.0,0.0,0.0,1.0,6.0,91.0,64.0,0.0,0.0,2.0,1.0,1.0,535.0,749.0,260.0,0.0,1.0,0.0,0.0,0.0,0.0,5.0,0.0,0.0,0.0,0.0,0.0,0.0,0.0,1.0,0.0,0.0,2.0,0.0,4.0,0.0,0.0,0.0,1.0,3.0,1.0,0.0,0.0,0.0,0.0,0.0,17.0,8.0,14.0,0.0,0.0,0.0,0.0,0.0
ctx-lh-middletemporal,671.0,0.0,0.0,15.0,34.0,0.0,329.0,360.0,2559.0,134.0,10.0,104.0,4.0,58.0,0.0,3326.0,0.0,37.0,1.0,0.0,0.0,18.0,24.0,4.0,17.0,38.0,0.0,0.0,1.0,42.0,1156.0,80.0,105.0,30.0,0.0,0.0,0.0,4.0,0.0,0.0,1.0,3.0,0.0,1.0,13.0,1.0,0.0,1.0,0.0,2.0,0.0,0.0,0.0,0.0,0.0,0.0,1.0,0.0,0.0,12.0,0.0,0.0,0.0,0.0,2.0,1.0,0.0,0.0
ctx-lh-paracentral,0.0,25.0,13.0,1.0,0.0,0.0,0.0,3.0,0.0,10.0,3.0,0.0,0.0,1.0,0.0,0.0,1632.0,0.0,1.0,0.0,0.0,0.0,445.0,279.0,532.0,189.0,0.0,1.0,513.0,140.0,1.0,4.0,0.0,1.0,0.0,12.0,5.0,1.0,0.0,0.0,0.0,0.0,0.0,5.0,6.0,0.0,0.0,0.0,0.0,0.0,11.0,1.0,2.0,0.0,1.0,0.0,3.0,42.0,26.0,11.0,0.0,1.0,39.0,1.0,0.0,2.0,0.0,0.0
ctx-lh-parahippocampal,3.0,0.0,0.0,3.0,147.0,0.0,130.0,7.0,65.0,6.0,86.0,6.0,0.0,165.0,1.0,37.0,0.0,428.0,0.0,0.0,0.0,9.0,0.0,0.0,1.0,11.0,0.0,0.0,0.0,2.0,33.0,2.0,2.0,5.0,0.0,0.0,0.0,0.0,0.0,0.0,0.0,0.0,0.0,0.0,1.0,0.0,0.0,1.0,0.0,0.0,0.0,0.0,0.0,0.0,0.0,0.0,0.0,1.0,0.0,4.0,0.0,1.0,0.0,1.0,0.0,0.0,0.0,0.0
ctx-lh-parsopercularis,1.0,20.0,341.0,0.0,0.0,0.0,0.0,3.0,0.0,285.0,2.0,1.0,25.0,0.0,6.0,1.0,1.0,0.0,1775.0,12.0,420.0,0.0,91.0,11.0,610.0,4.0,13.0,503.0,158.0,7.0,8.0,44.0,0.0,2.0,0.0,14.0,4.0,0.0,0.0,0.0,0.0,0.0,0.0,2.0,0.0,0.0,0.0,0.0,0.0,0.0,1.0,0.0,4.0,0.0,3.0,0.0,0.0,4.0,1.0,1.0,3.0,5.0,14.0,0.0,0.0,0.0,0.0,0.0
ctx-lh-parsorbitalis,0.0,2.0,2.0,0.0,0.0,6.0,0.0,0.0,0.0,7.0,0.0,0.0,574.0,0.0,91.0,0.0,0.0,0.0,12.0,479.0,452.0,0.0,0.0,0.0,0.0,0.0,29.0,421.0,44.0,0.0,0.0,0.0,0.0,0.0,0.0,2.0,0.0,0.0,0.0,0.0,0.0,0.0,0.0,0.0,0.0,0.0,0.0,0.0,0.0,0.0,0.0,0.0,0.0,1.0,0.0,0.0,0.0,0.0,0.0,0.0,1.0,1.0,5.0,0.0,0.0,0.0,0.0,0.0
ctx-lh-parstriangularis,0.0,20.0,29.0,0.0,0.0,1.0,0.0,0.0,0.0,78.0,0.0,0.0,334.0,0.0,64.0,0.0,0.0,0.0,420.0,452.0,1119.0,0.0,3.0,2.0,14.0,0.0,48.0,573.0,101.0,0.0,0.0,0.0,0.0,0.0,0.0,4.0,2.0,0.0,0.0,0.0,0.0,0.0,0.0,1.0,0.0,0.0,0.0,0.0,1.0,0.0,0.0,0.0,4.0,0.0,2.0,0.0,0.0,0.0,2.0,0.0,13.0,2.0,13.0,0.0,0.0,0.0,0.0,0.0
ctx-lh-pericalcarine,3.0,0.0,0.0,1267.0,2.0,0.0,98.0,26.0,31.0,2.0,20.0,768.0,0.0,1203.0,0.0,18.0,0.0,9.0,0.0,0.0,0.0,758.0,4.0,0.0,1.0,180.0,0.0,0.0,0.0,176.0,9.0,1.0,0.0,1.0,0.0,0.0,0.0,8.0,1.0,0.0,0.0,4.0,1.0,0.0,4.0,2.0,0.0,3.0,0.0,0.0,0.0,0.0,0.0,0.0,0.0,7.0,1.0,1.0,1.0,13.0,0.0,0.0,0.0,3.0,1.0,0.0,0.0,0.0
ctx-lh-postcentral,38.0,3.0,59.0,0.0,0.0,0.0,1.0,62.0,6.0,329.0,8.0,4.0,0.0,0.0,0.0,24.0,445.0,0.0,91.0,0.0,3.0,4.0,5896.0,45.0,1929.0,139.0,1.0,1.0,61.0,642.0,60.0,1257.0,0.0,9.0,0.0,3.0,3.0,0.0,0.0,0.0,0.0,1.0,0.0,3.0,4.0,0.0,0.0,0.0,0.0,2.0,6.0,0.0,0.0,0.0,0.0,0.0,0.0,11.0,6.0,21.0,0.0,0.0,8.0,2.0,2.0,1.0,0.0,0.0
ctx-lh-posteriorcingulate,1.0,401.0,9.0,2.0,0.0,0.0,2.0,3.0,1.0,15.0,321.0,1.0,3.0,0.0,2.0,4.0,279.0,0.0,11.0,0.0,2.0,0.0,45.0,1367.0,74.0,534.0,23.0,13.0,288.0,55.0,7.0,8.0,0.0,1.0,1.0,22.0,13.0,4.0,0.0,0.0,1.0,1.0,1.0,10.0,27.0,0.0,0.0,1.0,0.0,1.0,44.0,0.0,3.0,0.0,2.0,0.0,12.0,89.0,51.0,54.0,5.0,5.0,82.0,13.0,5.0,5.0,0.0,2.0
ctx-lh-precentral,24.0,19.0,1378.0,0.0,1.0,0.0,1.0,29.0,7.0,393.0,4.0,2.0,2.0,1.0,1.0,17.0,532.0,1.0,610.0,0.0,14.0,1.0,1929.0,74.0,7963.0,82.0,1.0,41.0,880.0,219.0,37.0,284.0,0.0,13.0,0.0,22.0,10.0,0.0,0.0,0.0,0.0,2.0,0.0,3.0,11.0,0.0,1.0,0.0,0.0,1.0,25.0,0.0,2.0,0.0,4.0,1.0,9.0,39.0,30.0,15.0,1.0,10.0,77.0,1.0,1.0,3.0,0.0,1.0
ctx-lh-precuneus,36.0,18.0,13.0,360.0,0.0,0.0,31.0,261.0,33.0,34.0,872.0,87.0,0.0,148.0,1.0,38.0,189.0,11.0,4.0,0.0,0.0,180.0,139.0,534.0,82.0,4148.0,1.0,0.0,31.0,2125.0,44.0,88.0,0.0,12.0,15.0,1.0,1.0,13.0,0.0,0.0,1.0,17.0,6.0,20.0,107.0,4.0,0.0,11.0,1.0,9.0,12.0,4.0,0.0,0.0,0.0,7.0,14.0,36.0,10.0,162.0,1.0,0.0,8.0,26.0,14.0,17.0,0.0,8.0
ctx-lh-rostralanteriorcingulate,1.0,282.0,8.0,0.0,0.0,2.0,0.0,0.0,0.0,15.0,1.0,0.0,164.0,0.0,535.0,0.0,0.0,0.0,13.0,29.0,48.0,0.0,1.0,23.0,1.0,1.0,1089.0,175.0,561.0,0.0,0.0,0.0,0.0,0.0,0.0,36.0,1.0,0.0,0.0,0.0,0.0,0.0,0.0,4.0,0.0,0.0,5.0,0.0,13.0,0.0,0.0,0.0,4.0,2.0,10.0,0.0,0.0,1.0,1.0,1.0,132.0,37.0,76.0,0.0,0.0,0.0,0.0,0.0
ctx-lh-rostralmiddlefrontal,0.0,87.0,777.0,0.0,0.0,185.0,0.0,0.0,0.0,65.0,0.0,0.0,719.0,0.0,749.0,0.0,1.0,0.0,503.0,421.0,573.0,0.0,1.0,13.0,41.0,0.0,175.0,6250.0,2424.0,0.0,0.0,2.0,1.0,0.0,0.0,25.0,4.0,0.0,0.0,0.0,0.0,0.0,0.0,9.0,0.0,0.0,0.0,0.0,2.0,0.0,0.0,0.0,5.0,0.0,4.0,0.0,0.0,2.0,3.0,0.0,16.0,12.0,47.0,0.0,0.0,0.0,0.0,0.0
ctx-lh-superiorfrontal,2.0,739.0,1410.0,0.0,1.0,84.0,1.0,2.0,0.0,74.0,8.0,0.0,99.0,0.0,260.0,1.0,513.0,0.0,158.0,44.0,101.0,0.0,61.0,288.0,880.0,31.0,561.0,2424.0,12245.0,23.0,3.0,7.0,0.0,1.0,1.0,124.0,41.0,0.0,0.0,0.0,0.0,2.0,0.0,24.0,4.0,0.0,2.0,0.0,8.0,0.0,35.0,0.0,46.0,4.0,19.0,0.0,7.0,70.0,52.0,8.0,30.0,35.0,357.0,4.0,0.0,2.0,0.0,0.0
ctx-lh-superiorparietal,44.0,2.0,14.0,1025.0,0.0,0.0,33.0,1079.0,40.0,50.0,69.0,524.0,1.0,46.0,0.0,42.0,140.0,2.0,7.0,0.0,0.0,176.0,642.0,55.0,219.0,2125.0,0.0,0.0,23.0,6475.0,49.0,664.0,0.0,15.0,6.0,0.0,1.0,8.0,0.0,0.0,1.0,2.0,1.0,7.0,31.0,7.0,0.0,3.0,0.0,1.0,6.0,2.0,0.0,0.0,0.0,6.0,4.0,11.0,6.0,49.0,0.0,0.0,5.0,14.0,7.0,2.0,0.0,2.0
ctx-lh-superiortemporal,707.0,0.0,2.0,4.0,45.0,0.0,120.0,154.0,304.0,427.0,19.0,13.0,9.0,24.0,1.0,1156.0,1.0,33.0,8.0,0.0,0.0,9.0,60.0,7.0,37.0,44.0,0.0,0.0,3.0,49.0,5342.0,642.0,186.0,629.0,0.0,0.0,1.0,0.0,0.0,0.0,0.0,0.0,2.0,2.0,12.0,1.0,0.0,1.0,0.0,1.0,0.0,0.0,0.0,0.0,0.0,1.0,0.0,3.0,2.0,24.0,0.0,0.0,0.0,5.0,7.0,4.0,0.0,2.0
ctx-lh-supramarginal,266.0,1.0,15.0,3.0,0.0,0.0,8.0,1214.0,46.0,286.0,21.0,11.0,1.0,5.0,0.0,80.0,4.0,2.0,44.0,0.0,0.0,1.0,1257.0,8.0,284.0,88.0,0.0,2.0,7.0,664.0,642.0,5315.0,0.0,53.0,4.0,1.0,0.0,1.0,0.0,0.0,0.0,1.0,0.0,2.0,15.0,3.0,0.0,1.0,0.0,1.0,2.0,0.0,0.0,0.0,1.0,1.0,3.0,7.0,1.0,22.0,0.0,0.0,1.0,2.0,2.0,1.0,0.0,1.0
ctx-lh-temporalpole,0.0,0.0,0.0,0.0,153.0,0.0,120.0,0.0,154.0,23.0,0.0,0.0,1.0,0.0,0.0,105.0,0.0,2.0,0.0,0.0,0.0,0.0,0.0,0.0,0.0,0.0,0.0,1.0,0.0,0.0,186.0,0.0,491.0,0.0,0.0,0.0,0.0,0.0,0.0,0.0,0.0,0.0,0.0,0.0,0.0,0.0,0.0,0.0,0.0,0.0,0.0,0.0,0.0,0.0,0.0,0.0,0.0,0.0,0.0,0.0,0.0,0.0,0.0,0.0,1.0,0.0,0.0,0.0
ctx-lh-transversetemporal,18.0,0.0,0.0,3.0,0.0,0.0,11.0,15.0,15.0,118.0,1.0,9.0,0.0,7.0,0.0,30.0,1.0,5.0,2.0,0.0,0.0,1.0,9.0,1.0,13.0,12.0,0.0,0.0,1.0,15.0,629.0,53.0,0.0,412.0,0.0,0.0,0.0,2.0,0.0,0.0,0.0,0.0,0.0,0.0,3.0,0.0,0.0,0.0,0.0,0.0,1.0,0.0,0.0,0.0,0.0,0.0,0.0,1.0,0.0,7.0,0.0,0.0,1.0,1.0,1.0,1.0,0.0,0.0
ctx-rh-bankssts,1.0,1.0,0.0,1.0,0.0,0.0,0.0,1.0,0.0,0.0,12.0,1.0,0.0,2.0,0.0,0.0,0.0,0.0,0.0,0.0,0.0,0.0,0.0,1.0,0.0,15.0,0.0,0.0,1.0,6.0,0.0,4.0,0.0,0.0,683.0,0.0,2.0,6.0,0.0,0.0,19.0,666.0,191.0,41.0,12.0,28.0,0.0,10.0,0.0,813.0,1.0,5.0,8.0,0.0,1.0,3.0,44.0,3.0,29.0,66.0,0.0,0.0,3.0,48.0,640.0,249.0,0.0,18.0
ctx-rh-caudalanteriorcingulate,0.0,76.0,27.0,0.0,0.0,2.0,0.0,0.0,0.0,6.0,1.0,0.0,6.0,0.0,5.0,0.0,12.0,0.0,14.0,2.0,4.0,0.0,3.0,22.0,22.0,1.0,36.0,25.0,124.0,0.0,0.0,1.0,0.0,0.0,0.0,533.0,53.0,0.0,0.0,0.0,0.0,0.0,0.0,25.0,22.0,0.0,5.0,0.0,4.0,0.0,26.0,0.0,35.0,5.0,22.0,0.0,5.0,392.0,30.0,6.0,185.0,72.0,851.0,3.0,0.0,2.0,0.0,0.0
ctx-rh-caudalmiddlefrontal,0.0,23.0,9.0,0.0,0.0,0.0,0.0,0.0,0.0,3.0,0.0,0.0,0.0,0.0,0.0,0.0,5.0,0.0,4.0,0.0,2.0,0.0,3.0,13.0,10.0,1.0,1.0,4.0,41.0,1.0,1.0,0.0,0.0,0.0,2.0,53.0,2513.0,0.0,0.0,0.0,0.0,3.0,1.0,56.0,2.0,0.0,2.0,0.0,0.0,0.0,10.0,0.0,342.0,0.0,34.0,1.0,47.0,16.0,1187.0,7.0,6.0,617.0,1145.0,18.0,2.0,12.0,0.0,0.0
ctx-rh-cuneus,1.0,0.0,0.0,64.0,0.0,0.0,1.0,5.0,3.0,1.0,4.0,4.0,0.0,12.0,0.0,4.0,1.0,0.0,0.0,0.0,0.0,8.0,0.0,4.0,0.0,13.0,0.0,0.0,0.0,8.0,0.0,1.0,0.0,2.0,6.0,0.0,0.0,1539.0,0.0,0.0,57.0,69.0,31.0,4.0,21.0,645.0,0.0,170.0,0.0,16.0,0.0,2.0,1.0,0.0,0.0,1294.0,1.0,1.0,2.0,340.0,0.0,0.0,0.0,500.0,4.0,2.0,0.0,4.0
ctx-rh-entorhinal,0.0,0.0,0.0,0.0,0.0,0.0,0.0,0.0,0.0,0.0,0.0,0.0,0.0,0.0,0.0,0.0,0.0,0.0,0.0,0.0,0.0,1.0,0.0,0.0,0.0,0.0,0.0,0.0,0.0,0.0,0.0,0.0,0.0,0.0,0.0,0.0,0.0,0.0,243.0,0.0,222.0,0.0,101.0,12.0,3.0,1.0,2.0,3.0,1.0,33.0,0.0,151.0,0.0,0.0,0.0,0.0,0.0,0.0,0.0,0.0,0.0,0.0,0.0,0.0,25.0,0.0,162.0,0.0
ctx-rh-frontalpole,0.0,0.0,0.0,0.0,0.0,0.0,0.0,0.0,0.0,0.0,0.0,0.0,0.0,0.0,0.0,0.0,0.0,0.0,0.0,0.0,0.0,0.0,0.0,0.0,0.0,0.0,0.0,0.0,0.0,0.0,0.0,0.0,0.0,0.0,0.0,0.0,0.0,0.0,0.0,55.0,0.0,0.0,0.0,2.0,0.0,0.0,106.0,0.0,346.0,0.0,0.0,0.0,0.0,17.0,9.0,0.0,0.0,0.0,0.0,0.0,15.0,309.0,127.0,0.0,0.0,0.0,0.0,0.0
ctx-rh-fusiform,0.0,0.0,0.0,3.0,0.0,0.0,1.0,1.0,0.0,0.0,1.0,2.0,0.0,5.0,0.0,1.0,0.0,0.0,0.0,0.0,0.0,0.0,0.0,1.0,0.0,1.0,0.0,0.0,0.0,1.0,0.0,0.0,0.0,0.0,19.0,0.0,0.0,57.0,222.0,0.0,3772.0,31.0,1762.0,34.0,10.0,1316.0,5.0,699.0,4.0,238.0,0.0,250.0,0.0,0.0,0.0,155.0,0.0,0.0,0.0,43.0,0.0,0.0,0.0,22.0,78.0,2.0,76.0,1.0
ctx-rh-inferiorparietal,0.0,0.0,0.0,10.0,0.0,0.0,2.0,5.0,1.0,1.0,19.0,6.0,0.0,3.0,0.0,3.0,0.0,0.0,0.0,0.0,0.0,4.0,1.0,1.0,2.0,17.0,0.0,0.0,2.0,2.0,0.0,1.0,0.0,0.0,666.0,0.0,3.0,69.0,0.0,0.0,31.0,6519.0,117.0,54.0,40.0,816.0,2.0,25.0,0.0,343.0,3.0,10.0,17.0,0.0,3.0,15.0,129.0,4.0,103.0,421.0,0.0,5.0,6.0,1421.0,193.0,1042.0,0.0,19.0
ctx-rh-inferiortemporal,0.0,0.0,0.0,1.0,0.0,0.0,1.0,5.0,1.0,0.0,3.0,1.0,0.0,2.0,0.0,0.0,0.0,0.0,0.0,0.0,0.0,1.0,0.0,1.0,0.0,6.0,0.0,0.0,0.0,1.0,2.0,0.0,0.0,0.0,191.0,0.0,1.0,31.0,101.0,0.0,1762.0,117.0,3441.0,121.0,13.0,372.0,17.0,154.0,2.0,2173.0,0.0,71.0,0.0,0.0,1.0,39.0,4.0,0.0,1.0,60.0,0.0,0.0,2.0,30.0,320.0,9.0,190.0,12.0
ctx-rh-insula,0.0,18.0,5.0,1.0,0.0,0.0,2.0,5.0,0.0,2.0,12.0,1.0,2.0,0.0,1.0,1.0,5.0,0.0,2.0,0.0,1.0,0.0,3.0,10.0,3.0,20.0,4.0,9.0,24.0,7.0,2.0,2.0,0.0,0.0,41.0,25.0,56.0,4.0,12.0,2.0,34.0,54.0,121.0,1697.0,16.0,13.0,427.0,7.0,36.0,128.0,17.0,3.0,202.0,34.0,222.0,4.0,302.0,7.0,328.0,91.0,27.0,109.0,139.0,62.0,429.0,317.0,25.0,122.0
ctx-rh-isthmuscingulate,7.0,1.0,1.0,10.0,0.0,0.0,7.0,20.0,6.0,5.0,68.0,13.0,0.0,9.0,0.0,13.0,6.0,1.0,0.0,0.0,0.0,4.0,4.0,27.0,11.0,107.0,0.0,0.0,4.0,31.0,12.0,15.0,0.0,3.0,12.0,22.0,2.0,21.0,3.0,0.0,10.0,40.0,13.0,16.0,747.0,15.0,0.0,102.0,0.0,14.0,25.0,111.0,1.0,0.0,0.0,8.0,10.0,325.0,6.0,987.0,0.0,0.0,15.0,55.0,31.0,21.0,0.0,5.0
ctx-rh-lateraloccipital,2.0,0.0,0.0,14.0,0.0,0.0,2.0,3.0,3.0,0.0,0.0,0.0,0.0,8.0,0.0,1.0,0.0,0.0,0.0,0.0,0.0,2.0,0.0,0.0,0.0,4.0,0.0,0.0,0.0,7.0,1.0,3.0,0.0,0.0,28.0,0.0,0.0,645.0,1.0,0.0,1316.0,816.0,372.0,13.0,15.0,7667.0,0.0,739.0,0.0,110.0,0.0,10.0,0.0,0.0,0.0,870.0,4.0,2.0,3.0,151.0,0.0,0.0,0.0,438.0,22.0,4.0,1.0,4.0
ctx-rh-lateralorbitofrontal,0.0,4.0,1.0,0.0,0.0,0.0,0.0,0.0,0.0,0.0,0.0,0.0,1.0,0.0,2.0,0.0,0.0,0.0,0.0,0.0,0.0,0.0,0.0,0.0,1.0,0.0,5.0,0.0,2.0,0.0,0.0,0.0,0.0,0.0,0.0,5.0,2.0,0.0,2.0,106.0,5.0,2.0,17.0,427.0,0.0,0.0,2851.0,0.0,1506.0,20.0,0.0,0.0,16.0,465.0,217.0,0.0,0.0,0.0,1.0,1.0,193.0,415.0,123.0,0.0,22.0,3.0,3.0,1.0
ctx-rh-lingual,0.0,0.0,0.0,4.0,0.0,0.0,2.0,2.0,0.0,0.0,9.0,3.0,0.0,156.0,0.0,1.0,0.0,1.0,0.0,0.0,0.0,3.0,0.0,1.0,0.0,11.0,0.0,0.0,0.0,3.0,1.0,1.0,0.0,0.0,10.0,0.0,0.0,170.0,3.0,0.0,699.0,25.0,154.0,7.0,102.0,739.0,0.0,4870.0,0.0,42.0,0.0,315.0,0.0,0.0,0.0,1566.0,3.0,2.0,1.0,201.0,0.0,0.0,0.0,21.0,15.0,1.0,2.0,0.0
ctx-rh-medialorbitofrontal,0.0,1.0,1.0,0.0,0.0,0.0,0.0,0.0,0.0,1.0,0.0,0.0,1.0,0.0,4.0,0.0,0.0,0.0,0.0,0.0,1.0,0.0,0.0,0.0,0.0,1.0,13.0,2.0,8.0,0.0,0.0,0.0,0.0,0.0,0.0,4.0,0.0,0.0,1.0,346.0,4.0,0.0,2.0,36.0,0.0,0.0,1506.0,0.0,1613.0,1.0,0.0,0.0,1.0,102.0,37.0,0.0,0.0,0.0,0.0,0.0,496.0,762.0,333.0,0.0,0.0,0.0,0.0,0.0
ctx-rh-middletemporal,1.0,0.0,0.0,0.0,0.0,0.0,1.0,1.0,0.0,1.0,4.0,1.0,0.0,1.0,0.0,2.0,0.0,0.0,0.0,0.0,0.0,0.0,2.0,1.0,1.0,9.0,0.0,0.0,0.0,1.0,1.0,1.0,0.0,0.0,813.0,0.0,0.0,16.0,33.0,0.0,238.0,343.0,2173.0,128.0,14.0,110.0,20.0,42.0,1.0,3993.0,2.0,30.0,1.0,1.0,1.0,19.0,12.0,3.0,7.0,72.0,0.0,0.0,0.0,35.0,773.0,24.0,106.0,9.0
ctx-rh-paracentral,0.0,6.0,11.0,0.0,0.0,0.0,0.0,1.0,0.0,3.0,4.0,0.0,0.0,0.0,0.0,0.0,11.0,0.0,1.0,0.0,0.0,0.0,6.0,44.0,25.0,12.0,0.0,0.0,35.0,6.0,0.0,2.0,0.0,1.0,1.0,26.0,10.0,0.0,0.0,0.0,0.0,3.0,0.0,17.0,25.0,0.0,0.0,0.0,0.0,2.0,1992.0,1.0,3.0,0.0,0.0,0.0,421.0,287.0,650.0,331.0,0.0,0.0,539.0,169.0,2.0,8.0,0.0,1.0
ctx-rh-parahippocampal,0.0,0.0,0.0,0.0,0.0,0.0,1.0,0.0,0.0,0.0,1.0,0.0,0.0,0.0,0.0,0.0,1.0,0.0,0.0,0.0,0.0,0.0,0.0,0.0,0.0,4.0,0.0,0.0,0.0,2.0,0.0,0.0,0.0,0.0,5.0,0.0,0.0,2.0,151.0,0.0,250.0,10.0,71.0,3.0,111.0,10.0,0.0,315.0,0.0,30.0,1.0,642.0,0.0,0.0,0.0,9.0,0.0,1.0,0.0,29.0,0.0,0.0,0.0,3.0,6.0,1.0,4.0,0.0
ctx-rh-parsopercularis,0.0,10.0,7.0,0.0,0.0,0.0,0.0,0.0,0.0,1.0,1.0,0.0,1.0,0.0,1.0,0.0,2.0,0.0,4.0,0.0,4.0,0.0,0.0,3.0,2.0,0.0,4.0,5.0,46.0,0.0,0.0,0.0,0.0,0.0,8.0,35.0,342.0,1.0,0.0,0.0,0.0,17.0,0.0,202.0,1.0,0.0,16.0,0.0,1.0,1.0,3.0,0.0,1880.0,10.0,522.0,0.0,87.0,3.0,778.0,6.0,9.0,485.0,253.0,10.0,14.0,72.0,0.0,1.0
ctx-rh-parsorbitalis,0.0,1.0,0.0,0.0,0.0,0.0,0.0,0.0,0.0,0.0,0.0,0.0,0.0,0.0,3.0,0.0,0.0,0.0,0.0,1.0,0.0,0.0,0.0,0.0,0.0,0.0,2.0,0.0,4.0,0.0,0.0,0.0,0.0,0.0,0.0,5.0,0.0,0.0,0.0,17.0,0.0,0.0,0.0,34.0,0.0,0.0,465.0,0.0,102.0,1.0,0.0,0.0,10.0,722.0,340.0,0.0,0.0,0.0,1.0,0.0,41.0,461.0,79.0,0.0,2.0,0.0,0.0,0.0
ctx-rh-parstriangularis,0.0,9.0,1.0,0.0,0.0,1.0,0.0,0.0,0.0,1.0,0.0,0.0,1.0,0.0,1.0,0.0,1.0,0.0,3.0,0.0,2.0,0.0,0.0,2.0,4.0,0.0,10.0,4.0,19.0,0.0,0.0,1.0,0.0,0.0,1.0,22.0,34.0,0.0,0.0,9.0,0.0,3.0,1.0,222.0,0.0,0.0,217.0,0.0,37.0,1.0,0.0,0.0,522.0,340.0,1873.0,0.0,7.0,0.0,28.0,0.0,60.0,791.0,230.0,0.0,2.0,3.0,0.0,0.0
ctx-rh-pericalcarine,1.0,0.0,0.0,55.0,0.0,0.0,2.0,3.0,2.0,1.0,4.0,3.0,0.0,54.0,0.0,0.0,0.0,0.0,0.0,0.0,0.0,7.0,0.0,0.0,1.0,7.0,0.0,0.0,0.0,6.0,1.0,1.0,0.0,0.0,3.0,0.0,1.0,1294.0,0.0,0.0,155.0,15.0,39.0,4.0,8.0,870.0,0.0,1566.0,0.0,19.0,0.0,9.0,0.0,0.0,0.0,953.0,1.0,0.0,0.0,203.0,0.0,0.0,1.0,38.0,9.0,1.0,0.0,0.0
ctx-rh-postcentral,0.0,2.0,3.0,0.0,0.0,0.0,0.0,0.0,1.0,0.0,4.0,0.0,0.0,0.0,0.0,1.0,3.0,0.0,0.0,0.0,0.0,1.0,0.0,12.0,9.0,14.0,0.0,0.0,7.0,4.0,0.0,3.0,0.0,0.0,44.0,5.0,47.0,1.0,0.0,0.0,0.0,129.0,4.0,302.0,10.0,4.0,0.0,3.0,0.0,12.0,421.0,0.0,87.0,0.0,7.0,1.0,4763.0,30.0,1677.0,182.0,0.0,14.0,50.0,803.0,59.0,1514.0,0.0,5.0
ctx-rh-posteriorcingulate,1.0,21.0,8.0,1.0,0.0,0.0,0.0,2.0,0.0,5.0,10.0,0.0,0.0,1.0,0.0,0.0,42.0,1.0,4.0,0.0,0.0,1.0,11.0,89.0,39.0,36.0,1.0,2.0,70.0,11.0,3.0,7.0,0.0,1.0,3.0,392.0,16.0,1.0,0.0,0.0,0.0,4.0,0.0,7.0,325.0,2.0,0.0,2.0,0.0,3.0,287.0,1.0,3.0,0.0,0.0,0.0,30.0,1122.0,83.0,438.0,7.0,5.0,393.0,28.0,6.0,14.0,0.0,2.0
ctx-rh-precentral,0.0,18.0,10.0,1.0,0.0,0.0,0.0,1.0,0.0,2.0,5.0,1.0,0.0,0.0,0.0,0.0,26.0,0.0,1.0,0.0,2.0,1.0,6.0,51.0,30.0,10.0,1.0,3.0,52.0,6.0,2.0,1.0,0.0,0.0,29.0,30.0,1187.0,2.0,0.0,0.0,0.0,103.0,1.0,328.0,6.0,3.0,1.0,1.0,0.0,7.0,650.0,0.0,778.0,1.0,28.0,0.0,1677.0,83.0,7220.0,124.0,3.0,59.0,844.0,227.0,50.0,324.0,0.0,6.0
ctx-rh-precuneus,9.0,4.0,4.0,16.0,2.0,0.0,14.0,38.0,15.0,13.0,115.0,22.0,1.0,18.0,0.0,12.0,11.0,4.0,1.0,0.0,0.0,13.0,21.0,54.0,15.0,162.0,1.0,0.0,8.0,49.0,24.0,22.0,0.0,7.0,66.0,6.0,7.0,340.0,0.0,0.0,43.0,421.0,60.0,91.0,987.0,151.0,1.0,201.0,0.0,72.0,331.0,29.0,6.0,0.0,0.0,203.0,182.0,438.0,124.0,5062.0,0.0,0.0,40.0,2328.0,113.0,128.0,1.0,29.0
ctx-rh-rostralanteriorcingulate,0.0,39.0,4.0,0.0,0.0,0.0,0.0,0.0,0.0,0.0,0.0,0.0,7.0,0.0,17.0,0.0,0.0,0.0,3.0,1.0,13.0,0.0,0.0,5.0,1.0,1.0,132.0,16.0,30.0,0.0,0.0,0.0,0.0,0.0,0.0,185.0,6.0,0.0,0.0,15.0,0.0,0.0,0.0,27.0,0.0,0.0,193.0,0.0,496.0,0.0,0.0,0.0,9.0,41.0,60.0,0.0,0.0,7.0,3.0,0.0,752.0,144.0,565.0,0.0,0.0,0.0,0.0,0.0
ctx-rh-rostralmiddlefrontal,0.0,20.0,9.0,0.0,0.0,0.0,0.0,0.0,0.0,3.0,0.0,0.0,2.0,0.0,8.0,0.0,1.0,1.0,5.0,1.0,2.0,0.0,0.0,5.0,10.0,0.0,37.0,12.0,35.0,0.0,0.0,0.0,0.0,0.0,0.0,72.0,617.0,0.0,0.0,309.0,0.0,5.0,0.0,109.0,0.0,0.0,415.0,0.0,762.0,0.0,0.0,0.0,485.0,461.0,791.0,0.0,14.0,5.0,59.0,0.0,144.0,6084.0,2683.0,3.0,0.0,4.0,0.0,0.0
ctx-rh-superiorfrontal,0.0,147.0,57.0,0.0,0.0,0.0,0.0,1.0,0.0,12.0,3.0,0.0,9.0,0.0,14.0,0.0,39.0,0.0,14.0,5.0,13.0,0.0,8.0,82.0,77.0,8.0,76.0,47.0,357.0,5.0,0.0,1.0,0.0,1.0,3.0,851.0,1145.0,0.0,0.0,127.0,0.0,6.0,2.0,139.0,15.0,0.0,123.0,0.0,333.0,0.0,539.0,0.0,253.0,79.0,230.0,1.0,50.0,393.0,844.0,40.0,565.0,2683.0,11506.0,22.0,4.0,14.0,0.0,0.0
ctx-rh-superiorparietal,3.0,1.0,0.0,9.0,0.0,0.0,1.0,4.0,3.0,3.0,25.0,3.0,0.0,1.0,0.0,0.0,1.0,1.0,0.0,0.0,0.0,3.0,2.0,13.0,1.0,26.0,0.0,0.0,4.0,14.0,5.0,2.0,0.0,1.0,48.0,3.0,18.0,500.0,0.0,0.0,22.0,1421.0,30.0,62.0,55.0,438.0,0.0,21.0,0.0,35.0,169.0,3.0,10.0,0.0,0.0,38.0,803.0,28.0,227.0,2328.0,0.0,3.0,22.0,7050.0,62.0,371.0,0.0,17.0
ctx-rh-superiortemporal,1.0,1.0,0.0,1.0,0.0,0.0,2.0,9.0,1.0,1.0,15.0,1.0,0.0,4.0,0.0,2.0,0.0,0.0,0.0,0.0,0.0,1.0,2.0,5.0,1.0,14.0,0.0,0.0,0.0,7.0,7.0,2.0,1.0,1.0,640.0,0.0,2.0,4.0,25.0,0.0,78.0,193.0,320.0,429.0,31.0,22.0,22.0,15.0,0.0,773.0,2.0,6.0,14.0,2.0,2.0,9.0,59.0,6.0,50.0,113.0,0.0,0.0,4.0,62.0,5685.0,469.0,154.0,542.0
ctx-rh-supramarginal,1.0,0.0,1.0,0.0,0.0,0.0,1.0,1.0,3.0,2.0,7.0,2.0,0.0,0.0,0.0,1.0,2.0,0.0,0.0,0.0,0.0,0.0,1.0,5.0,3.0,17.0,0.0,0.0,2.0,2.0,4.0,1.0,0.0,1.0,249.0,2.0,12.0,2.0,0.0,0.0,2.0,1042.0,9.0,317.0,21.0,4.0,3.0,1.0,0.0,24.0,8.0,1.0,72.0,0.0,3.0,1.0,1514.0,14.0,324.0,128.0,0.0,4.0,14.0,371.0,469.0,4306.0,1.0,36.0
ctx-rh-temporalpole,0.0,0.0,0.0,0.0,0.0,0.0,0.0,0.0,0.0,0.0,0.0,0.0,0.0,0.0,0.0,0.0,0.0,0.0,0.0,0.0,0.0,0.0,0.0,0.0,0.0,0.0,0.0,0.0,0.0,0.0,0.0,0.0,0.0,0.0,0.0,0.0,0.0,0.0,162.0,0.0,76.0,0.0,190.0,25.0,0.0,1.0,3.0,2.0,0.0,106.0,0.0,4.0,0.0,0.0,0.0,0.0,0.0,0.0,0.0,1.0,0.0,0.0,0.0,0.0,154.0,1.0,417.0,1.0
ctx-rh-transversetemporal,0.0,0.0,0.0,1.0,0.0,0.0,0.0,0.0,2.0,1.0,2.0,0.0,0.0,1.0,0.0,0.0,0.0,0.0,0.0,0.0,0.0,0.0,0.0,2.0,1.0,8.0,0.0,0.0,0.0,2.0,2.0,1.0,0.0,0.0,18.0,0.0,0.0,4.0,0.0,0.0,1.0,19.0,12.0,122.0,5.0,4.0,1.0,0.0,0.0,9.0,1.0,0.0,1.0,0.0,0.0,0.0,5.0,2.0,6.0,29.0,0.0,0.0,0.0,17.0,542.0,36.0,1.0,245.0
