,ctx-lh-bankssts,ctx-lh-caudalanteriorcingulate,ctx-lh-caudalmiddlefrontal,ctx-lh-cuneus,ctx-lh-entorhinal,ctx-lh-frontalpole,ctx-lh-fusiform,ctx-lh-inferiorparietal,ctx-lh-inferiortemporal,ctx-lh-insula,ctx-lh-isthmuscingulate,ctx-lh-lateraloccipital,ctx-lh-lateralorbitofrontal,ctx-lh-lingual,ctx-lh-medialorbitofrontal,ctx-lh-middletemporal,ctx-lh-paracentral,ctx-lh-parahippocampal,ctx-lh-parsopercularis,ctx-lh-parsorbitalis,ctx-lh-parstriangularis,ctx-lh-pericalcarine,ctx-lh-postcentral,ctx-lh-posteriorcingulate,ctx-lh-precentral,ctx-lh-precuneus,ctx-lh-rostralanteriorcingulate,ctx-lh-rostralmiddlefrontal,ctx-lh-superiorfrontal,ctx-lh-superiorparietal,ctx-lh-superiortemporal,ctx-lh-supramarginal,ctx-lh-temporalpole,ctx-lh-transversetemporal,ctx-rh-bankssts,ctx-rh-caudalanteriorcingulate,ctx-rh-caudalmiddlefrontal,ctx-rh-cuneus,ctx-rh-entorhinal,ctx-rh-frontalpole,ctx-rh-fusiform,ctx-rh-inferiorparietal,ctx-rh-inferiortemporal,ctx-rh-insula,ctx-rh-isthmuscingulate,ctx-rh-lateraloccipital,ctx-rh-lateralorbitofrontal,ctx-rh-lingual,ctx-rh-medialorbitofrontal,ctx-rh-middletemporal,ctx-rh-paracentral,ctx-rh-parahippocampal,ctx-rh-parsopercularis,ctx-rh-parsorbitalis,ctx-rh-parstriangularis,ctx-rh-pericalcarine,ctx-rh-postcentral,ctx-rh-posteriorcingulate,ctx-rh-precentral,ctx-rh-precuneus,ctx-rh-rostralanteriorcingulate,ctx-rh-rostralmiddlefrontal,ctx-rh-superiorfrontal,ctx-rh-superiorparietal,ctx-rh-superiortemporal,ctx-rh-supramarginal,ctx-rh-temporalpole,ctx-rh-transversetemporal
ctx-lh-bankssts,785.0,0.0,0.0,10.0,1.0,0.0,44.0,499.0,312.0,35.0,6.0,31.0,0.0,13.0,0.0,796.0,0.0,4.0,1.0,0.0,0.0,6.0,18.0,0.0,9.0,11.0,0.0,0.0,0.0,36.0,811.0,258.0,1.0,31.0,0.0,0.0,0.0,0.0,0.0,0.0,0.0,0.0,0.0,0.0,3.0,2.0,0.0,0.0,0.0,1.0,1.0,0.0,0.0,0.0,0.0,0.0,0.0,2.0,1.0,6.0,0.0,0.0,0.0,2.0,2.0,0.0,0.0,0.0
ctx-lh-caudalanteriorcingulate,0.0,387.0,36.0,0.0,0.0,0.0,0.0,0.0,0.0,7.0,7.0,0.0,12.0,0.0,11.0,0.0,2.0,0.0,20.0,0.0,12.0,0.0,1.0,256.0,12.0,1.0,271.0,92.0,453.0,3.0,0.0,1.0,0.0,0.0,0.0,108.0,16.0,0.0,0.0,0.0,0.0,0.0,0.0,17.0,1.0,0.0,4.0,0.0,2.0,0.0,2.0,0.0,7.0,1.0,7.0,0.0,2.0,20.0,6.0,1.0,10.0,31.0,97.0,0.0,1.0,2.0,0.0,0.0
ctx-lh-caudalmiddlefrontal,0.0,36.0,3366.0,0.0,0.0,0.0,0.0,2.0,0.0,39.0,6.0,0.0,2.0,0.0,1.0,2.0,20.0,0.0,217.0,2.0,32.0,0.0,30.0,47.0,1376.0,4.0,6.0,926.0,902.0,18.0,4.0,10.0,0.0,1.0,1.0,19.0,8.0,0.0,0.0,0.0,0.0,0.0,0.0,5.0,0.0,0.0,0.0,0.0,0.0,0.0,12.0,0.0,3.0,0.0,3.0,0.0,1.0,8.0,10.0,1.0,1.0,9.0,64.0,1.0,0.0,1.0,0.0,0.0
ctx-lh-cuneus,10.0,0.0,0.0,1381.0,1.0,0.0,44.0,57.0,17.0,2.0,47.0,466.0,0.0,209.0,0.0,7.0,0.0,2.0,0.0,0.0,0.0,1247.0,1.0,1.0,2.0,342.0,0.0,0.0,0.0,815.0,6.0,4.0,1.0,0.0,0.0,0.0,0.0,71.0,0.0,0.0,3.0,2.0,3.0,1.0,2.0,6.0,0.0,6.0,0.0,1.0,0.0,1.0,0.0,0.0,0.0,26.0,0.0,2.0,0.0,21.0,0.0,0.0,0.0,18.0,0.0,1.0,0.0,0.0
ctx-lh-entorhinal,1.0,0.0,0.0,1.0,184.0,0.0,247.0,1.0,231.0,50.0,0.0,3.0,0.0,2.0,0.0,78.0,0.0,149.0,0.0,0.0,0.0,1.0,0.0,0.0,0.0,0.0,0.0,0.0,0.0,1.0,85.0,1.0,252.0,0.0,0.0,0.0,0.0,0.0,0.0,0.0,0.0,0.0,0.0,0.0,0.0,0.0,0.0,0.0,0.0,0.0,0.0,0.0,0.0,0.0,0.0,0.0,0.0,0.0,0.0,1.0,0.0,0.0,0.0,0.0,0.0,0.0,0.0,0.0
ctx-lh-frontalpole,0.0,0.0,0.0,0.0,0.0,72.0,0.0,0.0,0.0,0.0,0.0,0.0,36.0,0.0,329.0,0.0,0.0,0.0,0.0,5.0,2.0,0.0,0.0,0.0,0.0,0.0,6.0,181.0,139.0,0.0,0.0,0.0,0.0,0.0,0.0,0.0,0.0,0.0,0.0,0.0,0.0,0.0,0.0,0.0,0.0,0.0,0.0,0.0,0.0,0.0,0.0,0.0,0.0,0.0,0.0,0.0,0.0,0.0,0.0,0.0,0.0,0.0,0.0,0.0,0.0,0.0,0.0,0.0
ctx-lh-fusiform,44.0,0.0,0.0,44.0,247.0,0.0,3373.0,139.0,1362.0,42.0,15.0,1451.0,0.0,903.0,0.0,268.0,0.0,223.0,0.0,0.0,0.0,133.0,3.0,2.0,2.0,24.0,0.0,0.0,0.0,42.0,110.0,6.0,165.0,5.0,0.0,0.0,0.0,0.0,0.0,0.0,0.0,1.0,0.0,0.0,3.0,2.0,0.0,0.0,0.0,0.0,0.0,0.0,0.0,0.0,0.0,0.0,0.0,0.0,0.0,1.0,0.0,0.0,1.0,1.0,0.0,0.0,0.0,0.0
ctx-lh-inferiorparietal,499.0,0.0,2.0,57.0,1.0,0.0,139.0,5599.0,238.0,32.0,54.0,893.0,0.0,28.0,0.0,454.0,3.0,1.0,4.0,0.0,0.0,24.0,58.0,10.0,56.0,270.0,0.0,0.0,2.0,1246.0,184.0,742.0,0.0,20.0,2.0,0.0,0.0,1.0,0.0,0.0,1.0,7.0,0.0,1.0,24.0,2.0,0.0,4.0,0.0,2.0,3.0,1.0,0.0,0.0,0.0,0.0,2.0,4.0,1.0,40.0,0.0,0.0,0.0,11.0,2.0,1.0,0.0,0.0
ctx-lh-inferiortemporal,312.0,0.0,0.0,17.0,231.0,0.0,1362.0,238.0,4196.0,84.0,7.0,297.0,0.0,51.0,0.0,1435.0,0.0,72.0,0.0,0.0,0.0,25.0,6.0,0.0,4.0,12.0,0.0,0.0,0.0,47.0,168.0,22.0,119.0,2.0,0.0,1.0,0.0,0.0,0.0,0.0,0.0,2.0,0.0,0.0,4.0,2.0,0.0,0.0,0.0,0.0,0.0,1.0,0.0,0.0,0.0,1.0,0.0,2.0,0.0,5.0,0.0,0.0,0.0,2.0,1.0,0.0,0.0,0.0
ctx-lh-insula,35.0,7.0,39.0,2.0,50.0,0.0,42.0,32.0,84.0,2060.0,11.0,5.0,650.0,7.0,23.0,145.0,7.0,5.0,215.0,10.0,77.0,3.0,258.0,11.0,299.0,32.0,20.0,74.0,56.0,68.0,277.0,302.0,48.0,132.0,0.0,6.0,0.0,0.0,0.0,0.0,1.0,1.0,0.0,3.0,1.0,1.0,0.0,1.0,0.0,1.0,2.0,0.0,0.0,0.0,0.0,0.0,0.0,3.0,2.0,12.0,0.0,1.0,11.0,5.0,2.0,0.0,0.0,0.0
ctx-lh-isthmuscingulate,6.0,7.0,6.0,47.0,0.0,0.0,15.0,54.0,7.0,11.0,647.0,9.0,0.0,131.0,0.0,5.0,20.0,39.0,0.0,0.0,0.0,19.0,7.0,429.0,10.0,744.0,0.0,1.0,24.0,100.0,15.0,6.0,0.0,2.0,1.0,0.0,1.0,2.0,0.0,0.0,2.0,19.0,0.0,5.0,65.0,3.0,0.0,6.0,0.0,5.0,17.0,0.0,2.0,0.0,0.0,1.0,3.0,23.0,9.0,109.0,0.0,1.0,9.0,24.0,10.0,7.0,0.0,1.0
ctx-lh-lateraloccipital,31.0,0.0,0.0,466.0,3.0,0.0,1451.0,893.0,297.0,5.0,9.0,6494.0,0.0,730.0,0.0,151.0,0.0,11.0,0.0,0.0,0.0,653.0,2.0,1.0,0.0,73.0,0.0,0.0,1.0,528.0,15.0,3.0,0.0,1.0,0.0,0.0,0.0,0.0,0.0,0.0,0.0,2.0,3.0,0.0,3.0,1.0,0.0,1.0,0.0,1.0,0.0,0.0,0.0,0.0,0.0,1.0,0.0,0.0,2.0,7.0,0.0,0.0,0.0,1.0,1.0,0.0,0.0,0.0
ctx-lh-lateralorbitofrontal,0.0,12.0,2.0,0.0,0.0,36.0,0.0,0.0,0.0,650.0,0.0,0.0,3954.0,0.0,1939.0,2.0,0.0,0.0,14.0,518.0,305.0,0.0,0.0,2.0,2.0,0.0,202.0,826.0,163.0,0.0,1.0,1.0,0.0,0.0,0.0,7.0,0.0,0.0,0.0,0.0,0.0,0.0,0.0,0.0,0.0,0.0,0.0,0.0,0.0,0.0,0.0,0.0,1.0,0.0,0.0,0.0,0.0,0.0,0.0,0.0,2.0,0.0,4.0,0.0,0.0,0.0,0.0,0.0
ctx-lh-lingual,13.0,0.0,0.0,209.0,2.0,0.0,903.0,28.0,51.0,7.0,131.0,730.0,0.0,4705.0,0.0,26.0,1.0,196.0,0.0,0.0,0.0,1091.0,1.0,1.0,0.0,175.0,0.0,0.0,0.0,63.0,14.0,3.0,0.0,2.0,0.0,0.0,0.0,15.0,0.0,0.0,0.0,2.0,0.0,0.0,9.0,1.0,0.0,25.0,0.0,3.0,0.0,1.0,0.0,0.0,0.0,13.0,0.0,1.0,0.0,12.0,0.0,0.0,0.0,3.0,0.0,0.0,0.0,0.0
ctx-lh-medialorbitofrontal,0.0,11.0,1.0,0.0,0.0,329.0,0.0,0.0,0.0,23.0,0.0,0.0,1939.0,0.0,1779.0,0.0,0.0,0.0,1.0,29.0,29.0,0.0,0.0,2.0,1.0,0.0,572.0,1024.0,178.0,1.0,0.0,0.0,0.0,0.0,0.0,8.0,0.0,0.0,0.0,0.0,0.0,0.0,0.0,0.0,0.0,0.0,5.0,0.0,10.0,0.0,0.0,0.0,2.0,0.0,0.0,0.0,0.0,0.0,0.0,0.0,9.0,3.0,8.0,0.0,0.0,0.0,0.0,0.0
ctx-lh-middletemporal,796.0,0.0,2.0,7.0,78.0,0.0,268.0,454.0,1435.0,145.0,5.0,151.0,2.0,26.0,0.0,2763.0,0.0,20.0,1.0,0.0,1.0,15.0,6.0,1.0,3.0,22.0,0.0,0.0,0.0,38.0,952.0,20.0,59.0,15.0,1.0,1.0,0.0,0.0,0.0,0.0,0.0,1.0,0.0,0.0,3.0,0.0,0.0,0.0,0.0,1.0,1.0,0.0,0.0,0.0,0.0,0.0,0.0,0.0,0.0,9.0,0.0,0.0,0.0,1.0,3.0,1.0,0.0,0.0
ctx-lh-paracentral,0.0,2.0,20.0,0.0,0.0,0.0,0.0,3.0,0.0,7.0,20.0,0.0,0.0,1.0,0.0,0.0,1902.0,0.0,4.0,0.0,0.0,0.0,433.0,226.0,754.0,253.0,0.0,4.0,576.0,181.0,2.0,2.0,0.0,0.0,0.0,7.0,3.0,0.0,0.0,0.0,0.0,1.0,0.0,1.0,6.0,0.0,1.0,0.0,0.0,0.0,22.0,0.0,2.0,0.0,0.0,0.0,1.0,26.0,16.0,9.0,0.0,0.0,22.0,3.0,0.0,2.0,0.0,0.0
ctx-lh-parahippocampal,4.0,0.0,0.0,2.0,149.0,0.0,223.0,1.0,72.0,5.0,39.0,11.0,0.0,196.0,0.0,20.0,0.0,371.0,0.0,0.0,0.0,7.0,0.0,0.0,1.0,6.0,0.0,0.0,0.0,2.0,9.0,2.0,2.0,0.0,0.0,0.0,0.0,0.0,0.0,0.0,1.0,0.0,0.0,0.0,0.0,0.0,0.0,0.0,0.0,0.0,0.0,0.0,0.0,0.0,0.0,0.0,0.0,0.0,0.0,0.0,0.0,0.0,0.0,0.0,0.0,0.0,0.0,0.0
ctx-lh-parsopercularis,1.0,20.0,217.0,0.0,0.0,0.0,0.0,4.0,0.0,215.0,0.0,0.0,14.0,0.0,1.0,1.0,4.0,0.0,1530.0,13.0,545.0,0.0,65.0,11.0,551.0,2.0,5.0,493.0,127.0,12.0,5.0,25.0,0.0,3.0,0.0,6.0,0.0,0.0,0.0,0.0,0.0,0.0,0.0,3.0,1.0,0.0,0.0,0.0,0.0,0.0,2.0,0.0,0.0,0.0,0.0,0.0,0.0,7.0,2.0,1.0,2.0,4.0,15.0,1.0,0.0,0.0,0.0,0.0
ctx-lh-parsorbitalis,0.0,0.0,2.0,0.0,0.0,5.0,0.0,0.0,0.0,10.0,0.0,0.0,518.0,0.0,29.0,0.0,0.0,0.0,13.0,529.0,366.0,0.0,0.0,1.0,0.0,0.0,11.0,429.0,19.0,0.0,0.0,0.0,0.0,0.0,0.0,1.0,0.0,0.0,0.0,0.0,0.0,0.0,0.0,0.0,0.0,0.0,0.0,0.0,0.0,0.0,0.0,0.0,0.0,0.0,1.0,0.0,0.0,0.0,0.0,0.0,1.0,0.0,0.0,0.0,0.0,0.0,0.0,0.0
ctx-lh-parstriangularis,0.0,12.0,32.0,0.0,0.0,2.0,0.0,0.0,0.0,77.0,0.0,0.0,305.0,0.0,29.0,1.0,0.0,0.0,545.0,366.0,1319.0,0.0,2.0,2.0,11.0,0.0,31.0,862.0,136.0,0.0,0.0,0.0,0.0,0.0,0.0,7.0,0.0,0.0,0.0,0.0,0.0,0.0,0.0,1.0,0.0,0.0,0.0,0.0,1.0,0.0,1.0,0.0,0.0,0.0,0.0,0.0,0.0,1.0,1.0,0.0,0.0,3.0,6.0,0.0,0.0,0.0,0.0,0.0
ctx-lh-pericalcarine,6.0,0.0,0.0,1247.0,1.0,0.0,133.0,24.0,25.0,3.0,19.0,653.0,0.0,1091.0,0.0,15.0,0.0,7.0,0.0,0.0,0.0,752.0,0.0,0.0,0.0,162.0,0.0,0.0,0.0,182.0,6.0,3.0,0.0,2.0,0.0,1.0,0.0,16.0,0.0,0.0,0.0,1.0,0.0,0.0,2.0,1.0,0.0,3.0,0.0,0.0,0.0,0.0,0.0,0.0,0.0,10.0,0.0,0.0,0.0,12.0,0.0,0.0,0.0,2.0,0.0,0.0,0.0,0.0
ctx-lh-postcentral,18.0,1.0,30.0,1.0,0.0,0.0,3.0,58.0,6.0,258.0,7.0,2.0,0.0,1.0,0.0,6.0,433.0,0.0,65.0,0.0,2.0,0.0,5713.0,18.0,1788.0,113.0,0.0,6.0,46.0,748.0,42.0,1310.0,0.0,22.0,0.0,0.0,1.0,0.0,0.0,0.0,1.0,1.0,1.0,1.0,3.0,0.0,0.0,0.0,0.0,0.0,7.0,0.0,0.0,0.0,0.0,0.0,1.0,10.0,3.0,11.0,0.0,1.0,10.0,6.0,0.0,0.0,0.0,0.0
ctx-lh-posteriorcingulate,0.0,256.0,47.0,1.0,0.0,0.0,2.0,10.0,0.0,11.0,429.0,1.0,2.0,1.0,2.0,1.0,226.0,0.0,11.0,1.0,2.0,0.0,18.0,1025.0,102.0,425.0,31.0,18.0,420.0,67.0,3.0,9.0,0.0,1.0,0.0,41.0,16.0,0.0,0.0,0.0,0.0,4.0,0.0,8.0,14.0,1.0,1.0,1.0,0.0,0.0,84.0,0.0,6.0,0.0,3.0,0.0,16.0,138.0,36.0,41.0,4.0,16.0,106.0,13.0,5.0,4.0,0.0,0.0
ctx-lh-precentral,9.0,12.0,1376.0,2.0,0.0,0.0,2.0,56.0,4.0,299.0,10.0,0.0,2.0,0.0,1.0,3.0,754.0,1.0,551.0,0.0,11.0,0.0,1788.0,102.0,6193.0,102.0,1.0,70.0,652.0,367.0,27.0,270.0,0.0,9.0,0.0,9.0,16.0,0.0,0.0,0.0,0.0,4.0,2.0,2.0,9.0,1.0,0.0,0.0,0.0,0.0,31.0,0.0,5.0,0.0,2.0,0.0,6.0,23.0,27.0,18.0,0.0,4.0,69.0,6.0,1.0,1.0,0.0,0.0
ctx-lh-precuneus,11.0,1.0,4.0,342.0,0.0,0.0,24.0,270.0,12.0,32.0,744.0,73.0,0.0,175.0,0.0,22.0,253.0,6.0,2.0,0.0,0.0,162.0,113.0,425.0,102.0,4100.0,0.0,0.0,26.0,1451.0,37.0,36.0,0.0,11.0,8.0,1.0,0.0,4.0,0.0,0.0,2.0,29.0,3.0,3.0,100.0,15.0,0.0,12.0,0.0,11.0,24.0,0.0,0.0,0.0,0.0,2.0,7.0,47.0,11.0,142.0,0.0,0.0,10.0,41.0,10.0,11.0,0.0,5.0
ctx-lh-rostralanteriorcingulate,0.0,271.0,6.0,0.0,0.0,6.0,0.0,0.0,0.0,20.0,0.0,0.0,202.0,0.0,572.0,0.0,0.0,0.0,5.0,11.0,31.0,0.0,0.0,31.0,1.0,0.0,1063.0,216.0,599.0,0.0,0.0,0.0,0.0,0.0,0.0,48.0,1.0,0.0,0.0,2.0,0.0,0.0,0.0,8.0,0.0,0.0,5.0,0.0,26.0,1.0,0.0,0.0,2.0,5.0,13.0,0.0,0.0,2.0,3.0,0.0,30.0,19.0,41.0,0.0,0.0,1.0,0.0,0.0
ctx-lh-rostralmiddlefrontal,0.0,92.0,926.0,0.0,0.0,181.0,0.0,0.0,0.0,74.0,1.0,0.0,826.0,0.0,1024.0,0.0,4.0,0.0,493.0,429.0,862.0,0.0,6.0,18.0,70.0,0.0,216.0,8400.0,2802.0,3.0,1.0,4.0,0.0,0.0,0.0,50.0,8.0,0.0,0.0,0.0,0.0,0.0,0.0,6.0,0.0,0.0,1.0,0.0,0.0,0.0,1.0,0.0,4.0,0.0,9.0,0.0,0.0,3.0,5.0,0.0,8.0,11.0,48.0,0.0,0.0,0.0,0.0,0.0
ctx-lh-superiorfrontal,0.0,453.0,902.0,0.0,0.0,139.0,0.0,2.0,0.0,56.0,24.0,1.0,163.0,0.0,178.0,0.0,576.0,0.0,127.0,19.0,136.0,0.0,46.0,420.0,652.0,26.0,599.0,2802.0,12143.0,23.0,3.0,5.0,0.0,0.0,0.0,194.0,36.0,0.0,0.0,0.0,0.0,1.0,0.0,19.0,0.0,0.0,4.0,0.0,4.0,2.0,40.0,0.0,24.0,0.0,10.0,0.0,9.0,81.0,46.0,3.0,12.0,47.0,256.0,6.0,1.0,0.0,0.0,0.0
ctx-lh-superiorparietal,36.0,3.0,18.0,815.0,1.0,0.0,42.0,1246.0,47.0,68.0,100.0,528.0,0.0,63.0,1.0,38.0,181.0,2.0,12.0,0.0,0.0,182.0,748.0,67.0,367.0,1451.0,0.0,3.0,23.0,5891.0,60.0,561.0,0.0,26.0,1.0,0.0,1.0,1.0,0.0,0.0,0.0,15.0,1.0,1.0,30.0,3.0,0.0,3.0,0.0,7.0,11.0,1.0,0.0,0.0,0.0,1.0,1.0,25.0,7.0,82.0,0.0,1.0,4.0,20.0,7.0,5.0,0.0,1.0
ctx-lh-superiortemporal,811.0,0.0,4.0,6.0,85.0,0.0,110.0,184.0,168.0,277.0,15.0,15.0,1.0,14.0,0.0,952.0,2.0,9.0,5.0,0.0,0.0,6.0,42.0,3.0,27.0,37.0,0.0,1.0,3.0,60.0,4805.0,581.0,153.0,567.0,0.0,0.0,0.0,1.0,0.0,0.0,1.0,2.0,0.0,1.0,7.0,0.0,0.0,3.0,0.0,0.0,3.0,0.0,0.0,0.0,0.0,0.0,1.0,1.0,2.0,10.0,0.0,0.0,0.0,5.0,2.0,0.0,0.0,0.0
ctx-lh-supramarginal,258.0,1.0,10.0,4.0,1.0,0.0,6.0,742.0,22.0,302.0,6.0,3.0,1.0,3.0,0.0,20.0,2.0,2.0,25.0,0.0,0.0,3.0,1310.0,9.0,270.0,36.0,0.0,4.0,5.0,561.0,581.0,4416.0,0.0,46.0,0.0,1.0,1.0,0.0,0.0,0.0,1.0,3.0,0.0,0.0,8.0,0.0,0.0,0.0,0.0,0.0,4.0,0.0,1.0,0.0,1.0,0.0,0.0,1.0,0.0,7.0,0.0,0.0,2.0,2.0,0.0,0.0,0.0,0.0
ctx-lh-temporalpole,1.0,0.0,0.0,1.0,252.0,0.0,165.0,0.0,119.0,48.0,0.0,0.0,0.0,0.0,0.0,59.0,0.0,2.0,0.0,0.0,0.0,0.0,0.0,0.0,0.0,0.0,0.0,0.0,0.0,0.0,153.0,0.0,363.0,0.0,0.0,0.0,0.0,0.0,0.0,0.0,0.0,0.0,0.0,0.0,0.0,0.0,0.0,0.0,0.0,0.0,0.0,0.0,0.0,0.0,0.0,0.0,0.0,0.0,0.0,0.0,0.0,0.0,0.0,0.0,0.0,0.0,0.0,0.0
ctx-lh-transversetemporal,31.0,0.0,1.0,0.0,0.0,0.0,5.0,20.0,2.0,132.0,2.0,1.0,0.0,2.0,0.0,15.0,0.0,0.0,3.0,0.0,0.0,2.0,22.0,1.0,9.0,11.0,0.0,0.0,0.0,26.0,567.0,46.0,0.0,277.0,0.0,0.0,0.0,0.0,0.0,0.0,0.0,1.0,0.0,0.0,2.0,0.0,0.0,0.0,0.0,1.0,2.0,0.0,0.0,0.0,0.0,0.0,0.0,2.0,0.0,5.0,0.0,0.0,0.0,1.0,1.0,1.0,0.0,0.0
ctx-rh-bankssts,0.0,0.0,1.0,0.0,0.0,0.0,0.0,2.0,0.0,0.0,1.0,0.0,0.0,0.0,0.0,1.0,0.0,0.0,0.0,0.0,0.0,0.0,0.0,0.0,0.0,8.0,0.0,0.0,0.0,1.0,0.0,0.0,0.0,0.0,691.0,0.0,1.0,0.0,0.0,0.0,21.0,420.0,147.0,30.0,10.0,20.0,0.0,9.0,0.0,688.0,3.0,2.0,0.0,0.0,0.0,6.0,17.0,4.0,5.0,35.0,0.0,1.0,2.0,38.0,779.0,144.0,0.0,46.0
ctx-rh-caudalanteriorcingulate,0.0,108.0,19.0,0.0,0.0,0.0,0.0,0.0,1.0,6.0,0.0,0.0,7.0,0.0,8.0,1.0,7.0,0.0,6.0,1.0,7.0,1.0,0.0,41.0,9.0,1.0,48.0,50.0,194.0,0.0,0.0,1.0,0.0,0.0,0.0,747.0,52.0,0.0,0.0,5.0,0.0,0.0,1.0,59.0,8.0,0.0,38.0,0.0,30.0,0.0,18.0,0.0,42.0,16.0,72.0,0.0,3.0,210.0,23.0,7.0,280.0,201.0,750.0,2.0,0.0,4.0,0.0,0.0
ctx-rh-caudalmiddlefrontal,0.0,16.0,8.0,0.0,0.0,0.0,0.0,0.0,0.0,0.0,1.0,0.0,0.0,0.0,0.0,0.0,3.0,0.0,0.0,0.0,0.0,0.0,1.0,16.0,16.0,0.0,1.0,8.0,36.0,1.0,0.0,1.0,0.0,0.0,1.0,52.0,2840.0,0.0,0.0,1.0,0.0,14.0,1.0,49.0,1.0,0.0,1.0,0.0,0.0,1.0,31.0,0.0,353.0,0.0,37.0,0.0,65.0,28.0,1058.0,9.0,5.0,711.0,1009.0,36.0,1.0,26.0,0.0,1.0
ctx-rh-cuneus,0.0,0.0,0.0,71.0,0.0,0.0,0.0,1.0,0.0,0.0,2.0,0.0,0.0,15.0,0.0,0.0,0.0,0.0,0.0,0.0,0.0,16.0,0.0,0.0,0.0,4.0,0.0,0.0,0.0,1.0,1.0,0.0,0.0,0.0,0.0,0.0,0.0,1361.0,0.0,0.0,39.0,22.0,15.0,3.0,11.0,372.0,0.0,191.0,0.0,9.0,0.0,1.0,0.0,0.0,0.0,1343.0,0.0,0.0,0.0,259.0,0.0,0.0,0.0,540.0,3.0,0.0,0.0,1.0
ctx-rh-entorhinal,0.0,0.0,0.0,0.0,0.0,0.0,0.0,0.0,0.0,0.0,0.0,0.0,0.0,0.0,0.0,0.0,0.0,0.0,0.0,0.0,0.0,0.0,0.0,0.0,0.0,0.0,0.0,0.0,0.0,0.0,0.0,0.0,0.0,0.0,0.0,0.0,0.0,0.0,214.0,0.0,419.0,0.0,121.0,12.0,0.0,0.0,2.0,0.0,0.0,18.0,0.0,132.0,0.0,0.0,0.0,0.0,0.0,0.0,0.0,0.0,0.0,0.0,0.0,0.0,19.0,0.0,176.0,0.0
ctx-rh-frontalpole,0.0,0.0,0.0,0.0,0.0,0.0,0.0,0.0,0.0,0.0,0.0,0.0,0.0,0.0,0.0,0.0,0.0,0.0,0.0,0.0,0.0,0.0,0.0,0.0,0.0,0.0,2.0,0.0,0.0,0.0,0.0,0.0,0.0,0.0,0.0,5.0,1.0,0.0,0.0,76.0,0.0,0.0,0.0,1.0,0.0,0.0,54.0,0.0,401.0,0.0,0.0,0.0,0.0,13.0,16.0,0.0,0.0,0.0,0.0,0.0,9.0,344.0,211.0,0.0,0.0,0.0,0.0,0.0
ctx-rh-fusiform,0.0,0.0,0.0,3.0,0.0,0.0,0.0,1.0,0.0,1.0,2.0,0.0,0.0,0.0,0.0,0.0,0.0,1.0,0.0,0.0,0.0,0.0,1.0,0.0,0.0,2.0,0.0,0.0,0.0,0.0,1.0,1.0,0.0,0.0,21.0,0.0,0.0,39.0,419.0,0.0,3378.0,41.0,1098.0,34.0,14.0,1402.0,4.0,792.0,0.0,139.0,0.0,290.0,0.0,0.0,0.0,154.0,3.0,1.0,0.0,77.0,0.0,0.0,0.0,25.0,81.0,4.0,132.0,2.0
ctx-rh-inferiorparietal,0.0,0.0,0.0,2.0,0.0,0.0,1.0,7.0,2.0,1.0,19.0,2.0,0.0,2.0,0.0,1.0,1.0,0.0,0.0,0.0,0.0,1.0,1.0,4.0,4.0,29.0,0.0,0.0,1.0,15.0,2.0,3.0,0.0,1.0,420.0,0.0,14.0,22.0,0.0,0.0,41.0,6991.0,160.0,57.0,45.0,749.0,0.0,20.0,0.0,469.0,9.0,4.0,9.0,0.0,0.0,11.0,94.0,17.0,71.0,321.0,1.0,1.0,7.0,1670.0,207.0,1147.0,0.0,17.0
ctx-rh-inferiortemporal,0.0,0.0,0.0,3.0,0.0,0.0,0.0,0.0,0.0,0.0,0.0,3.0,0.0,0.0,0.0,0.0,0.0,0.0,0.0,0.0,0.0,0.0,1.0,0.0,2.0,3.0,0.0,0.0,0.0,1.0,0.0,0.0,0.0,0.0,147.0,1.0,1.0,15.0,121.0,0.0,1098.0,160.0,3818.0,86.0,10.0,418.0,8.0,80.0,0.0,1875.0,2.0,45.0,0.0,0.0,1.0,21.0,2.0,1.0,1.0,41.0,0.0,0.0,0.0,41.0,321.0,5.0,236.0,8.0
ctx-rh-insula,0.0,17.0,5.0,1.0,0.0,0.0,0.0,1.0,0.0,3.0,5.0,0.0,0.0,0.0,0.0,0.0,1.0,0.0,3.0,0.0,1.0,0.0,1.0,8.0,2.0,3.0,8.0,6.0,19.0,1.0,1.0,0.0,0.0,0.0,30.0,59.0,49.0,3.0,12.0,1.0,34.0,57.0,86.0,1622.0,3.0,6.0,489.0,6.0,32.0,138.0,22.0,2.0,222.0,27.0,207.0,2.0,211.0,19.0,198.0,32.0,32.0,124.0,134.0,53.0,331.0,322.0,12.0,106.0
ctx-rh-isthmuscingulate,3.0,1.0,0.0,2.0,0.0,0.0,3.0,24.0,4.0,1.0,65.0,3.0,0.0,9.0,0.0,3.0,6.0,0.0,1.0,0.0,0.0,2.0,3.0,14.0,9.0,100.0,0.0,0.0,0.0,30.0,7.0,8.0,0.0,2.0,10.0,8.0,1.0,11.0,0.0,0.0,14.0,45.0,10.0,3.0,399.0,23.0,0.0,87.0,0.0,11.0,8.0,59.0,0.0,0.0,0.0,6.0,6.0,219.0,4.0,732.0,0.0,0.0,5.0,43.0,20.0,9.0,0.0,3.0
ctx-rh-lateraloccipital,2.0,0.0,0.0,6.0,0.0,0.0,2.0,2.0,2.0,1.0,3.0,1.0,0.0,1.0,0.0,0.0,0.0,0.0,0.0,0.0,0.0,1.0,0.0,1.0,1.0,15.0,0.0,0.0,0.0,3.0,0.0,0.0,0.0,0.0,20.0,0.0,0.0,372.0,0.0,0.0,1402.0,749.0,418.0,6.0,23.0,6786.0,0.0,699.0,0.0,234.0,1.0,12.0,1.0,0.0,0.0,692.0,1.0,4.0,5.0,196.0,0.0,0.0,0.0,428.0,28.0,6.0,0.0,6.0
ctx-rh-lateralorbitofrontal,0.0,4.0,0.0,0.0,0.0,0.0,0.0,0.0,0.0,0.0,0.0,0.0,0.0,0.0,5.0,0.0,1.0,0.0,0.0,0.0,0.0,0.0,0.0,1.0,0.0,0.0,5.0,1.0,4.0,0.0,0.0,0.0,0.0,0.0,0.0,38.0,1.0,0.0,2.0,54.0,4.0,0.0,8.0,489.0,0.0,0.0,3178.0,0.0,1156.0,10.0,0.0,1.0,9.0,508.0,240.0,0.0,0.0,2.0,2.0,3.0,329.0,704.0,116.0,0.0,10.0,0.0,1.0,0.0
ctx-rh-lingual,0.0,0.0,0.0,6.0,0.0,0.0,0.0,4.0,0.0,1.0,6.0,1.0,0.0,25.0,0.0,0.0,0.0,0.0,0.0,0.0,0.0,3.0,0.0,1.0,0.0,12.0,0.0,0.0,0.0,3.0,3.0,0.0,0.0,0.0,9.0,0.0,0.0,191.0,0.0,0.0,792.0,20.0,80.0,6.0,87.0,699.0,0.0,3780.0,0.0,25.0,0.0,254.0,0.0,0.0,0.0,1348.0,1.0,2.0,0.0,219.0,0.0,0.0,0.0,51.0,13.0,0.0,0.0,0.0
ctx-rh-medialorbitofrontal,0.0,2.0,0.0,0.0,0.0,0.0,0.0,0.0,0.0,0.0,0.0,0.0,0.0,0.0,10.0,0.0,0.0,0.0,0.0,0.0,1.0,0.0,0.0,0.0,0.0,0.0,26.0,0.0,4.0,0.0,0.0,0.0,0.0,0.0,0.0,30.0,0.0,0.0,0.0,401.0,0.0,0.0,0.0,32.0,0.0,0.0,1156.0,0.0,2177.0,0.0,0.0,0.0,0.0,77.0,45.0,0.0,0.0,3.0,0.0,0.0,417.0,968.0,421.0,0.0,1.0,0.0,1.0,0.0
ctx-rh-middletemporal,1.0,0.0,0.0,1.0,0.0,0.0,0.0,2.0,0.0,1.0,5.0,1.0,0.0,3.0,0.0,1.0,0.0,0.0,0.0,0.0,0.0,0.0,0.0,0.0,0.0,11.0,1.0,0.0,2.0,7.0,0.0,0.0,0.0,1.0,688.0,0.0,1.0,9.0,18.0,0.0,139.0,469.0,1875.0,138.0,11.0,234.0,10.0,25.0,0.0,3437.0,1.0,12.0,0.0,1.0,1.0,11.0,4.0,5.0,3.0,42.0,2.0,1.0,2.0,63.0,773.0,13.0,90.0,16.0
ctx-rh-paracentral,1.0,2.0,12.0,0.0,0.0,0.0,0.0,3.0,0.0,2.0,17.0,0.0,0.0,0.0,0.0,1.0,22.0,0.0,2.0,0.0,1.0,0.0,7.0,84.0,31.0,24.0,0.0,1.0,40.0,11.0,3.0,4.0,0.0,2.0,3.0,18.0,31.0,0.0,0.0,0.0,0.0,9.0,2.0,22.0,8.0,1.0,0.0,0.0,0.0,1.0,1908.0,0.0,6.0,0.0,0.0,0.0,373.0,309.0,669.0,252.0,0.0,2.0,586.0,197.0,6.0,12.0,0.0,3.0
ctx-rh-parahippocampal,0.0,0.0,0.0,1.0,0.0,0.0,0.0,1.0,1.0,0.0,0.0,0.0,0.0,1.0,0.0,0.0,0.0,0.0,0.0,0.0,0.0,0.0,0.0,0.0,0.0,0.0,0.0,0.0,0.0,1.0,0.0,0.0,0.0,0.0,2.0,0.0,0.0,1.0,132.0,0.0,290.0,4.0,45.0,2.0,59.0,12.0,1.0,254.0,0.0,12.0,0.0,335.0,0.0,0.0,0.0,9.0,0.0,0.0,0.0,19.0,0.0,0.0,0.0,2.0,8.0,0.0,0.0,0.0
ctx-rh-parsopercularis,0.0,7.0,3.0,0.0,0.0,0.0,0.0,0.0,0.0,0.0,2.0,0.0,1.0,0.0,2.0,0.0,2.0,0.0,0.0,0.0,0.0,0.0,0.0,6.0,5.0,0.0,2.0,4.0,24.0,0.0,0.0,1.0,0.0,0.0,0.0,42.0,353.0,0.0,0.0,0.0,0.0,9.0,0.0,222.0,0.0,1.0,9.0,0.0,0.0,0.0,6.0,0.0,1439.0,1.0,367.0,0.0,70.0,7.0,590.0,6.0,3.0,434.0,185.0,9.0,5.0,41.0,0.0,1.0
ctx-rh-parsorbitalis,0.0,1.0,0.0,0.0,0.0,0.0,0.0,0.0,0.0,0.0,0.0,0.0,0.0,0.0,0.0,0.0,0.0,0.0,0.0,0.0,0.0,0.0,0.0,0.0,0.0,0.0,5.0,0.0,0.0,0.0,0.0,0.0,0.0,0.0,0.0,16.0,0.0,0.0,0.0,13.0,0.0,0.0,0.0,27.0,0.0,0.0,508.0,0.0,77.0,1.0,0.0,0.0,1.0,581.0,309.0,0.0,1.0,1.0,0.0,0.0,45.0,647.0,54.0,0.0,0.0,0.0,0.0,0.0
ctx-rh-parstriangularis,0.0,7.0,3.0,0.0,0.0,0.0,0.0,0.0,0.0,0.0,0.0,0.0,0.0,0.0,0.0,0.0,0.0,0.0,0.0,1.0,0.0,0.0,0.0,3.0,2.0,0.0,13.0,9.0,10.0,0.0,0.0,1.0,0.0,0.0,0.0,72.0,37.0,0.0,0.0,16.0,0.0,0.0,1.0,207.0,0.0,0.0,240.0,0.0,45.0,1.0,0.0,0.0,367.0,309.0,1454.0,0.0,2.0,7.0,11.0,0.0,47.0,953.0,203.0,2.0,2.0,1.0,0.0,0.0
ctx-rh-pericalcarine,0.0,0.0,0.0,26.0,0.0,0.0,0.0,0.0,1.0,0.0,1.0,1.0,0.0,13.0,0.0,0.0,0.0,0.0,0.0,0.0,0.0,10.0,0.0,0.0,0.0,2.0,0.0,0.0,0.0,1.0,0.0,0.0,0.0,0.0,6.0,0.0,0.0,1343.0,0.0,0.0,154.0,11.0,21.0,2.0,6.0,692.0,0.0,1348.0,0.0,11.0,0.0,9.0,0.0,0.0,0.0,622.0,0.0,0.0,0.0,190.0,0.0,0.0,1.0,106.0,6.0,0.0,0.0,0.0
ctx-rh-postcentral,0.0,2.0,1.0,0.0,0.0,0.0,0.0,2.0,0.0,0.0,3.0,0.0,0.0,0.0,0.0,0.0,1.0,0.0,0.0,0.0,0.0,0.0,1.0,16.0,6.0,7.0,0.0,0.0,9.0,1.0,1.0,0.0,0.0,0.0,17.0,3.0,65.0,0.0,0.0,0.0,3.0,94.0,2.0,211.0,6.0,1.0,0.0,1.0,0.0,4.0,373.0,0.0,70.0,1.0,2.0,0.0,5200.0,17.0,1581.0,93.0,1.0,9.0,52.0,642.0,20.0,1242.0,0.0,4.0
ctx-rh-posteriorcingulate,2.0,20.0,8.0,2.0,0.0,0.0,0.0,4.0,2.0,3.0,23.0,0.0,0.0,1.0,0.0,0.0,26.0,0.0,7.0,0.0,1.0,0.0,10.0,138.0,23.0,47.0,2.0,3.0,81.0,25.0,1.0,1.0,0.0,2.0,4.0,210.0,28.0,0.0,0.0,0.0,1.0,17.0,1.0,19.0,219.0,4.0,2.0,2.0,3.0,5.0,309.0,0.0,7.0,1.0,7.0,0.0,17.0,771.0,76.0,343.0,13.0,23.0,378.0,49.0,8.0,12.0,0.0,3.0
ctx-rh-precentral,1.0,6.0,10.0,0.0,0.0,0.0,0.0,1.0,0.0,2.0,9.0,2.0,0.0,0.0,0.0,0.0,16.0,0.0,2.0,0.0,1.0,0.0,3.0,36.0,27.0,11.0,3.0,5.0,46.0,7.0,2.0,0.0,0.0,0.0,5.0,23.0,1058.0,0.0,0.0,0.0,0.0,71.0,1.0,198.0,4.0,5.0,2.0,0.0,0.0,3.0,669.0,0.0,590.0,0.0,11.0,0.0,1581.0,76.0,5700.0,60.0,0.0,57.0,713.0,341.0,32.0,303.0,0.0,12.0
ctx-rh-precuneus,6.0,1.0,1.0,21.0,1.0,0.0,1.0,40.0,5.0,12.0,109.0,7.0,0.0,12.0,0.0,9.0,9.0,0.0,1.0,0.0,0.0,12.0,11.0,41.0,18.0,142.0,0.0,0.0,3.0,82.0,10.0,7.0,0.0,5.0,35.0,7.0,9.0,259.0,0.0,0.0,77.0,321.0,41.0,32.0,732.0,196.0,3.0,219.0,0.0,42.0,252.0,19.0,6.0,0.0,0.0,190.0,93.0,343.0,60.0,4339.0,0.0,2.0,29.0,2046.0,64.0,55.0,0.0,21.0
ctx-rh-rostralanteriorcingulate,0.0,10.0,1.0,0.0,0.0,0.0,0.0,0.0,0.0,0.0,0.0,0.0,2.0,0.0,9.0,0.0,0.0,0.0,2.0,1.0,0.0,0.0,0.0,4.0,0.0,0.0,30.0,8.0,12.0,0.0,0.0,0.0,0.0,0.0,0.0,280.0,5.0,0.0,0.0,9.0,0.0,1.0,0.0,32.0,0.0,0.0,329.0,0.0,417.0,2.0,0.0,0.0,3.0,45.0,47.0,0.0,1.0,13.0,0.0,0.0,713.0,100.0,286.0,0.0,0.0,0.0,0.0,0.0
ctx-rh-rostralmiddlefrontal,0.0,31.0,9.0,0.0,0.0,0.0,0.0,0.0,0.0,1.0,1.0,0.0,0.0,0.0,3.0,0.0,0.0,0.0,4.0,0.0,3.0,0.0,1.0,16.0,4.0,0.0,19.0,11.0,47.0,1.0,0.0,0.0,0.0,0.0,1.0,201.0,711.0,0.0,0.0,344.0,0.0,1.0,0.0,124.0,0.0,0.0,704.0,0.0,968.0,1.0,2.0,0.0,434.0,647.0,953.0,0.0,9.0,23.0,57.0,2.0,100.0,7795.0,2171.0,3.0,1.0,2.0,0.0,0.0
ctx-rh-superiorfrontal,0.0,97.0,64.0,0.0,0.0,0.0,1.0,0.0,0.0,11.0,9.0,0.0,4.0,0.0,8.0,0.0,22.0,0.0,15.0,0.0,6.0,0.0,10.0,106.0,69.0,10.0,41.0,48.0,256.0,4.0,0.0,2.0,0.0,0.0,2.0,750.0,1009.0,0.0,0.0,211.0,0.0,7.0,0.0,134.0,5.0,0.0,116.0,0.0,421.0,2.0,586.0,0.0,185.0,54.0,203.0,1.0,52.0,378.0,713.0,29.0,286.0,2171.0,9798.0,33.0,4.0,17.0,0.0,1.0
ctx-rh-superiorparietal,2.0,0.0,1.0,18.0,0.0,0.0,1.0,11.0,2.0,5.0,24.0,1.0,0.0,3.0,0.0,1.0,3.0,0.0,1.0,0.0,0.0,2.0,6.0,13.0,6.0,41.0,0.0,0.0,6.0,20.0,5.0,2.0,0.0,1.0,38.0,2.0,36.0,540.0,0.0,0.0,25.0,1670.0,41.0,53.0,43.0,428.0,0.0,51.0,0.0,63.0,197.0,2.0,9.0,0.0,2.0,106.0,642.0,49.0,341.0,2046.0,0.0,3.0,33.0,6262.0,69.0,429.0,0.0,21.0
ctx-rh-superiortemporal,2.0,1.0,0.0,0.0,0.0,0.0,0.0,2.0,1.0,2.0,10.0,1.0,0.0,0.0,0.0,3.0,0.0,0.0,0.0,0.0,0.0,0.0,0.0,5.0,1.0,10.0,0.0,0.0,1.0,7.0,2.0,0.0,0.0,1.0,779.0,0.0,1.0,3.0,19.0,0.0,81.0,207.0,321.0,331.0,20.0,28.0,10.0,13.0,1.0,773.0,6.0,8.0,5.0,0.0,2.0,6.0,20.0,8.0,32.0,64.0,0.0,1.0,4.0,69.0,4976.0,412.0,123.0,738.0
ctx-rh-supramarginal,0.0,2.0,1.0,1.0,0.0,0.0,0.0,1.0,0.0,0.0,7.0,0.0,0.0,0.0,0.0,1.0,2.0,0.0,0.0,0.0,0.0,0.0,0.0,4.0,1.0,11.0,1.0,0.0,0.0,5.0,0.0,0.0,0.0,1.0,144.0,4.0,26.0,0.0,0.0,0.0,4.0,1147.0,5.0,322.0,9.0,6.0,0.0,0.0,0.0,13.0,12.0,0.0,41.0,0.0,1.0,0.0,1242.0,12.0,303.0,55.0,0.0,2.0,17.0,429.0,412.0,3937.0,0.0,52.0
ctx-rh-temporalpole,0.0,0.0,0.0,0.0,0.0,0.0,0.0,0.0,0.0,0.0,0.0,0.0,0.0,0.0,0.0,0.0,0.0,0.0,0.0,0.0,0.0,0.0,0.0,0.0,0.0,0.0,0.0,0.0,0.0,0.0,0.0,0.0,0.0,0.0,0.0,0.0,0.0,0.0,176.0,0.0,132.0,0.0,236.0,12.0,0.0,0.0,1.0,0.0,1.0,90.0,0.0,0.0,0.0,0.0,0.0,0.0,0.0,0.0,0.0,0.0,0.0,0.0,0.0,0.0,123.0,0.0,376.0,0.0
ctx-rh-transversetemporal,0.0,0.0,0.0,0.0,0.0,0.0,0.0,0.0,0.0,0.0,1.0,0.0,0.0,0.0,0.0,0.0,0.0,0.0,0.0,0.0,0.0,0.0,0.0,0.0,0.0,5.0,0.0,0.0,0.0,1.0,0.0,0.0,0.0,0.0,46.0,0.0,1.0,1.0,0.0,0.0,2.0,17.0,8.0,106.0,3.0,6.0,0.0,0.0,0.0,16.0,3.0,0.0,1.0,0.0,0.0,0.0,4.0,3.0,12.0,21.0,0.0,0.0,1.0,21.0,738.0,52.0,0.0,299.0
