,ctx-lh-bankssts,ctx-lh-caudalanteriorcingulate,ctx-lh-caudalmiddlefrontal,ctx-lh-cuneus,ctx-lh-entorhinal,ctx-lh-frontalpole,ctx-lh-fusiform,ctx-lh-inferiorparietal,ctx-lh-inferiortemporal,ctx-lh-insula,ctx-lh-isthmuscingulate,ctx-lh-lateraloccipital,ctx-lh-lateralorbitofrontal,ctx-lh-lingual,ctx-lh-medialorbitofrontal,ctx-lh-middletemporal,ctx-lh-paracentral,ctx-lh-parahippocampal,ctx-lh-parsopercularis,ctx-lh-parsorbitalis,ctx-lh-parstriangularis,ctx-lh-pericalcarine,ctx-lh-postcentral,ctx-lh-posteriorcingulate,ctx-lh-precentral,ctx-lh-precuneus,ctx-lh-rostralanteriorcingulate,ctx-lh-rostralmiddlefrontal,ctx-lh-superiorfrontal,ctx-lh-superiorparietal,ctx-lh-superiortemporal,ctx-lh-supramarginal,ctx-lh-temporalpole,ctx-lh-transversetemporal,ctx-rh-bankssts,ctx-rh-caudalanteriorcingulate,ctx-rh-caudalmiddlefrontal,ctx-rh-cuneus,ctx-rh-entorhinal,ctx-rh-frontalpole,ctx-rh-fusiform,ctx-rh-inferiorparietal,ctx-rh-inferiortemporal,ctx-rh-insula,ctx-rh-isthmuscingulate,ctx-rh-lateraloccipital,ctx-rh-lateralorbitofrontal,ctx-rh-lingual,ctx-rh-medialorbitofrontal,ctx-rh-middletemporal,ctx-rh-paracentral,ctx-rh-parahippocampal,ctx-rh-parsopercularis,ctx-rh-parsorbitalis,ctx-rh-parstriangularis,ctx-rh-pericalcarine,ctx-rh-postcentral,ctx-rh-posteriorcingulate,ctx-rh-precentral,ctx-rh-precuneus,ctx-rh-rostralanteriorcingulate,ctx-rh-rostralmiddlefrontal,ctx-rh-superiorfrontal,ctx-rh-superiorparietal,ctx-rh-superiortemporal,ctx-rh-supramarginal,ctx-rh-temporalpole,ctx-rh-transversetemporal
ctx-lh-bankssts,1013.0,0.0,0.0,4.0,0.0,0.0,24.0,338.0,164.0,13.0,12.0,33.0,0.0,19.0,0.0,729.0,0.0,3.0,3.0,0.0,0.0,3.0,8.0,1.0,10.0,31.0,0.0,0.0,0.0,17.0,916.0,310.0,0.0,22.0,0.0,0.0,0.0,2.0,0.0,0.0,1.0,1.0,2.0,0.0,8.0,0.0,0.0,2.0,0.0,1.0,1.0,0.0,0.0,0.0,0.0,0.0,0.0,1.0,0.0,7.0,0.0,0.0,0.0,2.0,1.0,2.0,0.0,0.0
ctx-lh-caudalanteriorcingulate,0.0,582.0,78.0,0.0,0.0,0.0,0.0,0.0,1.0,18.0,7.0,0.0,16.0,0.0,20.0,0.0,19.0,0.0,58.0,3.0,21.0,0.0,5.0,282.0,52.0,11.0,294.0,134.0,861.0,3.0,0.0,0.0,0.0,1.0,0.0,145.0,25.0,0.0,0.0,0.0,0.0,2.0,0.0,9.0,1.0,0.0,7.0,0.0,4.0,0.0,12.0,0.0,14.0,0.0,13.0,0.0,2.0,49.0,25.0,1.0,21.0,44.0,174.0,0.0,0.0,2.0,0.0,0.0
ctx-lh-caudalmiddlefrontal,0.0,78.0,2788.0,0.0,0.0,0.0,0.0,3.0,0.0,49.0,0.0,0.0,1.0,0.0,2.0,0.0,22.0,0.0,248.0,0.0,18.0,0.0,45.0,8.0,1239.0,7.0,14.0,934.0,1348.0,12.0,0.0,6.0,0.0,0.0,0.0,29.0,5.0,0.0,0.0,0.0,0.0,0.0,0.0,5.0,0.0,0.0,0.0,0.0,0.0,0.0,2.0,0.0,3.0,0.0,5.0,0.0,0.0,7.0,2.0,0.0,3.0,11.0,27.0,0.0,0.0,1.0,0.0,0.0
ctx-lh-cuneus,4.0,0.0,0.0,1531.0,0.0,0.0,43.0,131.0,22.0,4.0,46.0,617.0,0.0,217.0,0.0,12.0,0.0,6.0,0.0,0.0,0.0,1412.0,0.0,0.0,0.0,239.0,0.0,0.0,0.0,846.0,7.0,1.0,0.0,1.0,0.0,0.0,0.0,46.0,0.0,0.0,2.0,2.0,1.0,0.0,5.0,9.0,0.0,3.0,0.0,1.0,0.0,1.0,0.0,0.0,0.0,21.0,0.0,0.0,0.0,14.0,0.0,0.0,0.0,1.0,0.0,1.0,0.0,0.0
ctx-lh-entorhinal,0.0,0.0,0.0,0.0,220.0,0.0,158.0,1.0,179.0,6.0,0.0,0.0,0.0,1.0,0.0,66.0,0.0,129.0,0.0,0.0,0.0,0.0,0.0,0.0,0.0,1.0,0.0,0.0,0.0,0.0,39.0,0.0,205.0,2.0,0.0,0.0,0.0,1.0,0.0,0.0,0.0,0.0,0.0,0.0,0.0,0.0,0.0,0.0,0.0,0.0,0.0,0.0,0.0,0.0,0.0,0.0,0.0,0.0,0.0,0.0,0.0,0.0,0.0,0.0,0.0,0.0,0.0,0.0
ctx-lh-frontalpole,0.0,0.0,0.0,0.0,0.0,45.0,0.0,0.0,0.0,0.0,0.0,0.0,39.0,0.0,246.0,0.0,0.0,0.0,0.0,2.0,2.0,0.0,0.0,0.0,0.0,0.0,11.0,174.0,74.0,0.0,0.0,0.0,0.0,0.0,0.0,0.0,0.0,0.0,0.0,0.0,0.0,0.0,0.0,0.0,0.0,0.0,0.0,0.0,0.0,0.0,0.0,0.0,0.0,0.0,0.0,0.0,0.0,0.0,0.0,0.0,0.0,0.0,0.0,0.0,0.0,0.0,0.0,0.0
ctx-lh-fusiform,24.0,0.0,0.0,43.0,158.0,0.0,2837.0,63.0,1783.0,29.0,13.0,1321.0,1.0,707.0,0.0,291.0,0.0,153.0,1.0,0.0,0.0,128.0,1.0,0.0,1.0,38.0,0.0,0.0,0.0,23.0,136.0,12.0,109.0,4.0,0.0,0.0,0.0,2.0,0.0,0.0,0.0,0.0,1.0,3.0,2.0,1.0,0.0,1.0,0.0,0.0,0.0,0.0,0.0,0.0,0.0,0.0,0.0,1.0,0.0,5.0,0.0,0.0,0.0,2.0,1.0,0.0,0.0,1.0
ctx-lh-inferiorparietal,338.0,0.0,3.0,131.0,1.0,0.0,63.0,6202.0,216.0,37.0,57.0,926.0,0.0,37.0,0.0,495.0,2.0,3.0,1.0,0.0,0.0,34.0,75.0,3.0,40.0,611.0,0.0,0.0,2.0,1552.0,145.0,1359.0,0.0,32.0,1.0,2.0,0.0,5.0,0.0,0.0,3.0,4.0,2.0,1.0,25.0,6.0,0.0,3.0,0.0,1.0,3.0,0.0,0.0,0.0,0.0,2.0,1.0,5.0,2.0,23.0,0.0,0.0,0.0,6.0,2.0,2.0,0.0,2.0
ctx-lh-inferiortemporal,164.0,1.0,0.0,22.0,179.0,0.0,1783.0,216.0,3295.0,39.0,12.0,211.0,1.0,164.0,0.0,1839.0,1.0,97.0,0.0,0.0,0.0,26.0,2.0,0.0,2.0,64.0,0.0,0.0,0.0,33.0,249.0,44.0,254.0,9.0,0.0,0.0,0.0,3.0,0.0,0.0,1.0,1.0,0.0,0.0,10.0,1.0,0.0,0.0,0.0,0.0,1.0,0.0,0.0,0.0,0.0,0.0,0.0,0.0,0.0,9.0,0.0,0.0,0.0,4.0,0.0,1.0,0.0,0.0
ctx-lh-insula,13.0,18.0,49.0,4.0,6.0,0.0,29.0,37.0,39.0,1636.0,5.0,8.0,533.0,5.0,71.0,61.0,9.0,9.0,295.0,14.0,112.0,5.0,338.0,4.0,432.0,37.0,37.0,111.0,91.0,70.0,198.0,311.0,12.0,81.0,0.0,12.0,2.0,1.0,0.0,0.0,0.0,0.0,2.0,0.0,8.0,0.0,0.0,0.0,0.0,1.0,2.0,0.0,1.0,1.0,0.0,0.0,1.0,3.0,0.0,13.0,2.0,1.0,9.0,1.0,1.0,2.0,0.0,1.0
ctx-lh-isthmuscingulate,12.0,7.0,0.0,46.0,0.0,0.0,13.0,57.0,12.0,5.0,841.0,31.0,0.0,171.0,0.0,7.0,9.0,74.0,0.0,0.0,0.0,20.0,10.0,374.0,5.0,1101.0,0.0,0.0,11.0,67.0,31.0,20.0,0.0,13.0,2.0,3.0,3.0,12.0,0.0,0.0,2.0,11.0,4.0,10.0,136.0,10.0,0.0,6.0,0.0,7.0,10.0,2.0,0.0,0.0,0.0,1.0,6.0,46.0,6.0,136.0,0.0,0.0,4.0,35.0,14.0,19.0,0.0,1.0
ctx-lh-lateraloccipital,33.0,0.0,0.0,617.0,0.0,0.0,1321.0,926.0,211.0,8.0,31.0,7528.0,0.0,666.0,0.0,106.0,0.0,8.0,0.0,0.0,0.0,792.0,0.0,2.0,1.0,112.0,0.0,0.0,0.0,589.0,28.0,23.0,0.0,5.0,0.0,0.0,0.0,7.0,0.0,0.0,0.0,4.0,1.0,0.0,9.0,4.0,0.0,6.0,0.0,0.0,1.0,1.0,0.0,0.0,0.0,2.0,1.0,0.0,1.0,10.0,0.0,0.0,0.0,2.0,0.0,2.0,0.0,0.0
ctx-lh-lateralorbitofrontal,0.0,16.0,1.0,0.0,0.0,39.0,1.0,0.0,1.0,533.0,0.0,0.0,3669.0,0.0,1904.0,0.0,0.0,0.0,26.0,695.0,372.0,0.0,0.0,0.0,4.0,0.0,269.0,586.0,43.0,0.0,2.0,0.0,0.0,0.0,0.0,2.0,0.0,0.0,0.0,1.0,0.0,0.0,0.0,0.0,0.0,0.0,0.0,0.0,0.0,0.0,0.0,0.0,1.0,0.0,2.0,0.0,0.0,0.0,0.0,0.0,1.0,0.0,2.0,0.0,0.0,0.0,0.0,0.0
ctx-lh-lingual,19.0,0.0,0.0,217.0,1.0,0.0,707.0,37.0,164.0,5.0,171.0,666.0,0.0,4375.0,0.0,69.0,1.0,201.0,0.0,0.0,0.0,1187.0,2.0,1.0,0.0,179.0,0.0,0.0,0.0,41.0,29.0,7.0,2.0,5.0,1.0,0.0,0.0,3.0,0.0,0.0,2.0,1.0,1.0,2.0,8.0,5.0,0.0,71.0,0.0,0.0,2.0,1.0,0.0,0.0,0.0,18.0,0.0,0.0,1.0,11.0,0.0,0.0,0.0,1.0,1.0,1.0,0.0,0.0
ctx-lh-medialorbitofrontal,0.0,20.0,2.0,0.0,0.0,246.0,0.0,0.0,0.0,71.0,0.0,0.0,1904.0,0.0,1500.0,0.0,0.0,0.0,12.0,175.0,138.0,0.0,0.0,0.0,0.0,0.0,499.0,1436.0,259.0,0.0,0.0,0.0,0.0,0.0,0.0,6.0,0.0,0.0,0.0,0.0,0.0,0.0,0.0,0.0,1.0,0.0,0.0,0.0,6.0,0.0,0.0,0.0,0.0,0.0,1.0,0.0,0.0,0.0,0.0,0.0,5.0,0.0,5.0,0.0,0.0,0.0,0.0,0.0
ctx-lh-middletemporal,729.0,0.0,0.0,12.0,66.0,0.0,291.0,495.0,1839.0,61.0,7.0,106.0,0.0,69.0,0.0,3834.0,0.0,28.0,0.0,0.0,0.0,15.0,7.0,3.0,5.0,25.0,0.0,0.0,0.0,33.0,877.0,79.0,161.0,24.0,1.0,0.0,0.0,2.0,0.0,0.0,0.0,1.0,3.0,1.0,7.0,0.0,0.0,1.0,0.0,0.0,1.0,1.0,0.0,0.0,0.0,0.0,0.0,1.0,0.0,10.0,0.0,0.0,0.0,3.0,2.0,0.0,0.0,0.0
ctx-lh-paracentral,0.0,19.0,22.0,0.0,0.0,0.0,0.0,2.0,1.0,9.0,9.0,0.0,0.0,1.0,0.0,0.0,1332.0,1.0,0.0,0.0,2.0,0.0,335.0,158.0,577.0,150.0,0.0,2.0,655.0,107.0,2.0,2.0,0.0,0.0,0.0,9.0,4.0,0.0,0.0,0.0,0.0,0.0,0.0,0.0,3.0,2.0,0.0,0.0,0.0,0.0,18.0,0.0,0.0,0.0,0.0,0.0,3.0,41.0,11.0,9.0,0.0,0.0,21.0,5.0,0.0,0.0,0.0,0.0
ctx-lh-parahippocampal,3.0,0.0,0.0,6.0,129.0,0.0,153.0,3.0,97.0,9.0,74.0,8.0,0.0,201.0,0.0,28.0,1.0,546.0,0.0,0.0,0.0,7.0,1.0,0.0,0.0,19.0,0.0,0.0,0.0,3.0,13.0,1.0,3.0,1.0,0.0,0.0,0.0,0.0,0.0,0.0,0.0,0.0,0.0,0.0,2.0,0.0,0.0,0.0,0.0,0.0,0.0,0.0,0.0,0.0,0.0,0.0,0.0,0.0,0.0,1.0,0.0,0.0,0.0,0.0,1.0,0.0,0.0,0.0
ctx-lh-parsopercularis,3.0,58.0,248.0,0.0,0.0,0.0,1.0,1.0,0.0,295.0,0.0,0.0,26.0,0.0,12.0,0.0,0.0,0.0,1935.0,6.0,508.0,0.0,51.0,4.0,650.0,2.0,43.0,495.0,190.0,8.0,1.0,20.0,0.0,2.0,0.0,13.0,2.0,0.0,0.0,0.0,0.0,0.0,0.0,0.0,1.0,0.0,2.0,0.0,0.0,0.0,1.0,0.0,2.0,0.0,2.0,0.0,0.0,0.0,4.0,0.0,3.0,4.0,18.0,1.0,0.0,0.0,0.0,0.0
ctx-lh-parsorbitalis,0.0,3.0,0.0,0.0,0.0,2.0,0.0,0.0,0.0,14.0,0.0,0.0,695.0,0.0,175.0,0.0,0.0,0.0,6.0,570.0,338.0,0.0,0.0,1.0,1.0,0.0,116.0,309.0,34.0,0.0,0.0,0.0,0.0,0.0,0.0,3.0,0.0,0.0,0.0,0.0,0.0,0.0,0.0,0.0,0.0,0.0,0.0,0.0,0.0,0.0,0.0,0.0,0.0,0.0,0.0,0.0,0.0,0.0,0.0,0.0,1.0,1.0,0.0,0.0,0.0,0.0,0.0,0.0
ctx-lh-parstriangularis,0.0,21.0,18.0,0.0,0.0,2.0,0.0,0.0,0.0,112.0,0.0,0.0,372.0,0.0,138.0,0.0,2.0,0.0,508.0,338.0,1277.0,0.0,3.0,0.0,11.0,0.0,227.0,597.0,120.0,1.0,0.0,1.0,0.0,0.0,0.0,6.0,0.0,0.0,0.0,0.0,0.0,0.0,0.0,0.0,0.0,0.0,0.0,0.0,0.0,0.0,0.0,0.0,1.0,0.0,1.0,0.0,0.0,1.0,0.0,0.0,6.0,4.0,1.0,0.0,0.0,0.0,0.0,0.0
ctx-lh-pericalcarine,3.0,0.0,0.0,1412.0,0.0,0.0,128.0,34.0,26.0,5.0,20.0,792.0,0.0,1187.0,0.0,15.0,0.0,7.0,0.0,0.0,0.0,991.0,0.0,0.0,1.0,127.0,0.0,0.0,0.0,95.0,9.0,3.0,0.0,1.0,2.0,0.0,0.0,26.0,0.0,0.0,0.0,1.0,1.0,1.0,3.0,5.0,0.0,9.0,0.0,1.0,0.0,1.0,0.0,0.0,0.0,10.0,0.0,0.0,0.0,9.0,0.0,0.0,0.0,0.0,0.0,0.0,0.0,0.0
ctx-lh-postcentral,8.0,5.0,45.0,0.0,0.0,0.0,1.0,75.0,2.0,338.0,10.0,0.0,0.0,2.0,0.0,7.0,335.0,1.0,51.0,0.0,3.0,0.0,4908.0,15.0,1984.0,151.0,0.0,4.0,55.0,805.0,34.0,1201.0,0.0,19.0,0.0,3.0,2.0,0.0,0.0,0.0,0.0,1.0,1.0,2.0,7.0,0.0,0.0,0.0,0.0,1.0,2.0,0.0,0.0,0.0,0.0,0.0,2.0,7.0,1.0,12.0,0.0,0.0,6.0,2.0,0.0,0.0,0.0,1.0
ctx-lh-posteriorcingulate,1.0,282.0,8.0,0.0,0.0,0.0,0.0,3.0,0.0,4.0,374.0,2.0,0.0,1.0,0.0,3.0,158.0,0.0,4.0,1.0,0.0,0.0,15.0,1072.0,56.0,450.0,21.0,7.0,242.0,37.0,3.0,3.0,0.0,0.0,1.0,28.0,7.0,1.0,0.0,0.0,1.0,0.0,0.0,2.0,16.0,0.0,0.0,0.0,0.0,0.0,53.0,0.0,0.0,0.0,1.0,0.0,11.0,131.0,31.0,38.0,3.0,5.0,80.0,13.0,0.0,6.0,0.0,2.0
ctx-lh-precentral,10.0,52.0,1239.0,0.0,0.0,0.0,1.0,40.0,2.0,432.0,5.0,1.0,4.0,0.0,0.0,5.0,577.0,0.0,650.0,1.0,11.0,1.0,1984.0,56.0,7542.0,139.0,3.0,83.0,892.0,394.0,21.0,247.0,0.0,7.0,0.0,25.0,7.0,0.0,0.0,0.0,0.0,1.0,0.0,1.0,6.0,2.0,0.0,1.0,0.0,0.0,18.0,0.0,3.0,0.0,0.0,0.0,2.0,25.0,5.0,3.0,0.0,4.0,42.0,2.0,1.0,1.0,0.0,0.0
ctx-lh-precuneus,31.0,11.0,7.0,239.0,1.0,0.0,38.0,611.0,64.0,37.0,1101.0,112.0,0.0,179.0,0.0,25.0,150.0,19.0,2.0,0.0,0.0,127.0,151.0,450.0,139.0,4904.0,2.0,0.0,35.0,2571.0,81.0,164.0,0.0,29.0,7.0,3.0,2.0,35.0,0.0,0.0,8.0,28.0,19.0,17.0,149.0,13.0,0.0,18.0,0.0,15.0,18.0,6.0,3.0,0.0,1.0,8.0,12.0,64.0,15.0,185.0,0.0,0.0,19.0,45.0,10.0,20.0,0.0,3.0
ctx-lh-rostralanteriorcingulate,0.0,294.0,14.0,0.0,0.0,11.0,0.0,0.0,0.0,37.0,0.0,0.0,269.0,0.0,499.0,0.0,0.0,0.0,43.0,116.0,227.0,0.0,0.0,21.0,3.0,2.0,1061.0,530.0,447.0,0.0,0.0,0.0,0.0,0.0,0.0,54.0,1.0,0.0,0.0,0.0,0.0,0.0,0.0,5.0,0.0,0.0,3.0,0.0,7.0,0.0,0.0,0.0,2.0,2.0,16.0,0.0,0.0,2.0,3.0,0.0,49.0,10.0,29.0,1.0,0.0,0.0,0.0,0.0
ctx-lh-rostralmiddlefrontal,0.0,134.0,934.0,0.0,0.0,174.0,0.0,0.0,0.0,111.0,0.0,0.0,586.0,0.0,1436.0,0.0,2.0,0.0,495.0,309.0,597.0,0.0,4.0,7.0,83.0,0.0,530.0,6968.0,2598.0,1.0,0.0,0.0,0.0,0.0,0.0,46.0,1.0,0.0,0.0,0.0,0.0,0.0,0.0,2.0,0.0,0.0,2.0,0.0,1.0,0.0,0.0,0.0,5.0,3.0,8.0,0.0,0.0,4.0,0.0,0.0,16.0,17.0,35.0,0.0,0.0,0.0,0.0,0.0
ctx-lh-superiorfrontal,0.0,861.0,1348.0,0.0,0.0,74.0,0.0,2.0,0.0,91.0,11.0,0.0,43.0,0.0,259.0,0.0,655.0,0.0,190.0,34.0,120.0,0.0,55.0,242.0,892.0,35.0,447.0,2598.0,11106.0,23.0,0.0,6.0,0.0,1.0,0.0,144.0,26.0,1.0,0.0,1.0,0.0,1.0,0.0,19.0,4.0,0.0,0.0,0.0,3.0,0.0,38.0,0.0,8.0,0.0,19.0,0.0,5.0,97.0,28.0,8.0,22.0,43.0,234.0,0.0,0.0,1.0,0.0,0.0
ctx-lh-superiorparietal,17.0,3.0,12.0,846.0,0.0,0.0,23.0,1552.0,33.0,70.0,67.0,589.0,0.0,41.0,0.0,33.0,107.0,3.0,8.0,0.0,1.0,95.0,805.0,37.0,394.0,2571.0,0.0,1.0,23.0,6676.0,64.0,517.0,0.0,21.0,3.0,2.0,0.0,6.0,0.0,0.0,2.0,5.0,4.0,9.0,22.0,4.0,0.0,2.0,0.0,4.0,13.0,1.0,0.0,0.0,0.0,1.0,7.0,19.0,4.0,49.0,0.0,0.0,8.0,9.0,3.0,1.0,0.0,0.0
ctx-lh-superiortemporal,916.0,0.0,0.0,7.0,39.0,0.0,136.0,145.0,249.0,198.0,31.0,28.0,2.0,29.0,0.0,877.0,2.0,13.0,1.0,0.0,0.0,9.0,34.0,3.0,21.0,81.0,0.0,0.0,0.0,64.0,5199.0,470.0,238.0,646.0,1.0,0.0,0.0,2.0,0.0,0.0,2.0,3.0,1.0,1.0,13.0,2.0,0.0,0.0,0.0,0.0,2.0,3.0,0.0,0.0,0.0,1.0,4.0,3.0,0.0,30.0,0.0,0.0,0.0,2.0,2.0,1.0,1.0,0.0
ctx-lh-supramarginal,310.0,0.0,6.0,1.0,0.0,0.0,12.0,1359.0,44.0,311.0,20.0,23.0,0.0,7.0,0.0,79.0,2.0,1.0,20.0,0.0,1.0,3.0,1201.0,3.0,247.0,164.0,0.0,0.0,6.0,517.0,470.0,6471.0,0.0,60.0,0.0,0.0,0.0,2.0,0.0,0.0,0.0,2.0,1.0,2.0,22.0,1.0,0.0,3.0,0.0,0.0,0.0,1.0,0.0,0.0,0.0,0.0,4.0,4.0,3.0,13.0,0.0,0.0,1.0,6.0,1.0,2.0,0.0,0.0
ctx-lh-temporalpole,0.0,0.0,0.0,0.0,205.0,0.0,109.0,0.0,254.0,12.0,0.0,0.0,0.0,2.0,0.0,161.0,0.0,3.0,0.0,0.0,0.0,0.0,0.0,0.0,0.0,0.0,0.0,0.0,0.0,0.0,238.0,0.0,357.0,0.0,0.0,0.0,0.0,0.0,0.0,0.0,0.0,0.0,0.0,0.0,0.0,0.0,0.0,0.0,0.0,0.0,0.0,0.0,0.0,0.0,0.0,0.0,0.0,0.0,0.0,0.0,0.0,0.0,0.0,0.0,0.0,0.0,0.0,0.0
ctx-lh-transversetemporal,22.0,1.0,0.0,1.0,2.0,0.0,4.0,32.0,9.0,81.0,13.0,5.0,0.0,5.0,0.0,24.0,0.0,1.0,2.0,0.0,0.0,1.0,19.0,0.0,7.0,29.0,0.0,0.0,1.0,21.0,646.0,60.0,0.0,698.0,1.0,0.0,0.0,1.0,0.0,0.0,1.0,0.0,0.0,0.0,8.0,1.0,0.0,0.0,0.0,1.0,0.0,0.0,0.0,0.0,0.0,0.0,3.0,3.0,0.0,6.0,0.0,0.0,0.0,5.0,0.0,0.0,0.0,0.0
ctx-rh-bankssts,0.0,0.0,0.0,0.0,0.0,0.0,0.0,1.0,0.0,0.0,2.0,0.0,0.0,1.0,0.0,1.0,0.0,0.0,0.0,0.0,0.0,2.0,0.0,1.0,0.0,7.0,0.0,0.0,0.0,3.0,1.0,0.0,0.0,1.0,729.0,0.0,0.0,13.0,0.0,0.0,18.0,674.0,81.0,38.0,14.0,33.0,0.0,9.0,0.0,786.0,0.0,6.0,3.0,0.0,0.0,3.0,26.0,1.0,16.0,37.0,0.0,1.0,1.0,34.0,578.0,386.0,0.0,18.0
ctx-rh-caudalanteriorcingulate,0.0,145.0,29.0,0.0,0.0,0.0,0.0,2.0,0.0,12.0,3.0,0.0,2.0,0.0,6.0,0.0,9.0,0.0,13.0,3.0,6.0,0.0,3.0,28.0,25.0,3.0,54.0,46.0,144.0,2.0,0.0,0.0,0.0,0.0,0.0,512.0,47.0,1.0,0.0,5.0,0.0,0.0,0.0,25.0,13.0,0.0,21.0,0.0,19.0,0.0,26.0,0.0,31.0,6.0,56.0,0.0,1.0,336.0,20.0,5.0,235.0,110.0,807.0,0.0,0.0,1.0,0.0,0.0
ctx-rh-caudalmiddlefrontal,0.0,25.0,5.0,0.0,0.0,0.0,0.0,0.0,0.0,2.0,3.0,0.0,0.0,0.0,0.0,0.0,4.0,0.0,2.0,0.0,0.0,0.0,2.0,7.0,7.0,2.0,1.0,1.0,26.0,0.0,0.0,0.0,0.0,0.0,0.0,47.0,2669.0,0.0,0.0,1.0,0.0,10.0,1.0,63.0,1.0,0.0,2.0,0.0,4.0,0.0,13.0,0.0,261.0,0.0,28.0,0.0,67.0,21.0,1064.0,4.0,6.0,943.0,994.0,9.0,1.0,16.0,0.0,0.0
ctx-rh-cuneus,2.0,0.0,0.0,46.0,1.0,0.0,2.0,5.0,3.0,1.0,12.0,7.0,0.0,3.0,0.0,2.0,0.0,0.0,0.0,0.0,0.0,26.0,0.0,1.0,0.0,35.0,0.0,0.0,1.0,6.0,2.0,2.0,0.0,1.0,13.0,1.0,0.0,1578.0,0.0,0.0,51.0,51.0,35.0,5.0,37.0,1166.0,0.0,246.0,0.0,44.0,2.0,8.0,0.0,0.0,0.0,1414.0,0.0,0.0,0.0,447.0,0.0,0.0,0.0,322.0,16.0,5.0,0.0,5.0
ctx-rh-entorhinal,0.0,0.0,0.0,0.0,0.0,0.0,0.0,0.0,0.0,0.0,0.0,0.0,0.0,0.0,0.0,0.0,0.0,0.0,0.0,0.0,0.0,0.0,0.0,0.0,0.0,0.0,0.0,0.0,0.0,0.0,0.0,0.0,0.0,0.0,0.0,0.0,0.0,0.0,200.0,0.0,104.0,0.0,94.0,5.0,0.0,0.0,0.0,0.0,0.0,43.0,0.0,132.0,0.0,0.0,0.0,0.0,0.0,0.0,0.0,0.0,0.0,0.0,0.0,0.0,15.0,0.0,193.0,0.0
ctx-rh-frontalpole,0.0,0.0,0.0,0.0,0.0,0.0,0.0,0.0,0.0,0.0,0.0,0.0,1.0,0.0,0.0,0.0,0.0,0.0,0.0,0.0,0.0,0.0,0.0,0.0,0.0,0.0,0.0,0.0,1.0,0.0,0.0,0.0,0.0,0.0,0.0,5.0,1.0,0.0,0.0,58.0,0.0,0.0,0.0,2.0,0.0,0.0,139.0,0.0,469.0,0.0,0.0,0.0,0.0,48.0,15.0,0.0,0.0,0.0,0.0,0.0,10.0,553.0,192.0,0.0,0.0,0.0,0.0,0.0
ctx-rh-fusiform,1.0,0.0,0.0,2.0,0.0,0.0,0.0,3.0,1.0,0.0,2.0,0.0,0.0,2.0,0.0,0.0,0.0,0.0,0.0,0.0,0.0,0.0,0.0,1.0,0.0,8.0,0.0,0.0,0.0,2.0,2.0,0.0,0.0,1.0,18.0,0.0,0.0,51.0,104.0,0.0,3046.0,34.0,1751.0,58.0,7.0,1030.0,2.0,489.0,0.0,400.0,0.0,195.0,0.0,0.0,0.0,78.0,1.0,0.0,0.0,33.0,0.0,0.0,0.0,17.0,104.0,4.0,191.0,5.0
ctx-rh-inferiorparietal,1.0,2.0,0.0,2.0,0.0,0.0,0.0,4.0,1.0,0.0,11.0,4.0,0.0,1.0,0.0,1.0,0.0,0.0,0.0,0.0,0.0,1.0,1.0,0.0,1.0,28.0,0.0,0.0,1.0,5.0,3.0,2.0,0.0,0.0,674.0,0.0,10.0,51.0,0.0,0.0,34.0,8036.0,240.0,44.0,35.0,938.0,0.0,22.0,0.0,668.0,0.0,1.0,2.0,0.0,0.0,7.0,137.0,6.0,78.0,649.0,0.0,1.0,3.0,1556.0,103.0,1402.0,0.0,18.0
ctx-rh-inferiortemporal,2.0,0.0,0.0,1.0,0.0,0.0,1.0,2.0,0.0,2.0,4.0,1.0,0.0,1.0,0.0,3.0,0.0,0.0,0.0,0.0,0.0,1.0,1.0,0.0,0.0,19.0,0.0,0.0,0.0,4.0,1.0,1.0,0.0,0.0,81.0,0.0,1.0,35.0,94.0,0.0,1751.0,240.0,3286.0,51.0,20.0,381.0,0.0,140.0,0.0,1787.0,0.0,75.0,0.0,0.0,0.0,41.0,4.0,0.0,1.0,58.0,0.0,0.0,1.0,44.0,204.0,30.0,266.0,8.0
ctx-rh-insula,0.0,9.0,5.0,0.0,0.0,0.0,3.0,1.0,0.0,0.0,10.0,0.0,0.0,2.0,0.0,1.0,0.0,0.0,0.0,0.0,0.0,1.0,2.0,2.0,1.0,17.0,5.0,2.0,19.0,9.0,1.0,2.0,0.0,0.0,38.0,25.0,63.0,5.0,5.0,2.0,58.0,44.0,51.0,1815.0,18.0,8.0,464.0,7.0,76.0,92.0,8.0,10.0,182.0,16.0,126.0,0.0,228.0,6.0,314.0,63.0,27.0,82.0,93.0,83.0,290.0,249.0,13.0,73.0
ctx-rh-isthmuscingulate,8.0,1.0,0.0,5.0,0.0,0.0,2.0,25.0,10.0,8.0,136.0,9.0,0.0,8.0,1.0,7.0,3.0,2.0,1.0,0.0,0.0,3.0,7.0,16.0,6.0,149.0,0.0,0.0,4.0,22.0,13.0,22.0,0.0,8.0,14.0,13.0,1.0,37.0,0.0,0.0,7.0,35.0,20.0,18.0,1030.0,29.0,0.0,167.0,0.0,17.0,41.0,116.0,0.0,0.0,0.0,18.0,10.0,422.0,11.0,1066.0,0.0,1.0,14.0,60.0,22.0,21.0,0.0,7.0
ctx-rh-lateraloccipital,0.0,0.0,0.0,9.0,0.0,0.0,1.0,6.0,1.0,0.0,10.0,4.0,0.0,5.0,0.0,0.0,2.0,0.0,0.0,0.0,0.0,5.0,0.0,0.0,2.0,13.0,0.0,0.0,0.0,4.0,2.0,1.0,0.0,1.0,33.0,0.0,0.0,1166.0,0.0,0.0,1030.0,938.0,381.0,8.0,29.0,9011.0,0.0,816.0,0.0,259.0,1.0,12.0,0.0,0.0,0.0,1006.0,2.0,1.0,3.0,209.0,0.0,0.0,0.0,609.0,43.0,6.0,2.0,6.0
ctx-rh-lateralorbitofrontal,0.0,7.0,0.0,0.0,0.0,0.0,0.0,0.0,0.0,0.0,0.0,0.0,0.0,0.0,0.0,0.0,0.0,0.0,2.0,0.0,0.0,0.0,0.0,0.0,0.0,0.0,3.0,2.0,0.0,0.0,0.0,0.0,0.0,0.0,0.0,21.0,2.0,0.0,0.0,139.0,2.0,0.0,0.0,464.0,0.0,0.0,3369.0,0.0,1953.0,4.0,0.0,0.0,12.0,722.0,309.0,0.0,0.0,2.0,2.0,1.0,305.0,401.0,52.0,0.0,0.0,0.0,0.0,0.0
ctx-rh-lingual,2.0,0.0,0.0,3.0,0.0,0.0,1.0,3.0,0.0,0.0,6.0,6.0,0.0,71.0,0.0,1.0,0.0,0.0,0.0,0.0,0.0,9.0,0.0,0.0,1.0,18.0,0.0,0.0,0.0,2.0,0.0,3.0,0.0,0.0,9.0,0.0,0.0,246.0,0.0,0.0,489.0,22.0,140.0,7.0,167.0,816.0,0.0,4688.0,0.0,68.0,1.0,315.0,0.0,0.0,0.0,1383.0,1.0,0.0,0.0,315.0,0.0,0.0,0.0,24.0,24.0,7.0,0.0,3.0
ctx-rh-medialorbitofrontal,0.0,4.0,0.0,0.0,0.0,0.0,0.0,0.0,0.0,0.0,0.0,0.0,0.0,0.0,6.0,0.0,0.0,0.0,0.0,0.0,0.0,0.0,0.0,0.0,0.0,0.0,7.0,1.0,3.0,0.0,0.0,0.0,0.0,0.0,0.0,19.0,4.0,0.0,0.0,469.0,0.0,0.0,0.0,76.0,0.0,0.0,1953.0,0.0,1866.0,1.0,0.0,0.0,5.0,305.0,127.0,0.0,0.0,0.0,0.0,0.0,307.0,1135.0,146.0,0.0,1.0,0.0,1.0,0.0
ctx-rh-middletemporal,1.0,0.0,0.0,1.0,0.0,0.0,0.0,1.0,0.0,1.0,7.0,0.0,0.0,0.0,0.0,0.0,0.0,0.0,0.0,0.0,0.0,1.0,1.0,0.0,0.0,15.0,0.0,0.0,0.0,4.0,0.0,0.0,0.0,1.0,786.0,0.0,0.0,44.0,43.0,0.0,400.0,668.0,1787.0,92.0,17.0,259.0,4.0,68.0,1.0,4202.0,0.0,46.0,0.0,0.0,0.0,16.0,9.0,1.0,11.0,72.0,0.0,0.0,1.0,45.0,638.0,70.0,197.0,10.0
ctx-rh-paracentral,1.0,12.0,2.0,0.0,0.0,0.0,0.0,3.0,1.0,2.0,10.0,1.0,0.0,2.0,0.0,1.0,18.0,0.0,1.0,0.0,0.0,0.0,2.0,53.0,18.0,18.0,0.0,0.0,38.0,13.0,2.0,0.0,0.0,0.0,0.0,26.0,13.0,2.0,0.0,0.0,0.0,0.0,0.0,8.0,41.0,1.0,0.0,1.0,0.0,0.0,2088.0,0.0,2.0,0.0,1.0,0.0,462.0,405.0,583.0,362.0,1.0,3.0,652.0,221.0,0.0,4.0,0.0,0.0
ctx-rh-parahippocampal,0.0,0.0,0.0,1.0,0.0,0.0,0.0,0.0,0.0,0.0,2.0,1.0,0.0,1.0,0.0,1.0,0.0,0.0,0.0,0.0,0.0,1.0,0.0,0.0,0.0,6.0,0.0,0.0,0.0,1.0,3.0,1.0,0.0,0.0,6.0,0.0,0.0,8.0,132.0,0.0,195.0,1.0,75.0,10.0,116.0,12.0,0.0,315.0,0.0,46.0,0.0,680.0,0.0,0.0,0.0,7.0,0.0,0.0,0.0,42.0,0.0,0.0,0.0,3.0,26.0,4.0,1.0,2.0
ctx-rh-parsopercularis,0.0,14.0,3.0,0.0,0.0,0.0,0.0,0.0,0.0,1.0,0.0,0.0,1.0,0.0,0.0,0.0,0.0,0.0,2.0,0.0,1.0,0.0,0.0,0.0,3.0,3.0,2.0,5.0,8.0,0.0,0.0,0.0,0.0,0.0,3.0,31.0,261.0,0.0,0.0,0.0,0.0,2.0,0.0,182.0,0.0,0.0,12.0,0.0,5.0,0.0,2.0,0.0,1309.0,6.0,327.0,0.0,35.0,7.0,686.0,3.0,12.0,426.0,157.0,6.0,2.0,18.0,0.0,0.0
ctx-rh-parsorbitalis,0.0,0.0,0.0,0.0,0.0,0.0,0.0,0.0,0.0,1.0,0.0,0.0,0.0,0.0,0.0,0.0,0.0,0.0,0.0,0.0,0.0,0.0,0.0,0.0,0.0,0.0,2.0,3.0,0.0,0.0,0.0,0.0,0.0,0.0,0.0,6.0,0.0,0.0,0.0,48.0,0.0,0.0,0.0,16.0,0.0,0.0,722.0,0.0,305.0,0.0,0.0,0.0,6.0,579.0,356.0,0.0,0.0,0.0,0.0,0.0,70.0,475.0,49.0,0.0,0.0,0.0,0.0,0.0
ctx-rh-parstriangularis,0.0,13.0,5.0,0.0,0.0,0.0,0.0,0.0,0.0,0.0,0.0,0.0,2.0,0.0,1.0,0.0,0.0,0.0,2.0,0.0,1.0,0.0,0.0,1.0,0.0,1.0,16.0,8.0,19.0,0.0,0.0,0.0,0.0,0.0,0.0,56.0,28.0,0.0,0.0,15.0,0.0,0.0,0.0,126.0,0.0,0.0,309.0,0.0,127.0,0.0,1.0,0.0,327.0,356.0,1348.0,0.0,0.0,1.0,15.0,0.0,153.0,796.0,199.0,0.0,0.0,1.0,0.0,0.0
ctx-rh-pericalcarine,0.0,0.0,0.0,21.0,0.0,0.0,0.0,2.0,0.0,0.0,1.0,2.0,0.0,18.0,0.0,0.0,0.0,0.0,0.0,0.0,0.0,10.0,0.0,0.0,0.0,8.0,0.0,0.0,0.0,1.0,1.0,0.0,0.0,0.0,3.0,0.0,0.0,1414.0,0.0,0.0,78.0,7.0,41.0,0.0,18.0,1006.0,0.0,1383.0,0.0,16.0,0.0,7.0,0.0,0.0,0.0,827.0,1.0,0.0,0.0,148.0,0.0,0.0,0.0,22.0,9.0,1.0,1.0,1.0
ctx-rh-postcentral,0.0,2.0,0.0,0.0,0.0,0.0,0.0,1.0,0.0,1.0,6.0,1.0,0.0,0.0,0.0,0.0,3.0,0.0,0.0,0.0,0.0,0.0,2.0,11.0,2.0,12.0,0.0,0.0,5.0,7.0,4.0,4.0,0.0,3.0,26.0,1.0,67.0,0.0,0.0,0.0,1.0,137.0,4.0,228.0,10.0,2.0,0.0,1.0,0.0,9.0,462.0,0.0,35.0,0.0,0.0,1.0,5074.0,20.0,2207.0,126.0,0.0,4.0,57.0,783.0,23.0,1427.0,0.0,13.0
ctx-rh-posteriorcingulate,1.0,49.0,7.0,0.0,0.0,0.0,1.0,5.0,0.0,3.0,46.0,0.0,0.0,0.0,0.0,1.0,41.0,0.0,0.0,0.0,1.0,0.0,7.0,131.0,25.0,64.0,2.0,4.0,97.0,19.0,3.0,4.0,0.0,3.0,1.0,336.0,21.0,0.0,0.0,0.0,0.0,6.0,0.0,6.0,422.0,1.0,2.0,0.0,0.0,1.0,405.0,0.0,7.0,0.0,1.0,0.0,20.0,1336.0,52.0,310.0,5.0,10.0,442.0,23.0,1.0,10.0,0.0,2.0
ctx-rh-precentral,0.0,25.0,2.0,0.0,0.0,0.0,0.0,2.0,0.0,0.0,6.0,1.0,0.0,1.0,0.0,0.0,11.0,0.0,4.0,0.0,0.0,0.0,1.0,31.0,5.0,15.0,3.0,0.0,28.0,4.0,0.0,3.0,0.0,0.0,16.0,20.0,1064.0,0.0,0.0,0.0,0.0,78.0,1.0,314.0,11.0,3.0,2.0,0.0,0.0,11.0,583.0,0.0,686.0,0.0,15.0,0.0,2207.0,52.0,7550.0,97.0,2.0,87.0,1008.0,317.0,21.0,361.0,0.0,1.0
ctx-rh-precuneus,7.0,1.0,0.0,14.0,0.0,0.0,5.0,23.0,9.0,13.0,136.0,10.0,0.0,11.0,0.0,10.0,9.0,1.0,0.0,0.0,0.0,9.0,12.0,38.0,3.0,185.0,0.0,0.0,8.0,49.0,30.0,13.0,0.0,6.0,37.0,5.0,4.0,447.0,0.0,0.0,33.0,649.0,58.0,63.0,1066.0,209.0,1.0,315.0,0.0,72.0,362.0,42.0,3.0,0.0,0.0,148.0,126.0,310.0,97.0,4327.0,0.0,0.0,19.0,2731.0,86.0,116.0,0.0,34.0
ctx-rh-rostralanteriorcingulate,0.0,21.0,3.0,0.0,0.0,0.0,0.0,0.0,0.0,2.0,0.0,0.0,1.0,0.0,5.0,0.0,0.0,0.0,3.0,1.0,6.0,0.0,0.0,3.0,0.0,0.0,49.0,16.0,22.0,0.0,0.0,0.0,0.0,0.0,0.0,235.0,6.0,0.0,0.0,10.0,0.0,0.0,0.0,27.0,0.0,0.0,305.0,0.0,307.0,0.0,1.0,0.0,12.0,70.0,153.0,0.0,0.0,5.0,2.0,0.0,742.0,221.0,351.0,0.0,0.0,0.0,0.0,0.0
ctx-rh-rostralmiddlefrontal,0.0,44.0,11.0,0.0,0.0,0.0,0.0,0.0,0.0,1.0,0.0,0.0,0.0,0.0,0.0,0.0,0.0,0.0,4.0,1.0,4.0,0.0,0.0,5.0,4.0,0.0,10.0,17.0,43.0,0.0,0.0,0.0,0.0,0.0,1.0,110.0,943.0,0.0,0.0,553.0,0.0,1.0,0.0,82.0,1.0,0.0,401.0,0.0,1135.0,0.0,3.0,0.0,426.0,475.0,796.0,0.0,4.0,10.0,87.0,0.0,221.0,6324.0,2707.0,1.0,0.0,2.0,0.0,1.0
ctx-rh-superiorfrontal,0.0,174.0,27.0,0.0,0.0,0.0,0.0,0.0,0.0,9.0,4.0,0.0,2.0,0.0,5.0,0.0,21.0,0.0,18.0,0.0,1.0,0.0,6.0,80.0,42.0,19.0,29.0,35.0,234.0,8.0,0.0,1.0,0.0,0.0,1.0,807.0,994.0,0.0,0.0,192.0,0.0,3.0,1.0,93.0,14.0,0.0,52.0,0.0,146.0,1.0,652.0,0.0,157.0,49.0,199.0,0.0,57.0,442.0,1008.0,19.0,351.0,2707.0,10298.0,20.0,0.0,13.0,0.0,0.0
ctx-rh-superiorparietal,2.0,0.0,0.0,1.0,0.0,0.0,2.0,6.0,4.0,1.0,35.0,2.0,0.0,1.0,0.0,3.0,5.0,0.0,1.0,0.0,0.0,0.0,2.0,13.0,2.0,45.0,1.0,0.0,0.0,9.0,2.0,6.0,0.0,5.0,34.0,0.0,9.0,322.0,0.0,0.0,17.0,1556.0,44.0,83.0,60.0,609.0,0.0,24.0,0.0,45.0,221.0,3.0,6.0,0.0,0.0,22.0,783.0,23.0,317.0,2731.0,0.0,1.0,20.0,6079.0,43.0,250.0,1.0,15.0
ctx-rh-superiortemporal,1.0,0.0,0.0,0.0,0.0,0.0,1.0,2.0,0.0,1.0,14.0,0.0,0.0,1.0,0.0,2.0,0.0,1.0,0.0,0.0,0.0,0.0,0.0,0.0,1.0,10.0,0.0,0.0,0.0,3.0,2.0,1.0,0.0,0.0,578.0,0.0,1.0,16.0,15.0,0.0,104.0,103.0,204.0,290.0,22.0,43.0,0.0,24.0,1.0,638.0,0.0,26.0,2.0,0.0,0.0,9.0,23.0,1.0,21.0,86.0,0.0,0.0,0.0,43.0,5187.0,325.0,157.0,457.0
ctx-rh-supramarginal,2.0,2.0,1.0,1.0,0.0,0.0,0.0,2.0,1.0,2.0,19.0,2.0,0.0,1.0,0.0,0.0,0.0,0.0,0.0,0.0,0.0,0.0,0.0,6.0,1.0,20.0,0.0,0.0,1.0,1.0,1.0,2.0,0.0,0.0,386.0,1.0,16.0,5.0,0.0,0.0,4.0,1402.0,30.0,249.0,21.0,6.0,0.0,7.0,0.0,70.0,4.0,4.0,18.0,0.0,1.0,1.0,1427.0,10.0,361.0,116.0,0.0,2.0,13.0,250.0,325.0,4677.0,0.0,31.0
ctx-rh-temporalpole,0.0,0.0,0.0,0.0,0.0,0.0,0.0,0.0,0.0,0.0,0.0,0.0,0.0,0.0,0.0,0.0,0.0,0.0,0.0,0.0,0.0,0.0,0.0,0.0,0.0,0.0,0.0,0.0,0.0,0.0,1.0,0.0,0.0,0.0,0.0,0.0,0.0,0.0,193.0,0.0,191.0,0.0,266.0,13.0,0.0,2.0,0.0,0.0,1.0,197.0,0.0,1.0,0.0,0.0,0.0,1.0,0.0,0.0,0.0,0.0,0.0,0.0,0.0,1.0,157.0,0.0,373.0,0.0
ctx-rh-transversetemporal,0.0,0.0,0.0,0.0,0.0,0.0,1.0,2.0,0.0,1.0,1.0,0.0,0.0,0.0,0.0,0.0,0.0,0.0,0.0,0.0,0.0,0.0,1.0,2.0,0.0,3.0,0.0,0.0,0.0,0.0,0.0,0.0,0.0,0.0,18.0,0.0,0.0,5.0,0.0,0.0,5.0,18.0,8.0,73.0,7.0,6.0,0.0,3.0,0.0,10.0,0.0,2.0,0.0,0.0,0.0,1.0,13.0,2.0,1.0,34.0,0.0,1.0,0.0,15.0,457.0,31.0,0.0,293.0
