,ctx-lh-bankssts,ctx-lh-caudalanteriorcingulate,ctx-lh-caudalmiddlefrontal,ctx-lh-cuneus,ctx-lh-entorhinal,ctx-lh-frontalpole,ctx-lh-fusiform,ctx-lh-inferiorparietal,ctx-lh-inferiortemporal,ctx-lh-insula,ctx-lh-isthmuscingulate,ctx-lh-lateraloccipital,ctx-lh-lateralorbitofrontal,ctx-lh-lingual,ctx-lh-medialorbitofrontal,ctx-lh-middletemporal,ctx-lh-paracentral,ctx-lh-parahippocampal,ctx-lh-parsopercularis,ctx-lh-parsorbitalis,ctx-lh-parstriangularis,ctx-lh-pericalcarine,ctx-lh-postcentral,ctx-lh-posteriorcingulate,ctx-lh-precentral,ctx-lh-precuneus,ctx-lh-rostralanteriorcingulate,ctx-lh-rostralmiddlefrontal,ctx-lh-superiorfrontal,ctx-lh-superiorparietal,ctx-lh-superiortemporal,ctx-lh-supramarginal,ctx-lh-temporalpole,ctx-lh-transversetemporal,ctx-rh-bankssts,ctx-rh-caudalanteriorcingulate,ctx-rh-caudalmiddlefrontal,ctx-rh-cuneus,ctx-rh-entorhinal,ctx-rh-frontalpole,ctx-rh-fusiform,ctx-rh-inferiorparietal,ctx-rh-inferiortemporal,ctx-rh-insula,ctx-rh-isthmuscingulate,ctx-rh-lateraloccipital,ctx-rh-lateralorbitofrontal,ctx-rh-lingual,ctx-rh-medialorbitofrontal,ctx-rh-middletemporal,ctx-rh-paracentral,ctx-rh-parahippocampal,ctx-rh-parsopercularis,ctx-rh-parsorbitalis,ctx-rh-parstriangularis,ctx-rh-pericalcarine,ctx-rh-postcentral,ctx-rh-posteriorcingulate,ctx-rh-precentral,ctx-rh-precuneus,ctx-rh-rostralanteriorcingulate,ctx-rh-rostralmiddlefrontal,ctx-rh-superiorfrontal,ctx-rh-superiorparietal,ctx-rh-superiortemporal,ctx-rh-supramarginal,ctx-rh-temporalpole,ctx-rh-transversetemporal
ctx-lh-bankssts,794.0,0.0,1.0,6.0,0.0,0.0,11.0,363.0,224.0,17.0,9.0,6.0,0.0,13.0,0.0,610.0,0.0,0.0,0.0,0.0,0.0,6.0,20.0,2.0,12.0,37.0,0.0,0.0,0.0,46.0,845.0,253.0,0.0,12.0,1.0,0.0,0.0,0.0,0.0,0.0,0.0,1.0,0.0,0.0,0.0,0.0,0.0,0.0,0.0,0.0,0.0,0.0,0.0,0.0,0.0,0.0,0.0,1.0,0.0,2.0,0.0,0.0,0.0,1.0,0.0,0.0,0.0,0.0
ctx-lh-caudalanteriorcingulate,0.0,540.0,52.0,0.0,0.0,1.0,0.0,0.0,0.0,23.0,10.0,0.0,14.0,0.0,10.0,0.0,9.0,0.0,47.0,5.0,28.0,0.0,3.0,317.0,14.0,10.0,288.0,147.0,789.0,2.0,0.0,1.0,0.0,1.0,0.0,144.0,23.0,0.0,0.0,0.0,0.0,1.0,0.0,16.0,1.0,0.0,3.0,0.0,4.0,1.0,9.0,0.0,13.0,0.0,7.0,0.0,2.0,35.0,33.0,3.0,19.0,26.0,205.0,1.0,0.0,2.0,0.0,0.0
ctx-lh-caudalmiddlefrontal,1.0,52.0,2714.0,0.0,0.0,0.0,0.0,1.0,2.0,77.0,0.0,0.0,2.0,0.0,0.0,0.0,23.0,0.0,448.0,0.0,19.0,0.0,57.0,32.0,1146.0,6.0,2.0,544.0,1242.0,11.0,2.0,21.0,0.0,1.0,0.0,25.0,5.0,0.0,0.0,0.0,0.0,0.0,0.0,2.0,1.0,0.0,0.0,0.0,0.0,0.0,15.0,0.0,1.0,0.0,0.0,0.0,1.0,22.0,6.0,2.0,1.0,2.0,45.0,2.0,0.0,0.0,0.0,0.0
ctx-lh-cuneus,6.0,0.0,0.0,1561.0,0.0,0.0,39.0,79.0,35.0,1.0,29.0,394.0,0.0,115.0,0.0,13.0,1.0,5.0,0.0,0.0,0.0,1520.0,0.0,1.0,0.0,305.0,0.0,0.0,1.0,774.0,21.0,1.0,0.0,1.0,2.0,0.0,0.0,0.0,0.0,0.0,0.0,1.0,0.0,1.0,1.0,0.0,0.0,2.0,0.0,0.0,0.0,1.0,0.0,0.0,0.0,0.0,0.0,0.0,0.0,4.0,0.0,0.0,0.0,3.0,1.0,0.0,0.0,1.0
ctx-lh-entorhinal,0.0,0.0,0.0,0.0,133.0,0.0,78.0,0.0,74.0,5.0,0.0,0.0,0.0,1.0,0.0,8.0,0.0,54.0,0.0,0.0,0.0,0.0,0.0,0.0,0.0,0.0,0.0,0.0,0.0,0.0,14.0,0.0,146.0,0.0,0.0,0.0,0.0,0.0,0.0,0.0,0.0,0.0,0.0,0.0,0.0,0.0,0.0,0.0,0.0,0.0,0.0,0.0,0.0,0.0,0.0,0.0,0.0,0.0,0.0,0.0,0.0,0.0,0.0,0.0,0.0,0.0,0.0,0.0
ctx-lh-frontalpole,0.0,1.0,0.0,0.0,0.0,83.0,0.0,0.0,0.0,0.0,0.0,0.0,56.0,0.0,201.0,0.0,0.0,0.0,0.0,4.0,2.0,0.0,0.0,0.0,0.0,0.0,2.0,159.0,40.0,0.0,0.0,0.0,0.0,0.0,0.0,0.0,0.0,0.0,0.0,0.0,0.0,0.0,0.0,0.0,0.0,0.0,0.0,0.0,0.0,0.0,0.0,0.0,0.0,0.0,0.0,0.0,0.0,0.0,0.0,0.0,0.0,0.0,0.0,0.0,0.0,0.0,0.0,0.0
ctx-lh-fusiform,11.0,0.0,0.0,39.0,78.0,0.0,3287.0,114.0,1299.0,34.0,8.0,1157.0,1.0,670.0,0.0,152.0,0.0,239.0,0.0,0.0,0.0,180.0,3.0,0.0,0.0,21.0,0.0,0.0,0.0,33.0,77.0,7.0,127.0,5.0,0.0,0.0,0.0,0.0,0.0,0.0,0.0,0.0,0.0,0.0,2.0,0.0,0.0,0.0,0.0,0.0,0.0,0.0,0.0,0.0,0.0,0.0,0.0,1.0,0.0,0.0,0.0,0.0,0.0,0.0,0.0,0.0,0.0,0.0
ctx-lh-inferiorparietal,363.0,0.0,1.0,79.0,0.0,0.0,114.0,5916.0,421.0,11.0,25.0,826.0,0.0,53.0,0.0,313.0,0.0,5.0,1.0,0.0,0.0,124.0,30.0,0.0,23.0,287.0,0.0,0.0,2.0,1453.0,132.0,895.0,0.0,11.0,1.0,1.0,0.0,0.0,0.0,0.0,0.0,5.0,1.0,2.0,6.0,0.0,0.0,1.0,0.0,0.0,0.0,0.0,0.0,0.0,0.0,1.0,0.0,4.0,0.0,10.0,0.0,0.0,0.0,4.0,2.0,2.0,0.0,1.0
ctx-lh-inferiortemporal,224.0,0.0,2.0,35.0,74.0,0.0,1299.0,421.0,3420.0,80.0,18.0,317.0,2.0,191.0,0.0,1592.0,0.0,72.0,0.0,0.0,0.0,115.0,6.0,0.0,5.0,70.0,0.0,0.0,0.0,93.0,195.0,78.0,196.0,10.0,1.0,0.0,0.0,2.0,0.0,0.0,0.0,0.0,0.0,0.0,5.0,0.0,0.0,1.0,0.0,0.0,2.0,0.0,0.0,0.0,0.0,0.0,1.0,1.0,0.0,4.0,0.0,0.0,0.0,1.0,0.0,2.0,0.0,0.0
ctx-lh-insula,17.0,23.0,77.0,1.0,5.0,0.0,34.0,11.0,80.0,1636.0,25.0,3.0,445.0,24.0,14.0,102.0,10.0,5.0,168.0,10.0,82.0,6.0,303.0,12.0,303.0,39.0,25.0,98.0,134.0,85.0,253.0,282.0,47.0,75.0,2.0,11.0,0.0,0.0,0.0,0.0,0.0,1.0,0.0,5.0,8.0,0.0,0.0,0.0,0.0,0.0,4.0,0.0,1.0,0.0,3.0,0.0,1.0,13.0,5.0,13.0,1.0,4.0,15.0,4.0,1.0,4.0,0.0,0.0
ctx-lh-isthmuscingulate,9.0,10.0,0.0,29.0,0.0,0.0,8.0,25.0,18.0,25.0,903.0,4.0,0.0,126.0,1.0,13.0,17.0,74.0,0.0,0.0,1.0,6.0,12.0,358.0,10.0,1014.0,1.0,2.0,28.0,100.0,35.0,28.0,0.0,12.0,6.0,4.0,0.0,0.0,0.0,0.0,1.0,13.0,0.0,10.0,68.0,1.0,0.0,4.0,0.0,6.0,12.0,0.0,0.0,0.0,0.0,2.0,3.0,28.0,6.0,103.0,1.0,0.0,2.0,26.0,8.0,19.0,0.0,3.0
ctx-lh-lateraloccipital,6.0,0.0,0.0,394.0,0.0,0.0,1157.0,826.0,317.0,3.0,4.0,6058.0,0.0,648.0,0.0,72.0,0.0,2.0,0.0,0.0,0.0,1117.0,1.0,1.0,1.0,35.0,0.0,0.0,0.0,444.0,6.0,0.0,0.0,2.0,0.0,0.0,0.0,0.0,0.0,0.0,0.0,0.0,0.0,0.0,1.0,0.0,0.0,0.0,0.0,0.0,0.0,0.0,0.0,0.0,0.0,0.0,0.0,0.0,0.0,1.0,0.0,0.0,0.0,0.0,0.0,0.0,0.0,0.0
ctx-lh-lateralorbitofrontal,0.0,14.0,2.0,0.0,0.0,56.0,1.0,0.0,2.0,445.0,0.0,0.0,3295.0,0.0,1781.0,5.0,0.0,1.0,13.0,445.0,287.0,1.0,1.0,1.0,3.0,0.0,226.0,641.0,112.0,0.0,2.0,0.0,0.0,0.0,0.0,12.0,1.0,0.0,0.0,1.0,0.0,0.0,0.0,2.0,0.0,0.0,5.0,0.0,2.0,0.0,0.0,0.0,1.0,1.0,3.0,0.0,0.0,1.0,0.0,0.0,7.0,2.0,11.0,0.0,0.0,0.0,0.0,0.0
ctx-lh-lingual,13.0,0.0,0.0,115.0,1.0,0.0,670.0,53.0,191.0,24.0,126.0,648.0,0.0,5255.0,0.0,40.0,0.0,392.0,0.0,0.0,0.0,1060.0,1.0,2.0,1.0,122.0,0.0,0.0,2.0,39.0,41.0,8.0,3.0,14.0,0.0,0.0,0.0,0.0,0.0,0.0,0.0,1.0,0.0,0.0,4.0,0.0,0.0,40.0,0.0,1.0,0.0,0.0,0.0,0.0,0.0,0.0,2.0,0.0,0.0,9.0,0.0,0.0,0.0,2.0,0.0,3.0,0.0,1.0
ctx-lh-medialorbitofrontal,0.0,10.0,0.0,0.0,0.0,201.0,0.0,0.0,0.0,14.0,1.0,0.0,1781.0,0.0,1518.0,0.0,0.0,0.0,3.0,37.0,41.0,0.0,0.0,2.0,1.0,0.0,550.0,759.0,248.0,0.0,1.0,0.0,0.0,0.0,0.0,13.0,0.0,0.0,0.0,0.0,0.0,0.0,0.0,2.0,0.0,0.0,5.0,0.0,13.0,0.0,0.0,0.0,1.0,2.0,3.0,0.0,0.0,2.0,0.0,0.0,19.0,4.0,11.0,0.0,0.0,0.0,0.0,0.0
ctx-lh-middletemporal,610.0,0.0,0.0,13.0,8.0,0.0,152.0,313.0,1592.0,102.0,13.0,72.0,5.0,40.0,0.0,2529.0,1.0,19.0,0.0,0.0,0.0,34.0,15.0,3.0,4.0,42.0,0.0,0.0,0.0,57.0,1066.0,78.0,195.0,25.0,0.0,0.0,0.0,0.0,0.0,0.0,0.0,0.0,1.0,0.0,4.0,0.0,0.0,0.0,0.0,1.0,0.0,0.0,0.0,0.0,0.0,0.0,1.0,0.0,0.0,10.0,0.0,0.0,0.0,2.0,1.0,2.0,0.0,0.0
ctx-lh-paracentral,0.0,9.0,23.0,1.0,0.0,0.0,0.0,0.0,0.0,10.0,17.0,0.0,0.0,0.0,0.0,1.0,2122.0,0.0,6.0,0.0,0.0,0.0,470.0,308.0,875.0,124.0,0.0,1.0,623.0,84.0,1.0,2.0,0.0,0.0,0.0,4.0,1.0,0.0,0.0,0.0,0.0,1.0,0.0,3.0,4.0,0.0,0.0,0.0,0.0,0.0,31.0,0.0,0.0,0.0,0.0,0.0,5.0,35.0,15.0,10.0,0.0,0.0,26.0,4.0,2.0,2.0,0.0,0.0
ctx-lh-parahippocampal,0.0,0.0,0.0,5.0,54.0,0.0,239.0,5.0,72.0,5.0,74.0,2.0,1.0,392.0,0.0,19.0,0.0,461.0,0.0,0.0,0.0,8.0,0.0,0.0,0.0,5.0,0.0,0.0,0.0,6.0,12.0,1.0,3.0,1.0,0.0,0.0,0.0,0.0,0.0,0.0,0.0,1.0,0.0,0.0,0.0,0.0,0.0,0.0,0.0,0.0,0.0,0.0,0.0,0.0,0.0,0.0,0.0,0.0,0.0,1.0,0.0,0.0,0.0,1.0,0.0,0.0,0.0,0.0
ctx-lh-parsopercularis,0.0,47.0,448.0,0.0,0.0,0.0,0.0,1.0,0.0,168.0,0.0,0.0,13.0,0.0,3.0,0.0,6.0,0.0,1500.0,9.0,457.0,0.0,35.0,9.0,692.0,0.0,6.0,493.0,225.0,3.0,2.0,16.0,0.0,0.0,2.0,15.0,2.0,0.0,0.0,0.0,0.0,0.0,0.0,1.0,1.0,0.0,1.0,0.0,0.0,0.0,3.0,0.0,2.0,0.0,0.0,0.0,2.0,11.0,3.0,0.0,0.0,6.0,28.0,0.0,0.0,2.0,0.0,0.0
ctx-lh-parsorbitalis,0.0,5.0,0.0,0.0,0.0,4.0,0.0,0.0,0.0,10.0,0.0,0.0,445.0,0.0,37.0,0.0,0.0,0.0,9.0,264.0,349.0,0.0,0.0,0.0,0.0,0.0,19.0,362.0,31.0,0.0,0.0,0.0,0.0,0.0,0.0,1.0,0.0,0.0,0.0,0.0,0.0,0.0,0.0,0.0,0.0,0.0,0.0,0.0,0.0,0.0,0.0,0.0,0.0,0.0,0.0,0.0,0.0,0.0,0.0,0.0,1.0,2.0,3.0,0.0,0.0,0.0,0.0,0.0
ctx-lh-parstriangularis,0.0,28.0,19.0,0.0,0.0,2.0,0.0,0.0,0.0,82.0,1.0,0.0,287.0,0.0,41.0,0.0,0.0,0.0,457.0,349.0,997.0,0.0,0.0,4.0,8.0,1.0,49.0,714.0,140.0,0.0,1.0,0.0,0.0,0.0,0.0,17.0,0.0,0.0,0.0,1.0,0.0,0.0,0.0,1.0,0.0,0.0,0.0,0.0,1.0,0.0,1.0,0.0,1.0,0.0,0.0,0.0,0.0,1.0,3.0,0.0,8.0,6.0,19.0,0.0,0.0,0.0,0.0,0.0
ctx-lh-pericalcarine,6.0,0.0,0.0,1520.0,0.0,0.0,180.0,124.0,115.0,6.0,6.0,1117.0,1.0,1060.0,0.0,34.0,0.0,8.0,0.0,0.0,0.0,1315.0,0.0,1.0,1.0,183.0,0.0,0.0,0.0,251.0,8.0,7.0,1.0,6.0,0.0,0.0,0.0,0.0,0.0,0.0,0.0,0.0,0.0,0.0,4.0,0.0,0.0,7.0,0.0,0.0,0.0,0.0,0.0,0.0,0.0,0.0,0.0,0.0,0.0,4.0,0.0,0.0,0.0,1.0,1.0,4.0,0.0,0.0
ctx-lh-postcentral,20.0,3.0,57.0,0.0,0.0,0.0,3.0,30.0,6.0,303.0,12.0,1.0,1.0,1.0,0.0,15.0,470.0,0.0,35.0,0.0,0.0,0.0,5767.0,23.0,1864.0,158.0,0.0,1.0,47.0,768.0,33.0,1079.0,0.0,8.0,1.0,0.0,0.0,0.0,0.0,0.0,0.0,0.0,1.0,1.0,7.0,0.0,0.0,0.0,0.0,0.0,12.0,0.0,0.0,0.0,0.0,0.0,1.0,9.0,5.0,10.0,0.0,0.0,6.0,1.0,1.0,2.0,0.0,0.0
ctx-lh-posteriorcingulate,2.0,317.0,32.0,1.0,0.0,0.0,0.0,0.0,0.0,12.0,358.0,1.0,1.0,2.0,2.0,3.0,308.0,0.0,9.0,0.0,4.0,1.0,23.0,1165.0,99.0,445.0,22.0,14.0,452.0,59.0,2.0,6.0,0.0,2.0,0.0,21.0,5.0,1.0,0.0,0.0,0.0,4.0,0.0,8.0,28.0,1.0,0.0,1.0,0.0,0.0,76.0,0.0,2.0,0.0,0.0,0.0,9.0,118.0,39.0,46.0,1.0,4.0,68.0,11.0,5.0,8.0,0.0,1.0
ctx-lh-precentral,12.0,14.0,1146.0,0.0,0.0,0.0,0.0,23.0,5.0,303.0,10.0,1.0,3.0,1.0,1.0,4.0,875.0,0.0,692.0,0.0,8.0,1.0,1864.0,99.0,7439.0,69.0,0.0,23.0,774.0,272.0,22.0,238.0,1.0,4.0,0.0,4.0,7.0,0.0,0.0,0.0,0.0,3.0,0.0,1.0,9.0,0.0,0.0,0.0,0.0,0.0,26.0,0.0,0.0,0.0,0.0,0.0,6.0,32.0,19.0,13.0,0.0,1.0,27.0,1.0,0.0,3.0,0.0,0.0
ctx-lh-precuneus,37.0,10.0,6.0,305.0,0.0,0.0,21.0,287.0,70.0,39.0,1014.0,35.0,0.0,122.0,0.0,42.0,124.0,5.0,0.0,0.0,1.0,183.0,158.0,445.0,69.0,4084.0,0.0,0.0,31.0,2267.0,53.0,59.0,1.0,29.0,8.0,3.0,0.0,1.0,0.0,0.0,1.0,13.0,4.0,7.0,82.0,0.0,0.0,3.0,0.0,8.0,21.0,1.0,0.0,1.0,0.0,1.0,12.0,32.0,10.0,126.0,0.0,0.0,7.0,38.0,15.0,32.0,0.0,5.0
ctx-lh-rostralanteriorcingulate,0.0,288.0,2.0,0.0,0.0,2.0,0.0,0.0,0.0,25.0,1.0,0.0,226.0,0.0,550.0,0.0,0.0,0.0,6.0,19.0,49.0,0.0,0.0,22.0,0.0,0.0,1133.0,178.0,424.0,1.0,0.0,0.0,0.0,0.0,0.0,79.0,1.0,0.0,0.0,3.0,0.0,0.0,0.0,17.0,0.0,0.0,20.0,0.0,55.0,0.0,1.0,0.0,5.0,2.0,9.0,0.0,0.0,7.0,2.0,0.0,97.0,52.0,90.0,0.0,1.0,1.0,0.0,0.0
ctx-lh-rostralmiddlefrontal,0.0,147.0,544.0,0.0,0.0,159.0,0.0,0.0,0.0,98.0,2.0,0.0,641.0,0.0,759.0,0.0,1.0,0.0,493.0,362.0,714.0,0.0,1.0,14.0,23.0,0.0,178.0,5853.0,2137.0,1.0,0.0,0.0,0.0,0.0,0.0,64.0,5.0,0.0,0.0,2.0,0.0,0.0,0.0,10.0,0.0,0.0,5.0,0.0,7.0,0.0,1.0,0.0,9.0,1.0,7.0,0.0,2.0,9.0,3.0,0.0,10.0,18.0,70.0,1.0,0.0,1.0,0.0,0.0
ctx-lh-superiorfrontal,0.0,789.0,1242.0,1.0,0.0,40.0,0.0,2.0,0.0,134.0,28.0,0.0,112.0,2.0,248.0,0.0,623.0,0.0,225.0,31.0,140.0,0.0,47.0,452.0,774.0,31.0,424.0,2137.0,9851.0,27.0,0.0,4.0,0.0,0.0,1.0,177.0,44.0,0.0,0.0,1.0,0.0,2.0,0.0,15.0,12.0,0.0,6.0,0.0,2.0,0.0,64.0,0.0,16.0,3.0,10.0,0.0,14.0,130.0,48.0,10.0,14.0,34.0,264.0,4.0,0.0,5.0,0.0,0.0
ctx-lh-superiorparietal,46.0,2.0,11.0,774.0,0.0,0.0,33.0,1453.0,93.0,85.0,100.0,444.0,0.0,39.0,0.0,57.0,84.0,6.0,3.0,0.0,0.0,251.0,768.0,59.0,272.0,2267.0,1.0,1.0,27.0,5473.0,66.0,526.0,1.0,14.0,2.0,1.0,0.0,0.0,0.0,0.0,0.0,7.0,0.0,4.0,24.0,0.0,0.0,0.0,0.0,3.0,8.0,0.0,0.0,0.0,0.0,0.0,4.0,12.0,3.0,47.0,0.0,0.0,5.0,9.0,4.0,12.0,0.0,4.0
ctx-lh-superiortemporal,845.0,0.0,2.0,21.0,14.0,0.0,77.0,132.0,195.0,253.0,35.0,6.0,2.0,41.0,1.0,1066.0,1.0,12.0,2.0,0.0,1.0,8.0,33.0,2.0,22.0,53.0,0.0,0.0,0.0,66.0,4121.0,514.0,244.0,642.0,1.0,0.0,0.0,1.0,0.0,0.0,0.0,1.0,0.0,1.0,10.0,0.0,0.0,1.0,0.0,4.0,1.0,0.0,0.0,0.0,0.0,0.0,2.0,2.0,0.0,16.0,0.0,0.0,0.0,2.0,1.0,5.0,0.0,0.0
ctx-lh-supramarginal,253.0,1.0,21.0,1.0,0.0,0.0,7.0,895.0,78.0,282.0,28.0,0.0,0.0,8.0,0.0,78.0,2.0,1.0,16.0,0.0,0.0,7.0,1079.0,6.0,238.0,59.0,0.0,0.0,4.0,526.0,514.0,5113.0,1.0,27.0,0.0,0.0,0.0,0.0,0.0,0.0,0.0,0.0,0.0,1.0,5.0,0.0,0.0,1.0,0.0,0.0,1.0,0.0,0.0,0.0,0.0,0.0,2.0,3.0,1.0,12.0,0.0,0.0,2.0,4.0,1.0,3.0,0.0,0.0
ctx-lh-temporalpole,0.0,0.0,0.0,0.0,146.0,0.0,127.0,0.0,196.0,47.0,0.0,0.0,0.0,3.0,0.0,195.0,0.0,3.0,0.0,0.0,0.0,1.0,0.0,0.0,1.0,1.0,0.0,0.0,0.0,1.0,244.0,1.0,500.0,0.0,0.0,0.0,0.0,0.0,0.0,0.0,0.0,0.0,0.0,0.0,0.0,0.0,0.0,0.0,0.0,0.0,0.0,0.0,0.0,0.0,0.0,0.0,0.0,0.0,0.0,1.0,0.0,0.0,0.0,0.0,0.0,0.0,0.0,0.0
ctx-lh-transversetemporal,12.0,1.0,1.0,1.0,0.0,0.0,5.0,11.0,10.0,75.0,12.0,2.0,0.0,14.0,0.0,25.0,0.0,1.0,0.0,0.0,0.0,6.0,8.0,2.0,4.0,29.0,0.0,0.0,0.0,14.0,642.0,27.0,0.0,502.0,0.0,0.0,0.0,0.0,0.0,0.0,0.0,2.0,0.0,0.0,7.0,0.0,0.0,0.0,0.0,0.0,0.0,0.0,0.0,0.0,0.0,0.0,0.0,0.0,0.0,6.0,0.0,0.0,0.0,3.0,1.0,1.0,0.0,1.0
ctx-rh-bankssts,1.0,0.0,0.0,2.0,0.0,0.0,0.0,1.0,1.0,2.0,6.0,0.0,0.0,0.0,0.0,0.0,0.0,0.0,2.0,0.0,0.0,0.0,1.0,0.0,0.0,8.0,0.0,0.0,1.0,2.0,1.0,0.0,0.0,0.0,626.0,0.0,0.0,10.0,0.0,0.0,3.0,401.0,56.0,24.0,9.0,6.0,0.0,14.0,0.0,734.0,2.0,1.0,1.0,0.0,0.0,13.0,17.0,6.0,9.0,76.0,0.0,1.0,1.0,40.0,613.0,280.0,1.0,12.0
ctx-rh-caudalanteriorcingulate,0.0,144.0,25.0,0.0,0.0,0.0,0.0,1.0,0.0,11.0,4.0,0.0,12.0,0.0,13.0,0.0,4.0,0.0,15.0,1.0,17.0,0.0,0.0,21.0,4.0,3.0,79.0,64.0,177.0,1.0,0.0,0.0,0.0,0.0,0.0,444.0,62.0,0.0,0.0,1.0,0.0,1.0,0.0,29.0,7.0,0.0,5.0,0.0,10.0,0.0,12.0,0.0,40.0,4.0,31.0,0.0,6.0,248.0,30.0,4.0,150.0,103.0,676.0,3.0,0.0,4.0,0.0,0.0
ctx-rh-caudalmiddlefrontal,0.0,23.0,5.0,0.0,0.0,0.0,0.0,0.0,0.0,0.0,0.0,0.0,1.0,0.0,0.0,0.0,1.0,0.0,2.0,0.0,0.0,0.0,0.0,5.0,7.0,0.0,1.0,5.0,44.0,0.0,0.0,0.0,0.0,0.0,0.0,62.0,1746.0,0.0,0.0,0.0,0.0,2.0,0.0,38.0,1.0,0.0,1.0,0.0,0.0,0.0,14.0,0.0,237.0,0.0,24.0,0.0,24.0,12.0,937.0,0.0,2.0,519.0,1077.0,8.0,0.0,8.0,0.0,0.0
ctx-rh-cuneus,0.0,0.0,0.0,0.0,0.0,0.0,0.0,0.0,2.0,0.0,0.0,0.0,0.0,0.0,0.0,0.0,0.0,0.0,0.0,0.0,0.0,0.0,0.0,1.0,0.0,1.0,0.0,0.0,0.0,0.0,1.0,0.0,0.0,0.0,10.0,0.0,0.0,1440.0,1.0,0.0,35.0,75.0,80.0,6.0,15.0,402.0,0.0,54.0,0.0,56.0,0.0,0.0,0.0,0.0,0.0,1210.0,2.0,1.0,1.0,317.0,0.0,0.0,0.0,458.0,9.0,6.0,0.0,2.0
ctx-rh-entorhinal,0.0,0.0,0.0,0.0,0.0,0.0,0.0,0.0,0.0,0.0,0.0,0.0,0.0,0.0,0.0,0.0,0.0,0.0,0.0,0.0,0.0,0.0,0.0,0.0,0.0,0.0,0.0,0.0,0.0,0.0,0.0,0.0,0.0,0.0,0.0,0.0,0.0,1.0,151.0,0.0,98.0,0.0,135.0,1.0,1.0,2.0,0.0,2.0,0.0,16.0,0.0,65.0,0.0,0.0,0.0,2.0,0.0,0.0,0.0,0.0,0.0,0.0,0.0,0.0,14.0,0.0,166.0,1.0
ctx-rh-frontalpole,0.0,0.0,0.0,0.0,0.0,0.0,0.0,0.0,0.0,0.0,0.0,0.0,1.0,0.0,0.0,0.0,0.0,0.0,0.0,0.0,1.0,0.0,0.0,0.0,0.0,0.0,3.0,2.0,1.0,0.0,0.0,0.0,0.0,0.0,0.0,1.0,0.0,0.0,0.0,66.0,0.0,0.0,0.0,1.0,0.0,0.0,76.0,0.0,235.0,0.0,0.0,0.0,1.0,12.0,4.0,0.0,0.0,0.0,0.0,0.0,7.0,175.0,69.0,0.0,0.0,0.0,0.0,0.0
ctx-rh-fusiform,0.0,0.0,0.0,0.0,0.0,0.0,0.0,0.0,0.0,0.0,1.0,0.0,0.0,0.0,0.0,0.0,0.0,0.0,0.0,0.0,0.0,0.0,0.0,0.0,0.0,1.0,0.0,0.0,0.0,0.0,0.0,0.0,0.0,0.0,3.0,0.0,0.0,35.0,98.0,0.0,3072.0,39.0,1316.0,14.0,15.0,1069.0,1.0,756.0,1.0,83.0,0.0,303.0,0.0,0.0,0.0,278.0,0.0,0.0,0.0,20.0,0.0,0.0,0.0,26.0,46.0,2.0,122.0,4.0
ctx-rh-inferiorparietal,1.0,1.0,0.0,1.0,0.0,0.0,0.0,5.0,0.0,1.0,13.0,0.0,0.0,1.0,0.0,0.0,1.0,1.0,0.0,0.0,0.0,0.0,0.0,4.0,3.0,13.0,0.0,0.0,2.0,7.0,1.0,0.0,0.0,2.0,401.0,1.0,2.0,75.0,0.0,0.0,39.0,7059.0,287.0,17.0,47.0,537.0,0.0,32.0,0.0,663.0,5.0,6.0,1.0,0.0,0.0,94.0,55.0,6.0,33.0,412.0,0.0,0.0,3.0,1776.0,87.0,922.0,1.0,6.0
ctx-rh-inferiortemporal,0.0,0.0,0.0,0.0,0.0,0.0,0.0,1.0,0.0,0.0,0.0,0.0,0.0,0.0,0.0,1.0,0.0,0.0,0.0,0.0,0.0,0.0,1.0,0.0,0.0,4.0,0.0,0.0,0.0,0.0,0.0,0.0,0.0,0.0,56.0,0.0,0.0,80.0,135.0,0.0,1316.0,287.0,3699.0,58.0,12.0,454.0,3.0,225.0,1.0,1360.0,0.0,68.0,0.0,0.0,0.0,248.0,2.0,0.0,1.0,118.0,1.0,0.0,0.0,77.0,296.0,32.0,167.0,9.0
ctx-rh-insula,0.0,16.0,2.0,1.0,0.0,0.0,0.0,2.0,0.0,5.0,10.0,0.0,2.0,0.0,2.0,0.0,3.0,0.0,1.0,0.0,1.0,0.0,1.0,8.0,1.0,7.0,17.0,10.0,15.0,4.0,1.0,1.0,0.0,0.0,24.0,29.0,38.0,6.0,1.0,1.0,14.0,17.0,58.0,1583.0,14.0,1.0,371.0,12.0,37.0,64.0,27.0,6.0,153.0,40.0,106.0,5.0,234.0,18.0,230.0,62.0,29.0,132.0,148.0,51.0,321.0,284.0,15.0,102.0
ctx-rh-isthmuscingulate,0.0,1.0,1.0,1.0,0.0,0.0,2.0,6.0,5.0,8.0,68.0,1.0,0.0,4.0,0.0,4.0,4.0,0.0,1.0,0.0,0.0,4.0,7.0,28.0,9.0,82.0,0.0,0.0,12.0,24.0,10.0,5.0,0.0,7.0,9.0,7.0,1.0,15.0,1.0,0.0,15.0,47.0,12.0,14.0,676.0,1.0,0.0,110.0,0.0,22.0,15.0,88.0,0.0,0.0,0.0,4.0,8.0,229.0,13.0,1180.0,0.0,0.0,7.0,74.0,20.0,41.0,1.0,4.0
ctx-rh-lateraloccipital,0.0,0.0,0.0,0.0,0.0,0.0,0.0,0.0,0.0,0.0,1.0,0.0,0.0,0.0,0.0,0.0,0.0,0.0,0.0,0.0,0.0,0.0,0.0,1.0,0.0,0.0,0.0,0.0,0.0,0.0,0.0,0.0,0.0,0.0,6.0,0.0,0.0,402.0,2.0,0.0,1069.0,537.0,454.0,1.0,1.0,6301.0,0.0,612.0,0.0,176.0,0.0,7.0,0.0,0.0,0.0,1319.0,0.0,0.0,1.0,56.0,0.0,0.0,0.0,491.0,7.0,1.0,1.0,0.0
ctx-rh-lateralorbitofrontal,0.0,3.0,0.0,0.0,0.0,0.0,0.0,0.0,0.0,0.0,0.0,0.0,5.0,0.0,5.0,0.0,0.0,0.0,1.0,0.0,0.0,0.0,0.0,0.0,0.0,0.0,20.0,5.0,6.0,0.0,0.0,0.0,0.0,0.0,0.0,5.0,1.0,0.0,0.0,76.0,1.0,0.0,3.0,371.0,0.0,0.0,2374.0,0.0,706.0,2.0,0.0,0.0,6.0,534.0,246.0,1.0,0.0,1.0,2.0,1.0,111.0,394.0,100.0,0.0,12.0,0.0,7.0,0.0
ctx-rh-lingual,0.0,0.0,0.0,2.0,0.0,0.0,0.0,1.0,1.0,0.0,4.0,0.0,0.0,40.0,0.0,0.0,0.0,0.0,0.0,0.0,0.0,7.0,0.0,1.0,0.0,3.0,0.0,0.0,0.0,0.0,1.0,1.0,0.0,0.0,14.0,0.0,0.0,54.0,2.0,0.0,756.0,32.0,225.0,12.0,110.0,612.0,0.0,4662.0,0.0,104.0,0.0,383.0,1.0,0.0,0.0,1197.0,1.0,1.0,1.0,176.0,0.0,0.0,0.0,22.0,31.0,9.0,0.0,5.0
ctx-rh-medialorbitofrontal,0.0,4.0,0.0,0.0,0.0,0.0,0.0,0.0,0.0,0.0,0.0,0.0,2.0,0.0,13.0,0.0,0.0,0.0,0.0,0.0,1.0,0.0,0.0,0.0,0.0,0.0,55.0,7.0,2.0,0.0,0.0,0.0,0.0,0.0,0.0,10.0,0.0,0.0,0.0,235.0,1.0,0.0,1.0,37.0,0.0,0.0,706.0,0.0,1533.0,0.0,0.0,0.0,2.0,42.0,18.0,0.0,0.0,0.0,1.0,0.0,355.0,392.0,276.0,0.0,2.0,0.0,0.0,0.0
ctx-rh-middletemporal,0.0,1.0,0.0,0.0,0.0,0.0,0.0,0.0,0.0,0.0,6.0,0.0,0.0,1.0,0.0,1.0,0.0,0.0,0.0,0.0,0.0,0.0,0.0,0.0,0.0,8.0,0.0,0.0,0.0,3.0,4.0,0.0,0.0,0.0,734.0,0.0,0.0,56.0,16.0,0.0,83.0,663.0,1360.0,64.0,22.0,176.0,2.0,104.0,0.0,3797.0,1.0,6.0,0.0,0.0,0.0,80.0,12.0,1.0,3.0,171.0,1.0,0.0,1.0,110.0,891.0,90.0,157.0,24.0
ctx-rh-paracentral,0.0,9.0,15.0,0.0,0.0,0.0,0.0,0.0,2.0,4.0,12.0,0.0,0.0,0.0,0.0,0.0,31.0,0.0,3.0,0.0,1.0,0.0,12.0,76.0,26.0,21.0,1.0,1.0,64.0,8.0,1.0,1.0,0.0,0.0,2.0,12.0,14.0,0.0,0.0,0.0,0.0,5.0,0.0,27.0,15.0,0.0,0.0,0.0,0.0,1.0,1869.0,0.0,6.0,0.0,0.0,0.0,449.0,257.0,811.0,260.0,0.0,1.0,487.0,120.0,4.0,30.0,0.0,0.0
ctx-rh-parahippocampal,0.0,0.0,0.0,1.0,0.0,0.0,0.0,0.0,0.0,0.0,0.0,0.0,0.0,0.0,0.0,0.0,0.0,0.0,0.0,0.0,0.0,0.0,0.0,0.0,0.0,1.0,0.0,0.0,0.0,0.0,0.0,0.0,0.0,0.0,1.0,0.0,0.0,0.0,65.0,0.0,303.0,6.0,68.0,6.0,88.0,7.0,0.0,383.0,0.0,6.0,0.0,436.0,0.0,0.0,0.0,9.0,0.0,0.0,0.0,9.0,0.0,0.0,0.0,2.0,5.0,1.0,8.0,0.0
ctx-rh-parsopercularis,0.0,13.0,1.0,0.0,0.0,0.0,0.0,0.0,0.0,1.0,0.0,0.0,1.0,0.0,1.0,0.0,0.0,0.0,2.0,0.0,1.0,0.0,0.0,2.0,0.0,0.0,5.0,9.0,16.0,0.0,0.0,0.0,0.0,0.0,1.0,40.0,237.0,0.0,0.0,1.0,0.0,1.0,0.0,153.0,0.0,0.0,6.0,1.0,2.0,0.0,6.0,0.0,864.0,5.0,282.0,0.0,61.0,4.0,778.0,3.0,4.0,429.0,210.0,1.0,2.0,7.0,0.0,0.0
ctx-rh-parsorbitalis,0.0,0.0,0.0,0.0,0.0,0.0,0.0,0.0,0.0,0.0,0.0,0.0,1.0,0.0,2.0,0.0,0.0,0.0,0.0,0.0,0.0,0.0,0.0,0.0,0.0,1.0,2.0,1.0,3.0,0.0,0.0,0.0,0.0,0.0,0.0,4.0,0.0,0.0,0.0,12.0,0.0,0.0,0.0,40.0,0.0,0.0,534.0,0.0,42.0,0.0,0.0,0.0,5.0,535.0,309.0,0.0,0.0,0.0,0.0,0.0,21.0,370.0,57.0,0.0,0.0,0.0,0.0,0.0
ctx-rh-parstriangularis,0.0,7.0,0.0,0.0,0.0,0.0,0.0,0.0,0.0,3.0,0.0,0.0,3.0,0.0,3.0,0.0,0.0,0.0,0.0,0.0,0.0,0.0,0.0,0.0,0.0,0.0,9.0,7.0,10.0,0.0,0.0,0.0,0.0,0.0,0.0,31.0,24.0,0.0,0.0,4.0,0.0,0.0,0.0,106.0,0.0,0.0,246.0,0.0,18.0,0.0,0.0,0.0,282.0,309.0,1216.0,0.0,2.0,0.0,17.0,0.0,32.0,677.0,171.0,0.0,1.0,3.0,0.0,0.0
ctx-rh-pericalcarine,0.0,0.0,0.0,0.0,0.0,0.0,0.0,1.0,0.0,0.0,2.0,0.0,0.0,0.0,0.0,0.0,0.0,0.0,0.0,0.0,0.0,0.0,0.0,0.0,0.0,1.0,0.0,0.0,0.0,0.0,0.0,0.0,0.0,0.0,13.0,0.0,0.0,1210.0,2.0,0.0,278.0,94.0,248.0,5.0,4.0,1319.0,1.0,1197.0,0.0,80.0,0.0,9.0,0.0,0.0,0.0,939.0,0.0,0.0,0.0,149.0,0.0,0.0,0.0,125.0,8.0,4.0,1.0,1.0
ctx-rh-postcentral,0.0,2.0,1.0,0.0,0.0,0.0,0.0,0.0,1.0,1.0,3.0,0.0,0.0,2.0,0.0,1.0,5.0,0.0,2.0,0.0,0.0,0.0,1.0,9.0,6.0,12.0,0.0,2.0,14.0,4.0,2.0,2.0,0.0,0.0,17.0,6.0,24.0,2.0,0.0,0.0,0.0,55.0,2.0,234.0,8.0,0.0,0.0,1.0,0.0,12.0,449.0,0.0,61.0,0.0,2.0,0.0,5502.0,17.0,1793.0,167.0,0.0,8.0,77.0,546.0,9.0,1095.0,0.0,1.0
ctx-rh-posteriorcingulate,1.0,35.0,22.0,0.0,0.0,0.0,1.0,4.0,1.0,13.0,28.0,0.0,1.0,0.0,2.0,0.0,35.0,0.0,11.0,0.0,1.0,0.0,9.0,118.0,32.0,32.0,7.0,9.0,130.0,12.0,2.0,3.0,0.0,0.0,6.0,248.0,12.0,1.0,0.0,0.0,0.0,6.0,0.0,18.0,229.0,0.0,1.0,1.0,0.0,1.0,257.0,0.0,4.0,0.0,0.0,0.0,17.0,848.0,76.0,438.0,5.0,7.0,256.0,34.0,12.0,29.0,0.0,1.0
ctx-rh-precentral,0.0,33.0,6.0,0.0,0.0,0.0,0.0,0.0,0.0,5.0,6.0,0.0,0.0,0.0,0.0,0.0,15.0,0.0,3.0,0.0,3.0,0.0,5.0,39.0,19.0,10.0,2.0,3.0,48.0,3.0,0.0,1.0,0.0,0.0,9.0,30.0,937.0,1.0,0.0,0.0,0.0,33.0,1.0,230.0,13.0,1.0,2.0,1.0,1.0,3.0,811.0,0.0,778.0,0.0,17.0,0.0,1793.0,76.0,8341.0,63.0,1.0,57.0,1313.0,178.0,9.0,236.0,0.0,0.0
ctx-rh-precuneus,2.0,3.0,2.0,4.0,0.0,0.0,0.0,10.0,4.0,13.0,103.0,1.0,0.0,9.0,0.0,10.0,10.0,1.0,0.0,0.0,0.0,4.0,10.0,46.0,13.0,126.0,0.0,0.0,10.0,47.0,16.0,12.0,1.0,6.0,76.0,4.0,0.0,317.0,0.0,0.0,20.0,412.0,118.0,62.0,1180.0,56.0,1.0,176.0,0.0,171.0,260.0,9.0,3.0,0.0,0.0,149.0,167.0,438.0,63.0,5304.0,0.0,0.0,14.0,2687.0,89.0,171.0,2.0,29.0
ctx-rh-rostralanteriorcingulate,0.0,19.0,1.0,0.0,0.0,0.0,0.0,0.0,0.0,1.0,1.0,0.0,7.0,0.0,19.0,0.0,0.0,0.0,0.0,1.0,8.0,0.0,0.0,1.0,0.0,0.0,97.0,10.0,14.0,0.0,0.0,0.0,0.0,0.0,0.0,150.0,2.0,0.0,0.0,7.0,0.0,0.0,1.0,29.0,0.0,0.0,111.0,0.0,355.0,1.0,0.0,0.0,4.0,21.0,32.0,0.0,0.0,5.0,1.0,0.0,476.0,94.0,319.0,0.0,0.0,0.0,0.0,0.0
ctx-rh-rostralmiddlefrontal,0.0,26.0,2.0,0.0,0.0,0.0,0.0,0.0,0.0,4.0,0.0,0.0,2.0,0.0,4.0,0.0,0.0,0.0,6.0,2.0,6.0,0.0,0.0,4.0,1.0,0.0,52.0,18.0,34.0,0.0,0.0,0.0,0.0,0.0,1.0,103.0,519.0,0.0,0.0,175.0,0.0,0.0,0.0,132.0,0.0,0.0,394.0,0.0,392.0,0.0,1.0,0.0,429.0,370.0,677.0,0.0,8.0,7.0,57.0,0.0,94.0,5311.0,2119.0,1.0,4.0,1.0,0.0,0.0
ctx-rh-superiorfrontal,0.0,205.0,45.0,0.0,0.0,0.0,0.0,0.0,0.0,15.0,2.0,0.0,11.0,0.0,11.0,0.0,26.0,0.0,28.0,3.0,19.0,0.0,6.0,68.0,27.0,7.0,90.0,70.0,264.0,5.0,0.0,2.0,0.0,0.0,1.0,676.0,1077.0,0.0,0.0,69.0,0.0,3.0,0.0,148.0,7.0,0.0,100.0,0.0,276.0,1.0,487.0,0.0,210.0,57.0,171.0,0.0,77.0,256.0,1313.0,14.0,319.0,2119.0,9353.0,19.0,1.0,14.0,1.0,0.0
ctx-rh-superiorparietal,1.0,1.0,2.0,3.0,0.0,0.0,0.0,4.0,1.0,4.0,26.0,0.0,0.0,2.0,0.0,2.0,4.0,1.0,0.0,0.0,0.0,1.0,1.0,11.0,1.0,38.0,0.0,1.0,4.0,9.0,2.0,4.0,0.0,3.0,40.0,3.0,8.0,458.0,0.0,0.0,26.0,1776.0,77.0,51.0,74.0,491.0,0.0,22.0,0.0,110.0,120.0,2.0,1.0,0.0,0.0,125.0,546.0,34.0,178.0,2687.0,0.0,1.0,19.0,5994.0,39.0,519.0,1.0,5.0
ctx-rh-superiortemporal,0.0,0.0,0.0,1.0,0.0,0.0,0.0,2.0,0.0,1.0,8.0,0.0,0.0,0.0,0.0,1.0,2.0,0.0,0.0,0.0,0.0,1.0,1.0,5.0,0.0,15.0,1.0,0.0,0.0,4.0,1.0,1.0,0.0,1.0,613.0,0.0,0.0,9.0,14.0,0.0,46.0,87.0,296.0,321.0,20.0,7.0,12.0,31.0,2.0,891.0,4.0,5.0,2.0,0.0,1.0,8.0,9.0,12.0,9.0,89.0,0.0,4.0,1.0,39.0,4870.0,359.0,317.0,769.0
ctx-rh-supramarginal,0.0,2.0,0.0,0.0,0.0,0.0,0.0,2.0,2.0,4.0,19.0,0.0,0.0,3.0,0.0,2.0,2.0,0.0,2.0,0.0,0.0,4.0,2.0,8.0,3.0,32.0,1.0,1.0,5.0,12.0,5.0,3.0,0.0,1.0,280.0,4.0,8.0,6.0,0.0,0.0,2.0,922.0,32.0,284.0,41.0,1.0,0.0,9.0,0.0,90.0,30.0,1.0,7.0,0.0,3.0,4.0,1095.0,29.0,236.0,171.0,0.0,1.0,14.0,519.0,359.0,5339.0,0.0,34.0
ctx-rh-temporalpole,0.0,0.0,0.0,0.0,0.0,0.0,0.0,0.0,0.0,0.0,0.0,0.0,0.0,0.0,0.0,0.0,0.0,0.0,0.0,0.0,0.0,0.0,0.0,0.0,0.0,0.0,0.0,0.0,0.0,0.0,0.0,0.0,0.0,0.0,1.0,0.0,0.0,0.0,166.0,0.0,122.0,1.0,167.0,15.0,1.0,1.0,7.0,0.0,0.0,157.0,0.0,8.0,0.0,0.0,0.0,1.0,0.0,0.0,0.0,2.0,0.0,0.0,1.0,1.0,317.0,0.0,171.0,1.0
ctx-rh-transversetemporal,0.0,0.0,0.0,1.0,0.0,0.0,0.0,1.0,0.0,0.0,3.0,0.0,0.0,1.0,0.0,0.0,0.0,0.0,0.0,0.0,0.0,0.0,0.0,1.0,0.0,5.0,0.0,0.0,0.0,4.0,0.0,0.0,0.0,1.0,12.0,0.0,0.0,2.0,1.0,0.0,4.0,6.0,9.0,102.0,4.0,0.0,0.0,5.0,0.0,24.0,0.0,0.0,0.0,0.0,0.0,1.0,1.0,1.0,0.0,29.0,0.0,0.0,0.0,5.0,769.0,34.0,1.0,244.0
