,ctx-lh-bankssts,ctx-lh-caudalanteriorcingulate,ctx-lh-caudalmiddlefrontal,ctx-lh-cuneus,ctx-lh-entorhinal,ctx-lh-frontalpole,ctx-lh-fusiform,ctx-lh-inferiorparietal,ctx-lh-inferiortemporal,ctx-lh-insula,ctx-lh-isthmuscingulate,ctx-lh-lateraloccipital,ctx-lh-lateralorbitofrontal,ctx-lh-lingual,ctx-lh-medialorbitofrontal,ctx-lh-middletemporal,ctx-lh-paracentral,ctx-lh-parahippocampal,ctx-lh-parsopercularis,ctx-lh-parsorbitalis,ctx-lh-parstriangularis,ctx-lh-pericalcarine,ctx-lh-postcentral,ctx-lh-posteriorcingulate,ctx-lh-precentral,ctx-lh-precuneus,ctx-lh-rostralanteriorcingulate,ctx-lh-rostralmiddlefrontal,ctx-lh-superiorfrontal,ctx-lh-superiorparietal,ctx-lh-superiortemporal,ctx-lh-supramarginal,ctx-lh-temporalpole,ctx-lh-transversetemporal,ctx-rh-bankssts,ctx-rh-caudalanteriorcingulate,ctx-rh-caudalmiddlefrontal,ctx-rh-cuneus,ctx-rh-entorhinal,ctx-rh-frontalpole,ctx-rh-fusiform,ctx-rh-inferiorparietal,ctx-rh-inferiortemporal,ctx-rh-insula,ctx-rh-isthmuscingulate,ctx-rh-lateraloccipital,ctx-rh-lateralorbitofrontal,ctx-rh-lingual,ctx-rh-medialorbitofrontal,ctx-rh-middletemporal,ctx-rh-paracentral,ctx-rh-parahippocampal,ctx-rh-parsopercularis,ctx-rh-parsorbitalis,ctx-rh-parstriangularis,ctx-rh-pericalcarine,ctx-rh-postcentral,ctx-rh-posteriorcingulate,ctx-rh-precentral,ctx-rh-precuneus,ctx-rh-rostralanteriorcingulate,ctx-rh-rostralmiddlefrontal,ctx-rh-superiorfrontal,ctx-rh-superiorparietal,ctx-rh-superiortemporal,ctx-rh-supramarginal,ctx-rh-temporalpole,ctx-rh-transversetemporal
ctx-lh-bankssts,882.0,1.0,2.0,2.0,0.0,0.0,29.0,449.0,210.0,24.0,11.0,57.0,0.0,3.0,0.0,551.0,1.0,2.0,2.0,0.0,0.0,4.0,37.0,4.0,16.0,23.0,0.0,0.0,4.0,39.0,945.0,275.0,1.0,14.0,0.0,0.0,0.0,0.0,0.0,0.0,0.0,1.0,0.0,0.0,2.0,0.0,0.0,1.0,0.0,0.0,0.0,0.0,0.0,0.0,0.0,0.0,0.0,0.0,0.0,3.0,0.0,0.0,0.0,1.0,0.0,1.0,0.0,1.0
ctx-lh-caudalanteriorcingulate,1.0,712.0,43.0,0.0,0.0,0.0,0.0,0.0,0.0,18.0,21.0,0.0,4.0,0.0,12.0,0.0,18.0,1.0,34.0,6.0,26.0,0.0,2.0,436.0,40.0,22.0,314.0,92.0,751.0,4.0,0.0,1.0,0.0,0.0,0.0,126.0,20.0,0.0,0.0,0.0,0.0,0.0,1.0,8.0,1.0,0.0,2.0,0.0,3.0,0.0,9.0,0.0,6.0,1.0,9.0,0.0,1.0,31.0,9.0,3.0,38.0,35.0,144.0,1.0,0.0,1.0,0.0,0.0
ctx-lh-caudalmiddlefrontal,2.0,43.0,2750.0,0.0,0.0,0.0,0.0,6.0,2.0,64.0,1.0,0.0,4.0,0.0,1.0,1.0,27.0,0.0,302.0,2.0,40.0,0.0,55.0,25.0,1437.0,4.0,11.0,950.0,933.0,6.0,2.0,19.0,0.0,2.0,0.0,20.0,7.0,0.0,0.0,0.0,0.0,1.0,0.0,1.0,0.0,0.0,0.0,0.0,0.0,0.0,5.0,0.0,3.0,0.0,1.0,0.0,0.0,13.0,5.0,0.0,1.0,3.0,47.0,0.0,0.0,0.0,0.0,0.0
ctx-lh-cuneus,2.0,0.0,0.0,1540.0,2.0,0.0,19.0,32.0,4.0,0.0,37.0,325.0,0.0,215.0,0.0,1.0,0.0,3.0,0.0,0.0,0.0,1830.0,0.0,0.0,0.0,218.0,0.0,0.0,0.0,841.0,7.0,1.0,0.0,2.0,0.0,0.0,0.0,7.0,0.0,0.0,1.0,0.0,0.0,0.0,4.0,3.0,0.0,2.0,0.0,1.0,0.0,0.0,0.0,0.0,0.0,4.0,0.0,1.0,0.0,5.0,0.0,0.0,0.0,3.0,0.0,0.0,0.0,0.0
ctx-lh-entorhinal,0.0,0.0,0.0,2.0,325.0,0.0,265.0,1.0,163.0,16.0,1.0,6.0,1.0,1.0,0.0,81.0,0.0,169.0,1.0,0.0,0.0,1.0,0.0,0.0,0.0,0.0,0.0,0.0,0.0,0.0,101.0,3.0,347.0,0.0,0.0,0.0,0.0,0.0,0.0,0.0,0.0,0.0,0.0,0.0,0.0,0.0,0.0,0.0,0.0,0.0,0.0,0.0,0.0,0.0,0.0,0.0,0.0,0.0,0.0,0.0,0.0,0.0,0.0,0.0,0.0,0.0,0.0,0.0
ctx-lh-frontalpole,0.0,0.0,0.0,0.0,0.0,52.0,0.0,0.0,0.0,4.0,0.0,0.0,65.0,0.0,288.0,0.0,0.0,0.0,1.0,11.0,10.0,0.0,0.0,0.0,0.0,0.0,8.0,423.0,94.0,0.0,0.0,0.0,0.0,0.0,0.0,2.0,0.0,0.0,0.0,0.0,0.0,0.0,0.0,0.0,0.0,0.0,1.0,0.0,0.0,0.0,0.0,0.0,0.0,0.0,0.0,0.0,0.0,0.0,0.0,0.0,0.0,0.0,2.0,0.0,0.0,0.0,0.0,0.0
ctx-lh-fusiform,29.0,0.0,0.0,19.0,265.0,0.0,3420.0,131.0,1313.0,43.0,18.0,1686.0,1.0,902.0,1.0,309.0,2.0,191.0,0.0,0.0,0.0,74.0,5.0,2.0,0.0,33.0,0.0,0.0,0.0,61.0,177.0,13.0,123.0,8.0,0.0,0.0,0.0,2.0,0.0,0.0,0.0,2.0,1.0,0.0,2.0,2.0,0.0,1.0,0.0,1.0,0.0,0.0,0.0,0.0,0.0,1.0,0.0,0.0,0.0,7.0,0.0,0.0,0.0,2.0,0.0,0.0,0.0,0.0
ctx-lh-inferiorparietal,449.0,0.0,6.0,32.0,1.0,0.0,131.0,5335.0,127.0,27.0,41.0,1016.0,0.0,42.0,0.0,357.0,4.0,3.0,1.0,0.0,0.0,29.0,92.0,5.0,60.0,292.0,0.0,0.0,2.0,1497.0,108.0,934.0,1.0,14.0,1.0,1.0,1.0,3.0,0.0,0.0,0.0,0.0,0.0,0.0,4.0,4.0,0.0,2.0,0.0,1.0,0.0,0.0,0.0,0.0,0.0,3.0,0.0,5.0,0.0,13.0,0.0,0.0,0.0,5.0,2.0,0.0,0.0,0.0
ctx-lh-inferiortemporal,210.0,0.0,2.0,4.0,163.0,0.0,1313.0,127.0,2722.0,65.0,17.0,332.0,2.0,53.0,0.0,2147.0,1.0,35.0,0.0,0.0,0.0,8.0,12.0,0.0,9.0,34.0,0.0,0.0,1.0,30.0,370.0,60.0,246.0,18.0,0.0,0.0,0.0,1.0,0.0,0.0,0.0,0.0,0.0,0.0,3.0,0.0,0.0,0.0,0.0,0.0,0.0,0.0,0.0,0.0,0.0,0.0,1.0,2.0,0.0,4.0,0.0,0.0,0.0,2.0,3.0,1.0,0.0,0.0
ctx-lh-insula,24.0,18.0,64.0,0.0,16.0,4.0,43.0,27.0,65.0,1843.0,11.0,14.0,432.0,5.0,51.0,98.0,17.0,3.0,226.0,26.0,104.0,4.0,385.0,19.0,476.0,40.0,38.0,89.0,148.0,54.0,357.0,247.0,49.0,90.0,0.0,12.0,4.0,0.0,0.0,0.0,0.0,1.0,0.0,0.0,7.0,0.0,0.0,1.0,4.0,0.0,4.0,0.0,2.0,0.0,0.0,0.0,2.0,12.0,2.0,10.0,3.0,3.0,11.0,1.0,1.0,2.0,0.0,0.0
ctx-lh-isthmuscingulate,11.0,21.0,1.0,37.0,1.0,0.0,18.0,41.0,17.0,11.0,706.0,49.0,0.0,159.0,0.0,11.0,34.0,55.0,0.0,0.0,0.0,26.0,24.0,341.0,19.0,1102.0,2.0,0.0,32.0,104.0,29.0,37.0,0.0,9.0,6.0,0.0,1.0,5.0,0.0,0.0,3.0,8.0,3.0,3.0,43.0,7.0,0.0,6.0,0.0,6.0,6.0,2.0,0.0,0.0,0.0,7.0,2.0,22.0,4.0,67.0,0.0,0.0,4.0,20.0,9.0,7.0,0.0,3.0
ctx-lh-lateraloccipital,57.0,0.0,0.0,325.0,6.0,0.0,1686.0,1016.0,332.0,14.0,49.0,8162.0,0.0,805.0,0.0,169.0,2.0,12.0,1.0,0.0,0.0,904.0,12.0,1.0,7.0,142.0,0.0,0.0,1.0,648.0,57.0,23.0,0.0,7.0,0.0,0.0,0.0,3.0,0.0,0.0,3.0,2.0,3.0,0.0,8.0,4.0,0.0,3.0,0.0,0.0,0.0,0.0,0.0,0.0,0.0,3.0,0.0,1.0,0.0,24.0,0.0,0.0,0.0,5.0,3.0,0.0,0.0,0.0
ctx-lh-lateralorbitofrontal,0.0,4.0,4.0,0.0,1.0,65.0,1.0,0.0,2.0,432.0,0.0,0.0,3586.0,0.0,2281.0,9.0,0.0,0.0,31.0,810.0,411.0,0.0,1.0,1.0,11.0,0.0,205.0,616.0,65.0,0.0,14.0,3.0,4.0,0.0,0.0,1.0,0.0,0.0,0.0,0.0,0.0,0.0,0.0,0.0,0.0,0.0,0.0,0.0,5.0,0.0,0.0,0.0,2.0,0.0,1.0,0.0,0.0,0.0,0.0,0.0,4.0,3.0,5.0,0.0,0.0,0.0,0.0,0.0
ctx-lh-lingual,3.0,0.0,0.0,215.0,1.0,0.0,902.0,42.0,53.0,5.0,159.0,805.0,0.0,4542.0,0.0,13.0,1.0,238.0,0.0,0.0,0.0,1368.0,1.0,1.0,2.0,202.0,0.0,0.0,0.0,71.0,26.0,2.0,2.0,2.0,0.0,0.0,0.0,3.0,0.0,0.0,0.0,2.0,0.0,0.0,7.0,1.0,0.0,2.0,0.0,2.0,0.0,0.0,0.0,0.0,0.0,0.0,0.0,1.0,0.0,11.0,0.0,0.0,1.0,2.0,1.0,2.0,0.0,0.0
ctx-lh-medialorbitofrontal,0.0,12.0,1.0,0.0,0.0,288.0,1.0,0.0,0.0,51.0,0.0,0.0,2281.0,0.0,1925.0,2.0,1.0,0.0,9.0,113.0,60.0,1.0,0.0,1.0,1.0,0.0,561.0,1092.0,305.0,0.0,4.0,0.0,0.0,0.0,0.0,10.0,2.0,0.0,0.0,0.0,0.0,0.0,0.0,3.0,0.0,0.0,1.0,0.0,5.0,0.0,0.0,0.0,0.0,1.0,2.0,0.0,0.0,0.0,1.0,0.0,25.0,8.0,14.0,0.0,0.0,0.0,0.0,0.0
ctx-lh-middletemporal,551.0,0.0,1.0,1.0,81.0,0.0,309.0,357.0,2147.0,98.0,11.0,169.0,9.0,13.0,2.0,2616.0,1.0,14.0,1.0,0.0,1.0,4.0,18.0,3.0,15.0,44.0,1.0,0.0,2.0,64.0,1147.0,87.0,274.0,19.0,1.0,0.0,0.0,0.0,0.0,0.0,0.0,1.0,0.0,1.0,3.0,2.0,0.0,0.0,0.0,2.0,0.0,0.0,0.0,0.0,0.0,0.0,0.0,0.0,0.0,3.0,0.0,0.0,1.0,4.0,0.0,0.0,0.0,0.0
ctx-lh-paracentral,1.0,18.0,27.0,0.0,0.0,0.0,2.0,4.0,1.0,17.0,34.0,2.0,0.0,1.0,1.0,1.0,2018.0,0.0,7.0,0.0,0.0,0.0,565.0,303.0,1027.0,383.0,1.0,3.0,776.0,154.0,5.0,9.0,0.0,2.0,0.0,3.0,2.0,0.0,0.0,0.0,0.0,2.0,0.0,4.0,5.0,0.0,0.0,0.0,0.0,0.0,236.0,0.0,1.0,0.0,0.0,0.0,13.0,53.0,50.0,9.0,0.0,1.0,45.0,7.0,0.0,2.0,0.0,0.0
ctx-lh-parahippocampal,2.0,1.0,0.0,3.0,169.0,0.0,191.0,3.0,35.0,3.0,55.0,12.0,0.0,238.0,0.0,14.0,0.0,538.0,0.0,0.0,0.0,13.0,0.0,0.0,0.0,19.0,0.0,0.0,0.0,3.0,11.0,3.0,3.0,0.0,0.0,0.0,0.0,0.0,0.0,0.0,1.0,0.0,0.0,0.0,0.0,0.0,0.0,0.0,0.0,0.0,0.0,0.0,0.0,0.0,0.0,0.0,0.0,1.0,0.0,0.0,0.0,0.0,0.0,0.0,0.0,1.0,0.0,0.0
ctx-lh-parsopercularis,2.0,34.0,302.0,0.0,1.0,1.0,0.0,1.0,0.0,226.0,0.0,1.0,31.0,0.0,9.0,1.0,7.0,0.0,1957.0,10.0,571.0,0.0,54.0,8.0,836.0,5.0,15.0,542.0,170.0,6.0,3.0,13.0,0.0,1.0,0.0,11.0,2.0,0.0,0.0,0.0,0.0,0.0,0.0,4.0,0.0,0.0,0.0,0.0,1.0,0.0,1.0,0.0,1.0,3.0,2.0,0.0,0.0,3.0,1.0,0.0,3.0,2.0,19.0,0.0,0.0,0.0,0.0,0.0
ctx-lh-parsorbitalis,0.0,6.0,2.0,0.0,0.0,11.0,0.0,0.0,0.0,26.0,0.0,0.0,810.0,0.0,113.0,0.0,0.0,0.0,10.0,672.0,505.0,0.0,1.0,1.0,1.0,0.0,34.0,409.0,34.0,0.0,0.0,1.0,0.0,0.0,0.0,1.0,0.0,0.0,0.0,0.0,0.0,0.0,0.0,0.0,0.0,0.0,0.0,0.0,0.0,0.0,0.0,0.0,0.0,0.0,0.0,0.0,0.0,0.0,0.0,0.0,2.0,2.0,2.0,0.0,0.0,0.0,0.0,0.0
ctx-lh-parstriangularis,0.0,26.0,40.0,0.0,0.0,10.0,0.0,0.0,0.0,104.0,0.0,0.0,411.0,0.0,60.0,1.0,0.0,0.0,571.0,505.0,1174.0,0.0,3.0,3.0,16.0,0.0,62.0,873.0,127.0,0.0,1.0,0.0,0.0,0.0,0.0,11.0,0.0,0.0,0.0,0.0,0.0,0.0,0.0,1.0,0.0,0.0,0.0,0.0,0.0,0.0,0.0,0.0,0.0,0.0,0.0,0.0,0.0,1.0,0.0,0.0,4.0,1.0,9.0,0.0,0.0,0.0,0.0,0.0
ctx-lh-pericalcarine,4.0,0.0,0.0,1830.0,1.0,0.0,74.0,29.0,8.0,4.0,26.0,904.0,0.0,1368.0,1.0,4.0,0.0,13.0,0.0,0.0,0.0,1021.0,1.0,0.0,1.0,120.0,0.0,0.0,0.0,259.0,7.0,5.0,0.0,1.0,1.0,0.0,0.0,4.0,0.0,0.0,0.0,1.0,1.0,1.0,2.0,2.0,0.0,0.0,0.0,0.0,0.0,0.0,0.0,0.0,0.0,2.0,0.0,1.0,0.0,8.0,0.0,0.0,0.0,2.0,0.0,0.0,0.0,1.0
ctx-lh-postcentral,37.0,2.0,55.0,0.0,0.0,0.0,5.0,92.0,12.0,385.0,24.0,12.0,1.0,1.0,0.0,18.0,565.0,0.0,54.0,1.0,3.0,1.0,6782.0,34.0,2360.0,149.0,0.0,5.0,58.0,904.0,38.0,1412.0,0.0,8.0,1.0,1.0,1.0,0.0,0.0,0.0,0.0,0.0,0.0,2.0,2.0,0.0,0.0,0.0,0.0,1.0,2.0,0.0,0.0,0.0,0.0,0.0,1.0,4.0,3.0,6.0,0.0,0.0,8.0,2.0,0.0,1.0,0.0,0.0
ctx-lh-posteriorcingulate,4.0,436.0,25.0,0.0,0.0,0.0,2.0,5.0,0.0,19.0,341.0,1.0,1.0,1.0,1.0,3.0,303.0,0.0,8.0,1.0,3.0,0.0,34.0,1125.0,83.0,492.0,35.0,16.0,528.0,47.0,3.0,13.0,0.0,2.0,2.0,24.0,7.0,1.0,0.0,0.0,1.0,2.0,2.0,6.0,14.0,2.0,0.0,0.0,0.0,2.0,46.0,0.0,6.0,0.0,0.0,0.0,6.0,124.0,22.0,24.0,3.0,4.0,65.0,10.0,1.0,1.0,0.0,3.0
ctx-lh-precentral,16.0,40.0,1437.0,0.0,0.0,0.0,0.0,60.0,9.0,476.0,19.0,7.0,11.0,2.0,1.0,15.0,1027.0,0.0,836.0,1.0,16.0,1.0,2360.0,83.0,8411.0,123.0,5.0,107.0,1208.0,233.0,28.0,274.0,0.0,13.0,1.0,20.0,5.0,0.0,0.0,0.0,1.0,1.0,0.0,1.0,7.0,2.0,0.0,0.0,0.0,0.0,16.0,0.0,4.0,0.0,3.0,0.0,2.0,37.0,12.0,7.0,1.0,3.0,46.0,3.0,5.0,3.0,0.0,0.0
ctx-lh-precuneus,23.0,22.0,4.0,218.0,0.0,0.0,33.0,292.0,34.0,40.0,1102.0,142.0,0.0,202.0,0.0,44.0,383.0,19.0,5.0,0.0,0.0,120.0,149.0,492.0,123.0,5040.0,3.0,2.0,52.0,2467.0,66.0,94.0,1.0,18.0,5.0,2.0,0.0,8.0,0.0,0.0,4.0,8.0,2.0,5.0,46.0,14.0,0.0,11.0,0.0,3.0,6.0,2.0,0.0,0.0,0.0,5.0,3.0,28.0,7.0,70.0,0.0,1.0,8.0,26.0,6.0,9.0,1.0,3.0
ctx-lh-rostralanteriorcingulate,0.0,314.0,11.0,0.0,0.0,8.0,0.0,0.0,0.0,38.0,2.0,0.0,205.0,0.0,561.0,1.0,1.0,0.0,15.0,34.0,62.0,0.0,0.0,35.0,5.0,3.0,1267.0,201.0,553.0,0.0,2.0,0.0,0.0,0.0,0.0,64.0,2.0,0.0,0.0,0.0,0.0,0.0,0.0,4.0,0.0,0.0,3.0,0.0,25.0,1.0,0.0,0.0,6.0,12.0,8.0,0.0,0.0,3.0,2.0,0.0,128.0,31.0,72.0,0.0,0.0,0.0,0.0,0.0
ctx-lh-rostralmiddlefrontal,0.0,92.0,950.0,0.0,0.0,423.0,0.0,0.0,0.0,89.0,0.0,0.0,616.0,0.0,1092.0,0.0,3.0,0.0,542.0,409.0,873.0,0.0,5.0,16.0,107.0,2.0,201.0,7752.0,2659.0,2.0,1.0,1.0,0.0,0.0,0.0,39.0,5.0,0.0,0.0,1.0,0.0,0.0,0.0,2.0,2.0,0.0,2.0,0.0,2.0,0.0,0.0,0.0,5.0,3.0,4.0,0.0,2.0,6.0,4.0,2.0,13.0,17.0,56.0,0.0,0.0,0.0,0.0,0.0
ctx-lh-superiorfrontal,4.0,751.0,933.0,0.0,0.0,94.0,0.0,2.0,1.0,148.0,32.0,1.0,65.0,0.0,305.0,2.0,776.0,0.0,170.0,34.0,127.0,0.0,58.0,528.0,1208.0,52.0,553.0,2659.0,11148.0,23.0,2.0,17.0,0.0,2.0,0.0,122.0,36.0,0.0,0.0,1.0,0.0,0.0,0.0,17.0,4.0,0.0,7.0,0.0,3.0,1.0,78.0,0.0,12.0,6.0,12.0,0.0,4.0,73.0,24.0,8.0,32.0,48.0,222.0,2.0,2.0,1.0,0.0,0.0
ctx-lh-superiorparietal,39.0,4.0,6.0,841.0,0.0,0.0,61.0,1497.0,30.0,54.0,104.0,648.0,0.0,71.0,0.0,64.0,154.0,3.0,6.0,0.0,0.0,259.0,904.0,47.0,233.0,2467.0,0.0,2.0,23.0,8059.0,68.0,673.0,0.0,20.0,2.0,1.0,0.0,2.0,0.0,0.0,1.0,7.0,0.0,1.0,12.0,8.0,0.0,2.0,0.0,2.0,2.0,0.0,1.0,0.0,0.0,0.0,1.0,7.0,1.0,20.0,0.0,0.0,3.0,9.0,1.0,1.0,0.0,1.0
ctx-lh-superiortemporal,945.0,0.0,2.0,7.0,101.0,0.0,177.0,108.0,370.0,357.0,29.0,57.0,14.0,26.0,4.0,1147.0,5.0,11.0,3.0,0.0,1.0,7.0,38.0,3.0,28.0,66.0,2.0,1.0,2.0,68.0,6574.0,634.0,453.0,558.0,0.0,0.0,0.0,1.0,0.0,0.0,1.0,1.0,0.0,0.0,8.0,1.0,0.0,0.0,0.0,1.0,0.0,0.0,0.0,0.0,0.0,0.0,0.0,4.0,0.0,9.0,0.0,0.0,0.0,8.0,2.0,0.0,0.0,0.0
ctx-lh-supramarginal,275.0,1.0,19.0,1.0,3.0,0.0,13.0,934.0,60.0,247.0,37.0,23.0,3.0,2.0,0.0,87.0,9.0,3.0,13.0,1.0,0.0,5.0,1412.0,13.0,274.0,94.0,0.0,1.0,17.0,673.0,634.0,6568.0,0.0,52.0,0.0,0.0,0.0,0.0,0.0,0.0,0.0,1.0,1.0,1.0,11.0,1.0,0.0,0.0,0.0,0.0,1.0,0.0,1.0,0.0,0.0,0.0,2.0,5.0,2.0,8.0,0.0,0.0,0.0,6.0,3.0,1.0,0.0,1.0
ctx-lh-temporalpole,1.0,0.0,0.0,0.0,347.0,0.0,123.0,1.0,246.0,49.0,0.0,0.0,4.0,2.0,0.0,274.0,0.0,3.0,0.0,0.0,0.0,0.0,0.0,0.0,0.0,1.0,0.0,0.0,0.0,0.0,453.0,0.0,500.0,0.0,0.0,0.0,0.0,0.0,0.0,0.0,0.0,0.0,0.0,0.0,0.0,0.0,0.0,0.0,0.0,0.0,0.0,0.0,0.0,0.0,0.0,0.0,0.0,0.0,0.0,0.0,0.0,0.0,0.0,0.0,0.0,0.0,0.0,0.0
ctx-lh-transversetemporal,14.0,0.0,2.0,2.0,0.0,0.0,8.0,14.0,18.0,90.0,9.0,7.0,0.0,2.0,0.0,19.0,2.0,0.0,1.0,0.0,0.0,1.0,8.0,2.0,13.0,18.0,0.0,0.0,2.0,20.0,558.0,52.0,0.0,465.0,2.0,0.0,0.0,0.0,0.0,0.0,0.0,1.0,0.0,0.0,2.0,0.0,0.0,1.0,0.0,0.0,0.0,0.0,0.0,0.0,0.0,1.0,0.0,3.0,0.0,3.0,0.0,1.0,0.0,4.0,0.0,1.0,0.0,1.0
ctx-rh-bankssts,0.0,0.0,0.0,0.0,0.0,0.0,0.0,1.0,0.0,0.0,6.0,0.0,0.0,0.0,0.0,1.0,0.0,0.0,0.0,0.0,0.0,1.0,1.0,2.0,1.0,5.0,0.0,0.0,0.0,2.0,0.0,0.0,0.0,2.0,831.0,0.0,1.0,6.0,0.0,0.0,29.0,585.0,109.0,19.0,21.0,35.0,0.0,13.0,0.0,792.0,2.0,0.0,1.0,0.0,0.0,5.0,34.0,8.0,21.0,62.0,0.0,0.0,1.0,90.0,991.0,384.0,0.0,19.0
ctx-rh-caudalanteriorcingulate,0.0,126.0,20.0,0.0,0.0,2.0,0.0,1.0,0.0,12.0,0.0,0.0,1.0,0.0,10.0,0.0,3.0,0.0,11.0,1.0,11.0,0.0,1.0,24.0,20.0,2.0,64.0,39.0,122.0,1.0,0.0,0.0,0.0,0.0,0.0,648.0,21.0,0.0,0.0,1.0,0.0,0.0,0.0,12.0,9.0,0.0,12.0,0.0,9.0,0.0,24.0,0.0,19.0,7.0,26.0,0.0,3.0,422.0,21.0,13.0,286.0,139.0,767.0,3.0,0.0,1.0,0.0,0.0
ctx-rh-caudalmiddlefrontal,0.0,20.0,7.0,0.0,0.0,0.0,0.0,1.0,0.0,4.0,1.0,0.0,0.0,0.0,2.0,0.0,2.0,0.0,2.0,0.0,0.0,0.0,1.0,7.0,5.0,0.0,2.0,5.0,36.0,0.0,0.0,0.0,0.0,0.0,1.0,21.0,2662.0,0.0,0.0,0.0,0.0,9.0,1.0,42.0,3.0,1.0,2.0,0.0,0.0,0.0,26.0,0.0,295.0,1.0,65.0,0.0,57.0,28.0,1270.0,0.0,1.0,912.0,1021.0,6.0,0.0,14.0,0.0,1.0
ctx-rh-cuneus,0.0,0.0,0.0,7.0,0.0,0.0,2.0,3.0,1.0,0.0,5.0,3.0,0.0,3.0,0.0,0.0,0.0,0.0,0.0,0.0,0.0,4.0,0.0,1.0,0.0,8.0,0.0,0.0,0.0,2.0,1.0,0.0,0.0,0.0,6.0,0.0,0.0,1412.0,0.0,0.0,35.0,30.0,13.0,1.0,22.0,438.0,0.0,124.0,0.0,9.0,0.0,2.0,0.0,0.0,0.0,1671.0,1.0,1.0,0.0,265.0,0.0,0.0,0.0,680.0,12.0,1.0,0.0,1.0
ctx-rh-entorhinal,0.0,0.0,0.0,0.0,0.0,0.0,0.0,0.0,0.0,0.0,0.0,0.0,0.0,0.0,0.0,0.0,0.0,0.0,0.0,0.0,0.0,0.0,0.0,0.0,0.0,0.0,0.0,0.0,0.0,0.0,0.0,0.0,0.0,0.0,0.0,0.0,0.0,0.0,254.0,0.0,107.0,1.0,214.0,11.0,0.0,0.0,1.0,2.0,0.0,21.0,0.0,142.0,0.0,0.0,0.0,0.0,0.0,0.0,1.0,0.0,0.0,0.0,0.0,0.0,16.0,0.0,265.0,0.0
ctx-rh-frontalpole,0.0,0.0,0.0,0.0,0.0,0.0,0.0,0.0,0.0,0.0,0.0,0.0,0.0,0.0,0.0,0.0,0.0,0.0,0.0,0.0,0.0,0.0,0.0,0.0,0.0,0.0,0.0,1.0,1.0,0.0,0.0,0.0,0.0,0.0,0.0,1.0,0.0,0.0,0.0,52.0,0.0,0.0,0.0,3.0,0.0,0.0,161.0,0.0,363.0,0.0,0.0,0.0,0.0,12.0,3.0,0.0,0.0,0.0,0.0,0.0,11.0,299.0,140.0,0.0,0.0,0.0,0.0,0.0
ctx-rh-fusiform,0.0,0.0,0.0,1.0,0.0,0.0,0.0,0.0,0.0,0.0,3.0,3.0,0.0,0.0,0.0,0.0,0.0,1.0,0.0,0.0,0.0,0.0,0.0,1.0,1.0,4.0,0.0,0.0,0.0,1.0,1.0,0.0,0.0,0.0,29.0,0.0,0.0,35.0,107.0,0.0,3189.0,55.0,1744.0,32.0,21.0,1284.0,0.0,621.0,0.0,241.0,0.0,167.0,0.0,1.0,0.0,71.0,2.0,0.0,1.0,58.0,0.0,0.0,0.0,44.0,93.0,5.0,111.0,6.0
ctx-rh-inferiorparietal,1.0,0.0,1.0,0.0,0.0,0.0,2.0,0.0,0.0,1.0,8.0,2.0,0.0,2.0,0.0,1.0,2.0,0.0,0.0,0.0,0.0,1.0,0.0,2.0,1.0,8.0,0.0,0.0,0.0,7.0,1.0,1.0,0.0,1.0,585.0,0.0,9.0,30.0,1.0,0.0,55.0,6514.0,102.0,34.0,36.0,655.0,0.0,12.0,0.0,443.0,14.0,3.0,2.0,0.0,0.0,14.0,138.0,9.0,81.0,239.0,0.0,1.0,6.0,1693.0,138.0,1124.0,0.0,9.0
ctx-rh-inferiortemporal,0.0,1.0,0.0,0.0,0.0,0.0,1.0,0.0,0.0,0.0,3.0,3.0,0.0,0.0,0.0,0.0,0.0,0.0,0.0,0.0,0.0,1.0,0.0,2.0,0.0,2.0,0.0,0.0,0.0,0.0,0.0,1.0,0.0,0.0,109.0,0.0,1.0,13.0,214.0,0.0,1744.0,102.0,2818.0,108.0,10.0,211.0,12.0,49.0,2.0,1966.0,1.0,97.0,0.0,0.0,0.0,18.0,3.0,0.0,1.0,37.0,0.0,0.0,0.0,40.0,327.0,11.0,429.0,5.0
ctx-rh-insula,0.0,8.0,1.0,0.0,0.0,0.0,0.0,0.0,0.0,0.0,3.0,0.0,0.0,0.0,3.0,1.0,4.0,0.0,4.0,0.0,1.0,1.0,2.0,6.0,1.0,5.0,4.0,2.0,17.0,1.0,0.0,1.0,0.0,0.0,19.0,12.0,42.0,1.0,11.0,3.0,32.0,34.0,108.0,1459.0,14.0,10.0,451.0,7.0,58.0,190.0,36.0,5.0,194.0,57.0,204.0,0.0,186.0,16.0,347.0,52.0,30.0,131.0,124.0,31.0,276.0,227.0,57.0,88.0
ctx-rh-isthmuscingulate,2.0,1.0,0.0,4.0,0.0,0.0,2.0,4.0,3.0,7.0,43.0,8.0,0.0,7.0,0.0,3.0,5.0,0.0,0.0,0.0,0.0,2.0,2.0,14.0,7.0,46.0,0.0,2.0,4.0,12.0,8.0,11.0,0.0,2.0,21.0,9.0,3.0,22.0,0.0,0.0,21.0,36.0,10.0,14.0,808.0,27.0,0.0,140.0,0.0,13.0,27.0,83.0,0.0,0.0,0.0,23.0,11.0,424.0,10.0,1216.0,0.0,0.0,21.0,92.0,41.0,32.0,0.0,6.0
ctx-rh-lateraloccipital,0.0,0.0,0.0,3.0,0.0,0.0,2.0,4.0,0.0,0.0,7.0,4.0,0.0,1.0,0.0,2.0,0.0,0.0,0.0,0.0,0.0,2.0,0.0,2.0,2.0,14.0,0.0,0.0,0.0,8.0,1.0,1.0,0.0,0.0,35.0,0.0,1.0,438.0,0.0,0.0,1284.0,655.0,211.0,10.0,27.0,7733.0,0.0,1007.0,0.0,142.0,1.0,10.0,0.0,0.0,0.0,1091.0,6.0,5.0,7.0,191.0,0.0,0.0,0.0,858.0,42.0,12.0,2.0,9.0
ctx-rh-lateralorbitofrontal,0.0,2.0,0.0,0.0,0.0,1.0,0.0,0.0,0.0,0.0,0.0,0.0,0.0,0.0,1.0,0.0,0.0,0.0,0.0,0.0,0.0,0.0,0.0,0.0,0.0,0.0,3.0,2.0,7.0,0.0,0.0,0.0,0.0,0.0,0.0,12.0,2.0,0.0,1.0,161.0,0.0,0.0,12.0,451.0,0.0,0.0,3067.0,0.0,1827.0,16.0,0.0,0.0,11.0,748.0,241.0,0.0,1.0,0.0,0.0,0.0,187.0,456.0,97.0,0.0,14.0,1.0,7.0,0.0
ctx-rh-lingual,1.0,0.0,0.0,2.0,0.0,0.0,1.0,2.0,0.0,1.0,6.0,3.0,0.0,2.0,0.0,0.0,0.0,0.0,0.0,0.0,0.0,0.0,0.0,0.0,0.0,11.0,0.0,0.0,0.0,2.0,0.0,0.0,0.0,1.0,13.0,0.0,0.0,124.0,2.0,0.0,621.0,12.0,49.0,7.0,140.0,1007.0,0.0,5076.0,0.0,34.0,1.0,303.0,0.0,0.0,0.0,1306.0,1.0,0.0,1.0,173.0,0.0,0.0,0.0,37.0,15.0,1.0,1.0,1.0
ctx-rh-medialorbitofrontal,0.0,3.0,0.0,0.0,0.0,0.0,0.0,0.0,0.0,4.0,0.0,0.0,5.0,0.0,5.0,0.0,0.0,0.0,1.0,0.0,0.0,0.0,0.0,0.0,0.0,0.0,25.0,2.0,3.0,0.0,0.0,0.0,0.0,0.0,0.0,9.0,0.0,0.0,0.0,363.0,0.0,0.0,2.0,58.0,0.0,0.0,1827.0,0.0,1922.0,0.0,0.0,0.0,1.0,117.0,22.0,0.0,0.0,0.0,0.0,0.0,590.0,1018.0,253.0,0.0,2.0,0.0,0.0,0.0
ctx-rh-middletemporal,0.0,0.0,0.0,1.0,0.0,0.0,1.0,1.0,0.0,0.0,6.0,0.0,0.0,2.0,0.0,2.0,0.0,0.0,0.0,0.0,0.0,0.0,1.0,2.0,0.0,3.0,1.0,0.0,1.0,2.0,1.0,0.0,0.0,0.0,792.0,0.0,0.0,9.0,21.0,0.0,241.0,443.0,1966.0,190.0,13.0,142.0,16.0,34.0,0.0,3765.0,0.0,28.0,0.0,0.0,0.0,8.0,17.0,3.0,7.0,58.0,0.0,1.0,1.0,68.0,1141.0,31.0,113.0,12.0
ctx-rh-paracentral,0.0,9.0,5.0,0.0,0.0,0.0,0.0,0.0,0.0,4.0,6.0,0.0,0.0,0.0,0.0,0.0,236.0,0.0,1.0,0.0,0.0,0.0,2.0,46.0,16.0,6.0,0.0,0.0,78.0,2.0,0.0,1.0,0.0,0.0,2.0,24.0,26.0,0.0,0.0,0.0,0.0,14.0,1.0,36.0,27.0,1.0,0.0,1.0,0.0,0.0,1970.0,0.0,2.0,0.0,3.0,0.0,480.0,425.0,863.0,538.0,1.0,6.0,555.0,276.0,13.0,33.0,0.0,3.0
ctx-rh-parahippocampal,0.0,0.0,0.0,0.0,0.0,0.0,0.0,0.0,0.0,0.0,2.0,0.0,0.0,0.0,0.0,0.0,0.0,0.0,0.0,0.0,0.0,0.0,0.0,0.0,0.0,2.0,0.0,0.0,0.0,0.0,0.0,0.0,0.0,0.0,0.0,0.0,0.0,2.0,142.0,0.0,167.0,3.0,97.0,5.0,83.0,10.0,0.0,303.0,0.0,28.0,0.0,520.0,0.0,0.0,0.0,10.0,0.0,0.0,0.0,10.0,0.0,0.0,0.0,0.0,11.0,0.0,10.0,1.0
ctx-rh-parsopercularis,0.0,6.0,3.0,0.0,0.0,0.0,0.0,0.0,0.0,2.0,0.0,0.0,2.0,0.0,0.0,0.0,1.0,0.0,1.0,0.0,0.0,0.0,0.0,6.0,4.0,0.0,6.0,5.0,12.0,1.0,0.0,1.0,0.0,0.0,1.0,19.0,295.0,0.0,0.0,0.0,0.0,2.0,0.0,194.0,0.0,0.0,11.0,0.0,1.0,0.0,2.0,0.0,1415.0,12.0,542.0,0.0,35.0,9.0,534.0,2.0,7.0,458.0,148.0,3.0,1.0,13.0,0.0,0.0
ctx-rh-parsorbitalis,0.0,1.0,0.0,0.0,0.0,0.0,0.0,0.0,0.0,0.0,0.0,0.0,0.0,0.0,1.0,0.0,0.0,0.0,3.0,0.0,0.0,0.0,0.0,0.0,0.0,0.0,12.0,3.0,6.0,0.0,0.0,0.0,0.0,0.0,0.0,7.0,1.0,0.0,0.0,12.0,1.0,0.0,0.0,57.0,0.0,0.0,748.0,0.0,117.0,0.0,0.0,0.0,12.0,721.0,409.0,0.0,0.0,0.0,0.0,0.0,48.0,672.0,82.0,0.0,2.0,0.0,1.0,0.0
ctx-rh-parstriangularis,0.0,9.0,1.0,0.0,0.0,0.0,0.0,0.0,0.0,0.0,0.0,0.0,1.0,0.0,2.0,0.0,0.0,0.0,2.0,0.0,0.0,0.0,0.0,0.0,3.0,0.0,8.0,4.0,12.0,0.0,0.0,0.0,0.0,0.0,0.0,26.0,65.0,0.0,0.0,3.0,0.0,0.0,0.0,204.0,0.0,0.0,241.0,0.0,22.0,0.0,3.0,0.0,542.0,409.0,1466.0,0.0,5.0,2.0,39.0,0.0,36.0,919.0,169.0,0.0,1.0,6.0,0.0,0.0
ctx-rh-pericalcarine,0.0,0.0,0.0,4.0,0.0,0.0,1.0,3.0,0.0,0.0,7.0,3.0,0.0,0.0,0.0,0.0,0.0,0.0,0.0,0.0,0.0,2.0,0.0,0.0,0.0,5.0,0.0,0.0,0.0,0.0,0.0,0.0,0.0,1.0,5.0,0.0,0.0,1671.0,0.0,0.0,71.0,14.0,18.0,0.0,23.0,1091.0,0.0,1306.0,0.0,8.0,0.0,10.0,0.0,0.0,0.0,951.0,2.0,1.0,0.0,181.0,0.0,0.0,0.0,132.0,10.0,0.0,1.0,3.0
ctx-rh-postcentral,0.0,1.0,0.0,0.0,0.0,0.0,0.0,0.0,1.0,2.0,2.0,0.0,0.0,0.0,0.0,0.0,13.0,0.0,0.0,0.0,0.0,0.0,1.0,6.0,2.0,3.0,0.0,2.0,4.0,1.0,0.0,2.0,0.0,0.0,34.0,3.0,57.0,1.0,0.0,0.0,2.0,138.0,3.0,186.0,11.0,6.0,1.0,1.0,0.0,17.0,480.0,0.0,35.0,0.0,5.0,2.0,5717.0,24.0,2064.0,151.0,1.0,5.0,53.0,896.0,28.0,1341.0,0.0,3.0
ctx-rh-posteriorcingulate,0.0,31.0,13.0,1.0,0.0,0.0,0.0,5.0,2.0,12.0,22.0,1.0,0.0,1.0,0.0,0.0,53.0,1.0,3.0,0.0,1.0,1.0,4.0,124.0,37.0,28.0,3.0,6.0,73.0,7.0,4.0,5.0,0.0,3.0,8.0,422.0,28.0,1.0,0.0,0.0,0.0,9.0,0.0,16.0,424.0,5.0,0.0,0.0,0.0,3.0,425.0,0.0,9.0,0.0,2.0,1.0,24.0,1116.0,63.0,489.0,6.0,11.0,415.0,38.0,15.0,35.0,0.0,9.0
ctx-rh-precentral,0.0,9.0,5.0,0.0,0.0,0.0,0.0,0.0,0.0,2.0,4.0,0.0,0.0,0.0,1.0,0.0,50.0,0.0,1.0,0.0,0.0,0.0,3.0,22.0,12.0,7.0,2.0,4.0,24.0,1.0,0.0,2.0,0.0,0.0,21.0,21.0,1270.0,0.0,1.0,0.0,1.0,81.0,1.0,347.0,10.0,7.0,0.0,1.0,0.0,7.0,863.0,0.0,534.0,0.0,39.0,0.0,2064.0,63.0,7464.0,75.0,1.0,69.0,1128.0,205.0,27.0,419.0,0.0,2.0
ctx-rh-precuneus,3.0,3.0,0.0,5.0,0.0,0.0,7.0,13.0,4.0,10.0,67.0,24.0,0.0,11.0,0.0,3.0,9.0,0.0,0.0,0.0,0.0,8.0,6.0,24.0,7.0,70.0,0.0,2.0,8.0,20.0,9.0,8.0,0.0,3.0,62.0,13.0,0.0,265.0,0.0,0.0,58.0,239.0,37.0,52.0,1216.0,191.0,0.0,173.0,0.0,58.0,538.0,10.0,2.0,0.0,0.0,181.0,151.0,489.0,75.0,5034.0,0.0,1.0,37.0,2781.0,117.0,80.0,1.0,18.0
ctx-rh-rostralanteriorcingulate,0.0,38.0,1.0,0.0,0.0,0.0,0.0,0.0,0.0,3.0,0.0,0.0,4.0,0.0,25.0,0.0,0.0,0.0,3.0,2.0,4.0,0.0,0.0,3.0,1.0,0.0,128.0,13.0,32.0,0.0,0.0,0.0,0.0,0.0,0.0,286.0,1.0,0.0,0.0,11.0,0.0,0.0,0.0,30.0,0.0,0.0,187.0,0.0,590.0,0.0,1.0,0.0,7.0,48.0,36.0,0.0,1.0,6.0,1.0,0.0,698.0,185.0,429.0,0.0,0.0,0.0,2.0,0.0
ctx-rh-rostralmiddlefrontal,0.0,35.0,3.0,0.0,0.0,0.0,0.0,0.0,0.0,3.0,0.0,0.0,3.0,0.0,8.0,0.0,1.0,0.0,2.0,2.0,1.0,0.0,0.0,4.0,3.0,1.0,31.0,17.0,48.0,0.0,0.0,0.0,0.0,1.0,0.0,139.0,912.0,0.0,0.0,299.0,0.0,1.0,0.0,131.0,0.0,0.0,456.0,0.0,1018.0,1.0,6.0,0.0,458.0,672.0,919.0,0.0,5.0,11.0,69.0,1.0,185.0,7129.0,2814.0,1.0,3.0,4.0,1.0,0.0
ctx-rh-superiorfrontal,0.0,144.0,47.0,0.0,0.0,2.0,0.0,0.0,0.0,11.0,4.0,0.0,5.0,1.0,14.0,1.0,45.0,0.0,19.0,2.0,9.0,0.0,8.0,65.0,46.0,8.0,72.0,56.0,222.0,3.0,0.0,0.0,0.0,0.0,1.0,767.0,1021.0,0.0,0.0,140.0,0.0,6.0,0.0,124.0,21.0,0.0,97.0,0.0,253.0,1.0,555.0,0.0,148.0,82.0,169.0,0.0,53.0,415.0,1128.0,37.0,429.0,2814.0,11461.0,25.0,1.0,16.0,0.0,0.0
ctx-rh-superiorparietal,1.0,1.0,0.0,3.0,0.0,0.0,2.0,5.0,2.0,1.0,20.0,5.0,0.0,2.0,0.0,4.0,7.0,0.0,0.0,0.0,0.0,2.0,2.0,10.0,3.0,26.0,0.0,0.0,2.0,9.0,8.0,6.0,0.0,4.0,90.0,3.0,6.0,680.0,0.0,0.0,44.0,1693.0,40.0,31.0,92.0,858.0,0.0,37.0,0.0,68.0,276.0,0.0,3.0,0.0,0.0,132.0,896.0,38.0,205.0,2781.0,0.0,1.0,25.0,7211.0,99.0,363.0,1.0,22.0
ctx-rh-superiortemporal,0.0,0.0,0.0,0.0,0.0,0.0,0.0,2.0,3.0,1.0,9.0,3.0,0.0,1.0,0.0,0.0,0.0,0.0,0.0,0.0,0.0,0.0,0.0,1.0,5.0,6.0,0.0,0.0,2.0,1.0,2.0,3.0,0.0,0.0,991.0,0.0,0.0,12.0,16.0,0.0,93.0,138.0,327.0,276.0,41.0,42.0,14.0,15.0,2.0,1141.0,13.0,11.0,1.0,2.0,1.0,10.0,28.0,15.0,27.0,117.0,0.0,3.0,1.0,99.0,6000.0,378.0,242.0,575.0
ctx-rh-supramarginal,1.0,1.0,0.0,0.0,0.0,0.0,0.0,0.0,1.0,2.0,7.0,0.0,0.0,2.0,0.0,0.0,2.0,1.0,0.0,0.0,0.0,0.0,1.0,1.0,3.0,9.0,0.0,0.0,1.0,1.0,0.0,1.0,0.0,1.0,384.0,1.0,14.0,1.0,0.0,0.0,5.0,1124.0,11.0,227.0,32.0,12.0,1.0,1.0,0.0,31.0,33.0,0.0,13.0,0.0,6.0,0.0,1341.0,35.0,419.0,80.0,0.0,4.0,16.0,363.0,378.0,5297.0,0.0,35.0
ctx-rh-temporalpole,0.0,0.0,0.0,0.0,0.0,0.0,0.0,0.0,0.0,0.0,0.0,0.0,0.0,0.0,0.0,0.0,0.0,0.0,0.0,0.0,0.0,0.0,0.0,0.0,0.0,1.0,0.0,0.0,0.0,0.0,0.0,0.0,0.0,0.0,0.0,0.0,0.0,0.0,265.0,0.0,111.0,0.0,429.0,57.0,0.0,2.0,7.0,1.0,0.0,113.0,0.0,10.0,0.0,1.0,0.0,1.0,0.0,0.0,0.0,1.0,2.0,1.0,0.0,1.0,242.0,0.0,412.0,1.0
ctx-rh-transversetemporal,1.0,0.0,0.0,0.0,0.0,0.0,0.0,0.0,0.0,0.0,3.0,0.0,0.0,0.0,0.0,0.0,0.0,0.0,0.0,0.0,0.0,1.0,0.0,3.0,0.0,3.0,0.0,0.0,0.0,1.0,0.0,1.0,0.0,1.0,19.0,0.0,1.0,1.0,0.0,0.0,6.0,9.0,5.0,88.0,6.0,9.0,0.0,1.0,0.0,12.0,3.0,1.0,0.0,0.0,0.0,3.0,3.0,9.0,2.0,18.0,0.0,0.0,0.0,22.0,575.0,35.0,1.0,341.0
