,ctx-lh-bankssts,ctx-lh-caudalanteriorcingulate,ctx-lh-caudalmiddlefrontal,ctx-lh-cuneus,ctx-lh-entorhinal,ctx-lh-frontalpole,ctx-lh-fusiform,ctx-lh-inferiorparietal,ctx-lh-inferiortemporal,ctx-lh-insula,ctx-lh-isthmuscingulate,ctx-lh-lateraloccipital,ctx-lh-lateralorbitofrontal,ctx-lh-lingual,ctx-lh-medialorbitofrontal,ctx-lh-middletemporal,ctx-lh-paracentral,ctx-lh-parahippocampal,ctx-lh-parsopercularis,ctx-lh-parsorbitalis,ctx-lh-parstriangularis,ctx-lh-pericalcarine,ctx-lh-postcentral,ctx-lh-posteriorcingulate,ctx-lh-precentral,ctx-lh-precuneus,ctx-lh-rostralanteriorcingulate,ctx-lh-rostralmiddlefrontal,ctx-lh-superiorfrontal,ctx-lh-superiorparietal,ctx-lh-superiortemporal,ctx-lh-supramarginal,ctx-lh-temporalpole,ctx-lh-transversetemporal,ctx-rh-bankssts,ctx-rh-caudalanteriorcingulate,ctx-rh-caudalmiddlefrontal,ctx-rh-cuneus,ctx-rh-entorhinal,ctx-rh-frontalpole,ctx-rh-fusiform,ctx-rh-inferiorparietal,ctx-rh-inferiortemporal,ctx-rh-insula,ctx-rh-isthmuscingulate,ctx-rh-lateraloccipital,ctx-rh-lateralorbitofrontal,ctx-rh-lingual,ctx-rh-medialorbitofrontal,ctx-rh-middletemporal,ctx-rh-paracentral,ctx-rh-parahippocampal,ctx-rh-parsopercularis,ctx-rh-parsorbitalis,ctx-rh-parstriangularis,ctx-rh-pericalcarine,ctx-rh-postcentral,ctx-rh-posteriorcingulate,ctx-rh-precentral,ctx-rh-precuneus,ctx-rh-rostralanteriorcingulate,ctx-rh-rostralmiddlefrontal,ctx-rh-superiorfrontal,ctx-rh-superiorparietal,ctx-rh-superiortemporal,ctx-rh-supramarginal,ctx-rh-temporalpole,ctx-rh-transversetemporal
ctx-lh-bankssts,792.0,1.0,0.0,2.0,0.0,0.0,45.0,485.0,271.0,32.0,6.0,19.0,0.0,4.0,0.0,555.0,0.0,6.0,0.0,0.0,0.0,3.0,23.0,2.0,8.0,8.0,0.0,0.0,0.0,31.0,850.0,263.0,4.0,12.0,0.0,0.0,0.0,0.0,0.0,0.0,2.0,1.0,0.0,0.0,3.0,0.0,0.0,0.0,0.0,1.0,0.0,0.0,0.0,0.0,0.0,0.0,0.0,1.0,0.0,2.0,0.0,0.0,0.0,0.0,0.0,0.0,0.0,0.0
ctx-lh-caudalanteriorcingulate,1.0,373.0,30.0,0.0,0.0,1.0,0.0,2.0,0.0,26.0,12.0,0.0,10.0,0.0,18.0,0.0,13.0,0.0,39.0,3.0,18.0,0.0,9.0,249.0,32.0,11.0,232.0,80.0,666.0,2.0,0.0,2.0,0.0,0.0,0.0,93.0,26.0,0.0,0.0,1.0,0.0,0.0,0.0,3.0,1.0,0.0,0.0,0.0,2.0,0.0,6.0,0.0,6.0,0.0,3.0,0.0,4.0,25.0,25.0,1.0,13.0,55.0,170.0,2.0,0.0,1.0,0.0,0.0
ctx-lh-caudalmiddlefrontal,0.0,30.0,1893.0,0.0,0.0,0.0,0.0,0.0,0.0,54.0,0.0,0.0,2.0,0.0,0.0,0.0,11.0,0.0,329.0,0.0,25.0,0.0,50.0,19.0,945.0,0.0,2.0,959.0,1429.0,4.0,0.0,7.0,1.0,2.0,0.0,8.0,1.0,0.0,0.0,0.0,0.0,0.0,0.0,1.0,0.0,0.0,0.0,0.0,0.0,0.0,3.0,0.0,0.0,0.0,0.0,0.0,0.0,10.0,12.0,1.0,1.0,5.0,32.0,0.0,0.0,0.0,0.0,0.0
ctx-lh-cuneus,2.0,0.0,0.0,1161.0,0.0,0.0,24.0,125.0,3.0,1.0,24.0,532.0,1.0,165.0,0.0,0.0,0.0,1.0,0.0,0.0,0.0,1406.0,1.0,1.0,0.0,277.0,0.0,0.0,0.0,1153.0,2.0,4.0,0.0,0.0,0.0,0.0,0.0,105.0,0.0,0.0,3.0,2.0,0.0,0.0,7.0,20.0,0.0,15.0,0.0,1.0,1.0,0.0,0.0,0.0,0.0,62.0,1.0,2.0,0.0,16.0,0.0,0.0,0.0,7.0,1.0,0.0,0.0,0.0
ctx-lh-entorhinal,0.0,0.0,0.0,0.0,195.0,0.0,131.0,2.0,60.0,10.0,0.0,2.0,0.0,4.0,0.0,6.0,0.0,179.0,0.0,0.0,0.0,0.0,0.0,0.0,0.0,2.0,0.0,0.0,0.0,0.0,19.0,1.0,218.0,1.0,0.0,0.0,0.0,0.0,0.0,0.0,0.0,0.0,0.0,0.0,0.0,0.0,0.0,0.0,0.0,0.0,0.0,0.0,0.0,0.0,0.0,0.0,0.0,0.0,0.0,0.0,0.0,0.0,0.0,0.0,0.0,0.0,0.0,0.0
ctx-lh-frontalpole,0.0,1.0,0.0,0.0,0.0,102.0,0.0,0.0,0.0,1.0,0.0,0.0,71.0,0.0,181.0,0.0,0.0,0.0,0.0,2.0,6.0,0.0,0.0,0.0,0.0,0.0,10.0,193.0,133.0,0.0,0.0,0.0,0.0,0.0,0.0,1.0,0.0,0.0,0.0,0.0,0.0,0.0,0.0,0.0,0.0,0.0,0.0,0.0,0.0,0.0,0.0,0.0,0.0,0.0,0.0,0.0,0.0,0.0,0.0,0.0,0.0,0.0,1.0,0.0,0.0,0.0,0.0,0.0
ctx-lh-fusiform,45.0,0.0,0.0,24.0,131.0,0.0,3217.0,229.0,1335.0,40.0,16.0,1795.0,3.0,716.0,0.0,180.0,0.0,158.0,0.0,0.0,0.0,116.0,5.0,0.0,0.0,37.0,0.0,0.0,0.0,56.0,78.0,17.0,132.0,5.0,0.0,0.0,0.0,2.0,0.0,0.0,1.0,4.0,0.0,0.0,5.0,0.0,0.0,3.0,0.0,1.0,0.0,0.0,0.0,0.0,0.0,0.0,2.0,1.0,0.0,8.0,0.0,0.0,0.0,7.0,0.0,1.0,0.0,0.0
ctx-lh-inferiorparietal,485.0,2.0,0.0,125.0,2.0,0.0,229.0,5385.0,398.0,63.0,79.0,1025.0,1.0,107.0,0.0,499.0,6.0,27.0,2.0,0.0,0.0,98.0,75.0,17.0,16.0,350.0,0.0,0.0,2.0,1089.0,252.0,971.0,4.0,53.0,0.0,0.0,0.0,1.0,0.0,0.0,3.0,11.0,1.0,2.0,32.0,1.0,0.0,4.0,0.0,0.0,2.0,4.0,0.0,0.0,0.0,3.0,2.0,8.0,0.0,48.0,0.0,0.0,1.0,21.0,3.0,1.0,0.0,1.0
ctx-lh-inferiortemporal,271.0,0.0,0.0,3.0,60.0,0.0,1335.0,398.0,3454.0,85.0,7.0,229.0,1.0,42.0,0.0,2411.0,0.0,55.0,0.0,0.0,0.0,12.0,13.0,1.0,7.0,14.0,0.0,0.0,0.0,36.0,307.0,41.0,189.0,17.0,0.0,0.0,0.0,0.0,0.0,0.0,0.0,0.0,0.0,0.0,3.0,0.0,0.0,1.0,0.0,0.0,0.0,0.0,0.0,0.0,0.0,0.0,0.0,0.0,1.0,3.0,0.0,0.0,1.0,2.0,0.0,0.0,0.0,0.0
ctx-lh-insula,32.0,26.0,54.0,1.0,10.0,1.0,40.0,63.0,85.0,2152.0,11.0,7.0,482.0,10.0,26.0,94.0,14.0,6.0,365.0,10.0,96.0,2.0,393.0,22.0,399.0,45.0,13.0,144.0,140.0,102.0,303.0,315.0,84.0,144.0,0.0,9.0,2.0,0.0,0.0,0.0,0.0,4.0,1.0,1.0,6.0,1.0,0.0,1.0,0.0,0.0,3.0,1.0,0.0,0.0,0.0,0.0,1.0,7.0,4.0,15.0,2.0,0.0,15.0,5.0,2.0,2.0,0.0,0.0
ctx-lh-isthmuscingulate,6.0,12.0,0.0,24.0,0.0,0.0,16.0,79.0,7.0,11.0,791.0,26.0,2.0,107.0,0.0,6.0,13.0,81.0,0.0,0.0,0.0,25.0,13.0,441.0,9.0,865.0,0.0,0.0,10.0,187.0,11.0,28.0,0.0,3.0,4.0,0.0,0.0,6.0,0.0,0.0,7.0,13.0,6.0,4.0,84.0,10.0,0.0,15.0,0.0,3.0,6.0,2.0,0.0,0.0,0.0,4.0,7.0,28.0,3.0,96.0,0.0,0.0,3.0,35.0,7.0,5.0,0.0,0.0
ctx-lh-lateraloccipital,19.0,0.0,0.0,532.0,2.0,0.0,1795.0,1025.0,229.0,7.0,26.0,7476.0,0.0,971.0,0.0,98.0,0.0,29.0,0.0,0.0,0.0,1232.0,3.0,4.0,1.0,115.0,0.0,0.0,0.0,460.0,21.0,3.0,4.0,4.0,0.0,0.0,0.0,6.0,0.0,0.0,1.0,3.0,0.0,1.0,12.0,1.0,0.0,6.0,0.0,2.0,0.0,2.0,0.0,0.0,0.0,0.0,0.0,1.0,0.0,17.0,0.0,0.0,0.0,8.0,2.0,2.0,0.0,0.0
ctx-lh-lateralorbitofrontal,0.0,10.0,2.0,1.0,0.0,71.0,3.0,1.0,1.0,482.0,2.0,0.0,3510.0,0.0,924.0,0.0,0.0,0.0,27.0,618.0,437.0,0.0,0.0,0.0,1.0,0.0,111.0,772.0,145.0,0.0,3.0,0.0,1.0,0.0,0.0,2.0,0.0,0.0,0.0,1.0,0.0,0.0,0.0,0.0,0.0,0.0,1.0,0.0,2.0,0.0,0.0,0.0,1.0,1.0,1.0,0.0,0.0,1.0,0.0,0.0,8.0,5.0,7.0,0.0,0.0,0.0,0.0,0.0
ctx-lh-lingual,4.0,0.0,0.0,165.0,4.0,0.0,716.0,107.0,42.0,10.0,107.0,971.0,0.0,4725.0,0.0,20.0,0.0,238.0,0.0,0.0,0.0,1225.0,3.0,1.0,0.0,97.0,0.0,0.0,1.0,88.0,12.0,5.0,0.0,0.0,1.0,0.0,0.0,50.0,0.0,0.0,0.0,6.0,3.0,2.0,18.0,9.0,0.0,126.0,0.0,0.0,1.0,1.0,0.0,0.0,0.0,37.0,2.0,6.0,2.0,35.0,0.0,0.0,0.0,13.0,2.0,1.0,1.0,1.0
ctx-lh-medialorbitofrontal,0.0,18.0,0.0,0.0,0.0,181.0,0.0,0.0,0.0,26.0,0.0,0.0,924.0,0.0,1460.0,0.0,0.0,0.0,11.0,47.0,31.0,0.0,0.0,0.0,0.0,0.0,442.0,482.0,317.0,0.0,0.0,0.0,0.0,0.0,0.0,13.0,1.0,0.0,0.0,1.0,0.0,0.0,0.0,0.0,0.0,0.0,3.0,0.0,8.0,0.0,0.0,0.0,1.0,2.0,4.0,0.0,0.0,0.0,0.0,0.0,18.0,14.0,16.0,0.0,0.0,0.0,0.0,0.0
ctx-lh-middletemporal,555.0,0.0,0.0,0.0,6.0,0.0,180.0,499.0,2411.0,94.0,6.0,98.0,0.0,20.0,0.0,3938.0,0.0,10.0,0.0,0.0,0.0,2.0,11.0,3.0,3.0,11.0,0.0,1.0,0.0,31.0,890.0,75.0,116.0,32.0,1.0,0.0,0.0,0.0,0.0,0.0,0.0,0.0,0.0,0.0,1.0,0.0,0.0,0.0,0.0,0.0,0.0,0.0,0.0,0.0,0.0,0.0,1.0,1.0,0.0,2.0,0.0,0.0,0.0,4.0,0.0,0.0,0.0,0.0
ctx-lh-paracentral,0.0,13.0,11.0,0.0,0.0,0.0,0.0,6.0,0.0,14.0,13.0,0.0,0.0,0.0,0.0,0.0,1445.0,1.0,1.0,0.0,0.0,0.0,572.0,247.0,1032.0,223.0,0.0,0.0,362.0,243.0,1.0,2.0,0.0,2.0,0.0,6.0,2.0,0.0,0.0,0.0,0.0,2.0,0.0,4.0,7.0,0.0,0.0,2.0,0.0,0.0,25.0,0.0,0.0,0.0,0.0,0.0,1.0,46.0,15.0,13.0,0.0,1.0,6.0,5.0,1.0,4.0,0.0,2.0
ctx-lh-parahippocampal,6.0,0.0,0.0,1.0,179.0,0.0,158.0,27.0,55.0,6.0,81.0,29.0,0.0,238.0,0.0,10.0,1.0,519.0,0.0,0.0,0.0,4.0,2.0,0.0,0.0,13.0,0.0,0.0,0.0,15.0,16.0,3.0,2.0,1.0,1.0,0.0,0.0,0.0,0.0,0.0,1.0,4.0,0.0,0.0,4.0,2.0,0.0,2.0,0.0,0.0,0.0,0.0,0.0,0.0,0.0,0.0,1.0,2.0,0.0,7.0,0.0,0.0,0.0,4.0,1.0,1.0,0.0,0.0
ctx-lh-parsopercularis,0.0,39.0,329.0,0.0,0.0,0.0,0.0,2.0,0.0,365.0,0.0,0.0,27.0,0.0,11.0,0.0,1.0,0.0,1920.0,7.0,469.0,0.0,69.0,7.0,690.0,0.0,8.0,896.0,267.0,7.0,1.0,18.0,0.0,0.0,0.0,13.0,2.0,0.0,0.0,0.0,0.0,0.0,0.0,0.0,1.0,0.0,1.0,0.0,0.0,0.0,0.0,0.0,0.0,1.0,2.0,0.0,0.0,5.0,3.0,1.0,0.0,7.0,20.0,0.0,0.0,0.0,0.0,0.0
ctx-lh-parsorbitalis,0.0,3.0,0.0,0.0,0.0,2.0,0.0,0.0,0.0,10.0,0.0,0.0,618.0,0.0,47.0,0.0,0.0,0.0,7.0,653.0,332.0,0.0,0.0,0.0,0.0,0.0,21.0,470.0,45.0,0.0,0.0,0.0,0.0,0.0,0.0,3.0,0.0,0.0,0.0,0.0,0.0,0.0,0.0,0.0,0.0,0.0,0.0,0.0,0.0,0.0,0.0,0.0,0.0,0.0,0.0,0.0,0.0,1.0,0.0,0.0,0.0,0.0,2.0,0.0,0.0,0.0,0.0,0.0
ctx-lh-parstriangularis,0.0,18.0,25.0,0.0,0.0,6.0,0.0,0.0,0.0,96.0,0.0,0.0,437.0,0.0,31.0,0.0,0.0,0.0,469.0,332.0,1449.0,0.0,0.0,0.0,15.0,0.0,38.0,1243.0,155.0,0.0,0.0,1.0,0.0,0.0,0.0,5.0,0.0,0.0,0.0,0.0,0.0,0.0,0.0,0.0,0.0,0.0,0.0,0.0,0.0,0.0,0.0,0.0,0.0,1.0,0.0,0.0,0.0,0.0,1.0,0.0,4.0,5.0,10.0,0.0,0.0,0.0,0.0,0.0
ctx-lh-pericalcarine,3.0,0.0,0.0,1406.0,0.0,0.0,116.0,98.0,12.0,2.0,25.0,1232.0,0.0,1225.0,0.0,2.0,0.0,4.0,0.0,0.0,0.0,778.0,0.0,1.0,2.0,141.0,0.0,0.0,0.0,273.0,4.0,1.0,0.0,0.0,0.0,0.0,0.0,48.0,0.0,0.0,3.0,1.0,0.0,0.0,9.0,1.0,0.0,7.0,0.0,0.0,0.0,0.0,0.0,0.0,0.0,13.0,0.0,2.0,0.0,14.0,0.0,0.0,0.0,5.0,0.0,1.0,0.0,0.0
ctx-lh-postcentral,23.0,9.0,50.0,1.0,0.0,0.0,5.0,75.0,13.0,393.0,13.0,3.0,0.0,3.0,0.0,11.0,572.0,2.0,69.0,0.0,0.0,0.0,6419.0,87.0,2161.0,115.0,0.0,12.0,88.0,955.0,35.0,1266.0,0.0,11.0,0.0,2.0,3.0,0.0,0.0,0.0,1.0,0.0,2.0,4.0,10.0,0.0,0.0,0.0,0.0,0.0,12.0,0.0,0.0,0.0,0.0,0.0,7.0,33.0,13.0,21.0,0.0,0.0,6.0,9.0,3.0,4.0,0.0,0.0
ctx-lh-posteriorcingulate,2.0,249.0,19.0,1.0,0.0,0.0,0.0,17.0,1.0,22.0,441.0,4.0,0.0,1.0,0.0,3.0,247.0,0.0,7.0,0.0,0.0,1.0,87.0,1354.0,180.0,553.0,1.0,4.0,496.0,186.0,2.0,16.0,0.0,0.0,2.0,21.0,16.0,1.0,0.0,0.0,3.0,8.0,1.0,7.0,31.0,1.0,0.0,2.0,0.0,1.0,42.0,1.0,2.0,0.0,0.0,2.0,14.0,133.0,58.0,42.0,0.0,4.0,69.0,31.0,1.0,4.0,0.0,0.0
ctx-lh-precentral,8.0,32.0,945.0,0.0,0.0,0.0,0.0,16.0,7.0,399.0,9.0,1.0,1.0,0.0,0.0,3.0,1032.0,0.0,690.0,0.0,15.0,2.0,2161.0,180.0,7069.0,73.0,3.0,88.0,1019.0,279.0,10.0,219.0,1.0,4.0,0.0,17.0,5.0,0.0,0.0,0.0,0.0,2.0,0.0,4.0,12.0,0.0,0.0,4.0,0.0,0.0,12.0,0.0,2.0,0.0,0.0,0.0,8.0,54.0,45.0,12.0,0.0,1.0,58.0,7.0,3.0,2.0,0.0,0.0
ctx-lh-precuneus,8.0,11.0,0.0,277.0,2.0,0.0,37.0,350.0,14.0,45.0,865.0,115.0,0.0,97.0,0.0,11.0,223.0,13.0,0.0,0.0,0.0,141.0,115.0,553.0,73.0,4495.0,0.0,1.0,25.0,2300.0,24.0,40.0,0.0,13.0,1.0,0.0,1.0,7.0,0.0,0.0,10.0,31.0,5.0,8.0,95.0,9.0,0.0,22.0,0.0,3.0,16.0,5.0,0.0,0.0,0.0,4.0,10.0,44.0,8.0,118.0,0.0,0.0,4.0,52.0,7.0,12.0,0.0,2.0
ctx-lh-rostralanteriorcingulate,0.0,232.0,2.0,0.0,0.0,10.0,0.0,0.0,0.0,13.0,0.0,0.0,111.0,0.0,442.0,0.0,0.0,0.0,8.0,21.0,38.0,0.0,0.0,1.0,3.0,0.0,814.0,139.0,572.0,0.0,0.0,0.0,0.0,0.0,0.0,76.0,3.0,0.0,0.0,0.0,0.0,0.0,0.0,0.0,0.0,0.0,9.0,0.0,19.0,0.0,0.0,0.0,4.0,7.0,7.0,0.0,0.0,2.0,1.0,0.0,90.0,32.0,63.0,0.0,0.0,0.0,0.0,0.0
ctx-lh-rostralmiddlefrontal,0.0,80.0,959.0,0.0,0.0,193.0,0.0,0.0,0.0,144.0,0.0,0.0,772.0,0.0,482.0,1.0,0.0,0.0,896.0,470.0,1243.0,0.0,12.0,4.0,88.0,1.0,139.0,7117.0,2632.0,0.0,1.0,2.0,0.0,0.0,0.0,47.0,6.0,0.0,0.0,0.0,0.0,0.0,0.0,1.0,0.0,0.0,0.0,0.0,4.0,0.0,1.0,0.0,2.0,0.0,4.0,0.0,0.0,1.0,1.0,1.0,13.0,17.0,51.0,0.0,0.0,0.0,0.0,0.0
ctx-lh-superiorfrontal,0.0,666.0,1429.0,0.0,0.0,133.0,0.0,2.0,0.0,140.0,10.0,0.0,145.0,1.0,317.0,0.0,362.0,0.0,267.0,45.0,155.0,0.0,88.0,496.0,1019.0,25.0,572.0,2632.0,10926.0,43.0,2.0,5.0,1.0,0.0,0.0,170.0,55.0,0.0,0.0,0.0,0.0,3.0,0.0,17.0,3.0,0.0,1.0,1.0,2.0,0.0,26.0,0.0,19.0,1.0,8.0,0.0,14.0,91.0,61.0,8.0,25.0,78.0,342.0,4.0,1.0,4.0,0.0,0.0
ctx-lh-superiorparietal,31.0,2.0,4.0,1153.0,0.0,0.0,56.0,1089.0,36.0,102.0,187.0,460.0,0.0,88.0,0.0,31.0,243.0,15.0,7.0,0.0,0.0,273.0,955.0,186.0,279.0,2300.0,0.0,0.0,43.0,5248.0,74.0,405.0,1.0,29.0,5.0,0.0,1.0,11.0,0.0,0.0,10.0,15.0,2.0,12.0,78.0,8.0,1.0,13.0,0.0,4.0,14.0,3.0,0.0,0.0,0.0,4.0,8.0,58.0,9.0,113.0,0.0,0.0,6.0,50.0,5.0,8.0,0.0,3.0
ctx-lh-superiortemporal,850.0,0.0,0.0,2.0,19.0,0.0,78.0,252.0,307.0,303.0,11.0,21.0,3.0,12.0,0.0,890.0,1.0,16.0,1.0,0.0,0.0,4.0,35.0,2.0,10.0,24.0,0.0,1.0,2.0,74.0,5481.0,456.0,227.0,662.0,0.0,0.0,0.0,2.0,0.0,0.0,1.0,0.0,0.0,0.0,6.0,2.0,0.0,0.0,0.0,0.0,0.0,0.0,0.0,0.0,0.0,0.0,0.0,3.0,1.0,10.0,0.0,0.0,0.0,7.0,1.0,0.0,0.0,0.0
ctx-lh-supramarginal,263.0,2.0,7.0,4.0,1.0,0.0,17.0,971.0,41.0,315.0,28.0,3.0,0.0,5.0,0.0,75.0,2.0,3.0,18.0,0.0,1.0,1.0,1266.0,16.0,219.0,40.0,0.0,2.0,5.0,405.0,456.0,5031.0,0.0,32.0,0.0,0.0,0.0,1.0,0.0,0.0,1.0,1.0,1.0,1.0,7.0,1.0,0.0,2.0,0.0,1.0,2.0,1.0,0.0,0.0,0.0,0.0,2.0,10.0,7.0,13.0,0.0,0.0,2.0,4.0,2.0,1.0,0.0,2.0
ctx-lh-temporalpole,4.0,0.0,1.0,0.0,218.0,0.0,132.0,4.0,189.0,84.0,0.0,4.0,1.0,0.0,0.0,116.0,0.0,2.0,0.0,0.0,0.0,0.0,0.0,0.0,1.0,0.0,0.0,0.0,1.0,1.0,227.0,0.0,303.0,2.0,0.0,0.0,0.0,0.0,0.0,0.0,0.0,0.0,0.0,0.0,0.0,0.0,0.0,0.0,0.0,0.0,0.0,0.0,0.0,0.0,0.0,0.0,0.0,0.0,0.0,2.0,0.0,0.0,0.0,0.0,0.0,0.0,0.0,0.0
ctx-lh-transversetemporal,12.0,0.0,2.0,0.0,1.0,0.0,5.0,53.0,17.0,144.0,3.0,4.0,0.0,0.0,0.0,32.0,2.0,1.0,0.0,0.0,0.0,0.0,11.0,0.0,4.0,13.0,0.0,0.0,0.0,29.0,662.0,32.0,2.0,580.0,1.0,0.0,0.0,0.0,0.0,0.0,0.0,1.0,0.0,0.0,1.0,1.0,0.0,1.0,0.0,1.0,1.0,0.0,0.0,0.0,0.0,0.0,1.0,4.0,0.0,2.0,0.0,0.0,0.0,2.0,1.0,2.0,0.0,0.0
ctx-rh-bankssts,0.0,0.0,0.0,0.0,0.0,0.0,0.0,0.0,0.0,0.0,4.0,0.0,0.0,1.0,0.0,1.0,0.0,1.0,0.0,0.0,0.0,0.0,0.0,2.0,0.0,1.0,0.0,0.0,0.0,5.0,0.0,0.0,0.0,1.0,876.0,0.0,0.0,4.0,2.0,0.0,54.0,482.0,255.0,31.0,7.0,17.0,0.0,3.0,0.0,868.0,2.0,4.0,0.0,0.0,0.0,1.0,28.0,5.0,14.0,17.0,0.0,1.0,1.0,32.0,817.0,495.0,6.0,29.0
ctx-rh-caudalanteriorcingulate,0.0,93.0,8.0,0.0,0.0,1.0,0.0,0.0,0.0,9.0,0.0,0.0,2.0,0.0,13.0,0.0,6.0,0.0,13.0,3.0,5.0,0.0,2.0,21.0,17.0,0.0,76.0,47.0,170.0,0.0,0.0,0.0,0.0,0.0,0.0,811.0,78.0,0.0,0.0,2.0,0.0,1.0,0.0,26.0,9.0,0.0,9.0,0.0,14.0,0.0,9.0,0.0,23.0,4.0,24.0,0.0,12.0,324.0,65.0,2.0,248.0,199.0,1030.0,1.0,0.0,2.0,0.0,0.0
ctx-rh-caudalmiddlefrontal,0.0,26.0,1.0,0.0,0.0,0.0,0.0,0.0,0.0,2.0,0.0,0.0,0.0,0.0,1.0,0.0,2.0,0.0,2.0,0.0,0.0,0.0,3.0,16.0,5.0,1.0,3.0,6.0,55.0,1.0,0.0,0.0,0.0,0.0,0.0,78.0,2432.0,0.0,0.0,0.0,0.0,3.0,1.0,51.0,1.0,0.0,0.0,0.0,1.0,0.0,20.0,0.0,233.0,2.0,28.0,0.0,65.0,67.0,1177.0,2.0,0.0,892.0,942.0,12.0,2.0,15.0,0.0,0.0
ctx-rh-cuneus,0.0,0.0,0.0,105.0,0.0,0.0,2.0,1.0,0.0,0.0,6.0,6.0,0.0,50.0,0.0,0.0,0.0,0.0,0.0,0.0,0.0,48.0,0.0,1.0,0.0,7.0,0.0,0.0,0.0,11.0,2.0,1.0,0.0,0.0,4.0,0.0,0.0,1655.0,0.0,0.0,37.0,23.0,4.0,0.0,16.0,742.0,0.0,230.0,0.0,3.0,0.0,3.0,0.0,0.0,0.0,1705.0,1.0,2.0,1.0,395.0,0.0,0.0,0.0,414.0,4.0,2.0,0.0,0.0
ctx-rh-entorhinal,0.0,0.0,0.0,0.0,0.0,0.0,0.0,0.0,0.0,0.0,0.0,0.0,0.0,0.0,0.0,0.0,0.0,0.0,0.0,0.0,0.0,0.0,0.0,0.0,0.0,0.0,0.0,0.0,0.0,0.0,0.0,0.0,0.0,0.0,2.0,0.0,0.0,0.0,304.0,0.0,287.0,2.0,152.0,11.0,0.0,0.0,0.0,3.0,0.0,16.0,0.0,206.0,0.0,0.0,0.0,0.0,0.0,2.0,0.0,0.0,0.0,0.0,0.0,0.0,17.0,1.0,179.0,0.0
ctx-rh-frontalpole,0.0,1.0,0.0,0.0,0.0,0.0,0.0,0.0,0.0,0.0,0.0,0.0,1.0,0.0,1.0,0.0,0.0,0.0,0.0,0.0,0.0,0.0,0.0,0.0,0.0,0.0,0.0,0.0,0.0,0.0,0.0,0.0,0.0,0.0,0.0,2.0,0.0,0.0,0.0,134.0,0.0,0.0,0.0,1.0,0.0,0.0,107.0,0.0,422.0,0.0,0.0,0.0,2.0,5.0,0.0,0.0,0.0,0.0,0.0,0.0,21.0,153.0,133.0,0.0,0.0,0.0,0.0,0.0
ctx-rh-fusiform,2.0,0.0,0.0,3.0,0.0,0.0,1.0,3.0,0.0,0.0,7.0,1.0,0.0,0.0,0.0,0.0,0.0,1.0,0.0,0.0,0.0,3.0,1.0,3.0,0.0,10.0,0.0,0.0,0.0,10.0,1.0,1.0,0.0,0.0,54.0,0.0,0.0,37.0,287.0,0.0,3995.0,107.0,1233.0,39.0,27.0,1365.0,2.0,742.0,0.0,199.0,0.0,327.0,0.0,0.0,1.0,141.0,1.0,2.0,0.0,74.0,0.0,0.0,0.0,56.0,100.0,7.0,67.0,5.0
ctx-rh-inferiorparietal,1.0,0.0,0.0,2.0,0.0,0.0,4.0,11.0,0.0,4.0,13.0,3.0,0.0,6.0,0.0,0.0,2.0,4.0,0.0,0.0,0.0,1.0,0.0,8.0,2.0,31.0,0.0,0.0,3.0,15.0,0.0,1.0,0.0,1.0,482.0,1.0,3.0,23.0,2.0,0.0,107.0,6746.0,318.0,69.0,48.0,753.0,0.0,36.0,0.0,669.0,4.0,13.0,2.0,0.0,0.0,19.0,144.0,28.0,54.0,186.0,0.0,1.0,6.0,1082.0,141.0,1215.0,1.0,15.0
ctx-rh-inferiortemporal,0.0,0.0,0.0,0.0,0.0,0.0,0.0,1.0,0.0,1.0,6.0,0.0,0.0,3.0,0.0,0.0,0.0,0.0,0.0,0.0,0.0,0.0,2.0,1.0,0.0,5.0,0.0,0.0,0.0,2.0,0.0,1.0,0.0,0.0,255.0,0.0,1.0,4.0,152.0,0.0,1233.0,318.0,3476.0,106.0,6.0,267.0,2.0,52.0,1.0,1690.0,0.0,44.0,1.0,0.0,1.0,9.0,5.0,1.0,3.0,20.0,0.0,0.0,0.0,54.0,276.0,33.0,184.0,10.0
ctx-rh-insula,0.0,3.0,1.0,0.0,0.0,0.0,0.0,2.0,0.0,1.0,4.0,1.0,0.0,2.0,0.0,0.0,4.0,0.0,0.0,0.0,0.0,0.0,4.0,7.0,4.0,8.0,0.0,1.0,17.0,12.0,0.0,1.0,0.0,0.0,31.0,26.0,51.0,0.0,11.0,1.0,39.0,69.0,106.0,1755.0,19.0,14.0,285.0,8.0,6.0,117.0,18.0,4.0,239.0,36.0,165.0,1.0,289.0,69.0,347.0,34.0,3.0,174.0,85.0,75.0,375.0,343.0,90.0,103.0
ctx-rh-isthmuscingulate,3.0,1.0,0.0,7.0,0.0,0.0,5.0,32.0,3.0,6.0,84.0,12.0,0.0,18.0,0.0,1.0,7.0,4.0,1.0,0.0,0.0,9.0,10.0,31.0,12.0,95.0,0.0,0.0,3.0,78.0,6.0,7.0,0.0,1.0,7.0,9.0,1.0,16.0,0.0,0.0,27.0,48.0,6.0,19.0,592.0,18.0,0.0,146.0,0.0,5.0,26.0,110.0,0.0,0.0,0.0,14.0,11.0,353.0,20.0,1007.0,0.0,1.0,30.0,110.0,19.0,14.0,1.0,4.0
ctx-rh-lateraloccipital,0.0,0.0,0.0,20.0,0.0,0.0,0.0,1.0,0.0,1.0,10.0,1.0,0.0,9.0,0.0,0.0,0.0,2.0,0.0,0.0,0.0,1.0,0.0,1.0,0.0,9.0,0.0,0.0,0.0,8.0,2.0,1.0,0.0,1.0,17.0,0.0,0.0,742.0,0.0,0.0,1365.0,753.0,267.0,14.0,18.0,8422.0,1.0,717.0,0.0,125.0,1.0,16.0,0.0,0.0,0.0,1226.0,0.0,2.0,1.0,191.0,0.0,0.0,1.0,669.0,19.0,4.0,1.0,3.0
ctx-rh-lateralorbitofrontal,0.0,0.0,0.0,0.0,0.0,0.0,0.0,0.0,0.0,0.0,0.0,0.0,1.0,0.0,3.0,0.0,0.0,0.0,1.0,0.0,0.0,0.0,0.0,0.0,0.0,0.0,9.0,0.0,1.0,1.0,0.0,0.0,0.0,0.0,0.0,9.0,0.0,0.0,0.0,107.0,2.0,0.0,2.0,285.0,0.0,1.0,2509.0,0.0,994.0,0.0,0.0,0.0,4.0,631.0,276.0,0.0,0.0,0.0,2.0,0.0,93.0,742.0,147.0,1.0,2.0,0.0,1.0,0.0
ctx-rh-lingual,0.0,0.0,0.0,15.0,0.0,0.0,3.0,4.0,1.0,1.0,15.0,6.0,0.0,126.0,0.0,0.0,2.0,2.0,0.0,0.0,0.0,7.0,0.0,2.0,4.0,22.0,0.0,0.0,1.0,13.0,0.0,2.0,0.0,1.0,3.0,0.0,0.0,230.0,3.0,0.0,742.0,36.0,52.0,8.0,146.0,717.0,0.0,4741.0,0.0,20.0,0.0,372.0,0.0,0.0,0.0,1626.0,2.0,6.0,0.0,308.0,0.0,0.0,0.0,63.0,13.0,1.0,2.0,1.0
ctx-rh-medialorbitofrontal,0.0,2.0,0.0,0.0,0.0,0.0,0.0,0.0,0.0,0.0,0.0,0.0,2.0,0.0,8.0,0.0,0.0,0.0,0.0,0.0,0.0,0.0,0.0,0.0,0.0,0.0,19.0,4.0,2.0,0.0,0.0,0.0,0.0,0.0,0.0,14.0,1.0,0.0,0.0,422.0,0.0,0.0,1.0,6.0,0.0,0.0,994.0,0.0,1599.0,0.0,0.0,0.0,1.0,25.0,17.0,0.0,0.0,0.0,0.0,0.0,492.0,401.0,463.0,0.0,0.0,0.0,0.0,0.0
ctx-rh-middletemporal,1.0,0.0,0.0,1.0,0.0,0.0,1.0,0.0,0.0,0.0,3.0,2.0,0.0,0.0,0.0,0.0,0.0,0.0,0.0,0.0,0.0,0.0,0.0,1.0,0.0,3.0,0.0,0.0,0.0,4.0,0.0,1.0,0.0,1.0,868.0,0.0,0.0,3.0,16.0,0.0,199.0,669.0,1690.0,117.0,5.0,125.0,0.0,20.0,0.0,4635.0,0.0,12.0,1.0,0.0,1.0,10.0,6.0,2.0,4.0,24.0,0.0,0.0,0.0,55.0,692.0,64.0,63.0,24.0
ctx-rh-paracentral,0.0,6.0,3.0,1.0,0.0,0.0,0.0,2.0,0.0,3.0,6.0,0.0,0.0,1.0,0.0,0.0,25.0,0.0,0.0,0.0,0.0,0.0,12.0,42.0,12.0,16.0,0.0,1.0,26.0,14.0,0.0,2.0,0.0,1.0,2.0,9.0,20.0,0.0,0.0,0.0,0.0,4.0,0.0,18.0,26.0,1.0,0.0,0.0,0.0,0.0,1725.0,0.0,1.0,0.0,0.0,0.0,638.0,252.0,1177.0,151.0,0.0,2.0,482.0,162.0,1.0,21.0,0.0,3.0
ctx-rh-parahippocampal,0.0,0.0,0.0,0.0,0.0,0.0,0.0,4.0,0.0,1.0,2.0,2.0,0.0,1.0,0.0,0.0,0.0,0.0,0.0,0.0,0.0,0.0,0.0,1.0,0.0,5.0,0.0,0.0,0.0,3.0,0.0,1.0,0.0,0.0,4.0,0.0,0.0,3.0,206.0,0.0,327.0,13.0,44.0,4.0,110.0,16.0,0.0,372.0,0.0,12.0,0.0,461.0,0.0,0.0,0.0,4.0,2.0,1.0,0.0,16.0,0.0,0.0,0.0,3.0,12.0,1.0,4.0,1.0
ctx-rh-parsopercularis,0.0,6.0,0.0,0.0,0.0,0.0,0.0,0.0,0.0,0.0,0.0,0.0,1.0,0.0,1.0,0.0,0.0,0.0,0.0,0.0,0.0,0.0,0.0,2.0,2.0,0.0,4.0,2.0,19.0,0.0,0.0,0.0,0.0,0.0,0.0,23.0,233.0,0.0,0.0,2.0,0.0,2.0,1.0,239.0,0.0,0.0,4.0,0.0,1.0,1.0,1.0,0.0,1216.0,1.0,348.0,0.0,36.0,7.0,516.0,0.0,5.0,596.0,103.0,3.0,2.0,13.0,0.0,0.0
ctx-rh-parsorbitalis,0.0,0.0,0.0,0.0,0.0,0.0,0.0,0.0,0.0,0.0,0.0,0.0,1.0,0.0,2.0,0.0,0.0,0.0,1.0,0.0,1.0,0.0,0.0,0.0,0.0,0.0,7.0,0.0,1.0,0.0,0.0,0.0,0.0,0.0,0.0,4.0,2.0,0.0,0.0,5.0,0.0,0.0,0.0,36.0,0.0,0.0,631.0,0.0,25.0,0.0,0.0,0.0,1.0,682.0,497.0,0.0,0.0,0.0,0.0,0.0,7.0,714.0,52.0,0.0,0.0,0.0,1.0,0.0
ctx-rh-parstriangularis,0.0,3.0,0.0,0.0,0.0,0.0,0.0,0.0,0.0,0.0,0.0,0.0,1.0,0.0,4.0,0.0,0.0,0.0,2.0,0.0,0.0,0.0,0.0,0.0,0.0,0.0,7.0,4.0,8.0,0.0,0.0,0.0,0.0,0.0,0.0,24.0,28.0,0.0,0.0,0.0,1.0,0.0,1.0,165.0,0.0,0.0,276.0,0.0,17.0,1.0,0.0,0.0,348.0,497.0,1479.0,0.0,2.0,1.0,9.0,0.0,19.0,1242.0,128.0,0.0,1.0,0.0,0.0,0.0
ctx-rh-pericalcarine,0.0,0.0,0.0,62.0,0.0,0.0,0.0,3.0,0.0,0.0,4.0,0.0,0.0,37.0,0.0,0.0,0.0,0.0,0.0,0.0,0.0,13.0,0.0,2.0,0.0,4.0,0.0,0.0,0.0,4.0,0.0,0.0,0.0,0.0,1.0,0.0,0.0,1705.0,0.0,0.0,141.0,19.0,9.0,1.0,14.0,1226.0,0.0,1626.0,0.0,10.0,0.0,4.0,0.0,0.0,0.0,944.0,1.0,2.0,0.0,204.0,0.0,0.0,0.0,69.0,9.0,0.0,0.0,1.0
ctx-rh-postcentral,0.0,4.0,0.0,1.0,0.0,0.0,2.0,2.0,0.0,1.0,7.0,0.0,0.0,2.0,0.0,1.0,1.0,1.0,0.0,0.0,0.0,0.0,7.0,14.0,8.0,10.0,0.0,0.0,14.0,8.0,0.0,2.0,0.0,1.0,28.0,12.0,65.0,1.0,0.0,0.0,1.0,144.0,5.0,289.0,11.0,0.0,0.0,2.0,0.0,6.0,638.0,2.0,36.0,0.0,2.0,1.0,5704.0,95.0,1749.0,143.0,0.0,8.0,57.0,717.0,25.0,1707.0,0.0,11.0
ctx-rh-posteriorcingulate,1.0,25.0,10.0,2.0,0.0,0.0,1.0,8.0,0.0,7.0,28.0,1.0,1.0,6.0,0.0,1.0,46.0,2.0,5.0,1.0,0.0,2.0,33.0,133.0,54.0,44.0,2.0,1.0,91.0,58.0,3.0,10.0,0.0,4.0,5.0,324.0,67.0,2.0,2.0,0.0,2.0,28.0,1.0,69.0,353.0,2.0,0.0,6.0,0.0,2.0,252.0,1.0,7.0,0.0,1.0,2.0,95.0,1341.0,298.0,426.0,3.0,14.0,775.0,111.0,8.0,46.0,0.0,2.0
ctx-rh-precentral,0.0,25.0,12.0,0.0,0.0,0.0,0.0,0.0,1.0,4.0,3.0,0.0,0.0,2.0,0.0,0.0,15.0,0.0,3.0,0.0,1.0,0.0,13.0,58.0,45.0,8.0,1.0,1.0,61.0,9.0,1.0,7.0,0.0,0.0,14.0,65.0,1177.0,1.0,0.0,0.0,0.0,54.0,3.0,347.0,20.0,1.0,2.0,0.0,0.0,4.0,1177.0,0.0,516.0,0.0,9.0,0.0,1749.0,298.0,7223.0,76.0,0.0,104.0,832.0,220.0,17.0,300.0,0.0,6.0
ctx-rh-precuneus,2.0,1.0,1.0,16.0,0.0,0.0,8.0,48.0,3.0,15.0,96.0,17.0,0.0,35.0,0.0,2.0,13.0,7.0,1.0,0.0,0.0,14.0,21.0,42.0,12.0,118.0,0.0,1.0,8.0,113.0,10.0,13.0,2.0,2.0,17.0,2.0,2.0,395.0,0.0,0.0,74.0,186.0,20.0,34.0,1007.0,191.0,0.0,308.0,0.0,24.0,151.0,16.0,0.0,0.0,0.0,204.0,143.0,426.0,76.0,3957.0,0.0,0.0,30.0,1811.0,30.0,35.0,2.0,3.0
ctx-rh-rostralanteriorcingulate,0.0,13.0,1.0,0.0,0.0,0.0,0.0,0.0,0.0,2.0,0.0,0.0,8.0,0.0,18.0,0.0,0.0,0.0,0.0,0.0,4.0,0.0,0.0,0.0,0.0,0.0,90.0,13.0,25.0,0.0,0.0,0.0,0.0,0.0,0.0,248.0,0.0,0.0,0.0,21.0,0.0,0.0,0.0,3.0,0.0,0.0,93.0,0.0,492.0,0.0,0.0,0.0,5.0,7.0,19.0,0.0,0.0,3.0,0.0,0.0,811.0,174.0,433.0,0.0,0.0,0.0,0.0,0.0
ctx-rh-rostralmiddlefrontal,0.0,55.0,5.0,0.0,0.0,0.0,0.0,0.0,0.0,0.0,0.0,0.0,5.0,0.0,14.0,0.0,1.0,0.0,7.0,0.0,5.0,0.0,0.0,4.0,1.0,0.0,32.0,17.0,78.0,0.0,0.0,0.0,0.0,0.0,1.0,199.0,892.0,0.0,0.0,153.0,0.0,1.0,0.0,174.0,1.0,0.0,742.0,0.0,401.0,0.0,2.0,0.0,596.0,714.0,1242.0,0.0,8.0,14.0,104.0,0.0,174.0,7200.0,2106.0,0.0,2.0,3.0,0.0,0.0
ctx-rh-superiorfrontal,0.0,170.0,32.0,0.0,0.0,1.0,0.0,1.0,1.0,15.0,3.0,0.0,7.0,0.0,16.0,0.0,6.0,0.0,20.0,2.0,10.0,0.0,6.0,69.0,58.0,4.0,63.0,51.0,342.0,6.0,0.0,2.0,0.0,0.0,1.0,1030.0,942.0,0.0,0.0,133.0,0.0,6.0,0.0,85.0,30.0,1.0,147.0,0.0,463.0,0.0,482.0,0.0,103.0,52.0,128.0,0.0,57.0,775.0,832.0,30.0,433.0,2106.0,11248.0,13.0,4.0,9.0,0.0,0.0
ctx-rh-superiorparietal,0.0,2.0,0.0,7.0,0.0,0.0,7.0,21.0,2.0,5.0,35.0,8.0,0.0,13.0,0.0,4.0,5.0,4.0,0.0,0.0,0.0,5.0,9.0,31.0,7.0,52.0,0.0,0.0,4.0,50.0,7.0,4.0,0.0,2.0,32.0,1.0,12.0,414.0,0.0,0.0,56.0,1082.0,54.0,75.0,110.0,669.0,1.0,63.0,0.0,55.0,162.0,3.0,3.0,0.0,0.0,69.0,717.0,111.0,220.0,1811.0,0.0,0.0,13.0,5786.0,52.0,319.0,1.0,21.0
ctx-rh-superiortemporal,0.0,0.0,0.0,1.0,0.0,0.0,0.0,3.0,0.0,2.0,7.0,2.0,0.0,2.0,0.0,0.0,1.0,1.0,0.0,0.0,0.0,0.0,3.0,1.0,3.0,7.0,0.0,0.0,1.0,5.0,1.0,2.0,0.0,1.0,817.0,0.0,2.0,4.0,17.0,0.0,100.0,141.0,276.0,375.0,19.0,19.0,2.0,13.0,0.0,692.0,1.0,12.0,2.0,0.0,1.0,9.0,25.0,8.0,17.0,30.0,0.0,2.0,4.0,52.0,4699.0,358.0,115.0,746.0
ctx-rh-supramarginal,0.0,1.0,0.0,0.0,0.0,0.0,1.0,1.0,0.0,2.0,5.0,2.0,0.0,1.0,0.0,0.0,4.0,1.0,0.0,0.0,0.0,1.0,4.0,4.0,2.0,12.0,0.0,0.0,4.0,8.0,0.0,1.0,0.0,2.0,495.0,2.0,15.0,2.0,1.0,0.0,7.0,1215.0,33.0,343.0,14.0,4.0,0.0,1.0,0.0,64.0,21.0,1.0,13.0,0.0,0.0,0.0,1707.0,46.0,300.0,35.0,0.0,3.0,9.0,319.0,358.0,4197.0,1.0,44.0
ctx-rh-temporalpole,0.0,0.0,0.0,0.0,0.0,0.0,0.0,0.0,0.0,0.0,0.0,0.0,0.0,1.0,0.0,0.0,0.0,0.0,0.0,0.0,0.0,0.0,0.0,0.0,0.0,0.0,0.0,0.0,0.0,0.0,0.0,0.0,0.0,0.0,6.0,0.0,0.0,0.0,179.0,0.0,67.0,1.0,184.0,90.0,1.0,1.0,1.0,2.0,0.0,63.0,0.0,4.0,0.0,1.0,0.0,0.0,0.0,0.0,0.0,2.0,0.0,0.0,0.0,1.0,115.0,1.0,330.0,0.0
ctx-rh-transversetemporal,0.0,0.0,0.0,0.0,0.0,0.0,0.0,1.0,0.0,0.0,0.0,0.0,0.0,1.0,0.0,0.0,2.0,0.0,0.0,0.0,0.0,0.0,0.0,0.0,0.0,2.0,0.0,0.0,0.0,3.0,0.0,2.0,0.0,0.0,29.0,0.0,0.0,0.0,0.0,0.0,5.0,15.0,10.0,103.0,4.0,3.0,0.0,1.0,0.0,24.0,3.0,1.0,0.0,0.0,0.0,1.0,11.0,2.0,6.0,3.0,0.0,0.0,0.0,21.0,746.0,44.0,0.0,281.0
