,ctx-lh-bankssts,ctx-lh-caudalanteriorcingulate,ctx-lh-caudalmiddlefrontal,ctx-lh-cuneus,ctx-lh-entorhinal,ctx-lh-frontalpole,ctx-lh-fusiform,ctx-lh-inferiorparietal,ctx-lh-inferiortemporal,ctx-lh-insula,ctx-lh-isthmuscingulate,ctx-lh-lateraloccipital,ctx-lh-lateralorbitofrontal,ctx-lh-lingual,ctx-lh-medialorbitofrontal,ctx-lh-middletemporal,ctx-lh-paracentral,ctx-lh-parahippocampal,ctx-lh-parsopercularis,ctx-lh-parsorbitalis,ctx-lh-parstriangularis,ctx-lh-pericalcarine,ctx-lh-postcentral,ctx-lh-posteriorcingulate,ctx-lh-precentral,ctx-lh-precuneus,ctx-lh-rostralanteriorcingulate,ctx-lh-rostralmiddlefrontal,ctx-lh-superiorfrontal,ctx-lh-superiorparietal,ctx-lh-superiortemporal,ctx-lh-supramarginal,ctx-lh-temporalpole,ctx-lh-transversetemporal,ctx-rh-bankssts,ctx-rh-caudalanteriorcingulate,ctx-rh-caudalmiddlefrontal,ctx-rh-cuneus,ctx-rh-entorhinal,ctx-rh-frontalpole,ctx-rh-fusiform,ctx-rh-inferiorparietal,ctx-rh-inferiortemporal,ctx-rh-insula,ctx-rh-isthmuscingulate,ctx-rh-lateraloccipital,ctx-rh-lateralorbitofrontal,ctx-rh-lingual,ctx-rh-medialorbitofrontal,ctx-rh-middletemporal,ctx-rh-paracentral,ctx-rh-parahippocampal,ctx-rh-parsopercularis,ctx-rh-parsorbitalis,ctx-rh-parstriangularis,ctx-rh-pericalcarine,ctx-rh-postcentral,ctx-rh-posteriorcingulate,ctx-rh-precentral,ctx-rh-precuneus,ctx-rh-rostralanteriorcingulate,ctx-rh-rostralmiddlefrontal,ctx-rh-superiorfrontal,ctx-rh-superiorparietal,ctx-rh-superiortemporal,ctx-rh-supramarginal,ctx-rh-temporalpole,ctx-rh-transversetemporal
ctx-lh-bankssts,915.0,0.0,0.0,0.0,1.0,0.0,14.0,460.0,247.0,9.0,3.0,19.0,0.0,0.0,0.0,542.0,1.0,0.0,0.0,0.0,0.0,2.0,23.0,3.0,5.0,23.0,0.0,0.0,0.0,24.0,764.0,250.0,0.0,17.0,0.0,0.0,0.0,0.0,0.0,0.0,2.0,0.0,1.0,0.0,5.0,0.0,0.0,0.0,0.0,0.0,0.0,0.0,0.0,0.0,0.0,0.0,0.0,3.0,0.0,3.0,0.0,0.0,0.0,3.0,2.0,0.0,0.0,0.0
ctx-lh-caudalanteriorcingulate,0.0,660.0,142.0,0.0,0.0,0.0,0.0,0.0,0.0,50.0,5.0,0.0,16.0,0.0,12.0,0.0,21.0,0.0,38.0,2.0,12.0,0.0,4.0,206.0,49.0,5.0,301.0,116.0,755.0,4.0,0.0,0.0,0.0,0.0,0.0,188.0,34.0,0.0,0.0,0.0,0.0,0.0,0.0,11.0,1.0,0.0,1.0,0.0,7.0,1.0,2.0,0.0,3.0,2.0,4.0,0.0,4.0,18.0,16.0,0.0,37.0,37.0,162.0,1.0,0.0,0.0,0.0,0.0
ctx-lh-caudalmiddlefrontal,0.0,142.0,3621.0,0.0,0.0,0.0,0.0,1.0,0.0,124.0,1.0,0.0,0.0,0.0,2.0,1.0,18.0,0.0,408.0,1.0,22.0,0.0,71.0,22.0,1190.0,3.0,23.0,807.0,1269.0,11.0,1.0,19.0,0.0,0.0,0.0,43.0,7.0,0.0,0.0,0.0,0.0,1.0,0.0,2.0,0.0,0.0,0.0,0.0,1.0,0.0,0.0,0.0,3.0,0.0,2.0,0.0,0.0,4.0,2.0,0.0,2.0,4.0,28.0,0.0,0.0,1.0,0.0,0.0
ctx-lh-cuneus,0.0,0.0,0.0,1531.0,0.0,0.0,35.0,26.0,7.0,1.0,16.0,268.0,0.0,274.0,0.0,1.0,0.0,0.0,0.0,0.0,0.0,1314.0,0.0,0.0,1.0,173.0,0.0,0.0,0.0,598.0,1.0,2.0,0.0,0.0,0.0,0.0,0.0,0.0,0.0,0.0,0.0,4.0,1.0,0.0,2.0,0.0,0.0,1.0,0.0,1.0,0.0,1.0,0.0,0.0,0.0,0.0,0.0,0.0,0.0,8.0,0.0,0.0,0.0,2.0,0.0,0.0,0.0,0.0
ctx-lh-entorhinal,1.0,0.0,0.0,0.0,384.0,0.0,278.0,0.0,98.0,11.0,0.0,0.0,0.0,0.0,0.0,17.0,0.0,105.0,0.0,0.0,0.0,0.0,0.0,0.0,0.0,0.0,0.0,0.0,0.0,0.0,39.0,0.0,207.0,1.0,0.0,0.0,0.0,0.0,0.0,0.0,0.0,0.0,0.0,0.0,0.0,0.0,0.0,0.0,0.0,0.0,0.0,0.0,0.0,0.0,0.0,0.0,0.0,0.0,0.0,0.0,0.0,0.0,0.0,0.0,0.0,0.0,0.0,0.0
ctx-lh-frontalpole,0.0,0.0,0.0,0.0,0.0,27.0,0.0,0.0,0.0,0.0,0.0,0.0,33.0,0.0,177.0,0.0,0.0,0.0,0.0,2.0,3.0,0.0,0.0,0.0,0.0,0.0,4.0,128.0,111.0,0.0,0.0,0.0,0.0,0.0,0.0,0.0,0.0,0.0,0.0,0.0,0.0,0.0,0.0,0.0,0.0,0.0,0.0,0.0,0.0,0.0,0.0,0.0,0.0,0.0,0.0,0.0,0.0,0.0,0.0,0.0,0.0,0.0,0.0,0.0,0.0,0.0,0.0,0.0
ctx-lh-fusiform,14.0,0.0,0.0,35.0,278.0,0.0,2939.0,129.0,1290.0,50.0,28.0,786.0,1.0,528.0,0.0,204.0,0.0,274.0,0.0,0.0,0.0,61.0,2.0,4.0,3.0,71.0,1.0,0.0,0.0,71.0,239.0,7.0,156.0,10.0,1.0,0.0,0.0,1.0,0.0,0.0,1.0,1.0,0.0,1.0,8.0,4.0,0.0,1.0,0.0,2.0,1.0,0.0,0.0,0.0,0.0,0.0,0.0,1.0,1.0,12.0,0.0,0.0,0.0,2.0,2.0,0.0,0.0,0.0
ctx-lh-inferiorparietal,460.0,0.0,1.0,26.0,0.0,0.0,129.0,5096.0,287.0,19.0,53.0,1131.0,0.0,43.0,0.0,406.0,7.0,5.0,1.0,0.0,0.0,18.0,80.0,16.0,33.0,323.0,0.0,0.0,5.0,1236.0,205.0,1252.0,1.0,10.0,1.0,0.0,0.0,3.0,0.0,0.0,0.0,3.0,3.0,1.0,19.0,5.0,0.0,5.0,0.0,2.0,1.0,1.0,0.0,0.0,0.0,0.0,0.0,3.0,3.0,28.0,0.0,0.0,0.0,7.0,3.0,2.0,0.0,1.0
ctx-lh-inferiortemporal,247.0,0.0,0.0,7.0,98.0,0.0,1290.0,287.0,3207.0,74.0,19.0,507.0,2.0,89.0,0.0,2102.0,1.0,44.0,0.0,0.0,0.0,7.0,6.0,1.0,4.0,41.0,0.0,0.0,0.0,45.0,602.0,36.0,148.0,26.0,1.0,0.0,0.0,1.0,0.0,0.0,1.0,2.0,1.0,0.0,8.0,1.0,0.0,1.0,0.0,1.0,0.0,0.0,0.0,0.0,0.0,0.0,1.0,2.0,0.0,16.0,0.0,0.0,0.0,4.0,0.0,1.0,0.0,0.0
ctx-lh-insula,9.0,50.0,124.0,1.0,11.0,0.0,50.0,19.0,74.0,1547.0,7.0,3.0,429.0,9.0,41.0,40.0,40.0,5.0,207.0,9.0,85.0,1.0,289.0,39.0,492.0,30.0,67.0,121.0,169.0,49.0,209.0,227.0,9.0,89.0,0.0,17.0,4.0,0.0,0.0,0.0,0.0,4.0,1.0,1.0,8.0,0.0,2.0,0.0,0.0,1.0,4.0,0.0,0.0,0.0,2.0,0.0,1.0,16.0,10.0,10.0,4.0,1.0,17.0,4.0,1.0,7.0,0.0,0.0
ctx-lh-isthmuscingulate,3.0,5.0,1.0,16.0,0.0,0.0,28.0,53.0,19.0,7.0,786.0,20.0,0.0,130.0,0.0,3.0,11.0,48.0,0.0,0.0,0.0,14.0,18.0,355.0,5.0,892.0,0.0,0.0,4.0,88.0,19.0,16.0,0.0,7.0,1.0,0.0,0.0,2.0,0.0,0.0,4.0,17.0,14.0,4.0,78.0,5.0,0.0,7.0,0.0,7.0,7.0,1.0,1.0,0.0,0.0,3.0,6.0,32.0,3.0,76.0,0.0,0.0,7.0,28.0,13.0,17.0,0.0,4.0
ctx-lh-lateraloccipital,19.0,0.0,0.0,268.0,0.0,0.0,786.0,1131.0,507.0,3.0,20.0,5546.0,0.0,485.0,0.0,119.0,0.0,2.0,0.0,0.0,0.0,472.0,2.0,1.0,0.0,126.0,1.0,0.0,0.0,642.0,30.0,9.0,0.0,6.0,1.0,0.0,0.0,0.0,0.0,0.0,3.0,3.0,1.0,0.0,8.0,2.0,0.0,4.0,0.0,1.0,2.0,0.0,0.0,0.0,0.0,1.0,1.0,3.0,0.0,19.0,0.0,0.0,0.0,5.0,0.0,2.0,0.0,0.0
ctx-lh-lateralorbitofrontal,0.0,16.0,0.0,0.0,0.0,33.0,1.0,0.0,2.0,429.0,0.0,0.0,2967.0,0.0,1253.0,0.0,0.0,0.0,19.0,342.0,442.0,0.0,0.0,1.0,1.0,1.0,278.0,724.0,94.0,0.0,2.0,0.0,1.0,0.0,0.0,2.0,0.0,0.0,0.0,0.0,0.0,0.0,0.0,0.0,0.0,0.0,1.0,0.0,3.0,0.0,0.0,0.0,0.0,0.0,0.0,0.0,0.0,0.0,0.0,0.0,4.0,2.0,5.0,0.0,0.0,0.0,0.0,0.0
ctx-lh-lingual,0.0,0.0,0.0,274.0,0.0,0.0,528.0,43.0,89.0,9.0,130.0,485.0,0.0,3775.0,0.0,18.0,1.0,188.0,0.0,0.0,0.0,1019.0,3.0,1.0,0.0,168.0,0.0,0.0,0.0,79.0,18.0,2.0,0.0,1.0,0.0,0.0,0.0,1.0,0.0,0.0,7.0,1.0,0.0,0.0,7.0,3.0,0.0,1.0,0.0,1.0,2.0,1.0,0.0,0.0,0.0,1.0,0.0,2.0,1.0,5.0,0.0,0.0,0.0,5.0,0.0,0.0,0.0,0.0
ctx-lh-medialorbitofrontal,0.0,12.0,2.0,0.0,0.0,177.0,0.0,0.0,0.0,41.0,0.0,0.0,1253.0,0.0,1555.0,0.0,0.0,0.0,4.0,52.0,55.0,0.0,0.0,0.0,0.0,0.0,527.0,740.0,293.0,0.0,1.0,0.0,0.0,0.0,0.0,0.0,0.0,0.0,0.0,0.0,0.0,0.0,0.0,1.0,0.0,0.0,5.0,0.0,8.0,0.0,0.0,0.0,0.0,1.0,1.0,0.0,0.0,0.0,0.0,0.0,12.0,1.0,4.0,0.0,0.0,0.0,0.0,0.0
ctx-lh-middletemporal,542.0,0.0,1.0,1.0,17.0,0.0,204.0,406.0,2102.0,40.0,3.0,119.0,0.0,18.0,0.0,2222.0,0.0,7.0,0.0,0.0,0.0,5.0,12.0,3.0,7.0,30.0,0.0,0.0,0.0,25.0,1268.0,64.0,105.0,37.0,0.0,0.0,0.0,0.0,0.0,0.0,0.0,1.0,1.0,3.0,4.0,1.0,0.0,1.0,0.0,0.0,0.0,0.0,0.0,0.0,0.0,0.0,0.0,0.0,0.0,5.0,0.0,0.0,1.0,0.0,1.0,1.0,0.0,0.0
ctx-lh-paracentral,1.0,21.0,18.0,0.0,0.0,0.0,0.0,7.0,1.0,40.0,11.0,0.0,0.0,1.0,0.0,0.0,1828.0,0.0,8.0,0.0,0.0,0.0,602.0,273.0,1095.0,187.0,0.0,1.0,680.0,225.0,3.0,19.0,0.0,1.0,1.0,12.0,8.0,0.0,0.0,0.0,1.0,1.0,2.0,3.0,4.0,1.0,0.0,0.0,0.0,0.0,17.0,0.0,1.0,0.0,0.0,0.0,4.0,49.0,11.0,8.0,0.0,1.0,31.0,2.0,1.0,1.0,0.0,0.0
ctx-lh-parahippocampal,0.0,0.0,0.0,0.0,105.0,0.0,274.0,5.0,44.0,5.0,48.0,2.0,0.0,188.0,0.0,7.0,0.0,404.0,0.0,0.0,0.0,2.0,0.0,0.0,0.0,15.0,0.0,0.0,0.0,2.0,11.0,0.0,2.0,0.0,0.0,0.0,0.0,0.0,0.0,0.0,0.0,1.0,0.0,0.0,3.0,0.0,0.0,1.0,0.0,0.0,0.0,0.0,0.0,0.0,0.0,0.0,0.0,0.0,0.0,0.0,0.0,0.0,0.0,0.0,0.0,0.0,0.0,0.0
ctx-lh-parsopercularis,0.0,38.0,408.0,0.0,0.0,0.0,0.0,1.0,0.0,207.0,0.0,0.0,19.0,0.0,4.0,0.0,8.0,0.0,1955.0,11.0,566.0,0.0,28.0,3.0,693.0,1.0,24.0,365.0,158.0,3.0,0.0,8.0,0.0,0.0,0.0,16.0,7.0,0.0,0.0,0.0,0.0,0.0,0.0,1.0,0.0,0.0,1.0,0.0,0.0,0.0,0.0,0.0,0.0,1.0,0.0,0.0,0.0,1.0,1.0,0.0,2.0,3.0,7.0,0.0,0.0,0.0,0.0,0.0
ctx-lh-parsorbitalis,0.0,2.0,1.0,0.0,0.0,2.0,0.0,0.0,0.0,9.0,0.0,0.0,342.0,0.0,52.0,0.0,0.0,0.0,11.0,414.0,471.0,0.0,0.0,0.0,0.0,0.0,25.0,344.0,19.0,0.0,0.0,0.0,0.0,0.0,0.0,0.0,0.0,0.0,0.0,0.0,0.0,0.0,0.0,0.0,0.0,0.0,0.0,0.0,1.0,0.0,0.0,0.0,0.0,0.0,0.0,0.0,0.0,0.0,0.0,0.0,0.0,1.0,0.0,0.0,0.0,0.0,0.0,0.0
ctx-lh-parstriangularis,0.0,12.0,22.0,0.0,0.0,3.0,0.0,0.0,0.0,85.0,0.0,0.0,442.0,0.0,55.0,0.0,0.0,0.0,566.0,471.0,937.0,0.0,0.0,0.0,7.0,0.0,75.0,653.0,102.0,0.0,0.0,0.0,0.0,0.0,0.0,10.0,0.0,0.0,0.0,0.0,0.0,0.0,0.0,0.0,0.0,0.0,0.0,0.0,0.0,0.0,0.0,0.0,0.0,0.0,1.0,0.0,0.0,0.0,0.0,0.0,0.0,2.0,5.0,0.0,0.0,0.0,0.0,0.0
ctx-lh-pericalcarine,2.0,0.0,0.0,1314.0,0.0,0.0,61.0,18.0,7.0,1.0,14.0,472.0,0.0,1019.0,0.0,5.0,0.0,2.0,0.0,0.0,0.0,489.0,0.0,1.0,0.0,125.0,0.0,0.0,2.0,202.0,1.0,1.0,0.0,0.0,0.0,0.0,0.0,0.0,0.0,0.0,0.0,1.0,0.0,1.0,2.0,1.0,0.0,0.0,0.0,0.0,0.0,0.0,0.0,0.0,0.0,1.0,0.0,0.0,0.0,6.0,0.0,0.0,0.0,2.0,0.0,0.0,0.0,0.0
ctx-lh-postcentral,23.0,4.0,71.0,0.0,0.0,0.0,2.0,80.0,6.0,289.0,18.0,2.0,0.0,3.0,0.0,12.0,602.0,0.0,28.0,0.0,0.0,0.0,6397.0,52.0,2062.0,101.0,0.0,2.0,45.0,777.0,33.0,1234.0,0.0,8.0,0.0,4.0,0.0,0.0,0.0,0.0,1.0,1.0,1.0,0.0,9.0,0.0,0.0,1.0,0.0,0.0,5.0,0.0,0.0,0.0,0.0,1.0,2.0,13.0,2.0,6.0,0.0,0.0,1.0,4.0,2.0,3.0,0.0,0.0
ctx-lh-posteriorcingulate,3.0,206.0,22.0,0.0,0.0,0.0,4.0,16.0,1.0,39.0,355.0,1.0,1.0,1.0,0.0,3.0,273.0,0.0,3.0,0.0,0.0,1.0,52.0,1195.0,79.0,402.0,6.0,4.0,199.0,60.0,10.0,30.0,0.0,7.0,5.0,28.0,4.0,0.0,0.0,0.0,5.0,4.0,5.0,11.0,26.0,0.0,0.0,0.0,0.0,2.0,32.0,0.0,1.0,0.0,0.0,0.0,6.0,128.0,37.0,29.0,1.0,0.0,49.0,16.0,6.0,11.0,0.0,1.0
ctx-lh-precentral,5.0,49.0,1190.0,1.0,0.0,0.0,3.0,33.0,4.0,492.0,5.0,0.0,1.0,0.0,0.0,7.0,1095.0,0.0,693.0,0.0,7.0,0.0,2062.0,79.0,8202.0,56.0,2.0,24.0,860.0,248.0,19.0,305.0,0.0,6.0,1.0,27.0,7.0,0.0,0.0,0.0,0.0,1.0,0.0,4.0,3.0,0.0,0.0,0.0,0.0,0.0,5.0,0.0,1.0,0.0,0.0,1.0,3.0,32.0,7.0,2.0,1.0,0.0,31.0,6.0,4.0,2.0,0.0,1.0
ctx-lh-precuneus,23.0,5.0,3.0,173.0,0.0,0.0,71.0,323.0,41.0,30.0,892.0,126.0,1.0,168.0,0.0,30.0,187.0,15.0,1.0,0.0,0.0,125.0,101.0,402.0,56.0,4276.0,0.0,1.0,9.0,2537.0,54.0,86.0,0.0,15.0,4.0,0.0,1.0,3.0,0.0,0.0,11.0,14.0,12.0,6.0,49.0,8.0,0.0,8.0,0.0,11.0,5.0,2.0,1.0,0.0,0.0,2.0,2.0,27.0,3.0,86.0,0.0,0.0,2.0,30.0,7.0,16.0,0.0,3.0
ctx-lh-rostralanteriorcingulate,0.0,301.0,23.0,0.0,0.0,4.0,1.0,0.0,0.0,67.0,0.0,1.0,278.0,0.0,527.0,0.0,0.0,0.0,24.0,25.0,75.0,0.0,0.0,6.0,2.0,0.0,1098.0,341.0,547.0,0.0,0.0,0.0,0.0,0.0,0.0,50.0,2.0,0.0,0.0,0.0,0.0,0.0,0.0,2.0,0.0,0.0,10.0,0.0,29.0,0.0,0.0,0.0,2.0,2.0,4.0,0.0,0.0,0.0,1.0,0.0,56.0,8.0,32.0,0.0,0.0,0.0,0.0,0.0
ctx-lh-rostralmiddlefrontal,0.0,116.0,807.0,0.0,0.0,128.0,0.0,0.0,0.0,121.0,0.0,0.0,724.0,0.0,740.0,0.0,1.0,0.0,365.0,344.0,653.0,0.0,2.0,4.0,24.0,1.0,341.0,6415.0,2227.0,2.0,0.0,1.0,0.0,0.0,0.0,32.0,5.0,0.0,0.0,0.0,0.0,0.0,0.0,1.0,0.0,0.0,5.0,0.0,2.0,0.0,0.0,0.0,1.0,2.0,3.0,0.0,0.0,2.0,1.0,0.0,19.0,6.0,22.0,0.0,0.0,0.0,0.0,0.0
ctx-lh-superiorfrontal,0.0,755.0,1269.0,0.0,0.0,111.0,0.0,5.0,0.0,169.0,4.0,0.0,94.0,0.0,293.0,0.0,680.0,0.0,158.0,19.0,102.0,2.0,45.0,199.0,860.0,9.0,547.0,2227.0,11661.0,20.0,0.0,15.0,0.0,0.0,0.0,181.0,37.0,0.0,0.0,0.0,0.0,1.0,0.0,12.0,0.0,1.0,2.0,0.0,6.0,0.0,10.0,0.0,6.0,0.0,11.0,0.0,3.0,42.0,21.0,0.0,30.0,20.0,156.0,2.0,1.0,2.0,0.0,0.0
ctx-lh-superiorparietal,24.0,4.0,11.0,598.0,0.0,0.0,71.0,1236.0,45.0,49.0,88.0,642.0,0.0,79.0,0.0,25.0,225.0,2.0,3.0,0.0,0.0,202.0,777.0,60.0,248.0,2537.0,0.0,2.0,20.0,7621.0,58.0,460.0,0.0,11.0,5.0,0.0,0.0,0.0,0.0,0.0,3.0,6.0,5.0,3.0,35.0,6.0,0.0,4.0,0.0,3.0,0.0,3.0,0.0,0.0,0.0,1.0,1.0,20.0,3.0,39.0,0.0,0.0,4.0,13.0,1.0,5.0,0.0,1.0
ctx-lh-superiortemporal,764.0,0.0,1.0,1.0,39.0,0.0,239.0,205.0,602.0,209.0,19.0,30.0,2.0,18.0,1.0,1268.0,3.0,11.0,0.0,0.0,0.0,1.0,33.0,10.0,19.0,54.0,0.0,0.0,0.0,58.0,4272.0,494.0,213.0,621.0,3.0,0.0,0.0,0.0,0.0,0.0,2.0,2.0,7.0,4.0,1.0,2.0,0.0,1.0,0.0,2.0,3.0,0.0,0.0,0.0,0.0,1.0,4.0,6.0,3.0,12.0,0.0,0.0,0.0,7.0,5.0,4.0,0.0,0.0
ctx-lh-supramarginal,250.0,0.0,19.0,2.0,0.0,0.0,7.0,1252.0,36.0,227.0,16.0,9.0,0.0,2.0,0.0,64.0,19.0,0.0,8.0,0.0,0.0,1.0,1234.0,30.0,305.0,86.0,0.0,1.0,15.0,460.0,494.0,5859.0,0.0,29.0,0.0,0.0,0.0,1.0,0.0,0.0,1.0,5.0,1.0,1.0,14.0,1.0,0.0,0.0,0.0,3.0,2.0,0.0,0.0,0.0,0.0,0.0,1.0,19.0,3.0,12.0,0.0,0.0,3.0,4.0,4.0,6.0,0.0,0.0
ctx-lh-temporalpole,0.0,0.0,0.0,0.0,207.0,0.0,156.0,1.0,148.0,9.0,0.0,0.0,1.0,0.0,0.0,105.0,0.0,2.0,0.0,0.0,0.0,0.0,0.0,0.0,0.0,0.0,0.0,0.0,0.0,0.0,213.0,0.0,435.0,1.0,0.0,0.0,0.0,0.0,0.0,0.0,0.0,0.0,0.0,0.0,0.0,0.0,0.0,0.0,0.0,0.0,0.0,0.0,0.0,0.0,0.0,0.0,0.0,0.0,0.0,0.0,0.0,0.0,0.0,0.0,0.0,0.0,0.0,0.0
ctx-lh-transversetemporal,17.0,0.0,0.0,0.0,1.0,0.0,10.0,10.0,26.0,89.0,7.0,6.0,0.0,1.0,0.0,37.0,1.0,0.0,0.0,0.0,0.0,0.0,8.0,7.0,6.0,15.0,0.0,0.0,0.0,11.0,621.0,29.0,1.0,549.0,0.0,0.0,0.0,0.0,0.0,0.0,0.0,2.0,2.0,0.0,1.0,0.0,0.0,0.0,0.0,0.0,2.0,0.0,0.0,0.0,0.0,0.0,0.0,3.0,0.0,3.0,0.0,0.0,0.0,4.0,0.0,0.0,0.0,0.0
ctx-rh-bankssts,0.0,0.0,0.0,0.0,0.0,0.0,1.0,1.0,1.0,0.0,1.0,1.0,0.0,0.0,0.0,0.0,1.0,0.0,0.0,0.0,0.0,0.0,0.0,5.0,1.0,4.0,0.0,0.0,0.0,5.0,3.0,0.0,0.0,0.0,486.0,2.0,0.0,4.0,0.0,0.0,17.0,371.0,79.0,25.0,9.0,9.0,0.0,3.0,0.0,609.0,0.0,1.0,0.0,0.0,0.0,2.0,8.0,2.0,12.0,25.0,0.0,1.0,0.0,31.0,670.0,402.0,0.0,28.0
ctx-rh-caudalanteriorcingulate,0.0,188.0,43.0,0.0,0.0,0.0,0.0,0.0,0.0,17.0,0.0,0.0,2.0,0.0,0.0,0.0,12.0,0.0,16.0,0.0,10.0,0.0,4.0,28.0,27.0,0.0,50.0,32.0,181.0,0.0,0.0,0.0,0.0,0.0,2.0,619.0,77.0,0.0,0.0,0.0,0.0,1.0,0.0,50.0,8.0,0.0,11.0,0.0,22.0,0.0,7.0,0.0,25.0,4.0,24.0,0.0,4.0,319.0,53.0,2.0,216.0,115.0,798.0,0.0,2.0,2.0,0.0,0.0
ctx-rh-caudalmiddlefrontal,0.0,34.0,7.0,0.0,0.0,0.0,0.0,0.0,0.0,4.0,0.0,0.0,0.0,0.0,0.0,0.0,8.0,0.0,7.0,0.0,0.0,0.0,0.0,4.0,7.0,1.0,2.0,5.0,37.0,0.0,0.0,0.0,0.0,0.0,0.0,77.0,3630.0,0.0,0.0,0.0,0.0,10.0,1.0,108.0,0.0,0.0,1.0,0.0,1.0,1.0,24.0,0.0,380.0,0.0,51.0,0.0,63.0,23.0,1265.0,1.0,9.0,782.0,1027.0,11.0,3.0,20.0,0.0,0.0
ctx-rh-cuneus,0.0,0.0,0.0,0.0,0.0,0.0,1.0,3.0,1.0,0.0,2.0,0.0,0.0,1.0,0.0,0.0,0.0,0.0,0.0,0.0,0.0,0.0,0.0,0.0,0.0,3.0,0.0,0.0,0.0,0.0,0.0,1.0,0.0,0.0,4.0,0.0,0.0,1372.0,0.0,0.0,47.0,20.0,8.0,3.0,15.0,564.0,0.0,305.0,0.0,7.0,0.0,0.0,0.0,0.0,0.0,1497.0,0.0,0.0,1.0,214.0,0.0,0.0,0.0,432.0,3.0,0.0,0.0,1.0
ctx-rh-entorhinal,0.0,0.0,0.0,0.0,0.0,0.0,0.0,0.0,0.0,0.0,0.0,0.0,0.0,0.0,0.0,0.0,0.0,0.0,0.0,0.0,0.0,0.0,0.0,0.0,0.0,0.0,0.0,0.0,0.0,0.0,0.0,0.0,0.0,0.0,0.0,0.0,0.0,0.0,239.0,0.0,437.0,1.0,129.0,10.0,0.0,0.0,0.0,2.0,0.0,22.0,0.0,100.0,0.0,0.0,0.0,0.0,0.0,0.0,0.0,1.0,0.0,0.0,0.0,0.0,26.0,0.0,269.0,2.0
ctx-rh-frontalpole,0.0,0.0,0.0,0.0,0.0,0.0,0.0,0.0,0.0,0.0,0.0,0.0,0.0,0.0,0.0,0.0,0.0,0.0,0.0,0.0,0.0,0.0,0.0,0.0,0.0,0.0,0.0,0.0,0.0,0.0,0.0,0.0,0.0,0.0,0.0,0.0,0.0,0.0,0.0,75.0,0.0,0.0,0.0,0.0,0.0,0.0,109.0,0.0,447.0,0.0,0.0,0.0,0.0,8.0,4.0,0.0,0.0,0.0,0.0,0.0,8.0,160.0,94.0,0.0,0.0,0.0,0.0,0.0
ctx-rh-fusiform,2.0,0.0,0.0,0.0,0.0,0.0,1.0,0.0,1.0,0.0,4.0,3.0,0.0,7.0,0.0,0.0,1.0,0.0,0.0,0.0,0.0,0.0,1.0,5.0,0.0,11.0,0.0,0.0,0.0,3.0,2.0,1.0,0.0,0.0,17.0,0.0,0.0,47.0,437.0,0.0,3458.0,82.0,1277.0,58.0,27.0,1227.0,3.0,610.0,0.0,183.0,0.0,277.0,0.0,0.0,0.0,94.0,1.0,2.0,0.0,116.0,0.0,0.0,0.0,54.0,116.0,3.0,180.0,15.0
ctx-rh-inferiorparietal,0.0,0.0,1.0,4.0,0.0,0.0,1.0,3.0,2.0,4.0,17.0,3.0,0.0,1.0,0.0,1.0,1.0,1.0,0.0,0.0,0.0,1.0,1.0,4.0,1.0,14.0,0.0,0.0,1.0,6.0,2.0,5.0,0.0,2.0,371.0,1.0,10.0,20.0,1.0,0.0,82.0,7157.0,345.0,32.0,35.0,940.0,0.0,18.0,0.0,550.0,4.0,3.0,2.0,0.0,0.0,11.0,99.0,13.0,80.0,281.0,0.0,0.0,4.0,1337.0,93.0,1269.0,0.0,19.0
ctx-rh-inferiortemporal,1.0,0.0,0.0,1.0,0.0,0.0,0.0,3.0,1.0,1.0,14.0,1.0,0.0,0.0,0.0,1.0,2.0,0.0,0.0,0.0,0.0,0.0,1.0,5.0,0.0,12.0,0.0,0.0,0.0,5.0,7.0,1.0,0.0,2.0,79.0,0.0,1.0,8.0,129.0,0.0,1277.0,345.0,3592.0,158.0,23.0,356.0,4.0,56.0,0.0,1859.0,3.0,21.0,0.0,0.0,0.0,10.0,3.0,3.0,6.0,63.0,0.0,0.0,0.0,54.0,301.0,31.0,229.0,18.0
ctx-rh-insula,0.0,11.0,2.0,0.0,0.0,0.0,1.0,1.0,0.0,1.0,4.0,0.0,0.0,0.0,1.0,3.0,3.0,0.0,1.0,0.0,0.0,1.0,0.0,11.0,4.0,6.0,2.0,1.0,12.0,3.0,4.0,1.0,0.0,0.0,25.0,50.0,108.0,3.0,10.0,0.0,58.0,32.0,158.0,1410.0,8.0,10.0,298.0,3.0,32.0,135.0,16.0,2.0,216.0,17.0,129.0,1.0,157.0,29.0,280.0,34.0,36.0,154.0,193.0,41.0,241.0,226.0,10.0,49.0
ctx-rh-isthmuscingulate,5.0,1.0,0.0,2.0,0.0,0.0,8.0,19.0,8.0,8.0,78.0,8.0,0.0,7.0,0.0,4.0,4.0,3.0,0.0,0.0,0.0,2.0,9.0,26.0,3.0,49.0,0.0,0.0,0.0,35.0,1.0,14.0,0.0,1.0,9.0,8.0,0.0,15.0,0.0,0.0,27.0,35.0,23.0,8.0,740.0,25.0,0.0,123.0,0.0,9.0,21.0,102.0,0.0,0.0,1.0,6.0,14.0,363.0,11.0,889.0,0.0,0.0,9.0,61.0,14.0,14.0,0.0,7.0
ctx-rh-lateraloccipital,0.0,0.0,0.0,0.0,0.0,0.0,4.0,5.0,1.0,0.0,5.0,2.0,0.0,3.0,0.0,1.0,1.0,0.0,0.0,0.0,0.0,1.0,0.0,0.0,0.0,8.0,0.0,0.0,1.0,6.0,2.0,1.0,0.0,0.0,9.0,0.0,0.0,564.0,0.0,0.0,1227.0,940.0,356.0,10.0,25.0,5939.0,0.0,587.0,0.0,135.0,0.0,5.0,0.0,0.0,0.0,817.0,3.0,0.0,0.0,200.0,0.0,0.0,1.0,537.0,20.0,2.0,0.0,1.0
ctx-rh-lateralorbitofrontal,0.0,1.0,0.0,0.0,0.0,0.0,0.0,0.0,0.0,2.0,0.0,0.0,1.0,0.0,5.0,0.0,0.0,0.0,1.0,0.0,0.0,0.0,0.0,0.0,0.0,0.0,10.0,5.0,2.0,0.0,0.0,0.0,0.0,0.0,0.0,11.0,1.0,0.0,0.0,109.0,3.0,0.0,4.0,298.0,0.0,0.0,2589.0,0.0,1097.0,2.0,0.0,0.0,7.0,485.0,344.0,0.0,0.0,0.0,0.0,0.0,214.0,673.0,100.0,0.0,8.0,0.0,0.0,0.0
ctx-rh-lingual,0.0,0.0,0.0,1.0,0.0,0.0,1.0,5.0,1.0,0.0,7.0,4.0,0.0,1.0,0.0,1.0,0.0,1.0,0.0,0.0,0.0,0.0,1.0,0.0,0.0,8.0,0.0,0.0,0.0,4.0,1.0,0.0,0.0,0.0,3.0,0.0,0.0,305.0,2.0,0.0,610.0,18.0,56.0,3.0,123.0,587.0,0.0,4448.0,0.0,16.0,1.0,270.0,0.0,0.0,0.0,1429.0,0.0,0.0,2.0,191.0,0.0,0.0,0.0,45.0,10.0,0.0,0.0,1.0
ctx-rh-medialorbitofrontal,0.0,7.0,1.0,0.0,0.0,0.0,0.0,0.0,0.0,0.0,0.0,0.0,3.0,0.0,8.0,0.0,0.0,0.0,0.0,1.0,0.0,0.0,0.0,0.0,0.0,0.0,29.0,2.0,6.0,0.0,0.0,0.0,0.0,0.0,0.0,22.0,1.0,0.0,0.0,447.0,0.0,0.0,0.0,32.0,0.0,0.0,1097.0,0.0,2012.0,0.0,0.0,0.0,2.0,53.0,70.0,0.0,0.0,0.0,0.0,0.0,696.0,750.0,388.0,0.0,1.0,0.0,0.0,0.0
ctx-rh-middletemporal,0.0,1.0,0.0,1.0,0.0,0.0,2.0,2.0,1.0,1.0,7.0,1.0,0.0,1.0,0.0,0.0,0.0,0.0,0.0,0.0,0.0,0.0,0.0,2.0,0.0,11.0,0.0,0.0,0.0,3.0,2.0,3.0,0.0,0.0,609.0,0.0,1.0,7.0,22.0,0.0,183.0,550.0,1859.0,135.0,9.0,135.0,2.0,16.0,0.0,3288.0,1.0,5.0,2.0,0.0,0.0,1.0,8.0,4.0,8.0,31.0,0.0,0.0,0.0,50.0,856.0,47.0,119.0,37.0
ctx-rh-paracentral,0.0,2.0,0.0,0.0,0.0,0.0,1.0,1.0,0.0,4.0,7.0,2.0,0.0,2.0,0.0,0.0,17.0,0.0,0.0,0.0,0.0,0.0,5.0,32.0,5.0,5.0,0.0,0.0,10.0,0.0,3.0,2.0,0.0,2.0,0.0,7.0,24.0,0.0,0.0,0.0,0.0,4.0,3.0,16.0,21.0,0.0,0.0,1.0,0.0,1.0,1743.0,0.0,5.0,0.0,0.0,0.0,435.0,394.0,961.0,174.0,0.0,2.0,304.0,259.0,7.0,16.0,0.0,3.0
ctx-rh-parahippocampal,0.0,0.0,0.0,1.0,0.0,0.0,0.0,1.0,0.0,0.0,1.0,0.0,0.0,1.0,0.0,0.0,0.0,0.0,0.0,0.0,0.0,0.0,0.0,0.0,0.0,2.0,0.0,0.0,0.0,3.0,0.0,0.0,0.0,0.0,1.0,0.0,0.0,0.0,100.0,0.0,277.0,3.0,21.0,2.0,102.0,5.0,0.0,270.0,0.0,5.0,0.0,383.0,0.0,0.0,0.0,6.0,0.0,1.0,0.0,25.0,0.0,0.0,0.0,4.0,8.0,3.0,1.0,3.0
ctx-rh-parsopercularis,0.0,3.0,3.0,0.0,0.0,0.0,0.0,0.0,0.0,0.0,1.0,0.0,0.0,0.0,0.0,0.0,1.0,0.0,0.0,0.0,0.0,0.0,0.0,1.0,1.0,1.0,2.0,1.0,6.0,0.0,0.0,0.0,0.0,0.0,0.0,25.0,380.0,0.0,0.0,0.0,0.0,2.0,0.0,216.0,0.0,0.0,7.0,0.0,2.0,2.0,5.0,0.0,1691.0,2.0,490.0,0.0,61.0,11.0,728.0,3.0,12.0,431.0,149.0,2.0,4.0,26.0,0.0,0.0
ctx-rh-parsorbitalis,0.0,2.0,0.0,0.0,0.0,0.0,0.0,0.0,0.0,0.0,0.0,0.0,0.0,0.0,1.0,0.0,0.0,0.0,1.0,0.0,0.0,0.0,0.0,0.0,0.0,0.0,2.0,2.0,0.0,0.0,0.0,0.0,0.0,0.0,0.0,4.0,0.0,0.0,0.0,8.0,0.0,0.0,0.0,17.0,0.0,0.0,485.0,0.0,53.0,0.0,0.0,0.0,2.0,279.0,377.0,0.0,0.0,1.0,0.0,0.0,22.0,410.0,31.0,0.0,0.0,0.0,0.0,0.0
ctx-rh-parstriangularis,0.0,4.0,2.0,0.0,0.0,0.0,0.0,0.0,0.0,2.0,0.0,0.0,0.0,0.0,1.0,0.0,0.0,0.0,0.0,0.0,1.0,0.0,0.0,0.0,0.0,0.0,4.0,3.0,11.0,0.0,0.0,0.0,0.0,0.0,0.0,24.0,51.0,0.0,0.0,4.0,0.0,0.0,0.0,129.0,1.0,0.0,344.0,0.0,70.0,0.0,0.0,0.0,490.0,377.0,1383.0,0.0,2.0,0.0,22.0,0.0,94.0,1032.0,180.0,0.0,0.0,1.0,0.0,0.0
ctx-rh-pericalcarine,0.0,0.0,0.0,0.0,0.0,0.0,0.0,0.0,0.0,0.0,3.0,1.0,0.0,1.0,0.0,0.0,0.0,0.0,0.0,0.0,0.0,1.0,1.0,0.0,1.0,2.0,0.0,0.0,0.0,1.0,1.0,0.0,0.0,0.0,2.0,0.0,0.0,1497.0,0.0,0.0,94.0,11.0,10.0,1.0,6.0,817.0,0.0,1429.0,0.0,1.0,0.0,6.0,0.0,0.0,0.0,736.0,1.0,0.0,0.0,175.0,0.0,0.0,0.0,78.0,6.0,0.0,0.0,0.0
ctx-rh-postcentral,0.0,4.0,0.0,0.0,0.0,0.0,0.0,0.0,1.0,1.0,6.0,1.0,0.0,0.0,0.0,0.0,4.0,0.0,0.0,0.0,0.0,0.0,2.0,6.0,3.0,2.0,0.0,0.0,3.0,1.0,4.0,1.0,0.0,0.0,8.0,4.0,63.0,0.0,0.0,0.0,1.0,99.0,3.0,157.0,14.0,3.0,0.0,0.0,0.0,8.0,435.0,0.0,61.0,0.0,2.0,1.0,6045.0,40.0,1931.0,96.0,0.0,4.0,37.0,876.0,29.0,1566.0,0.0,3.0
ctx-rh-posteriorcingulate,3.0,18.0,4.0,0.0,0.0,0.0,1.0,3.0,2.0,16.0,32.0,3.0,0.0,2.0,0.0,0.0,49.0,0.0,1.0,0.0,0.0,0.0,13.0,128.0,32.0,27.0,0.0,2.0,42.0,20.0,6.0,19.0,0.0,3.0,2.0,319.0,23.0,0.0,0.0,0.0,2.0,13.0,3.0,29.0,363.0,0.0,0.0,0.0,0.0,4.0,394.0,1.0,11.0,1.0,0.0,0.0,40.0,1414.0,168.0,353.0,5.0,2.0,447.0,51.0,5.0,32.0,0.0,8.0
ctx-rh-precentral,0.0,16.0,2.0,0.0,0.0,0.0,1.0,3.0,0.0,10.0,3.0,0.0,0.0,1.0,0.0,0.0,11.0,0.0,1.0,0.0,0.0,0.0,2.0,37.0,7.0,3.0,1.0,1.0,21.0,3.0,3.0,3.0,0.0,0.0,12.0,53.0,1265.0,1.0,0.0,0.0,0.0,80.0,6.0,280.0,11.0,0.0,0.0,2.0,0.0,8.0,961.0,0.0,728.0,0.0,22.0,0.0,1931.0,168.0,7936.0,50.0,1.0,50.0,805.0,230.0,26.0,419.0,0.0,5.0
ctx-rh-precuneus,3.0,0.0,0.0,8.0,0.0,0.0,12.0,28.0,16.0,10.0,76.0,19.0,0.0,5.0,0.0,5.0,8.0,0.0,0.0,0.0,0.0,6.0,6.0,29.0,2.0,86.0,0.0,0.0,0.0,39.0,12.0,12.0,0.0,3.0,25.0,2.0,1.0,214.0,1.0,0.0,116.0,281.0,63.0,34.0,889.0,200.0,0.0,191.0,0.0,31.0,174.0,25.0,3.0,0.0,0.0,175.0,96.0,353.0,50.0,4627.0,0.0,1.0,9.0,2174.0,53.0,68.0,0.0,17.0
ctx-rh-rostralanteriorcingulate,0.0,37.0,2.0,0.0,0.0,0.0,0.0,0.0,0.0,4.0,0.0,0.0,4.0,0.0,12.0,0.0,0.0,0.0,2.0,0.0,0.0,0.0,0.0,1.0,1.0,0.0,56.0,19.0,30.0,0.0,0.0,0.0,0.0,0.0,0.0,216.0,9.0,0.0,0.0,8.0,0.0,0.0,0.0,36.0,0.0,0.0,214.0,0.0,696.0,0.0,0.0,0.0,12.0,22.0,94.0,0.0,0.0,5.0,1.0,0.0,700.0,210.0,546.0,0.0,0.0,0.0,0.0,0.0
ctx-rh-rostralmiddlefrontal,0.0,37.0,4.0,0.0,0.0,0.0,0.0,0.0,0.0,1.0,0.0,0.0,2.0,0.0,1.0,0.0,1.0,0.0,3.0,1.0,2.0,0.0,0.0,0.0,0.0,0.0,8.0,6.0,20.0,0.0,0.0,0.0,0.0,0.0,1.0,115.0,782.0,0.0,0.0,160.0,0.0,0.0,0.0,154.0,0.0,0.0,673.0,0.0,750.0,0.0,2.0,0.0,431.0,410.0,1032.0,0.0,4.0,2.0,50.0,1.0,210.0,5601.0,2472.0,1.0,0.0,1.0,0.0,0.0
ctx-rh-superiorfrontal,0.0,162.0,28.0,0.0,0.0,0.0,0.0,0.0,0.0,17.0,7.0,0.0,5.0,0.0,4.0,1.0,31.0,0.0,7.0,0.0,5.0,0.0,1.0,49.0,31.0,2.0,32.0,22.0,156.0,4.0,0.0,3.0,0.0,0.0,0.0,798.0,1027.0,0.0,0.0,94.0,0.0,4.0,0.0,193.0,9.0,1.0,100.0,0.0,388.0,0.0,304.0,0.0,149.0,31.0,180.0,0.0,37.0,447.0,805.0,9.0,546.0,2472.0,10506.0,8.0,0.0,11.0,0.0,1.0
ctx-rh-superiorparietal,3.0,1.0,0.0,2.0,0.0,0.0,2.0,7.0,4.0,4.0,28.0,5.0,0.0,5.0,0.0,0.0,2.0,0.0,0.0,0.0,0.0,2.0,4.0,16.0,6.0,30.0,0.0,0.0,2.0,13.0,7.0,4.0,0.0,4.0,31.0,0.0,11.0,432.0,0.0,0.0,54.0,1337.0,54.0,41.0,61.0,537.0,0.0,45.0,0.0,50.0,259.0,4.0,2.0,0.0,0.0,78.0,876.0,51.0,230.0,2174.0,0.0,1.0,8.0,6400.0,41.0,447.0,1.0,23.0
ctx-rh-superiortemporal,2.0,0.0,0.0,0.0,0.0,0.0,2.0,3.0,0.0,1.0,13.0,0.0,0.0,0.0,0.0,1.0,1.0,0.0,0.0,0.0,0.0,0.0,2.0,6.0,4.0,7.0,0.0,0.0,1.0,1.0,5.0,4.0,0.0,0.0,670.0,2.0,3.0,3.0,26.0,0.0,116.0,93.0,301.0,241.0,14.0,20.0,8.0,10.0,1.0,856.0,7.0,8.0,4.0,0.0,0.0,6.0,29.0,5.0,26.0,53.0,0.0,0.0,0.0,41.0,5233.0,387.0,140.0,550.0
ctx-rh-supramarginal,0.0,0.0,1.0,0.0,0.0,0.0,0.0,2.0,1.0,7.0,17.0,2.0,0.0,0.0,0.0,1.0,1.0,0.0,0.0,0.0,0.0,0.0,3.0,11.0,2.0,16.0,0.0,0.0,2.0,5.0,4.0,6.0,0.0,0.0,402.0,2.0,20.0,0.0,0.0,0.0,3.0,1269.0,31.0,226.0,14.0,2.0,0.0,0.0,0.0,47.0,16.0,3.0,26.0,0.0,1.0,0.0,1566.0,32.0,419.0,68.0,0.0,1.0,11.0,447.0,387.0,5724.0,1.0,45.0
ctx-rh-temporalpole,0.0,0.0,0.0,0.0,0.0,0.0,0.0,0.0,0.0,0.0,0.0,0.0,0.0,0.0,0.0,0.0,0.0,0.0,0.0,0.0,0.0,0.0,0.0,0.0,0.0,0.0,0.0,0.0,0.0,0.0,0.0,0.0,0.0,0.0,0.0,0.0,0.0,0.0,269.0,0.0,180.0,0.0,229.0,10.0,0.0,0.0,0.0,0.0,0.0,119.0,0.0,1.0,0.0,0.0,0.0,0.0,0.0,0.0,0.0,0.0,0.0,0.0,0.0,1.0,140.0,1.0,234.0,0.0
ctx-rh-transversetemporal,0.0,0.0,0.0,0.0,0.0,0.0,0.0,1.0,0.0,0.0,4.0,0.0,0.0,0.0,0.0,0.0,0.0,0.0,0.0,0.0,0.0,0.0,0.0,1.0,1.0,3.0,0.0,0.0,0.0,1.0,0.0,0.0,0.0,0.0,28.0,0.0,0.0,1.0,2.0,0.0,15.0,19.0,18.0,49.0,7.0,1.0,0.0,1.0,0.0,37.0,3.0,3.0,0.0,0.0,0.0,0.0,3.0,8.0,5.0,17.0,0.0,0.0,1.0,23.0,550.0,45.0,0.0,237.0
