,ctx-lh-bankssts,ctx-lh-caudalanteriorcingulate,ctx-lh-caudalmiddlefrontal,ctx-lh-cuneus,ctx-lh-entorhinal,ctx-lh-frontalpole,ctx-lh-fusiform,ctx-lh-inferiorparietal,ctx-lh-inferiortemporal,ctx-lh-insula,ctx-lh-isthmuscingulate,ctx-lh-lateraloccipital,ctx-lh-lateralorbitofrontal,ctx-lh-lingual,ctx-lh-medialorbitofrontal,ctx-lh-middletemporal,ctx-lh-paracentral,ctx-lh-parahippocampal,ctx-lh-parsopercularis,ctx-lh-parsorbitalis,ctx-lh-parstriangularis,ctx-lh-pericalcarine,ctx-lh-postcentral,ctx-lh-posteriorcingulate,ctx-lh-precentral,ctx-lh-precuneus,ctx-lh-rostralanteriorcingulate,ctx-lh-rostralmiddlefrontal,ctx-lh-superiorfrontal,ctx-lh-superiorparietal,ctx-lh-superiortemporal,ctx-lh-supramarginal,ctx-lh-temporalpole,ctx-lh-transversetemporal,ctx-rh-bankssts,ctx-rh-caudalanteriorcingulate,ctx-rh-caudalmiddlefrontal,ctx-rh-cuneus,ctx-rh-entorhinal,ctx-rh-frontalpole,ctx-rh-fusiform,ctx-rh-inferiorparietal,ctx-rh-inferiortemporal,ctx-rh-insula,ctx-rh-isthmuscingulate,ctx-rh-lateraloccipital,ctx-rh-lateralorbitofrontal,ctx-rh-lingual,ctx-rh-medialorbitofrontal,ctx-rh-middletemporal,ctx-rh-paracentral,ctx-rh-parahippocampal,ctx-rh-parsopercularis,ctx-rh-parsorbitalis,ctx-rh-parstriangularis,ctx-rh-pericalcarine,ctx-rh-postcentral,ctx-rh-posteriorcingulate,ctx-rh-precentral,ctx-rh-precuneus,ctx-rh-rostralanteriorcingulate,ctx-rh-rostralmiddlefrontal,ctx-rh-superiorfrontal,ctx-rh-superiorparietal,ctx-rh-superiortemporal,ctx-rh-supramarginal,ctx-rh-temporalpole,ctx-rh-transversetemporal
ctx-lh-bankssts,833.0,0.0,3.0,3.0,5.0,0.0,108.0,414.0,288.0,40.0,11.0,19.0,0.0,11.0,0.0,828.0,0.0,15.0,3.0,0.0,0.0,3.0,20.0,5.0,20.0,7.0,0.0,0.0,0.0,42.0,1005.0,315.0,10.0,61.0,0.0,1.0,0.0,0.0,0.0,0.0,1.0,0.0,1.0,0.0,7.0,0.0,0.0,0.0,0.0,0.0,0.0,1.0,0.0,0.0,0.0,0.0,0.0,3.0,1.0,2.0,0.0,0.0,0.0,2.0,1.0,1.0,0.0,0.0
ctx-lh-caudalanteriorcingulate,0.0,705.0,64.0,0.0,0.0,3.0,0.0,0.0,1.0,13.0,19.0,0.0,17.0,0.0,28.0,0.0,9.0,0.0,50.0,2.0,16.0,0.0,5.0,387.0,14.0,12.0,292.0,165.0,924.0,3.0,0.0,2.0,0.0,0.0,0.0,129.0,33.0,0.0,0.0,1.0,0.0,1.0,0.0,5.0,0.0,0.0,1.0,0.0,4.0,1.0,3.0,0.0,10.0,0.0,6.0,0.0,1.0,13.0,18.0,0.0,16.0,51.0,197.0,3.0,0.0,1.0,1.0,0.0
ctx-lh-caudalmiddlefrontal,3.0,64.0,3436.0,0.0,0.0,0.0,0.0,2.0,0.0,69.0,4.0,0.0,4.0,0.0,0.0,2.0,17.0,0.0,474.0,0.0,15.0,1.0,122.0,83.0,1289.0,4.0,3.0,848.0,1242.0,21.0,9.0,34.0,0.0,2.0,0.0,32.0,12.0,0.0,0.0,0.0,0.0,1.0,0.0,3.0,1.0,0.0,0.0,0.0,0.0,0.0,5.0,0.0,8.0,1.0,1.0,0.0,3.0,27.0,24.0,3.0,1.0,10.0,102.0,1.0,0.0,1.0,0.0,0.0
ctx-lh-cuneus,3.0,0.0,0.0,1579.0,0.0,0.0,23.0,35.0,2.0,1.0,28.0,300.0,0.0,272.0,0.0,0.0,0.0,4.0,0.0,0.0,0.0,1509.0,0.0,3.0,0.0,221.0,0.0,0.0,1.0,1216.0,0.0,0.0,0.0,0.0,0.0,0.0,0.0,106.0,0.0,0.0,0.0,4.0,2.0,0.0,10.0,8.0,0.0,3.0,0.0,0.0,1.0,4.0,0.0,0.0,0.0,57.0,0.0,1.0,0.0,18.0,0.0,0.0,0.0,20.0,0.0,2.0,0.0,0.0
ctx-lh-entorhinal,5.0,0.0,0.0,0.0,357.0,0.0,309.0,2.0,86.0,12.0,0.0,3.0,0.0,2.0,0.0,41.0,0.0,252.0,0.0,0.0,0.0,0.0,0.0,0.0,0.0,1.0,0.0,0.0,0.0,0.0,23.0,1.0,217.0,1.0,0.0,0.0,0.0,0.0,0.0,0.0,0.0,0.0,0.0,0.0,0.0,0.0,0.0,0.0,0.0,0.0,0.0,0.0,0.0,0.0,0.0,0.0,0.0,1.0,0.0,1.0,0.0,0.0,0.0,0.0,0.0,0.0,0.0,0.0
ctx-lh-frontalpole,0.0,3.0,0.0,0.0,0.0,59.0,0.0,0.0,0.0,0.0,0.0,0.0,40.0,0.0,170.0,0.0,0.0,0.0,0.0,6.0,4.0,0.0,0.0,0.0,0.0,0.0,8.0,115.0,201.0,0.0,0.0,0.0,0.0,0.0,0.0,0.0,0.0,0.0,0.0,0.0,0.0,0.0,0.0,0.0,0.0,0.0,0.0,0.0,0.0,0.0,0.0,0.0,0.0,0.0,0.0,0.0,0.0,0.0,0.0,0.0,0.0,0.0,0.0,0.0,0.0,0.0,0.0,0.0
ctx-lh-fusiform,108.0,0.0,0.0,23.0,309.0,0.0,2934.0,272.0,1312.0,37.0,21.0,1301.0,0.0,521.0,0.0,427.0,0.0,289.0,0.0,0.0,0.0,65.0,5.0,4.0,1.0,28.0,0.0,0.0,0.0,112.0,54.0,22.0,79.0,6.0,0.0,0.0,0.0,1.0,0.0,0.0,2.0,1.0,1.0,0.0,18.0,2.0,0.0,2.0,0.0,1.0,0.0,0.0,0.0,0.0,0.0,1.0,2.0,2.0,0.0,10.0,0.0,0.0,0.0,4.0,1.0,1.0,0.0,0.0
ctx-lh-inferiorparietal,414.0,0.0,2.0,35.0,2.0,0.0,272.0,7019.0,301.0,25.0,83.0,1112.0,1.0,146.0,1.0,575.0,3.0,24.0,1.0,0.0,0.0,41.0,60.0,20.0,21.0,261.0,0.0,0.0,4.0,1449.0,137.0,1421.0,1.0,35.0,2.0,0.0,0.0,2.0,0.0,0.0,1.0,4.0,2.0,2.0,32.0,5.0,0.0,1.0,0.0,0.0,0.0,1.0,0.0,0.0,0.0,0.0,1.0,4.0,2.0,45.0,0.0,0.0,0.0,20.0,4.0,6.0,0.0,2.0
ctx-lh-inferiortemporal,288.0,1.0,0.0,2.0,86.0,0.0,1312.0,301.0,5030.0,68.0,9.0,406.0,0.0,52.0,0.0,1755.0,0.0,73.0,0.0,1.0,0.0,4.0,15.0,2.0,10.0,19.0,0.0,1.0,0.0,39.0,174.0,56.0,181.0,20.0,0.0,0.0,0.0,0.0,0.0,0.0,0.0,1.0,0.0,0.0,6.0,2.0,0.0,0.0,0.0,0.0,2.0,0.0,0.0,0.0,0.0,0.0,0.0,1.0,1.0,7.0,0.0,0.0,0.0,4.0,0.0,0.0,0.0,0.0
ctx-lh-insula,40.0,13.0,69.0,1.0,12.0,0.0,37.0,25.0,68.0,1690.0,11.0,4.0,554.0,2.0,30.0,122.0,7.0,2.0,368.0,25.0,109.0,0.0,331.0,23.0,318.0,22.0,13.0,142.0,71.0,73.0,306.0,351.0,72.0,82.0,2.0,7.0,1.0,0.0,0.0,0.0,0.0,1.0,0.0,0.0,6.0,2.0,1.0,0.0,0.0,0.0,0.0,0.0,1.0,0.0,2.0,0.0,0.0,9.0,3.0,8.0,1.0,4.0,18.0,0.0,0.0,0.0,0.0,0.0
ctx-lh-isthmuscingulate,11.0,19.0,4.0,28.0,0.0,0.0,21.0,83.0,9.0,11.0,673.0,26.0,0.0,172.0,0.0,10.0,8.0,64.0,0.0,0.0,0.0,29.0,9.0,520.0,8.0,942.0,0.0,0.0,8.0,284.0,10.0,23.0,0.0,6.0,7.0,0.0,0.0,3.0,0.0,0.0,12.0,15.0,9.0,7.0,78.0,16.0,0.0,14.0,0.0,4.0,5.0,3.0,0.0,0.0,0.0,4.0,1.0,27.0,5.0,112.0,0.0,0.0,1.0,50.0,11.0,5.0,0.0,2.0
ctx-lh-lateraloccipital,19.0,0.0,0.0,300.0,3.0,0.0,1301.0,1112.0,406.0,4.0,26.0,5838.0,0.0,714.0,0.0,115.0,1.0,27.0,1.0,0.0,0.0,783.0,1.0,3.0,1.0,63.0,0.0,0.0,0.0,680.0,20.0,11.0,3.0,4.0,0.0,0.0,0.0,0.0,0.0,0.0,2.0,3.0,0.0,2.0,19.0,8.0,0.0,4.0,0.0,0.0,0.0,2.0,0.0,0.0,0.0,2.0,0.0,1.0,0.0,21.0,0.0,0.0,0.0,5.0,1.0,0.0,0.0,0.0
ctx-lh-lateralorbitofrontal,0.0,17.0,4.0,0.0,0.0,40.0,0.0,1.0,0.0,554.0,0.0,0.0,3961.0,0.0,1100.0,2.0,0.0,1.0,20.0,619.0,367.0,0.0,0.0,0.0,0.0,0.0,107.0,899.0,111.0,0.0,1.0,0.0,4.0,1.0,0.0,4.0,0.0,0.0,0.0,0.0,0.0,0.0,0.0,0.0,0.0,0.0,2.0,0.0,2.0,0.0,0.0,0.0,1.0,0.0,2.0,0.0,0.0,0.0,0.0,0.0,4.0,4.0,8.0,0.0,0.0,0.0,0.0,0.0
ctx-lh-lingual,11.0,0.0,0.0,272.0,2.0,0.0,521.0,146.0,52.0,2.0,172.0,714.0,0.0,4298.0,0.0,20.0,2.0,211.0,0.0,0.0,0.0,1318.0,1.0,6.0,1.0,118.0,0.0,0.0,0.0,236.0,10.0,5.0,1.0,3.0,2.0,0.0,0.0,5.0,0.0,0.0,1.0,10.0,2.0,1.0,28.0,15.0,0.0,54.0,0.0,1.0,2.0,4.0,0.0,0.0,0.0,8.0,2.0,7.0,2.0,50.0,0.0,0.0,0.0,22.0,1.0,1.0,0.0,1.0
ctx-lh-medialorbitofrontal,0.0,28.0,0.0,0.0,0.0,170.0,0.0,1.0,0.0,30.0,0.0,0.0,1100.0,0.0,1730.0,0.0,0.0,0.0,6.0,25.0,41.0,0.0,0.0,1.0,0.0,0.0,581.0,376.0,280.0,0.0,0.0,0.0,0.0,0.0,0.0,10.0,0.0,0.0,0.0,0.0,0.0,0.0,0.0,0.0,0.0,0.0,2.0,0.0,8.0,0.0,0.0,0.0,0.0,2.0,1.0,0.0,0.0,0.0,0.0,0.0,14.0,4.0,8.0,0.0,0.0,0.0,0.0,0.0
ctx-lh-middletemporal,828.0,0.0,2.0,0.0,41.0,0.0,427.0,575.0,1755.0,122.0,10.0,115.0,2.0,20.0,0.0,4056.0,0.0,44.0,2.0,0.0,0.0,5.0,16.0,0.0,6.0,19.0,0.0,1.0,0.0,40.0,940.0,99.0,216.0,38.0,0.0,0.0,0.0,0.0,0.0,0.0,0.0,0.0,0.0,0.0,1.0,2.0,0.0,2.0,0.0,0.0,0.0,0.0,0.0,0.0,0.0,0.0,0.0,3.0,0.0,5.0,0.0,0.0,0.0,2.0,0.0,0.0,0.0,0.0
ctx-lh-paracentral,0.0,9.0,17.0,0.0,0.0,0.0,0.0,3.0,0.0,7.0,8.0,1.0,0.0,2.0,0.0,0.0,1654.0,0.0,3.0,0.0,0.0,0.0,735.0,325.0,1047.0,185.0,1.0,1.0,609.0,243.0,1.0,8.0,0.0,0.0,1.0,3.0,2.0,0.0,0.0,0.0,1.0,1.0,0.0,2.0,2.0,0.0,0.0,0.0,0.0,0.0,16.0,0.0,0.0,0.0,0.0,0.0,4.0,33.0,20.0,9.0,0.0,0.0,20.0,5.0,0.0,3.0,0.0,0.0
ctx-lh-parahippocampal,15.0,0.0,0.0,4.0,252.0,0.0,289.0,24.0,73.0,2.0,64.0,27.0,1.0,211.0,0.0,44.0,0.0,664.0,0.0,0.0,0.0,3.0,1.0,1.0,1.0,17.0,0.0,0.0,0.0,11.0,9.0,5.0,8.0,1.0,0.0,0.0,0.0,2.0,0.0,0.0,2.0,0.0,0.0,0.0,7.0,1.0,0.0,4.0,0.0,1.0,0.0,0.0,0.0,0.0,0.0,1.0,0.0,0.0,0.0,10.0,0.0,0.0,0.0,5.0,0.0,1.0,0.0,0.0
ctx-lh-parsopercularis,3.0,50.0,474.0,0.0,0.0,0.0,0.0,1.0,0.0,368.0,0.0,1.0,20.0,0.0,6.0,2.0,3.0,0.0,1961.0,5.0,412.0,0.0,113.0,16.0,678.0,0.0,7.0,776.0,187.0,4.0,5.0,62.0,0.0,1.0,0.0,21.0,9.0,0.0,0.0,0.0,0.0,0.0,0.0,2.0,0.0,0.0,0.0,0.0,0.0,0.0,1.0,0.0,5.0,0.0,0.0,0.0,0.0,6.0,4.0,2.0,0.0,8.0,32.0,0.0,0.0,0.0,0.0,1.0
ctx-lh-parsorbitalis,0.0,2.0,0.0,0.0,0.0,6.0,0.0,0.0,1.0,25.0,0.0,0.0,619.0,0.0,25.0,0.0,0.0,0.0,5.0,603.0,424.0,0.0,0.0,0.0,0.0,0.0,13.0,386.0,48.0,0.0,0.0,0.0,0.0,0.0,0.0,2.0,0.0,0.0,0.0,0.0,0.0,0.0,0.0,0.0,0.0,0.0,0.0,0.0,0.0,0.0,0.0,0.0,0.0,0.0,1.0,0.0,0.0,0.0,0.0,0.0,3.0,1.0,1.0,0.0,0.0,0.0,0.0,0.0
ctx-lh-parstriangularis,0.0,16.0,15.0,0.0,0.0,4.0,0.0,0.0,0.0,109.0,0.0,0.0,367.0,0.0,41.0,0.0,0.0,0.0,412.0,424.0,1458.0,0.0,1.0,1.0,3.0,0.0,37.0,1150.0,132.0,0.0,1.0,1.0,0.0,0.0,0.0,7.0,0.0,0.0,0.0,0.0,0.0,0.0,0.0,3.0,0.0,0.0,0.0,0.0,0.0,0.0,0.0,0.0,1.0,0.0,1.0,0.0,0.0,3.0,0.0,0.0,2.0,4.0,18.0,0.0,0.0,0.0,0.0,0.0
ctx-lh-pericalcarine,3.0,0.0,1.0,1509.0,0.0,0.0,65.0,41.0,4.0,0.0,29.0,783.0,0.0,1318.0,0.0,5.0,0.0,3.0,0.0,0.0,0.0,809.0,0.0,1.0,1.0,91.0,0.0,0.0,0.0,440.0,2.0,0.0,1.0,1.0,0.0,0.0,0.0,1.0,0.0,0.0,2.0,0.0,0.0,0.0,13.0,4.0,0.0,2.0,0.0,0.0,2.0,2.0,0.0,0.0,0.0,1.0,1.0,3.0,0.0,19.0,0.0,0.0,1.0,2.0,0.0,1.0,0.0,0.0
ctx-lh-postcentral,20.0,5.0,122.0,0.0,0.0,0.0,5.0,60.0,15.0,331.0,9.0,1.0,0.0,1.0,0.0,16.0,735.0,1.0,113.0,0.0,1.0,0.0,6558.0,127.0,2577.0,97.0,0.0,7.0,95.0,757.0,76.0,1461.0,0.0,10.0,2.0,5.0,1.0,0.0,0.0,0.0,1.0,2.0,1.0,1.0,10.0,0.0,0.0,1.0,0.0,0.0,11.0,0.0,0.0,0.0,0.0,0.0,2.0,23.0,8.0,11.0,0.0,1.0,12.0,8.0,2.0,0.0,0.0,0.0
ctx-lh-posteriorcingulate,5.0,387.0,83.0,3.0,0.0,0.0,4.0,20.0,2.0,23.0,520.0,3.0,0.0,6.0,1.0,0.0,325.0,1.0,16.0,0.0,1.0,1.0,127.0,1581.0,211.0,625.0,16.0,13.0,565.0,250.0,7.0,27.0,0.0,7.0,2.0,25.0,14.0,0.0,0.0,0.0,1.0,5.0,2.0,10.0,35.0,3.0,0.0,2.0,2.0,0.0,84.0,0.0,5.0,0.0,1.0,1.0,14.0,172.0,98.0,74.0,0.0,6.0,122.0,44.0,2.0,9.0,0.0,0.0
ctx-lh-precentral,20.0,14.0,1289.0,0.0,0.0,0.0,1.0,21.0,10.0,318.0,8.0,1.0,0.0,1.0,0.0,6.0,1047.0,1.0,678.0,0.0,3.0,1.0,2577.0,211.0,6426.0,45.0,0.0,48.0,790.0,237.0,39.0,348.0,2.0,9.0,2.0,9.0,7.0,0.0,0.0,0.0,0.0,0.0,0.0,2.0,0.0,0.0,0.0,0.0,0.0,0.0,18.0,0.0,1.0,0.0,0.0,0.0,7.0,36.0,28.0,7.0,0.0,2.0,45.0,11.0,0.0,0.0,0.0,0.0
ctx-lh-precuneus,7.0,12.0,4.0,221.0,1.0,0.0,28.0,261.0,19.0,22.0,942.0,63.0,0.0,118.0,0.0,19.0,185.0,17.0,0.0,0.0,0.0,91.0,97.0,625.0,45.0,4206.0,0.0,0.0,23.0,3604.0,31.0,46.0,1.0,11.0,1.0,0.0,0.0,8.0,0.0,0.0,9.0,18.0,7.0,6.0,98.0,16.0,0.0,22.0,0.0,5.0,5.0,10.0,0.0,0.0,0.0,7.0,5.0,45.0,3.0,175.0,0.0,0.0,4.0,67.0,5.0,8.0,0.0,1.0
ctx-lh-rostralanteriorcingulate,0.0,292.0,3.0,0.0,0.0,8.0,0.0,0.0,0.0,13.0,0.0,0.0,107.0,0.0,581.0,0.0,1.0,0.0,7.0,13.0,37.0,0.0,0.0,16.0,0.0,0.0,970.0,156.0,622.0,0.0,0.0,0.0,1.0,0.0,0.0,73.0,0.0,0.0,0.0,1.0,0.0,0.0,0.0,1.0,0.0,0.0,10.0,0.0,10.0,0.0,0.0,0.0,1.0,1.0,9.0,0.0,0.0,0.0,1.0,0.0,22.0,21.0,69.0,0.0,0.0,0.0,0.0,0.0
ctx-lh-rostralmiddlefrontal,0.0,165.0,848.0,0.0,0.0,115.0,0.0,0.0,1.0,142.0,0.0,0.0,899.0,0.0,376.0,1.0,1.0,0.0,776.0,386.0,1150.0,0.0,7.0,13.0,48.0,0.0,156.0,8795.0,2491.0,0.0,1.0,2.0,0.0,0.0,0.0,78.0,10.0,0.0,0.0,0.0,0.0,0.0,0.0,1.0,0.0,0.0,7.0,0.0,2.0,0.0,0.0,0.0,4.0,0.0,6.0,0.0,0.0,4.0,1.0,0.0,12.0,38.0,101.0,0.0,0.0,0.0,0.0,0.0
ctx-lh-superiorfrontal,0.0,924.0,1242.0,1.0,0.0,201.0,0.0,4.0,0.0,71.0,8.0,0.0,111.0,0.0,280.0,0.0,609.0,0.0,187.0,48.0,132.0,0.0,95.0,565.0,790.0,23.0,622.0,2491.0,10210.0,38.0,1.0,12.0,0.0,0.0,0.0,191.0,54.0,0.0,0.0,0.0,0.0,0.0,1.0,21.0,3.0,0.0,3.0,0.0,4.0,0.0,36.0,0.0,22.0,1.0,10.0,0.0,14.0,116.0,67.0,4.0,16.0,61.0,396.0,6.0,1.0,4.0,0.0,0.0
ctx-lh-superiorparietal,42.0,3.0,21.0,1216.0,0.0,0.0,112.0,1449.0,39.0,73.0,284.0,680.0,0.0,236.0,0.0,40.0,243.0,11.0,4.0,0.0,0.0,440.0,757.0,250.0,237.0,3604.0,0.0,0.0,38.0,7660.0,60.0,646.0,1.0,23.0,9.0,3.0,1.0,8.0,0.0,0.0,10.0,30.0,4.0,9.0,123.0,12.0,0.0,17.0,0.0,2.0,15.0,5.0,0.0,0.0,0.0,4.0,5.0,52.0,9.0,159.0,0.0,1.0,8.0,69.0,8.0,7.0,0.0,0.0
ctx-lh-superiortemporal,1005.0,0.0,9.0,0.0,23.0,0.0,54.0,137.0,174.0,306.0,10.0,20.0,1.0,10.0,0.0,940.0,1.0,9.0,5.0,0.0,1.0,2.0,76.0,7.0,39.0,31.0,0.0,1.0,1.0,60.0,4605.0,563.0,307.0,631.0,0.0,0.0,0.0,1.0,0.0,0.0,1.0,2.0,0.0,1.0,10.0,1.0,0.0,1.0,0.0,0.0,0.0,0.0,0.0,0.0,0.0,1.0,0.0,4.0,0.0,7.0,0.0,0.0,1.0,2.0,1.0,1.0,0.0,0.0
ctx-lh-supramarginal,315.0,2.0,34.0,0.0,1.0,0.0,22.0,1421.0,56.0,351.0,23.0,11.0,0.0,5.0,0.0,99.0,8.0,5.0,62.0,0.0,1.0,0.0,1461.0,27.0,348.0,46.0,0.0,2.0,12.0,646.0,563.0,5675.0,2.0,64.0,2.0,1.0,2.0,0.0,0.0,0.0,2.0,7.0,1.0,6.0,15.0,0.0,0.0,3.0,0.0,0.0,3.0,1.0,0.0,0.0,0.0,0.0,2.0,9.0,2.0,15.0,0.0,0.0,2.0,5.0,1.0,2.0,0.0,0.0
ctx-lh-temporalpole,10.0,0.0,0.0,0.0,217.0,0.0,79.0,1.0,181.0,72.0,0.0,3.0,4.0,1.0,0.0,216.0,0.0,8.0,0.0,0.0,0.0,1.0,0.0,0.0,2.0,1.0,1.0,0.0,0.0,1.0,307.0,2.0,454.0,0.0,0.0,0.0,0.0,0.0,0.0,0.0,0.0,0.0,0.0,0.0,0.0,0.0,0.0,0.0,0.0,0.0,0.0,0.0,0.0,0.0,0.0,0.0,0.0,0.0,0.0,0.0,0.0,0.0,0.0,0.0,0.0,0.0,0.0,0.0
ctx-lh-transversetemporal,61.0,0.0,2.0,0.0,1.0,0.0,6.0,35.0,20.0,82.0,6.0,4.0,1.0,3.0,0.0,38.0,0.0,1.0,1.0,0.0,0.0,1.0,10.0,7.0,9.0,11.0,0.0,0.0,0.0,23.0,631.0,64.0,0.0,440.0,0.0,0.0,0.0,0.0,0.0,0.0,1.0,0.0,0.0,1.0,8.0,1.0,0.0,1.0,0.0,0.0,0.0,0.0,0.0,0.0,0.0,0.0,0.0,1.0,0.0,4.0,0.0,0.0,0.0,3.0,1.0,1.0,0.0,0.0
ctx-rh-bankssts,0.0,0.0,0.0,0.0,0.0,0.0,0.0,2.0,0.0,2.0,7.0,0.0,0.0,2.0,0.0,0.0,1.0,0.0,0.0,0.0,0.0,0.0,2.0,2.0,2.0,1.0,0.0,0.0,0.0,9.0,0.0,2.0,0.0,0.0,616.0,0.0,1.0,0.0,0.0,0.0,20.0,391.0,175.0,16.0,16.0,16.0,0.0,10.0,0.0,752.0,3.0,1.0,0.0,0.0,1.0,0.0,13.0,7.0,19.0,18.0,0.0,0.0,2.0,36.0,743.0,322.0,2.0,12.0
ctx-rh-caudalanteriorcingulate,1.0,129.0,32.0,0.0,0.0,0.0,0.0,0.0,0.0,7.0,0.0,0.0,4.0,0.0,10.0,0.0,3.0,0.0,21.0,2.0,7.0,0.0,5.0,25.0,9.0,0.0,73.0,78.0,191.0,3.0,0.0,1.0,0.0,0.0,0.0,678.0,59.0,0.0,0.0,2.0,0.0,1.0,1.0,24.0,10.0,0.0,27.0,0.0,31.0,0.0,11.0,0.0,25.0,2.0,29.0,0.0,7.0,257.0,32.0,4.0,254.0,174.0,1148.0,1.0,1.0,4.0,0.0,0.0
ctx-rh-caudalmiddlefrontal,0.0,33.0,12.0,0.0,0.0,0.0,0.0,0.0,0.0,1.0,0.0,0.0,0.0,0.0,0.0,0.0,2.0,0.0,9.0,0.0,0.0,0.0,1.0,14.0,7.0,0.0,0.0,10.0,54.0,1.0,0.0,2.0,0.0,0.0,1.0,59.0,2779.0,0.0,0.0,0.0,0.0,6.0,1.0,40.0,0.0,0.0,1.0,0.0,0.0,0.0,19.0,0.0,187.0,1.0,17.0,0.0,63.0,50.0,1133.0,2.0,0.0,983.0,1006.0,14.0,1.0,24.0,1.0,0.0
ctx-rh-cuneus,0.0,0.0,0.0,106.0,0.0,0.0,1.0,2.0,0.0,0.0,3.0,0.0,0.0,5.0,0.0,0.0,0.0,2.0,0.0,0.0,0.0,1.0,0.0,0.0,0.0,8.0,0.0,0.0,0.0,8.0,1.0,0.0,0.0,0.0,0.0,0.0,0.0,1884.0,1.0,0.0,25.0,24.0,6.0,0.0,36.0,427.0,0.0,280.0,0.0,1.0,0.0,7.0,0.0,0.0,0.0,1782.0,0.0,2.0,1.0,318.0,0.0,0.0,0.0,901.0,2.0,3.0,0.0,0.0
ctx-rh-entorhinal,0.0,0.0,0.0,0.0,0.0,0.0,0.0,0.0,0.0,0.0,0.0,0.0,0.0,0.0,0.0,0.0,0.0,0.0,0.0,0.0,0.0,0.0,0.0,0.0,0.0,0.0,0.0,0.0,0.0,0.0,0.0,0.0,0.0,0.0,0.0,0.0,0.0,1.0,212.0,0.0,216.0,1.0,135.0,6.0,0.0,0.0,1.0,0.0,0.0,30.0,0.0,122.0,0.0,0.0,0.0,0.0,0.0,0.0,0.0,2.0,0.0,0.0,0.0,0.0,25.0,0.0,176.0,0.0
ctx-rh-frontalpole,0.0,1.0,0.0,0.0,0.0,0.0,0.0,0.0,0.0,0.0,0.0,0.0,0.0,0.0,0.0,0.0,0.0,0.0,0.0,0.0,0.0,0.0,0.0,0.0,0.0,0.0,1.0,0.0,0.0,0.0,0.0,0.0,0.0,0.0,0.0,2.0,0.0,0.0,0.0,95.0,0.0,0.0,1.0,1.0,0.0,0.0,117.0,0.0,248.0,1.0,0.0,0.0,0.0,5.0,6.0,0.0,0.0,0.0,0.0,0.0,10.0,166.0,128.0,0.0,0.0,0.0,0.0,0.0
ctx-rh-fusiform,1.0,0.0,0.0,0.0,0.0,0.0,2.0,1.0,0.0,0.0,12.0,2.0,0.0,1.0,0.0,0.0,1.0,2.0,0.0,0.0,0.0,2.0,1.0,1.0,0.0,9.0,0.0,0.0,0.0,10.0,1.0,2.0,0.0,1.0,20.0,0.0,0.0,25.0,216.0,0.0,3583.0,164.0,1324.0,33.0,30.0,1195.0,1.0,610.0,1.0,207.0,0.0,283.0,0.0,0.0,0.0,24.0,0.0,7.0,0.0,61.0,0.0,0.0,0.0,48.0,71.0,10.0,71.0,3.0
ctx-rh-inferiorparietal,0.0,1.0,1.0,4.0,0.0,0.0,1.0,4.0,1.0,1.0,15.0,3.0,0.0,10.0,0.0,0.0,1.0,0.0,0.0,0.0,0.0,0.0,2.0,5.0,0.0,18.0,0.0,0.0,0.0,30.0,2.0,7.0,0.0,0.0,391.0,1.0,6.0,24.0,1.0,0.0,164.0,8988.0,454.0,46.0,70.0,1130.0,0.0,42.0,0.0,677.0,6.0,3.0,2.0,0.0,1.0,19.0,118.0,25.0,59.0,190.0,0.0,3.0,4.0,1628.0,133.0,1321.0,1.0,9.0
ctx-rh-inferiortemporal,1.0,0.0,0.0,2.0,0.0,0.0,1.0,2.0,0.0,0.0,9.0,0.0,0.0,2.0,0.0,0.0,0.0,0.0,0.0,0.0,0.0,0.0,1.0,2.0,0.0,7.0,0.0,0.0,1.0,4.0,0.0,1.0,0.0,0.0,175.0,1.0,1.0,6.0,135.0,1.0,1324.0,454.0,3743.0,102.0,22.0,319.0,1.0,57.0,0.0,2129.0,0.0,33.0,1.0,0.0,0.0,5.0,10.0,7.0,5.0,38.0,1.0,0.0,0.0,57.0,272.0,54.0,156.0,12.0
ctx-rh-insula,0.0,5.0,3.0,0.0,0.0,0.0,0.0,2.0,0.0,0.0,7.0,2.0,0.0,1.0,0.0,0.0,2.0,0.0,2.0,0.0,3.0,0.0,1.0,10.0,2.0,6.0,1.0,1.0,21.0,9.0,1.0,6.0,0.0,1.0,16.0,24.0,40.0,0.0,6.0,1.0,33.0,46.0,102.0,1714.0,10.0,7.0,451.0,13.0,4.0,138.0,27.0,3.0,224.0,41.0,140.0,0.0,192.0,47.0,215.0,30.0,5.0,157.0,133.0,81.0,447.0,271.0,43.0,123.0
ctx-rh-isthmuscingulate,7.0,0.0,1.0,10.0,0.0,0.0,18.0,32.0,6.0,6.0,78.0,19.0,0.0,28.0,0.0,1.0,2.0,7.0,0.0,0.0,0.0,13.0,10.0,35.0,0.0,98.0,0.0,0.0,3.0,123.0,10.0,15.0,0.0,8.0,16.0,10.0,0.0,36.0,0.0,0.0,30.0,70.0,22.0,10.0,768.0,57.0,0.0,130.0,0.0,15.0,26.0,137.0,1.0,0.0,0.0,21.0,7.0,410.0,16.0,1169.0,0.0,0.0,11.0,145.0,32.0,30.0,0.0,5.0
ctx-rh-lateraloccipital,0.0,0.0,0.0,8.0,0.0,0.0,2.0,5.0,2.0,2.0,16.0,8.0,0.0,15.0,0.0,2.0,0.0,1.0,0.0,0.0,0.0,4.0,0.0,3.0,0.0,16.0,0.0,0.0,0.0,12.0,1.0,0.0,0.0,1.0,16.0,0.0,0.0,427.0,0.0,0.0,1195.0,1130.0,319.0,7.0,57.0,7635.0,0.0,932.0,0.0,92.0,0.0,11.0,0.0,0.0,0.0,803.0,6.0,6.0,3.0,173.0,0.0,0.0,0.0,598.0,16.0,19.0,0.0,1.0
ctx-rh-lateralorbitofrontal,0.0,1.0,0.0,0.0,0.0,0.0,0.0,0.0,0.0,1.0,0.0,0.0,2.0,0.0,2.0,0.0,0.0,0.0,0.0,0.0,0.0,0.0,0.0,0.0,0.0,0.0,10.0,7.0,3.0,0.0,0.0,0.0,0.0,0.0,0.0,27.0,1.0,0.0,1.0,117.0,1.0,0.0,1.0,451.0,0.0,0.0,3110.0,0.0,756.0,1.0,0.0,0.0,12.0,729.0,279.0,0.0,0.0,0.0,0.0,0.0,178.0,714.0,232.0,0.0,4.0,0.0,2.0,0.0
ctx-rh-lingual,0.0,0.0,0.0,3.0,0.0,0.0,2.0,1.0,0.0,0.0,14.0,4.0,0.0,54.0,0.0,2.0,0.0,4.0,0.0,0.0,0.0,2.0,1.0,2.0,0.0,22.0,0.0,0.0,0.0,17.0,1.0,3.0,0.0,1.0,10.0,0.0,0.0,280.0,0.0,0.0,610.0,42.0,57.0,13.0,130.0,932.0,0.0,4446.0,0.0,22.0,1.0,272.0,0.0,0.0,0.0,1348.0,0.0,4.0,0.0,288.0,0.0,0.0,0.0,114.0,8.0,2.0,0.0,3.0
ctx-rh-medialorbitofrontal,0.0,4.0,0.0,0.0,0.0,0.0,0.0,0.0,0.0,0.0,0.0,0.0,2.0,0.0,8.0,0.0,0.0,0.0,0.0,0.0,0.0,0.0,0.0,2.0,0.0,0.0,10.0,2.0,4.0,0.0,0.0,0.0,0.0,0.0,0.0,31.0,0.0,0.0,0.0,248.0,1.0,0.0,0.0,4.0,0.0,0.0,756.0,0.0,2004.0,0.0,0.0,0.0,0.0,21.0,8.0,0.0,0.0,0.0,0.0,0.0,411.0,220.0,413.0,0.0,0.0,0.0,1.0,0.0
ctx-rh-middletemporal,0.0,1.0,0.0,0.0,0.0,0.0,1.0,0.0,0.0,0.0,4.0,0.0,0.0,1.0,0.0,0.0,0.0,1.0,0.0,0.0,0.0,0.0,0.0,0.0,0.0,5.0,0.0,0.0,0.0,2.0,0.0,0.0,0.0,0.0,752.0,0.0,0.0,1.0,30.0,1.0,207.0,677.0,2129.0,138.0,15.0,92.0,1.0,22.0,0.0,4566.0,1.0,10.0,4.0,0.0,0.0,6.0,15.0,5.0,12.0,32.0,0.0,1.0,2.0,45.0,710.0,103.0,88.0,19.0
ctx-rh-paracentral,0.0,3.0,5.0,1.0,0.0,0.0,0.0,0.0,2.0,0.0,5.0,0.0,0.0,2.0,0.0,0.0,16.0,0.0,1.0,0.0,0.0,2.0,11.0,84.0,18.0,5.0,0.0,0.0,36.0,15.0,0.0,3.0,0.0,0.0,3.0,11.0,19.0,0.0,0.0,0.0,0.0,6.0,0.0,27.0,26.0,0.0,0.0,1.0,0.0,1.0,2541.0,0.0,5.0,0.0,0.0,0.0,419.0,460.0,1182.0,313.0,0.0,2.0,528.0,279.0,3.0,26.0,0.0,1.0
ctx-rh-parahippocampal,1.0,0.0,0.0,4.0,0.0,0.0,0.0,1.0,0.0,0.0,3.0,2.0,0.0,4.0,0.0,0.0,0.0,0.0,0.0,0.0,0.0,2.0,0.0,0.0,0.0,10.0,0.0,0.0,0.0,5.0,0.0,1.0,0.0,0.0,1.0,0.0,0.0,7.0,122.0,0.0,283.0,3.0,33.0,3.0,137.0,11.0,0.0,272.0,0.0,10.0,0.0,526.0,0.0,0.0,0.0,8.0,0.0,3.0,0.0,84.0,0.0,0.0,0.0,8.0,4.0,0.0,2.0,0.0
ctx-rh-parsopercularis,0.0,10.0,8.0,0.0,0.0,0.0,0.0,0.0,0.0,1.0,0.0,0.0,1.0,0.0,0.0,0.0,0.0,0.0,5.0,0.0,1.0,0.0,0.0,5.0,1.0,0.0,1.0,4.0,22.0,0.0,0.0,0.0,0.0,0.0,0.0,25.0,187.0,0.0,0.0,0.0,0.0,2.0,1.0,224.0,1.0,0.0,12.0,0.0,0.0,4.0,5.0,0.0,1332.0,8.0,468.0,0.0,79.0,4.0,527.0,2.0,0.0,729.0,237.0,0.0,2.0,29.0,0.0,1.0
ctx-rh-parsorbitalis,0.0,0.0,1.0,0.0,0.0,0.0,0.0,0.0,0.0,0.0,0.0,0.0,0.0,0.0,2.0,0.0,0.0,0.0,0.0,0.0,0.0,0.0,0.0,0.0,0.0,0.0,1.0,0.0,1.0,0.0,0.0,0.0,0.0,0.0,0.0,2.0,1.0,0.0,0.0,5.0,0.0,0.0,0.0,41.0,0.0,0.0,729.0,0.0,21.0,0.0,0.0,0.0,8.0,729.0,422.0,0.0,0.0,0.0,0.0,0.0,11.0,664.0,96.0,0.0,0.0,0.0,0.0,0.0
ctx-rh-parstriangularis,0.0,6.0,1.0,0.0,0.0,0.0,0.0,0.0,0.0,2.0,0.0,0.0,2.0,0.0,1.0,0.0,0.0,0.0,0.0,1.0,1.0,0.0,0.0,1.0,0.0,0.0,9.0,6.0,10.0,0.0,0.0,0.0,0.0,0.0,1.0,29.0,17.0,0.0,0.0,6.0,0.0,1.0,0.0,140.0,0.0,0.0,279.0,0.0,8.0,0.0,0.0,0.0,468.0,422.0,1700.0,0.0,2.0,3.0,6.0,0.0,14.0,1385.0,188.0,0.0,1.0,0.0,0.0,0.0
ctx-rh-pericalcarine,0.0,0.0,0.0,57.0,0.0,0.0,1.0,0.0,0.0,0.0,4.0,2.0,0.0,8.0,0.0,0.0,0.0,1.0,0.0,0.0,0.0,1.0,0.0,1.0,0.0,7.0,0.0,0.0,0.0,4.0,1.0,0.0,0.0,0.0,0.0,0.0,0.0,1782.0,0.0,0.0,24.0,19.0,5.0,0.0,21.0,803.0,0.0,1348.0,0.0,6.0,0.0,8.0,0.0,0.0,0.0,1050.0,0.0,2.0,1.0,124.0,0.0,0.0,0.0,247.0,2.0,0.0,0.0,0.0
ctx-rh-postcentral,0.0,1.0,3.0,0.0,0.0,0.0,2.0,1.0,0.0,0.0,1.0,0.0,0.0,2.0,0.0,0.0,4.0,0.0,0.0,0.0,0.0,1.0,2.0,14.0,7.0,5.0,0.0,0.0,14.0,5.0,0.0,2.0,0.0,0.0,13.0,7.0,63.0,0.0,0.0,0.0,0.0,118.0,10.0,192.0,7.0,6.0,0.0,0.0,0.0,15.0,419.0,0.0,79.0,0.0,2.0,0.0,5768.0,79.0,2184.0,144.0,1.0,12.0,49.0,948.0,35.0,1233.0,0.0,19.0
ctx-rh-posteriorcingulate,3.0,13.0,27.0,1.0,1.0,0.0,2.0,4.0,1.0,9.0,27.0,1.0,0.0,7.0,0.0,3.0,33.0,0.0,6.0,0.0,3.0,3.0,23.0,172.0,36.0,45.0,0.0,4.0,116.0,52.0,4.0,9.0,0.0,1.0,7.0,257.0,50.0,2.0,0.0,0.0,7.0,25.0,7.0,47.0,410.0,6.0,0.0,4.0,0.0,5.0,460.0,3.0,4.0,0.0,3.0,2.0,79.0,1377.0,310.0,425.0,0.0,15.0,596.0,183.0,13.0,36.0,1.0,1.0
ctx-rh-precentral,1.0,18.0,24.0,0.0,0.0,0.0,0.0,2.0,1.0,3.0,5.0,0.0,0.0,2.0,0.0,0.0,20.0,0.0,4.0,0.0,0.0,0.0,8.0,98.0,28.0,3.0,1.0,1.0,67.0,9.0,0.0,2.0,0.0,0.0,19.0,32.0,1133.0,1.0,0.0,0.0,0.0,59.0,5.0,215.0,16.0,3.0,0.0,0.0,0.0,12.0,1182.0,0.0,527.0,0.0,6.0,1.0,2184.0,310.0,7860.0,44.0,0.0,133.0,934.0,302.0,12.0,342.0,0.0,3.0
ctx-rh-precuneus,2.0,0.0,3.0,18.0,1.0,0.0,10.0,45.0,7.0,8.0,112.0,21.0,0.0,50.0,0.0,5.0,9.0,10.0,2.0,0.0,0.0,19.0,11.0,74.0,7.0,175.0,0.0,0.0,4.0,159.0,7.0,15.0,0.0,4.0,18.0,4.0,2.0,318.0,2.0,0.0,61.0,190.0,38.0,30.0,1169.0,173.0,0.0,288.0,0.0,32.0,313.0,84.0,2.0,0.0,0.0,124.0,144.0,425.0,44.0,4866.0,0.0,0.0,5.0,2498.0,48.0,79.0,0.0,8.0
ctx-rh-rostralanteriorcingulate,0.0,16.0,1.0,0.0,0.0,0.0,0.0,0.0,0.0,1.0,0.0,0.0,4.0,0.0,14.0,0.0,0.0,0.0,0.0,3.0,2.0,0.0,0.0,0.0,0.0,0.0,22.0,12.0,16.0,0.0,0.0,0.0,0.0,0.0,0.0,254.0,0.0,0.0,0.0,10.0,0.0,0.0,1.0,5.0,0.0,0.0,178.0,0.0,411.0,0.0,0.0,0.0,0.0,11.0,14.0,0.0,1.0,0.0,0.0,0.0,708.0,121.0,387.0,0.0,1.0,0.0,0.0,0.0
ctx-rh-rostralmiddlefrontal,0.0,51.0,10.0,0.0,0.0,0.0,0.0,0.0,0.0,4.0,0.0,0.0,4.0,0.0,4.0,0.0,0.0,0.0,8.0,1.0,4.0,0.0,1.0,6.0,2.0,0.0,21.0,38.0,61.0,1.0,0.0,0.0,0.0,0.0,0.0,174.0,983.0,0.0,0.0,166.0,0.0,3.0,0.0,157.0,0.0,0.0,714.0,0.0,220.0,1.0,2.0,0.0,729.0,664.0,1385.0,0.0,12.0,15.0,133.0,0.0,121.0,7202.0,2219.0,2.0,2.0,8.0,0.0,0.0
ctx-rh-superiorfrontal,0.0,197.0,102.0,0.0,0.0,0.0,0.0,0.0,0.0,18.0,1.0,0.0,8.0,0.0,8.0,0.0,20.0,0.0,32.0,1.0,18.0,1.0,12.0,122.0,45.0,4.0,69.0,101.0,396.0,8.0,1.0,2.0,0.0,0.0,2.0,1148.0,1006.0,0.0,0.0,128.0,0.0,4.0,0.0,133.0,11.0,0.0,232.0,0.0,413.0,2.0,528.0,0.0,237.0,96.0,188.0,0.0,49.0,596.0,934.0,5.0,387.0,2219.0,10276.0,17.0,4.0,20.0,1.0,0.0
ctx-rh-superiorparietal,2.0,3.0,1.0,20.0,0.0,0.0,4.0,20.0,4.0,0.0,50.0,5.0,0.0,22.0,0.0,2.0,5.0,5.0,0.0,0.0,0.0,2.0,8.0,44.0,11.0,67.0,0.0,0.0,6.0,69.0,2.0,5.0,0.0,3.0,36.0,1.0,14.0,901.0,0.0,0.0,48.0,1628.0,57.0,81.0,145.0,598.0,0.0,114.0,0.0,45.0,279.0,8.0,0.0,0.0,0.0,247.0,948.0,183.0,302.0,2498.0,0.0,2.0,17.0,7241.0,66.0,475.0,0.0,9.0
ctx-rh-superiortemporal,1.0,0.0,0.0,0.0,0.0,0.0,1.0,4.0,0.0,0.0,11.0,1.0,0.0,1.0,0.0,0.0,0.0,0.0,0.0,0.0,0.0,0.0,2.0,2.0,0.0,5.0,0.0,0.0,1.0,8.0,1.0,1.0,0.0,1.0,743.0,1.0,1.0,2.0,25.0,0.0,71.0,133.0,272.0,447.0,32.0,16.0,4.0,8.0,0.0,710.0,3.0,4.0,2.0,0.0,1.0,2.0,35.0,13.0,12.0,48.0,1.0,2.0,4.0,66.0,5481.0,473.0,160.0,826.0
ctx-rh-supramarginal,1.0,1.0,1.0,2.0,0.0,0.0,1.0,6.0,0.0,0.0,5.0,0.0,0.0,1.0,0.0,0.0,3.0,1.0,0.0,0.0,0.0,1.0,0.0,9.0,0.0,8.0,0.0,0.0,4.0,7.0,1.0,2.0,0.0,1.0,322.0,4.0,24.0,3.0,0.0,0.0,10.0,1321.0,54.0,271.0,30.0,19.0,0.0,2.0,0.0,103.0,26.0,0.0,29.0,0.0,0.0,0.0,1233.0,36.0,342.0,79.0,0.0,8.0,20.0,475.0,473.0,4770.0,0.0,38.0
ctx-rh-temporalpole,0.0,1.0,0.0,0.0,0.0,0.0,0.0,0.0,0.0,0.0,0.0,0.0,0.0,0.0,0.0,0.0,0.0,0.0,0.0,0.0,0.0,0.0,0.0,0.0,0.0,0.0,0.0,0.0,0.0,0.0,0.0,0.0,0.0,0.0,2.0,0.0,1.0,0.0,176.0,0.0,71.0,1.0,156.0,43.0,0.0,0.0,2.0,0.0,1.0,88.0,0.0,2.0,0.0,0.0,0.0,0.0,0.0,1.0,0.0,0.0,0.0,0.0,1.0,0.0,160.0,0.0,311.0,0.0
ctx-rh-transversetemporal,0.0,0.0,0.0,0.0,0.0,0.0,0.0,2.0,0.0,0.0,2.0,0.0,0.0,1.0,0.0,0.0,0.0,0.0,1.0,0.0,0.0,0.0,0.0,0.0,0.0,1.0,0.0,0.0,0.0,0.0,0.0,0.0,0.0,0.0,12.0,0.0,0.0,0.0,0.0,0.0,3.0,9.0,12.0,123.0,5.0,1.0,0.0,3.0,0.0,19.0,1.0,0.0,1.0,0.0,0.0,0.0,19.0,1.0,3.0,8.0,0.0,0.0,0.0,9.0,826.0,38.0,0.0,286.0
