,ctx-lh-bankssts,ctx-lh-caudalanteriorcingulate,ctx-lh-caudalmiddlefrontal,ctx-lh-cuneus,ctx-lh-entorhinal,ctx-lh-frontalpole,ctx-lh-fusiform,ctx-lh-inferiorparietal,ctx-lh-inferiortemporal,ctx-lh-insula,ctx-lh-isthmuscingulate,ctx-lh-lateraloccipital,ctx-lh-lateralorbitofrontal,ctx-lh-lingual,ctx-lh-medialorbitofrontal,ctx-lh-middletemporal,ctx-lh-paracentral,ctx-lh-parahippocampal,ctx-lh-parsopercularis,ctx-lh-parsorbitalis,ctx-lh-parstriangularis,ctx-lh-pericalcarine,ctx-lh-postcentral,ctx-lh-posteriorcingulate,ctx-lh-precentral,ctx-lh-precuneus,ctx-lh-rostralanteriorcingulate,ctx-lh-rostralmiddlefrontal,ctx-lh-superiorfrontal,ctx-lh-superiorparietal,ctx-lh-superiortemporal,ctx-lh-supramarginal,ctx-lh-temporalpole,ctx-lh-transversetemporal,ctx-rh-bankssts,ctx-rh-caudalanteriorcingulate,ctx-rh-caudalmiddlefrontal,ctx-rh-cuneus,ctx-rh-entorhinal,ctx-rh-frontalpole,ctx-rh-fusiform,ctx-rh-inferiorparietal,ctx-rh-inferiortemporal,ctx-rh-insula,ctx-rh-isthmuscingulate,ctx-rh-lateraloccipital,ctx-rh-lateralorbitofrontal,ctx-rh-lingual,ctx-rh-medialorbitofrontal,ctx-rh-middletemporal,ctx-rh-paracentral,ctx-rh-parahippocampal,ctx-rh-parsopercularis,ctx-rh-parsorbitalis,ctx-rh-parstriangularis,ctx-rh-pericalcarine,ctx-rh-postcentral,ctx-rh-posteriorcingulate,ctx-rh-precentral,ctx-rh-precuneus,ctx-rh-rostralanteriorcingulate,ctx-rh-rostralmiddlefrontal,ctx-rh-superiorfrontal,ctx-rh-superiorparietal,ctx-rh-superiortemporal,ctx-rh-supramarginal,ctx-rh-temporalpole,ctx-rh-transversetemporal
ctx-lh-bankssts,847.0,0.0,3.0,0.0,1.0,0.0,21.0,399.0,186.0,23.0,1.0,17.0,0.0,2.0,0.0,658.0,0.0,1.0,1.0,0.0,0.0,0.0,12.0,2.0,7.0,14.0,0.0,0.0,1.0,33.0,770.0,311.0,0.0,29.0,0.0,0.0,0.0,0.0,0.0,0.0,0.0,1.0,0.0,0.0,3.0,1.0,0.0,0.0,0.0,0.0,0.0,0.0,0.0,0.0,0.0,0.0,0.0,0.0,0.0,2.0,0.0,0.0,0.0,1.0,0.0,1.0,0.0,0.0
ctx-lh-caudalanteriorcingulate,0.0,422.0,58.0,0.0,0.0,1.0,0.0,1.0,0.0,21.0,8.0,0.0,14.0,0.0,28.0,0.0,16.0,0.0,26.0,1.0,16.0,0.0,3.0,437.0,24.0,10.0,254.0,106.0,773.0,6.0,0.0,1.0,0.0,0.0,0.0,102.0,12.0,0.0,0.0,1.0,0.0,0.0,0.0,2.0,2.0,0.0,2.0,0.0,3.0,0.0,6.0,0.0,8.0,2.0,14.0,0.0,4.0,28.0,8.0,0.0,23.0,39.0,148.0,0.0,0.0,1.0,0.0,0.0
ctx-lh-caudalmiddlefrontal,3.0,58.0,3121.0,0.0,0.0,0.0,1.0,5.0,1.0,77.0,0.0,1.0,1.0,0.0,1.0,2.0,28.0,0.0,339.0,0.0,29.0,0.0,132.0,77.0,1008.0,5.0,4.0,733.0,1046.0,27.0,9.0,50.0,0.0,1.0,0.0,21.0,6.0,0.0,0.0,0.0,0.0,0.0,0.0,0.0,0.0,0.0,0.0,0.0,0.0,0.0,5.0,0.0,2.0,0.0,2.0,0.0,1.0,12.0,6.0,0.0,1.0,6.0,45.0,0.0,0.0,0.0,0.0,0.0
ctx-lh-cuneus,0.0,0.0,0.0,1238.0,0.0,0.0,39.0,19.0,6.0,4.0,33.0,406.0,0.0,256.0,0.0,3.0,0.0,5.0,0.0,0.0,0.0,1602.0,1.0,0.0,0.0,179.0,0.0,0.0,0.0,772.0,0.0,1.0,0.0,1.0,0.0,0.0,0.0,13.0,0.0,0.0,1.0,1.0,0.0,0.0,6.0,2.0,0.0,0.0,0.0,1.0,0.0,1.0,0.0,0.0,0.0,5.0,1.0,0.0,0.0,8.0,0.0,0.0,0.0,4.0,0.0,0.0,0.0,0.0
ctx-lh-entorhinal,1.0,0.0,0.0,0.0,198.0,0.0,162.0,3.0,66.0,18.0,0.0,0.0,0.0,1.0,0.0,16.0,0.0,158.0,0.0,0.0,0.0,0.0,0.0,0.0,0.0,1.0,0.0,0.0,0.0,2.0,17.0,1.0,167.0,0.0,0.0,0.0,0.0,0.0,0.0,0.0,0.0,0.0,0.0,0.0,0.0,0.0,0.0,1.0,0.0,1.0,0.0,0.0,0.0,0.0,0.0,0.0,0.0,0.0,0.0,1.0,0.0,0.0,0.0,0.0,0.0,0.0,0.0,0.0
ctx-lh-frontalpole,0.0,1.0,0.0,0.0,0.0,61.0,0.0,0.0,0.0,0.0,0.0,0.0,74.0,0.0,296.0,0.0,0.0,0.0,0.0,3.0,2.0,0.0,0.0,0.0,0.0,0.0,12.0,156.0,147.0,0.0,0.0,0.0,0.0,0.0,0.0,1.0,0.0,0.0,0.0,0.0,0.0,0.0,0.0,0.0,0.0,0.0,0.0,0.0,0.0,0.0,0.0,0.0,0.0,0.0,0.0,0.0,0.0,0.0,0.0,0.0,2.0,2.0,2.0,0.0,0.0,0.0,0.0,0.0
ctx-lh-fusiform,21.0,0.0,1.0,39.0,162.0,0.0,3093.0,128.0,1409.0,39.0,39.0,1444.0,0.0,754.0,0.0,210.0,0.0,225.0,0.0,0.0,0.0,88.0,1.0,6.0,1.0,70.0,0.0,1.0,0.0,66.0,83.0,12.0,113.0,4.0,0.0,0.0,0.0,1.0,0.0,0.0,2.0,13.0,4.0,1.0,13.0,1.0,0.0,7.0,0.0,1.0,0.0,1.0,0.0,0.0,0.0,3.0,0.0,3.0,0.0,27.0,0.0,0.0,0.0,11.0,5.0,2.0,0.0,1.0
ctx-lh-inferiorparietal,399.0,1.0,5.0,19.0,3.0,0.0,128.0,5324.0,302.0,60.0,46.0,1041.0,0.0,37.0,0.0,450.0,4.0,5.0,0.0,0.0,0.0,12.0,62.0,19.0,30.0,186.0,1.0,1.0,2.0,1025.0,184.0,1304.0,0.0,30.0,2.0,0.0,0.0,4.0,0.0,0.0,3.0,15.0,4.0,3.0,18.0,3.0,0.0,5.0,0.0,2.0,3.0,2.0,0.0,0.0,0.0,2.0,2.0,4.0,0.0,48.0,0.0,0.0,2.0,14.0,3.0,2.0,0.0,0.0
ctx-lh-inferiortemporal,186.0,0.0,1.0,6.0,66.0,0.0,1409.0,302.0,2971.0,70.0,17.0,241.0,2.0,33.0,0.0,1917.0,0.0,49.0,0.0,0.0,0.0,5.0,7.0,2.0,3.0,41.0,0.0,0.0,0.0,57.0,250.0,44.0,145.0,27.0,1.0,0.0,0.0,1.0,0.0,0.0,1.0,7.0,2.0,0.0,10.0,2.0,0.0,3.0,0.0,4.0,0.0,0.0,0.0,0.0,0.0,2.0,1.0,1.0,0.0,20.0,0.0,0.0,0.0,7.0,0.0,0.0,0.0,0.0
ctx-lh-insula,23.0,21.0,77.0,4.0,18.0,0.0,39.0,60.0,70.0,1633.0,19.0,10.0,410.0,4.0,6.0,138.0,19.0,5.0,276.0,10.0,144.0,0.0,254.0,77.0,277.0,42.0,6.0,125.0,123.0,126.0,319.0,291.0,47.0,133.0,1.0,21.0,1.0,0.0,0.0,0.0,0.0,2.0,0.0,2.0,6.0,0.0,0.0,0.0,0.0,2.0,2.0,0.0,1.0,0.0,2.0,0.0,3.0,16.0,6.0,8.0,0.0,3.0,18.0,8.0,2.0,3.0,0.0,2.0
ctx-lh-isthmuscingulate,1.0,8.0,0.0,33.0,0.0,0.0,39.0,46.0,17.0,19.0,610.0,40.0,0.0,85.0,0.0,12.0,12.0,77.0,0.0,0.0,0.0,17.0,5.0,261.0,10.0,796.0,0.0,0.0,12.0,120.0,12.0,12.0,0.0,4.0,7.0,2.0,0.0,4.0,1.0,0.0,7.0,50.0,6.0,5.0,106.0,9.0,0.0,15.0,0.0,6.0,6.0,3.0,0.0,0.0,0.0,3.0,6.0,30.0,1.0,141.0,0.0,0.0,2.0,66.0,13.0,12.0,0.0,1.0
ctx-lh-lateraloccipital,17.0,0.0,1.0,406.0,0.0,0.0,1444.0,1041.0,241.0,10.0,40.0,6403.0,0.0,863.0,0.0,130.0,1.0,24.0,0.0,0.0,0.0,722.0,0.0,1.0,2.0,144.0,0.0,0.0,0.0,600.0,15.0,8.0,1.0,4.0,3.0,0.0,0.0,1.0,0.0,0.0,0.0,10.0,1.0,1.0,11.0,2.0,0.0,3.0,0.0,5.0,1.0,2.0,0.0,0.0,0.0,3.0,2.0,3.0,0.0,28.0,0.0,0.0,1.0,13.0,2.0,2.0,0.0,0.0
ctx-lh-lateralorbitofrontal,0.0,14.0,1.0,0.0,0.0,74.0,0.0,0.0,2.0,410.0,0.0,0.0,2880.0,0.0,1264.0,0.0,0.0,0.0,22.0,474.0,333.0,0.0,0.0,2.0,0.0,0.0,157.0,652.0,147.0,1.0,3.0,0.0,0.0,0.0,0.0,10.0,0.0,0.0,0.0,0.0,1.0,0.0,0.0,0.0,0.0,0.0,0.0,0.0,2.0,0.0,0.0,0.0,0.0,0.0,0.0,0.0,0.0,1.0,0.0,0.0,11.0,3.0,17.0,0.0,0.0,0.0,0.0,0.0
ctx-lh-lingual,2.0,0.0,0.0,256.0,1.0,0.0,754.0,37.0,33.0,4.0,85.0,863.0,0.0,3503.0,0.0,13.0,0.0,120.0,0.0,0.0,0.0,1328.0,1.0,0.0,1.0,271.0,0.0,0.0,0.0,126.0,6.0,2.0,0.0,1.0,0.0,0.0,0.0,14.0,0.0,0.0,1.0,5.0,3.0,0.0,2.0,8.0,0.0,214.0,0.0,1.0,0.0,0.0,0.0,0.0,0.0,69.0,1.0,0.0,0.0,32.0,0.0,0.0,0.0,10.0,1.0,0.0,1.0,0.0
ctx-lh-medialorbitofrontal,0.0,28.0,1.0,0.0,0.0,296.0,0.0,0.0,0.0,6.0,0.0,0.0,1264.0,0.0,1533.0,0.0,0.0,0.0,0.0,24.0,12.0,0.0,0.0,0.0,0.0,1.0,571.0,404.0,400.0,0.0,0.0,0.0,0.0,0.0,0.0,20.0,0.0,0.0,0.0,0.0,0.0,0.0,0.0,1.0,0.0,0.0,4.0,0.0,8.0,0.0,0.0,0.0,0.0,1.0,1.0,0.0,0.0,0.0,0.0,0.0,20.0,3.0,13.0,0.0,0.0,0.0,0.0,0.0
ctx-lh-middletemporal,658.0,0.0,2.0,3.0,16.0,0.0,210.0,450.0,1917.0,138.0,12.0,130.0,0.0,13.0,0.0,2881.0,1.0,20.0,0.0,0.0,1.0,2.0,12.0,3.0,5.0,28.0,0.0,0.0,0.0,55.0,982.0,94.0,81.0,81.0,1.0,0.0,0.0,1.0,0.0,0.0,2.0,3.0,1.0,0.0,5.0,2.0,0.0,0.0,0.0,0.0,1.0,0.0,0.0,0.0,0.0,0.0,0.0,1.0,0.0,11.0,0.0,0.0,0.0,4.0,1.0,0.0,0.0,1.0
ctx-lh-paracentral,0.0,16.0,28.0,0.0,0.0,0.0,0.0,4.0,0.0,19.0,12.0,1.0,0.0,0.0,0.0,1.0,1729.0,0.0,4.0,0.0,0.0,0.0,473.0,390.0,984.0,162.0,0.0,2.0,519.0,165.0,2.0,10.0,0.0,0.0,0.0,6.0,1.0,0.0,0.0,0.0,0.0,0.0,1.0,2.0,2.0,0.0,0.0,0.0,1.0,0.0,8.0,0.0,0.0,0.0,0.0,0.0,2.0,20.0,9.0,3.0,0.0,0.0,8.0,5.0,1.0,0.0,0.0,0.0
ctx-lh-parahippocampal,1.0,0.0,0.0,5.0,158.0,0.0,225.0,5.0,49.0,5.0,77.0,24.0,0.0,120.0,0.0,20.0,0.0,397.0,0.0,0.0,0.0,6.0,0.0,0.0,0.0,32.0,0.0,0.0,0.0,5.0,4.0,1.0,6.0,2.0,0.0,0.0,0.0,0.0,0.0,0.0,1.0,1.0,0.0,0.0,2.0,1.0,0.0,0.0,0.0,1.0,0.0,0.0,0.0,0.0,0.0,2.0,0.0,0.0,0.0,4.0,0.0,0.0,0.0,2.0,0.0,0.0,0.0,0.0
ctx-lh-parsopercularis,1.0,26.0,339.0,0.0,0.0,0.0,0.0,0.0,0.0,276.0,0.0,0.0,22.0,0.0,0.0,0.0,4.0,0.0,1872.0,1.0,477.0,0.0,74.0,28.0,460.0,2.0,1.0,627.0,164.0,14.0,1.0,19.0,0.0,2.0,0.0,22.0,0.0,0.0,0.0,0.0,0.0,0.0,0.0,0.0,0.0,0.0,0.0,0.0,0.0,0.0,2.0,0.0,1.0,0.0,1.0,0.0,0.0,2.0,3.0,0.0,3.0,6.0,21.0,0.0,0.0,0.0,0.0,0.0
ctx-lh-parsorbitalis,0.0,1.0,0.0,0.0,0.0,3.0,0.0,0.0,0.0,10.0,0.0,0.0,474.0,0.0,24.0,0.0,0.0,0.0,1.0,526.0,475.0,0.0,0.0,0.0,0.0,0.0,11.0,356.0,36.0,0.0,0.0,0.0,0.0,0.0,0.0,1.0,0.0,0.0,0.0,0.0,0.0,0.0,0.0,0.0,0.0,0.0,1.0,0.0,0.0,0.0,0.0,0.0,0.0,0.0,1.0,0.0,0.0,0.0,0.0,0.0,2.0,2.0,3.0,0.0,0.0,0.0,0.0,0.0
ctx-lh-parstriangularis,0.0,16.0,29.0,0.0,0.0,2.0,0.0,0.0,0.0,144.0,0.0,0.0,333.0,0.0,12.0,1.0,0.0,0.0,477.0,475.0,1486.0,0.0,0.0,0.0,5.0,0.0,16.0,1121.0,100.0,0.0,0.0,0.0,0.0,0.0,0.0,8.0,0.0,0.0,0.0,0.0,0.0,0.0,0.0,1.0,0.0,0.0,0.0,0.0,1.0,0.0,0.0,0.0,0.0,0.0,2.0,0.0,0.0,2.0,0.0,0.0,5.0,7.0,13.0,0.0,0.0,0.0,0.0,0.0
ctx-lh-pericalcarine,0.0,0.0,0.0,1602.0,0.0,0.0,88.0,12.0,5.0,0.0,17.0,722.0,0.0,1328.0,0.0,2.0,0.0,6.0,0.0,0.0,0.0,828.0,0.0,0.0,0.0,150.0,0.0,0.0,0.0,210.0,0.0,0.0,0.0,1.0,0.0,0.0,0.0,29.0,0.0,0.0,0.0,3.0,1.0,0.0,5.0,4.0,0.0,4.0,0.0,0.0,0.0,2.0,0.0,0.0,0.0,24.0,1.0,0.0,0.0,7.0,0.0,0.0,0.0,4.0,1.0,1.0,0.0,0.0
ctx-lh-postcentral,12.0,3.0,132.0,1.0,0.0,0.0,1.0,62.0,7.0,254.0,5.0,0.0,0.0,1.0,0.0,12.0,473.0,0.0,74.0,0.0,0.0,0.0,6166.0,114.0,1893.0,106.0,0.0,1.0,61.0,614.0,36.0,1260.0,0.0,8.0,0.0,1.0,2.0,0.0,0.0,0.0,0.0,2.0,0.0,1.0,4.0,0.0,0.0,1.0,0.0,0.0,4.0,0.0,0.0,0.0,0.0,0.0,2.0,13.0,5.0,4.0,1.0,0.0,7.0,3.0,0.0,2.0,0.0,0.0
ctx-lh-posteriorcingulate,2.0,437.0,77.0,0.0,0.0,0.0,6.0,19.0,2.0,77.0,261.0,1.0,2.0,0.0,0.0,3.0,390.0,0.0,28.0,0.0,0.0,0.0,114.0,1185.0,284.0,462.0,9.0,12.0,555.0,180.0,9.0,37.0,0.0,1.0,2.0,27.0,13.0,0.0,0.0,0.0,1.0,10.0,1.0,5.0,19.0,3.0,0.0,6.0,1.0,0.0,40.0,0.0,6.0,1.0,1.0,1.0,18.0,105.0,49.0,39.0,0.0,0.0,72.0,38.0,7.0,10.0,0.0,2.0
ctx-lh-precentral,7.0,24.0,1008.0,0.0,0.0,0.0,1.0,30.0,3.0,277.0,10.0,2.0,0.0,1.0,0.0,5.0,984.0,0.0,460.0,0.0,5.0,0.0,1893.0,284.0,6389.0,52.0,0.0,39.0,958.0,271.0,15.0,309.0,0.0,5.0,0.0,10.0,4.0,0.0,0.0,0.0,0.0,3.0,0.0,1.0,1.0,0.0,0.0,0.0,0.0,1.0,20.0,0.0,0.0,0.0,0.0,0.0,3.0,39.0,27.0,9.0,0.0,2.0,37.0,4.0,0.0,1.0,0.0,0.0
ctx-lh-precuneus,14.0,10.0,5.0,179.0,1.0,0.0,70.0,186.0,41.0,42.0,796.0,144.0,0.0,271.0,1.0,28.0,162.0,32.0,2.0,0.0,0.0,150.0,106.0,462.0,52.0,3987.0,0.0,1.0,20.0,1879.0,23.0,31.0,0.0,15.0,8.0,1.0,3.0,6.0,0.0,0.0,5.0,34.0,4.0,7.0,82.0,10.0,0.0,23.0,0.0,16.0,8.0,5.0,0.0,0.0,0.0,7.0,10.0,35.0,8.0,158.0,0.0,0.0,4.0,88.0,9.0,14.0,0.0,2.0
ctx-lh-rostralanteriorcingulate,0.0,254.0,4.0,0.0,0.0,12.0,0.0,1.0,0.0,6.0,0.0,0.0,157.0,0.0,571.0,0.0,0.0,0.0,1.0,11.0,16.0,0.0,0.0,9.0,0.0,0.0,886.0,129.0,455.0,0.0,0.0,0.0,0.0,0.0,0.0,90.0,1.0,0.0,0.0,2.0,0.0,0.0,0.0,2.0,0.0,0.0,6.0,0.0,32.0,0.0,0.0,0.0,0.0,3.0,7.0,0.0,0.0,1.0,4.0,0.0,157.0,50.0,63.0,0.0,0.0,0.0,0.0,0.0
ctx-lh-rostralmiddlefrontal,0.0,106.0,733.0,0.0,0.0,156.0,1.0,1.0,0.0,125.0,0.0,0.0,652.0,0.0,404.0,0.0,2.0,0.0,627.0,356.0,1121.0,0.0,1.0,12.0,39.0,1.0,129.0,7024.0,2150.0,0.0,0.0,3.0,0.0,0.0,0.0,54.0,4.0,0.0,0.0,0.0,0.0,0.0,0.0,4.0,0.0,0.0,3.0,0.0,4.0,0.0,1.0,0.0,3.0,0.0,6.0,0.0,0.0,8.0,4.0,1.0,18.0,15.0,66.0,0.0,0.0,0.0,0.0,0.0
ctx-lh-superiorfrontal,1.0,773.0,1046.0,0.0,0.0,147.0,0.0,2.0,0.0,123.0,12.0,0.0,147.0,0.0,400.0,0.0,519.0,0.0,164.0,36.0,100.0,0.0,61.0,555.0,958.0,20.0,455.0,2150.0,10949.0,20.0,0.0,16.0,1.0,0.0,0.0,164.0,28.0,0.0,0.0,0.0,0.0,0.0,0.0,13.0,2.0,0.0,3.0,0.0,8.0,0.0,20.0,1.0,11.0,0.0,12.0,0.0,11.0,69.0,41.0,5.0,33.0,59.0,303.0,6.0,0.0,1.0,0.0,0.0
ctx-lh-superiorparietal,33.0,6.0,27.0,772.0,2.0,0.0,66.0,1025.0,57.0,126.0,120.0,600.0,1.0,126.0,0.0,55.0,165.0,5.0,14.0,0.0,0.0,210.0,614.0,180.0,271.0,1879.0,0.0,0.0,20.0,6028.0,49.0,641.0,0.0,36.0,3.0,0.0,2.0,1.0,0.0,0.0,6.0,22.0,3.0,5.0,54.0,9.0,0.0,12.0,0.0,9.0,9.0,0.0,1.0,0.0,0.0,2.0,7.0,21.0,8.0,87.0,0.0,0.0,0.0,42.0,4.0,15.0,0.0,1.0
ctx-lh-superiortemporal,770.0,0.0,9.0,0.0,17.0,0.0,83.0,184.0,250.0,319.0,12.0,15.0,3.0,6.0,0.0,982.0,2.0,4.0,1.0,0.0,0.0,0.0,36.0,9.0,15.0,23.0,0.0,0.0,0.0,49.0,4617.0,571.0,225.0,841.0,0.0,0.0,0.0,2.0,0.0,0.0,1.0,3.0,0.0,1.0,4.0,1.0,0.0,1.0,0.0,0.0,1.0,0.0,0.0,0.0,0.0,0.0,2.0,3.0,2.0,11.0,0.0,0.0,0.0,4.0,2.0,2.0,0.0,1.0
ctx-lh-supramarginal,311.0,1.0,50.0,1.0,1.0,0.0,12.0,1304.0,44.0,291.0,12.0,8.0,0.0,2.0,0.0,94.0,10.0,1.0,19.0,0.0,0.0,0.0,1260.0,37.0,309.0,31.0,0.0,3.0,16.0,641.0,571.0,5629.0,0.0,32.0,0.0,0.0,0.0,0.0,0.0,0.0,0.0,4.0,1.0,0.0,4.0,2.0,0.0,1.0,0.0,2.0,1.0,0.0,0.0,0.0,0.0,1.0,1.0,8.0,0.0,8.0,0.0,0.0,5.0,7.0,0.0,1.0,0.0,1.0
ctx-lh-temporalpole,0.0,0.0,0.0,0.0,167.0,0.0,113.0,0.0,145.0,47.0,0.0,1.0,0.0,0.0,0.0,81.0,0.0,6.0,0.0,0.0,0.0,0.0,0.0,0.0,0.0,0.0,0.0,0.0,1.0,0.0,225.0,0.0,273.0,2.0,0.0,0.0,0.0,0.0,0.0,0.0,1.0,0.0,0.0,0.0,1.0,0.0,0.0,0.0,0.0,0.0,0.0,0.0,0.0,0.0,0.0,0.0,0.0,0.0,0.0,0.0,0.0,0.0,0.0,0.0,0.0,0.0,0.0,0.0
ctx-lh-transversetemporal,29.0,0.0,1.0,1.0,0.0,0.0,4.0,30.0,27.0,133.0,4.0,4.0,0.0,1.0,0.0,81.0,0.0,2.0,2.0,0.0,0.0,1.0,8.0,1.0,5.0,15.0,0.0,0.0,0.0,36.0,841.0,32.0,2.0,474.0,0.0,0.0,0.0,1.0,0.0,0.0,0.0,0.0,0.0,1.0,4.0,1.0,0.0,1.0,0.0,0.0,0.0,0.0,0.0,0.0,0.0,0.0,1.0,2.0,0.0,4.0,0.0,0.0,0.0,8.0,0.0,0.0,0.0,1.0
ctx-rh-bankssts,0.0,0.0,0.0,0.0,0.0,0.0,0.0,2.0,1.0,1.0,7.0,3.0,0.0,0.0,0.0,1.0,0.0,0.0,0.0,0.0,0.0,0.0,0.0,2.0,0.0,8.0,0.0,0.0,0.0,3.0,0.0,0.0,0.0,0.0,586.0,0.0,0.0,3.0,0.0,0.0,57.0,452.0,139.0,45.0,10.0,27.0,0.0,23.0,0.0,661.0,0.0,14.0,0.0,0.0,0.0,3.0,15.0,2.0,5.0,17.0,0.0,0.0,0.0,29.0,648.0,390.0,1.0,20.0
ctx-rh-caudalanteriorcingulate,0.0,102.0,21.0,0.0,0.0,1.0,0.0,0.0,0.0,21.0,2.0,0.0,10.0,0.0,20.0,0.0,6.0,0.0,22.0,1.0,8.0,0.0,1.0,27.0,10.0,1.0,90.0,54.0,164.0,0.0,0.0,0.0,0.0,0.0,0.0,659.0,15.0,0.0,0.0,0.0,0.0,0.0,0.0,8.0,9.0,0.0,10.0,0.0,23.0,0.0,13.0,0.0,13.0,8.0,16.0,0.0,3.0,337.0,19.0,11.0,258.0,95.0,645.0,2.0,0.0,3.0,0.0,0.0
ctx-rh-caudalmiddlefrontal,0.0,12.0,6.0,0.0,0.0,0.0,0.0,0.0,0.0,1.0,0.0,0.0,0.0,0.0,0.0,0.0,1.0,0.0,0.0,0.0,0.0,0.0,2.0,13.0,4.0,3.0,1.0,4.0,28.0,2.0,0.0,0.0,0.0,0.0,0.0,15.0,2366.0,0.0,0.0,0.0,0.0,14.0,1.0,47.0,0.0,1.0,1.0,0.0,0.0,0.0,20.0,0.0,274.0,1.0,39.0,0.0,70.0,20.0,1144.0,0.0,1.0,656.0,692.0,25.0,0.0,12.0,0.0,0.0
ctx-rh-cuneus,0.0,0.0,0.0,13.0,0.0,0.0,1.0,4.0,1.0,0.0,4.0,1.0,0.0,14.0,0.0,1.0,0.0,0.0,0.0,0.0,0.0,29.0,0.0,0.0,0.0,6.0,0.0,0.0,0.0,1.0,2.0,0.0,0.0,1.0,3.0,0.0,0.0,1489.0,0.0,0.0,30.0,31.0,11.0,2.0,13.0,553.0,0.0,290.0,0.0,7.0,0.0,5.0,0.0,0.0,0.0,1504.0,0.0,0.0,0.0,293.0,0.0,0.0,0.0,748.0,1.0,0.0,0.0,0.0
ctx-rh-entorhinal,0.0,0.0,0.0,0.0,0.0,0.0,0.0,0.0,0.0,0.0,1.0,0.0,0.0,0.0,0.0,0.0,0.0,0.0,0.0,0.0,0.0,0.0,0.0,0.0,0.0,0.0,0.0,0.0,0.0,0.0,0.0,0.0,0.0,0.0,0.0,0.0,0.0,0.0,195.0,0.0,284.0,1.0,92.0,15.0,1.0,1.0,0.0,1.0,0.0,23.0,0.0,166.0,0.0,0.0,0.0,0.0,0.0,1.0,1.0,1.0,0.0,0.0,0.0,1.0,30.0,0.0,112.0,0.0
ctx-rh-frontalpole,0.0,1.0,0.0,0.0,0.0,0.0,0.0,0.0,0.0,0.0,0.0,0.0,0.0,0.0,0.0,0.0,0.0,0.0,0.0,0.0,0.0,0.0,0.0,0.0,0.0,0.0,2.0,0.0,0.0,0.0,0.0,0.0,0.0,0.0,0.0,0.0,0.0,0.0,0.0,96.0,0.0,0.0,0.0,0.0,0.0,0.0,92.0,0.0,379.0,0.0,0.0,0.0,0.0,4.0,6.0,0.0,0.0,0.0,0.0,0.0,2.0,156.0,79.0,0.0,0.0,0.0,0.0,0.0
ctx-rh-fusiform,0.0,0.0,0.0,1.0,0.0,0.0,2.0,3.0,1.0,0.0,7.0,0.0,1.0,1.0,0.0,2.0,0.0,1.0,0.0,0.0,0.0,0.0,0.0,1.0,0.0,5.0,0.0,0.0,0.0,6.0,1.0,0.0,1.0,0.0,57.0,0.0,0.0,30.0,284.0,0.0,3293.0,97.0,1303.0,37.0,13.0,1478.0,0.0,390.0,1.0,370.0,0.0,302.0,0.0,0.0,0.0,60.0,0.0,1.0,0.0,40.0,0.0,0.0,0.0,46.0,91.0,3.0,92.0,2.0
ctx-rh-inferiorparietal,1.0,0.0,0.0,1.0,0.0,0.0,13.0,15.0,7.0,2.0,50.0,10.0,0.0,5.0,0.0,3.0,0.0,1.0,0.0,0.0,0.0,3.0,2.0,10.0,3.0,34.0,0.0,0.0,0.0,22.0,3.0,4.0,0.0,0.0,452.0,0.0,14.0,31.0,1.0,0.0,97.0,7410.0,195.0,87.0,61.0,759.0,0.0,55.0,0.0,629.0,7.0,16.0,8.0,0.0,2.0,22.0,97.0,18.0,72.0,395.0,0.0,2.0,3.0,1033.0,170.0,992.0,3.0,35.0
ctx-rh-inferiortemporal,0.0,0.0,0.0,0.0,0.0,0.0,4.0,4.0,2.0,0.0,6.0,1.0,0.0,3.0,0.0,1.0,1.0,0.0,0.0,0.0,0.0,1.0,0.0,1.0,0.0,4.0,0.0,0.0,0.0,3.0,0.0,1.0,0.0,0.0,139.0,0.0,1.0,11.0,92.0,0.0,1303.0,195.0,3390.0,91.0,10.0,345.0,2.0,78.0,0.0,1624.0,0.0,83.0,0.0,0.0,0.0,12.0,2.0,1.0,1.0,26.0,0.0,0.0,0.0,30.0,230.0,11.0,174.0,4.0
ctx-rh-insula,0.0,2.0,0.0,0.0,0.0,0.0,1.0,3.0,0.0,2.0,5.0,1.0,0.0,0.0,1.0,0.0,2.0,0.0,0.0,0.0,1.0,0.0,1.0,5.0,1.0,7.0,2.0,4.0,13.0,5.0,1.0,0.0,0.0,1.0,45.0,8.0,47.0,2.0,15.0,0.0,37.0,87.0,91.0,1602.0,4.0,11.0,350.0,9.0,11.0,107.0,16.0,4.0,252.0,16.0,110.0,1.0,216.0,17.0,235.0,32.0,4.0,106.0,68.0,83.0,383.0,293.0,65.0,77.0
ctx-rh-isthmuscingulate,3.0,2.0,0.0,6.0,0.0,0.0,13.0,18.0,10.0,6.0,106.0,11.0,0.0,2.0,0.0,5.0,2.0,2.0,0.0,0.0,0.0,5.0,4.0,19.0,1.0,82.0,0.0,0.0,2.0,54.0,4.0,4.0,1.0,4.0,10.0,9.0,0.0,13.0,1.0,0.0,13.0,61.0,10.0,4.0,495.0,26.0,0.0,103.0,0.0,11.0,6.0,66.0,0.0,0.0,0.0,17.0,2.0,232.0,9.0,862.0,0.0,0.0,4.0,107.0,9.0,14.0,0.0,5.0
ctx-rh-lateraloccipital,1.0,0.0,0.0,2.0,0.0,0.0,1.0,3.0,2.0,0.0,9.0,2.0,0.0,8.0,0.0,2.0,0.0,1.0,0.0,0.0,0.0,4.0,0.0,3.0,0.0,10.0,0.0,0.0,0.0,9.0,1.0,2.0,0.0,1.0,27.0,0.0,1.0,553.0,1.0,0.0,1478.0,759.0,345.0,11.0,26.0,7097.0,0.0,936.0,0.0,202.0,0.0,21.0,0.0,0.0,0.0,898.0,1.0,2.0,1.0,119.0,0.0,0.0,0.0,442.0,23.0,8.0,3.0,1.0
ctx-rh-lateralorbitofrontal,0.0,2.0,0.0,0.0,0.0,0.0,0.0,0.0,0.0,0.0,0.0,0.0,0.0,0.0,4.0,0.0,0.0,0.0,0.0,1.0,0.0,0.0,0.0,0.0,0.0,0.0,6.0,3.0,3.0,0.0,0.0,0.0,0.0,0.0,0.0,10.0,1.0,0.0,0.0,92.0,0.0,0.0,2.0,350.0,0.0,0.0,2961.0,0.0,972.0,1.0,0.0,0.0,5.0,721.0,257.0,0.0,0.0,0.0,3.0,0.0,89.0,683.0,101.0,0.0,1.0,0.0,2.0,0.0
ctx-rh-lingual,0.0,0.0,0.0,0.0,1.0,0.0,7.0,5.0,3.0,0.0,15.0,3.0,0.0,214.0,0.0,0.0,0.0,0.0,0.0,0.0,0.0,4.0,1.0,6.0,0.0,23.0,0.0,0.0,0.0,12.0,1.0,1.0,0.0,1.0,23.0,0.0,0.0,290.0,1.0,0.0,390.0,55.0,78.0,9.0,103.0,936.0,0.0,4379.0,0.0,56.0,0.0,216.0,0.0,0.0,0.0,1484.0,2.0,3.0,1.0,400.0,0.0,0.0,0.0,122.0,13.0,4.0,2.0,1.0
ctx-rh-medialorbitofrontal,0.0,3.0,0.0,0.0,0.0,0.0,0.0,0.0,0.0,0.0,0.0,0.0,2.0,0.0,8.0,0.0,1.0,0.0,0.0,0.0,1.0,0.0,0.0,1.0,0.0,0.0,32.0,4.0,8.0,0.0,0.0,0.0,0.0,0.0,0.0,23.0,0.0,0.0,0.0,379.0,1.0,0.0,0.0,11.0,0.0,0.0,972.0,0.0,1831.0,0.0,0.0,0.0,1.0,31.0,32.0,0.0,0.0,1.0,0.0,0.0,434.0,358.0,298.0,0.0,0.0,0.0,0.0,0.0
ctx-rh-middletemporal,0.0,0.0,0.0,1.0,1.0,0.0,1.0,2.0,4.0,2.0,6.0,5.0,0.0,1.0,0.0,0.0,0.0,1.0,0.0,0.0,0.0,0.0,0.0,0.0,1.0,16.0,0.0,0.0,0.0,9.0,0.0,2.0,0.0,0.0,661.0,0.0,0.0,7.0,23.0,0.0,370.0,629.0,1624.0,107.0,11.0,202.0,1.0,56.0,0.0,3574.0,0.0,68.0,1.0,0.0,0.0,3.0,4.0,1.0,3.0,48.0,0.0,0.0,1.0,44.0,654.0,31.0,133.0,19.0
ctx-rh-paracentral,0.0,6.0,5.0,0.0,0.0,0.0,0.0,3.0,0.0,2.0,6.0,1.0,0.0,0.0,0.0,1.0,8.0,0.0,2.0,0.0,0.0,0.0,4.0,40.0,20.0,8.0,0.0,1.0,20.0,9.0,1.0,1.0,0.0,0.0,0.0,13.0,20.0,0.0,0.0,0.0,0.0,7.0,0.0,16.0,6.0,0.0,0.0,0.0,0.0,0.0,2079.0,0.0,5.0,0.0,1.0,0.0,602.0,327.0,1156.0,216.0,0.0,1.0,416.0,421.0,4.0,14.0,0.0,2.0
ctx-rh-parahippocampal,0.0,0.0,0.0,1.0,0.0,0.0,1.0,2.0,0.0,0.0,3.0,2.0,0.0,0.0,0.0,0.0,0.0,0.0,0.0,0.0,0.0,2.0,0.0,0.0,0.0,5.0,0.0,0.0,1.0,0.0,0.0,0.0,0.0,0.0,14.0,0.0,0.0,5.0,166.0,0.0,302.0,16.0,83.0,4.0,66.0,21.0,0.0,216.0,0.0,68.0,0.0,439.0,0.0,0.0,0.0,12.0,0.0,1.0,0.0,23.0,0.0,0.0,0.0,16.0,14.0,1.0,5.0,1.0
ctx-rh-parsopercularis,0.0,8.0,2.0,0.0,0.0,0.0,0.0,0.0,0.0,1.0,0.0,0.0,0.0,0.0,0.0,0.0,0.0,0.0,1.0,0.0,0.0,0.0,0.0,6.0,0.0,0.0,0.0,3.0,11.0,1.0,0.0,0.0,0.0,0.0,0.0,13.0,274.0,0.0,0.0,0.0,0.0,8.0,0.0,252.0,0.0,0.0,5.0,0.0,1.0,1.0,5.0,0.0,1432.0,6.0,459.0,0.0,68.0,9.0,532.0,0.0,0.0,380.0,119.0,14.0,2.0,25.0,1.0,0.0
ctx-rh-parsorbitalis,0.0,2.0,0.0,0.0,0.0,0.0,0.0,0.0,0.0,0.0,0.0,0.0,0.0,0.0,1.0,0.0,0.0,0.0,0.0,0.0,0.0,0.0,0.0,1.0,0.0,0.0,3.0,0.0,0.0,0.0,0.0,0.0,0.0,0.0,0.0,8.0,1.0,0.0,0.0,4.0,0.0,0.0,0.0,16.0,0.0,0.0,721.0,0.0,31.0,0.0,0.0,0.0,6.0,674.0,455.0,0.0,1.0,0.0,0.0,0.0,23.0,496.0,39.0,0.0,0.0,0.0,0.0,0.0
ctx-rh-parstriangularis,0.0,14.0,2.0,0.0,0.0,0.0,0.0,0.0,0.0,2.0,0.0,0.0,0.0,0.0,1.0,0.0,0.0,0.0,1.0,1.0,2.0,0.0,0.0,1.0,0.0,0.0,7.0,6.0,12.0,0.0,0.0,0.0,0.0,0.0,0.0,16.0,39.0,0.0,0.0,6.0,0.0,2.0,0.0,110.0,0.0,0.0,257.0,0.0,32.0,0.0,1.0,0.0,459.0,455.0,1592.0,0.0,2.0,1.0,28.0,0.0,16.0,1082.0,117.0,1.0,0.0,0.0,0.0,0.0
ctx-rh-pericalcarine,0.0,0.0,0.0,5.0,0.0,0.0,3.0,2.0,2.0,0.0,3.0,3.0,0.0,69.0,0.0,0.0,0.0,2.0,0.0,0.0,0.0,24.0,0.0,1.0,0.0,7.0,0.0,0.0,0.0,2.0,0.0,1.0,0.0,0.0,3.0,0.0,0.0,1504.0,0.0,0.0,60.0,22.0,12.0,1.0,17.0,898.0,0.0,1484.0,0.0,3.0,0.0,12.0,0.0,0.0,0.0,850.0,0.0,0.0,0.0,204.0,0.0,0.0,0.0,159.0,2.0,1.0,0.0,1.0
ctx-rh-postcentral,0.0,4.0,1.0,1.0,0.0,0.0,0.0,2.0,1.0,3.0,6.0,2.0,0.0,1.0,0.0,0.0,2.0,0.0,0.0,0.0,0.0,1.0,2.0,18.0,3.0,10.0,0.0,0.0,11.0,7.0,2.0,1.0,0.0,1.0,15.0,3.0,70.0,0.0,0.0,0.0,0.0,97.0,2.0,216.0,2.0,1.0,0.0,2.0,0.0,4.0,602.0,0.0,68.0,1.0,2.0,0.0,6056.0,75.0,1849.0,126.0,0.0,10.0,55.0,867.0,15.0,1221.0,0.0,4.0
ctx-rh-posteriorcingulate,0.0,28.0,12.0,0.0,0.0,0.0,3.0,4.0,1.0,16.0,30.0,3.0,1.0,0.0,0.0,1.0,20.0,0.0,2.0,0.0,2.0,0.0,13.0,105.0,39.0,35.0,1.0,8.0,69.0,21.0,3.0,8.0,0.0,2.0,2.0,337.0,20.0,0.0,1.0,0.0,1.0,18.0,1.0,17.0,232.0,2.0,0.0,3.0,1.0,1.0,327.0,1.0,9.0,0.0,1.0,0.0,75.0,1311.0,193.0,452.0,7.0,27.0,362.0,190.0,8.0,14.0,0.0,1.0
ctx-rh-precentral,0.0,8.0,6.0,0.0,0.0,0.0,0.0,0.0,0.0,6.0,1.0,0.0,0.0,0.0,0.0,0.0,9.0,0.0,3.0,0.0,0.0,0.0,5.0,49.0,27.0,8.0,4.0,4.0,41.0,8.0,2.0,0.0,0.0,0.0,5.0,19.0,1144.0,0.0,1.0,0.0,0.0,72.0,1.0,235.0,9.0,1.0,3.0,1.0,0.0,3.0,1156.0,0.0,532.0,0.0,28.0,0.0,1849.0,193.0,7047.0,39.0,0.0,75.0,964.0,314.0,13.0,254.0,0.0,3.0
ctx-rh-precuneus,2.0,0.0,0.0,8.0,1.0,0.0,27.0,48.0,20.0,8.0,141.0,28.0,0.0,32.0,0.0,11.0,3.0,4.0,0.0,0.0,0.0,7.0,4.0,39.0,9.0,158.0,0.0,1.0,5.0,87.0,11.0,8.0,0.0,4.0,17.0,11.0,0.0,293.0,1.0,0.0,40.0,395.0,26.0,32.0,862.0,119.0,0.0,400.0,0.0,48.0,216.0,23.0,0.0,0.0,0.0,204.0,126.0,452.0,39.0,4027.0,0.0,2.0,16.0,3194.0,42.0,55.0,0.0,12.0
ctx-rh-rostralanteriorcingulate,0.0,23.0,1.0,0.0,0.0,2.0,0.0,0.0,0.0,0.0,0.0,0.0,11.0,0.0,20.0,0.0,0.0,0.0,3.0,2.0,5.0,0.0,1.0,0.0,0.0,0.0,157.0,18.0,33.0,0.0,0.0,0.0,0.0,0.0,0.0,258.0,1.0,0.0,0.0,2.0,0.0,0.0,0.0,4.0,0.0,0.0,89.0,0.0,434.0,0.0,0.0,0.0,0.0,23.0,16.0,0.0,0.0,7.0,0.0,0.0,730.0,126.0,373.0,0.0,0.0,0.0,0.0,0.0
ctx-rh-rostralmiddlefrontal,0.0,39.0,6.0,0.0,0.0,2.0,0.0,0.0,0.0,3.0,0.0,0.0,3.0,0.0,3.0,0.0,0.0,0.0,6.0,2.0,7.0,0.0,0.0,0.0,2.0,0.0,50.0,15.0,59.0,0.0,0.0,0.0,0.0,0.0,0.0,95.0,656.0,0.0,0.0,156.0,0.0,2.0,0.0,106.0,0.0,0.0,683.0,0.0,358.0,0.0,1.0,0.0,380.0,496.0,1082.0,0.0,10.0,27.0,75.0,2.0,126.0,6951.0,2146.0,2.0,0.0,2.0,0.0,0.0
ctx-rh-superiorfrontal,0.0,148.0,45.0,0.0,0.0,2.0,0.0,2.0,0.0,18.0,2.0,1.0,17.0,0.0,13.0,0.0,8.0,0.0,21.0,3.0,13.0,0.0,7.0,72.0,37.0,4.0,63.0,66.0,303.0,0.0,0.0,5.0,0.0,0.0,0.0,645.0,692.0,0.0,0.0,79.0,0.0,3.0,0.0,68.0,4.0,0.0,101.0,0.0,298.0,1.0,416.0,0.0,119.0,39.0,117.0,0.0,55.0,362.0,964.0,16.0,373.0,2146.0,10482.0,24.0,0.0,9.0,0.0,1.0
ctx-rh-superiorparietal,1.0,0.0,0.0,4.0,0.0,0.0,11.0,14.0,7.0,8.0,66.0,13.0,0.0,10.0,0.0,4.0,5.0,2.0,0.0,0.0,0.0,4.0,3.0,38.0,4.0,88.0,0.0,0.0,6.0,42.0,4.0,7.0,0.0,8.0,29.0,2.0,25.0,748.0,1.0,0.0,46.0,1033.0,30.0,83.0,107.0,442.0,0.0,122.0,0.0,44.0,421.0,16.0,14.0,0.0,1.0,159.0,867.0,190.0,314.0,3194.0,0.0,2.0,24.0,5794.0,58.0,295.0,1.0,22.0
ctx-rh-superiortemporal,0.0,0.0,0.0,0.0,0.0,0.0,5.0,3.0,0.0,2.0,13.0,2.0,0.0,1.0,0.0,1.0,1.0,0.0,0.0,0.0,0.0,1.0,0.0,7.0,0.0,9.0,0.0,0.0,0.0,4.0,2.0,0.0,0.0,0.0,648.0,0.0,0.0,1.0,30.0,0.0,91.0,170.0,230.0,383.0,9.0,23.0,1.0,13.0,0.0,654.0,4.0,14.0,2.0,0.0,0.0,2.0,15.0,8.0,13.0,42.0,0.0,0.0,0.0,58.0,4675.0,360.0,292.0,612.0
ctx-rh-supramarginal,1.0,1.0,0.0,0.0,0.0,0.0,2.0,2.0,0.0,3.0,12.0,2.0,0.0,0.0,0.0,0.0,0.0,0.0,0.0,0.0,0.0,1.0,2.0,10.0,1.0,14.0,0.0,0.0,1.0,15.0,2.0,1.0,0.0,0.0,390.0,3.0,12.0,0.0,0.0,0.0,3.0,992.0,11.0,293.0,14.0,8.0,0.0,4.0,0.0,31.0,14.0,1.0,25.0,0.0,0.0,1.0,1221.0,14.0,254.0,55.0,0.0,2.0,9.0,295.0,360.0,4781.0,1.0,47.0
ctx-rh-temporalpole,0.0,0.0,0.0,0.0,0.0,0.0,0.0,0.0,0.0,0.0,0.0,0.0,0.0,1.0,0.0,0.0,0.0,0.0,0.0,0.0,0.0,0.0,0.0,0.0,0.0,0.0,0.0,0.0,0.0,0.0,0.0,0.0,0.0,0.0,1.0,0.0,0.0,0.0,112.0,0.0,92.0,3.0,174.0,65.0,0.0,3.0,2.0,2.0,0.0,133.0,0.0,5.0,1.0,0.0,0.0,0.0,0.0,0.0,0.0,0.0,0.0,0.0,0.0,1.0,292.0,1.0,334.0,0.0
ctx-rh-transversetemporal,0.0,0.0,0.0,0.0,0.0,0.0,1.0,0.0,0.0,2.0,1.0,0.0,0.0,0.0,0.0,1.0,0.0,0.0,0.0,0.0,0.0,0.0,0.0,2.0,0.0,2.0,0.0,0.0,0.0,1.0,1.0,1.0,0.0,1.0,20.0,0.0,0.0,0.0,0.0,0.0,2.0,35.0,4.0,77.0,5.0,1.0,0.0,1.0,0.0,19.0,2.0,1.0,0.0,0.0,0.0,1.0,4.0,1.0,3.0,12.0,0.0,0.0,1.0,22.0,612.0,47.0,0.0,300.0
