,ctx-lh-bankssts,ctx-lh-caudalanteriorcingulate,ctx-lh-caudalmiddlefrontal,ctx-lh-cuneus,ctx-lh-entorhinal,ctx-lh-frontalpole,ctx-lh-fusiform,ctx-lh-inferiorparietal,ctx-lh-inferiortemporal,ctx-lh-insula,ctx-lh-isthmuscingulate,ctx-lh-lateraloccipital,ctx-lh-lateralorbitofrontal,ctx-lh-lingual,ctx-lh-medialorbitofrontal,ctx-lh-middletemporal,ctx-lh-paracentral,ctx-lh-parahippocampal,ctx-lh-parsopercularis,ctx-lh-parsorbitalis,ctx-lh-parstriangularis,ctx-lh-pericalcarine,ctx-lh-postcentral,ctx-lh-posteriorcingulate,ctx-lh-precentral,ctx-lh-precuneus,ctx-lh-rostralanteriorcingulate,ctx-lh-rostralmiddlefrontal,ctx-lh-superiorfrontal,ctx-lh-superiorparietal,ctx-lh-superiortemporal,ctx-lh-supramarginal,ctx-lh-temporalpole,ctx-lh-transversetemporal,ctx-rh-bankssts,ctx-rh-caudalanteriorcingulate,ctx-rh-caudalmiddlefrontal,ctx-rh-cuneus,ctx-rh-entorhinal,ctx-rh-frontalpole,ctx-rh-fusiform,ctx-rh-inferiorparietal,ctx-rh-inferiortemporal,ctx-rh-insula,ctx-rh-isthmuscingulate,ctx-rh-lateraloccipital,ctx-rh-lateralorbitofrontal,ctx-rh-lingual,ctx-rh-medialorbitofrontal,ctx-rh-middletemporal,ctx-rh-paracentral,ctx-rh-parahippocampal,ctx-rh-parsopercularis,ctx-rh-parsorbitalis,ctx-rh-parstriangularis,ctx-rh-pericalcarine,ctx-rh-postcentral,ctx-rh-posteriorcingulate,ctx-rh-precentral,ctx-rh-precuneus,ctx-rh-rostralanteriorcingulate,ctx-rh-rostralmiddlefrontal,ctx-rh-superiorfrontal,ctx-rh-superiorparietal,ctx-rh-superiortemporal,ctx-rh-supramarginal,ctx-rh-temporalpole,ctx-rh-transversetemporal
ctx-lh-bankssts,1342.0,0.0,1.0,1.0,0.0,0.0,39.0,620.0,227.0,52.0,9.0,48.0,0.0,20.0,0.0,775.0,1.0,3.0,1.0,0.0,0.0,4.0,16.0,3.0,8.0,36.0,0.0,0.0,0.0,27.0,1265.0,216.0,1.0,115.0,2.0,0.0,2.0,0.0,0.0,0.0,1.0,3.0,0.0,3.0,6.0,3.0,0.0,1.0,0.0,0.0,3.0,0.0,0.0,0.0,0.0,1.0,3.0,2.0,0.0,5.0,0.0,0.0,0.0,1.0,2.0,0.0,0.0,0.0
ctx-lh-caudalanteriorcingulate,0.0,471.0,77.0,0.0,0.0,0.0,0.0,1.0,0.0,7.0,12.0,0.0,11.0,0.0,13.0,0.0,26.0,0.0,10.0,1.0,8.0,0.0,5.0,350.0,28.0,11.0,243.0,116.0,578.0,4.0,0.0,1.0,0.0,0.0,0.0,123.0,3.0,0.0,0.0,0.0,0.0,1.0,0.0,4.0,0.0,0.0,2.0,0.0,1.0,0.0,1.0,0.0,2.0,0.0,7.0,0.0,1.0,13.0,1.0,2.0,44.0,36.0,128.0,2.0,0.0,1.0,0.0,0.0
ctx-lh-caudalmiddlefrontal,1.0,77.0,2793.0,0.0,0.0,0.0,0.0,6.0,0.0,76.0,1.0,0.0,1.0,0.0,3.0,0.0,22.0,0.0,228.0,0.0,31.0,0.0,80.0,18.0,1040.0,4.0,21.0,1037.0,1054.0,18.0,3.0,10.0,0.0,1.0,0.0,36.0,0.0,0.0,0.0,0.0,0.0,0.0,0.0,1.0,0.0,0.0,0.0,0.0,1.0,0.0,2.0,0.0,0.0,0.0,0.0,0.0,1.0,5.0,0.0,1.0,4.0,13.0,44.0,0.0,0.0,0.0,0.0,0.0
ctx-lh-cuneus,1.0,0.0,0.0,1123.0,0.0,0.0,14.0,71.0,9.0,0.0,22.0,449.0,0.0,102.0,0.0,9.0,0.0,3.0,0.0,0.0,0.0,1272.0,0.0,1.0,0.0,167.0,0.0,0.0,0.0,781.0,2.0,0.0,0.0,2.0,1.0,0.0,0.0,12.0,0.0,0.0,3.0,7.0,3.0,0.0,7.0,4.0,0.0,8.0,0.0,3.0,1.0,0.0,0.0,0.0,0.0,4.0,1.0,1.0,1.0,23.0,0.0,0.0,1.0,4.0,2.0,0.0,0.0,0.0
ctx-lh-entorhinal,0.0,0.0,0.0,0.0,243.0,0.0,86.0,0.0,94.0,2.0,0.0,0.0,0.0,0.0,0.0,15.0,0.0,63.0,0.0,0.0,0.0,0.0,0.0,0.0,0.0,0.0,0.0,0.0,0.0,0.0,18.0,0.0,162.0,0.0,0.0,0.0,0.0,0.0,0.0,0.0,0.0,0.0,0.0,0.0,0.0,0.0,0.0,0.0,0.0,0.0,0.0,0.0,0.0,0.0,0.0,0.0,0.0,0.0,0.0,0.0,0.0,0.0,0.0,0.0,0.0,0.0,0.0,0.0
ctx-lh-frontalpole,0.0,0.0,0.0,0.0,0.0,73.0,0.0,0.0,0.0,0.0,0.0,0.0,56.0,0.0,316.0,0.0,0.0,0.0,0.0,3.0,1.0,0.0,0.0,0.0,0.0,0.0,4.0,327.0,113.0,0.0,0.0,0.0,0.0,0.0,0.0,0.0,0.0,0.0,0.0,0.0,0.0,0.0,0.0,0.0,0.0,0.0,0.0,0.0,0.0,0.0,0.0,0.0,0.0,0.0,0.0,0.0,0.0,0.0,0.0,0.0,0.0,0.0,0.0,0.0,0.0,0.0,0.0,0.0
ctx-lh-fusiform,39.0,0.0,0.0,14.0,86.0,0.0,3300.0,91.0,1809.0,43.0,17.0,1281.0,1.0,653.0,0.0,338.0,0.0,74.0,0.0,0.0,0.0,64.0,2.0,0.0,1.0,23.0,0.0,0.0,0.0,16.0,114.0,5.0,145.0,2.0,0.0,0.0,0.0,3.0,0.0,0.0,1.0,6.0,2.0,1.0,6.0,7.0,0.0,2.0,0.0,4.0,0.0,0.0,0.0,0.0,0.0,1.0,0.0,1.0,0.0,16.0,0.0,0.0,1.0,4.0,2.0,0.0,0.0,0.0
ctx-lh-inferiorparietal,620.0,1.0,6.0,71.0,0.0,0.0,91.0,9701.0,244.0,103.0,98.0,1112.0,0.0,70.0,0.0,694.0,6.0,5.0,5.0,0.0,0.0,69.0,144.0,15.0,73.0,526.0,0.0,0.0,6.0,1623.0,213.0,1274.0,1.0,50.0,11.0,4.0,0.0,6.0,0.0,0.0,8.0,21.0,15.0,6.0,36.0,12.0,0.0,11.0,0.0,12.0,12.0,3.0,0.0,0.0,0.0,6.0,2.0,21.0,5.0,71.0,0.0,0.0,4.0,16.0,9.0,5.0,1.0,1.0
ctx-lh-inferiortemporal,227.0,0.0,0.0,9.0,94.0,0.0,1809.0,244.0,3705.0,81.0,16.0,299.0,1.0,142.0,0.0,2693.0,0.0,31.0,0.0,0.0,0.0,23.0,5.0,1.0,2.0,32.0,1.0,0.0,0.0,24.0,315.0,14.0,299.0,16.0,1.0,0.0,0.0,0.0,0.0,0.0,3.0,6.0,2.0,0.0,10.0,5.0,0.0,2.0,0.0,3.0,3.0,1.0,0.0,0.0,0.0,1.0,0.0,1.0,0.0,11.0,0.0,0.0,0.0,6.0,1.0,2.0,0.0,1.0
ctx-lh-insula,52.0,7.0,76.0,0.0,2.0,0.0,43.0,103.0,81.0,1172.0,11.0,10.0,265.0,8.0,21.0,98.0,7.0,1.0,249.0,5.0,56.0,2.0,257.0,10.0,305.0,35.0,19.0,107.0,54.0,53.0,246.0,256.0,18.0,58.0,0.0,2.0,0.0,0.0,0.0,0.0,0.0,5.0,1.0,1.0,6.0,2.0,1.0,1.0,0.0,2.0,4.0,0.0,0.0,0.0,0.0,0.0,0.0,7.0,5.0,11.0,0.0,2.0,8.0,7.0,1.0,2.0,0.0,1.0
ctx-lh-isthmuscingulate,9.0,12.0,1.0,22.0,0.0,0.0,17.0,98.0,16.0,11.0,544.0,26.0,0.0,113.0,1.0,8.0,11.0,36.0,0.0,0.0,0.0,30.0,11.0,278.0,5.0,893.0,0.0,0.0,8.0,88.0,5.0,8.0,0.0,4.0,16.0,1.0,2.0,5.0,0.0,0.0,7.0,27.0,5.0,5.0,72.0,15.0,0.0,6.0,0.0,12.0,22.0,1.0,2.0,0.0,0.0,4.0,20.0,53.0,13.0,110.0,0.0,0.0,2.0,24.0,16.0,7.0,0.0,3.0
ctx-lh-lateraloccipital,48.0,0.0,0.0,449.0,0.0,0.0,1281.0,1112.0,299.0,10.0,26.0,7501.0,0.0,916.0,0.0,265.0,1.0,10.0,0.0,0.0,0.0,1033.0,1.0,1.0,1.0,85.0,0.0,0.0,0.0,495.0,4.0,5.0,1.0,3.0,3.0,0.0,0.0,9.0,0.0,0.0,3.0,7.0,6.0,3.0,14.0,15.0,0.0,9.0,0.0,4.0,1.0,2.0,0.0,0.0,0.0,1.0,1.0,3.0,0.0,25.0,0.0,0.0,0.0,8.0,1.0,0.0,0.0,1.0
ctx-lh-lateralorbitofrontal,0.0,11.0,1.0,0.0,0.0,56.0,1.0,0.0,1.0,265.0,0.0,0.0,3289.0,0.0,1829.0,0.0,0.0,0.0,18.0,454.0,327.0,0.0,0.0,4.0,3.0,0.0,159.0,1177.0,70.0,1.0,0.0,1.0,0.0,0.0,0.0,2.0,0.0,0.0,0.0,0.0,0.0,0.0,0.0,0.0,0.0,0.0,0.0,0.0,0.0,0.0,0.0,0.0,0.0,0.0,0.0,0.0,0.0,0.0,0.0,0.0,3.0,1.0,2.0,0.0,0.0,0.0,0.0,0.0
ctx-lh-lingual,20.0,0.0,0.0,102.0,0.0,0.0,653.0,70.0,142.0,8.0,113.0,916.0,0.0,4264.0,0.0,50.0,0.0,161.0,0.0,0.0,0.0,982.0,0.0,1.0,0.0,103.0,0.0,0.0,0.0,29.0,19.0,2.0,0.0,2.0,2.0,0.0,0.0,2.0,0.0,0.0,3.0,8.0,4.0,0.0,8.0,9.0,0.0,9.0,0.0,2.0,0.0,1.0,0.0,0.0,0.0,3.0,2.0,1.0,0.0,18.0,0.0,0.0,0.0,6.0,3.0,1.0,0.0,0.0
ctx-lh-medialorbitofrontal,0.0,13.0,3.0,0.0,0.0,316.0,0.0,0.0,0.0,21.0,1.0,0.0,1829.0,0.0,1641.0,1.0,0.0,0.0,2.0,46.0,56.0,0.0,0.0,3.0,0.0,2.0,429.0,1311.0,384.0,0.0,0.0,0.0,0.0,0.0,0.0,2.0,0.0,0.0,0.0,0.0,0.0,0.0,0.0,0.0,0.0,0.0,0.0,0.0,0.0,0.0,0.0,0.0,0.0,1.0,1.0,0.0,0.0,0.0,1.0,0.0,6.0,3.0,3.0,0.0,0.0,0.0,0.0,0.0
ctx-lh-middletemporal,775.0,0.0,0.0,9.0,15.0,0.0,338.0,694.0,2693.0,98.0,8.0,265.0,0.0,50.0,1.0,3728.0,0.0,14.0,0.0,0.0,0.0,13.0,5.0,3.0,2.0,26.0,0.0,0.0,0.0,25.0,1120.0,30.0,121.0,21.0,1.0,0.0,0.0,1.0,0.0,0.0,1.0,2.0,1.0,0.0,7.0,1.0,0.0,2.0,0.0,4.0,1.0,1.0,0.0,0.0,0.0,1.0,0.0,1.0,0.0,12.0,0.0,0.0,0.0,4.0,0.0,1.0,0.0,0.0
ctx-lh-paracentral,1.0,26.0,22.0,0.0,0.0,0.0,0.0,6.0,0.0,7.0,11.0,1.0,0.0,0.0,0.0,0.0,1939.0,0.0,1.0,0.0,0.0,0.0,683.0,193.0,968.0,243.0,6.0,6.0,550.0,196.0,1.0,5.0,0.0,1.0,0.0,8.0,2.0,0.0,0.0,0.0,0.0,2.0,0.0,3.0,1.0,0.0,0.0,0.0,0.0,0.0,22.0,0.0,0.0,0.0,0.0,0.0,0.0,26.0,22.0,1.0,1.0,5.0,109.0,3.0,1.0,1.0,0.0,0.0
ctx-lh-parahippocampal,3.0,0.0,0.0,3.0,63.0,0.0,74.0,5.0,31.0,1.0,36.0,10.0,0.0,161.0,0.0,14.0,0.0,367.0,0.0,0.0,0.0,2.0,0.0,0.0,0.0,9.0,0.0,0.0,0.0,1.0,6.0,0.0,2.0,2.0,0.0,0.0,0.0,0.0,0.0,0.0,1.0,1.0,0.0,0.0,1.0,0.0,0.0,0.0,0.0,0.0,0.0,0.0,0.0,0.0,0.0,0.0,0.0,0.0,0.0,1.0,0.0,0.0,0.0,1.0,0.0,0.0,0.0,0.0
ctx-lh-parsopercularis,1.0,10.0,228.0,0.0,0.0,0.0,0.0,5.0,0.0,249.0,0.0,0.0,18.0,0.0,2.0,0.0,1.0,0.0,1818.0,7.0,429.0,0.0,96.0,1.0,575.0,1.0,9.0,440.0,93.0,8.0,1.0,21.0,0.0,0.0,0.0,9.0,0.0,0.0,0.0,0.0,0.0,0.0,0.0,0.0,0.0,0.0,0.0,0.0,1.0,0.0,1.0,0.0,0.0,0.0,1.0,0.0,0.0,0.0,0.0,0.0,1.0,1.0,5.0,0.0,0.0,0.0,0.0,0.0
ctx-lh-parsorbitalis,0.0,1.0,0.0,0.0,0.0,3.0,0.0,0.0,0.0,5.0,0.0,0.0,454.0,0.0,46.0,0.0,0.0,0.0,7.0,437.0,299.0,0.0,0.0,0.0,1.0,0.0,14.0,317.0,14.0,0.0,0.0,0.0,0.0,0.0,0.0,0.0,0.0,0.0,0.0,0.0,0.0,0.0,0.0,0.0,0.0,0.0,0.0,0.0,0.0,0.0,0.0,0.0,0.0,0.0,0.0,0.0,0.0,0.0,0.0,0.0,0.0,0.0,2.0,0.0,0.0,0.0,0.0,0.0
ctx-lh-parstriangularis,0.0,8.0,31.0,0.0,0.0,1.0,0.0,0.0,0.0,56.0,0.0,0.0,327.0,0.0,56.0,0.0,0.0,0.0,429.0,299.0,708.0,0.0,3.0,1.0,17.0,0.0,39.0,580.0,56.0,1.0,0.0,0.0,0.0,0.0,0.0,1.0,0.0,0.0,0.0,0.0,0.0,0.0,0.0,0.0,0.0,0.0,0.0,0.0,0.0,0.0,0.0,0.0,0.0,0.0,0.0,0.0,0.0,1.0,0.0,0.0,4.0,1.0,0.0,0.0,0.0,0.0,0.0,0.0
ctx-lh-pericalcarine,4.0,0.0,0.0,1272.0,0.0,0.0,64.0,69.0,23.0,2.0,30.0,1033.0,0.0,982.0,0.0,13.0,0.0,2.0,0.0,0.0,0.0,709.0,0.0,2.0,0.0,92.0,0.0,0.0,0.0,216.0,3.0,3.0,0.0,3.0,1.0,0.0,0.0,9.0,0.0,0.0,3.0,7.0,1.0,1.0,6.0,8.0,0.0,12.0,0.0,6.0,1.0,0.0,0.0,0.0,0.0,1.0,1.0,2.0,0.0,18.0,0.0,0.0,0.0,2.0,1.0,2.0,0.0,0.0
ctx-lh-postcentral,16.0,5.0,80.0,0.0,0.0,0.0,2.0,144.0,5.0,257.0,11.0,1.0,0.0,0.0,0.0,5.0,683.0,0.0,96.0,0.0,3.0,0.0,4964.0,28.0,1858.0,154.0,0.0,13.0,37.0,782.0,32.0,1158.0,0.0,7.0,0.0,8.0,0.0,0.0,0.0,0.0,1.0,2.0,0.0,2.0,3.0,0.0,0.0,0.0,0.0,0.0,8.0,0.0,1.0,0.0,0.0,0.0,2.0,12.0,4.0,7.0,0.0,1.0,14.0,3.0,1.0,1.0,0.0,1.0
ctx-lh-posteriorcingulate,3.0,350.0,18.0,1.0,0.0,0.0,0.0,15.0,1.0,10.0,278.0,1.0,4.0,1.0,3.0,3.0,193.0,0.0,1.0,0.0,1.0,2.0,28.0,918.0,64.0,461.0,59.0,16.0,289.0,70.0,2.0,10.0,0.0,3.0,1.0,47.0,2.0,0.0,0.0,0.0,0.0,7.0,3.0,7.0,12.0,0.0,0.0,2.0,0.0,5.0,38.0,1.0,1.0,0.0,1.0,1.0,5.0,156.0,18.0,19.0,4.0,17.0,122.0,11.0,5.0,5.0,0.0,3.0
ctx-lh-precentral,8.0,28.0,1040.0,0.0,0.0,0.0,1.0,73.0,2.0,305.0,5.0,1.0,3.0,0.0,0.0,2.0,968.0,0.0,575.0,1.0,17.0,0.0,1858.0,64.0,7048.0,74.0,4.0,71.0,728.0,269.0,12.0,190.0,0.0,10.0,1.0,27.0,4.0,0.0,0.0,0.0,0.0,2.0,1.0,1.0,2.0,1.0,1.0,1.0,2.0,0.0,5.0,0.0,0.0,0.0,2.0,0.0,2.0,32.0,4.0,3.0,0.0,11.0,75.0,5.0,0.0,0.0,0.0,0.0
ctx-lh-precuneus,36.0,11.0,4.0,167.0,0.0,0.0,23.0,526.0,32.0,35.0,893.0,85.0,0.0,103.0,2.0,26.0,243.0,9.0,1.0,0.0,0.0,92.0,154.0,461.0,74.0,4034.0,4.0,3.0,31.0,2821.0,25.0,27.0,0.0,12.0,23.0,6.0,1.0,13.0,0.0,0.0,12.0,41.0,17.0,16.0,78.0,20.0,1.0,13.0,0.0,21.0,33.0,4.0,0.0,0.0,0.0,6.0,18.0,82.0,6.0,157.0,0.0,2.0,31.0,37.0,20.0,10.0,0.0,5.0
ctx-lh-rostralanteriorcingulate,0.0,243.0,21.0,0.0,0.0,4.0,0.0,0.0,1.0,19.0,0.0,0.0,159.0,0.0,429.0,0.0,6.0,0.0,9.0,14.0,39.0,0.0,0.0,59.0,4.0,4.0,1048.0,375.0,489.0,2.0,0.0,0.0,0.0,0.0,0.0,55.0,0.0,0.0,0.0,1.0,0.0,0.0,0.0,3.0,0.0,0.0,6.0,0.0,22.0,0.0,2.0,0.0,0.0,3.0,1.0,0.0,0.0,7.0,0.0,1.0,80.0,20.0,41.0,0.0,0.0,0.0,0.0,0.0
ctx-lh-rostralmiddlefrontal,0.0,116.0,1037.0,0.0,0.0,327.0,0.0,0.0,0.0,107.0,0.0,0.0,1177.0,0.0,1311.0,0.0,6.0,0.0,440.0,317.0,580.0,0.0,13.0,16.0,71.0,3.0,375.0,7951.0,2684.0,6.0,0.0,0.0,0.0,1.0,0.0,42.0,0.0,0.0,0.0,0.0,0.0,0.0,0.0,2.0,0.0,0.0,2.0,0.0,1.0,0.0,0.0,0.0,0.0,0.0,4.0,0.0,0.0,0.0,1.0,0.0,12.0,15.0,32.0,0.0,0.0,0.0,0.0,0.0
ctx-lh-superiorfrontal,0.0,578.0,1054.0,0.0,0.0,113.0,0.0,6.0,0.0,54.0,8.0,0.0,70.0,0.0,384.0,0.0,550.0,0.0,93.0,14.0,56.0,0.0,37.0,289.0,728.0,31.0,489.0,2684.0,9774.0,25.0,1.0,6.0,0.0,1.0,0.0,144.0,6.0,0.0,0.0,0.0,0.0,1.0,0.0,6.0,0.0,0.0,1.0,1.0,0.0,0.0,10.0,0.0,1.0,2.0,7.0,0.0,4.0,35.0,6.0,3.0,25.0,66.0,226.0,1.0,0.0,1.0,0.0,0.0
ctx-lh-superiorparietal,27.0,4.0,18.0,781.0,0.0,0.0,16.0,1623.0,24.0,53.0,88.0,495.0,1.0,29.0,0.0,25.0,196.0,1.0,8.0,0.0,1.0,216.0,782.0,70.0,269.0,2821.0,2.0,6.0,25.0,7484.0,32.0,435.0,0.0,23.0,4.0,4.0,4.0,6.0,0.0,0.0,2.0,15.0,6.0,5.0,32.0,8.0,0.0,10.0,0.0,6.0,23.0,1.0,1.0,0.0,0.0,5.0,6.0,43.0,4.0,37.0,0.0,1.0,19.0,25.0,8.0,7.0,0.0,3.0
ctx-lh-superiortemporal,1265.0,0.0,3.0,2.0,18.0,0.0,114.0,213.0,315.0,246.0,5.0,4.0,0.0,19.0,0.0,1120.0,1.0,6.0,1.0,0.0,0.0,3.0,32.0,2.0,12.0,25.0,0.0,0.0,1.0,32.0,3842.0,367.0,204.0,543.0,2.0,0.0,0.0,0.0,0.0,0.0,1.0,3.0,0.0,0.0,7.0,0.0,0.0,2.0,0.0,1.0,3.0,0.0,0.0,0.0,0.0,2.0,4.0,3.0,1.0,9.0,1.0,1.0,0.0,3.0,1.0,2.0,1.0,1.0
ctx-lh-supramarginal,216.0,1.0,10.0,0.0,0.0,0.0,5.0,1274.0,14.0,256.0,8.0,5.0,1.0,2.0,0.0,30.0,5.0,0.0,21.0,0.0,0.0,3.0,1158.0,10.0,190.0,27.0,0.0,0.0,6.0,435.0,367.0,4345.0,0.0,41.0,2.0,0.0,0.0,1.0,0.0,0.0,0.0,8.0,0.0,0.0,8.0,1.0,0.0,2.0,0.0,0.0,3.0,0.0,0.0,0.0,0.0,1.0,1.0,6.0,0.0,5.0,0.0,0.0,0.0,3.0,1.0,0.0,0.0,0.0
ctx-lh-temporalpole,1.0,0.0,0.0,0.0,162.0,0.0,145.0,1.0,299.0,18.0,0.0,1.0,0.0,0.0,0.0,121.0,0.0,2.0,0.0,0.0,0.0,0.0,0.0,0.0,0.0,0.0,0.0,0.0,0.0,0.0,204.0,0.0,524.0,0.0,0.0,0.0,0.0,0.0,0.0,0.0,0.0,0.0,0.0,0.0,0.0,0.0,0.0,0.0,0.0,0.0,0.0,0.0,0.0,0.0,0.0,0.0,0.0,0.0,0.0,0.0,0.0,0.0,0.0,0.0,0.0,0.0,0.0,0.0
ctx-lh-transversetemporal,115.0,0.0,1.0,2.0,0.0,0.0,2.0,50.0,16.0,58.0,4.0,3.0,0.0,2.0,0.0,21.0,1.0,2.0,0.0,0.0,0.0,3.0,7.0,3.0,10.0,12.0,0.0,1.0,1.0,23.0,543.0,41.0,0.0,219.0,0.0,0.0,0.0,0.0,0.0,0.0,0.0,0.0,1.0,1.0,3.0,1.0,0.0,0.0,0.0,0.0,2.0,0.0,0.0,0.0,0.0,0.0,0.0,0.0,2.0,4.0,0.0,0.0,0.0,1.0,0.0,0.0,0.0,1.0
ctx-rh-bankssts,2.0,0.0,0.0,1.0,0.0,0.0,0.0,11.0,1.0,0.0,16.0,3.0,0.0,2.0,0.0,1.0,0.0,0.0,0.0,0.0,0.0,1.0,0.0,1.0,1.0,23.0,0.0,0.0,0.0,4.0,2.0,2.0,0.0,0.0,810.0,1.0,7.0,6.0,0.0,0.0,40.0,666.0,173.0,48.0,16.0,39.0,1.0,10.0,0.0,730.0,8.0,2.0,7.0,0.0,3.0,3.0,40.0,12.0,32.0,48.0,0.0,6.0,3.0,52.0,728.0,537.0,0.0,41.0
ctx-rh-caudalanteriorcingulate,0.0,123.0,36.0,0.0,0.0,0.0,0.0,4.0,0.0,2.0,1.0,0.0,2.0,0.0,2.0,0.0,8.0,0.0,9.0,0.0,1.0,0.0,8.0,47.0,27.0,6.0,55.0,42.0,144.0,4.0,0.0,0.0,0.0,0.0,1.0,854.0,7.0,0.0,0.0,2.0,0.0,2.0,0.0,16.0,5.0,0.0,15.0,0.0,13.0,0.0,21.0,0.0,2.0,5.0,27.0,0.0,1.0,457.0,11.0,6.0,274.0,180.0,991.0,1.0,0.0,1.0,0.0,0.0
ctx-rh-caudalmiddlefrontal,2.0,3.0,0.0,0.0,0.0,0.0,0.0,0.0,0.0,0.0,2.0,0.0,0.0,0.0,0.0,0.0,2.0,0.0,0.0,0.0,0.0,0.0,0.0,2.0,4.0,1.0,0.0,0.0,6.0,4.0,0.0,0.0,0.0,0.0,7.0,7.0,2795.0,0.0,0.0,0.0,0.0,31.0,2.0,94.0,2.0,0.0,0.0,0.0,0.0,5.0,17.0,0.0,213.0,3.0,35.0,0.0,161.0,7.0,880.0,5.0,0.0,1280.0,902.0,22.0,6.0,78.0,0.0,1.0
ctx-rh-cuneus,0.0,0.0,0.0,12.0,0.0,0.0,3.0,6.0,0.0,0.0,5.0,9.0,0.0,2.0,0.0,1.0,0.0,0.0,0.0,0.0,0.0,9.0,0.0,0.0,0.0,13.0,0.0,0.0,0.0,6.0,0.0,1.0,0.0,0.0,6.0,0.0,0.0,1318.0,0.0,0.0,25.0,45.0,19.0,1.0,20.0,537.0,0.0,174.0,0.0,6.0,0.0,11.0,0.0,0.0,0.0,1287.0,0.0,1.0,0.0,268.0,0.0,0.0,1.0,598.0,1.0,0.0,0.0,0.0
ctx-rh-entorhinal,0.0,0.0,0.0,0.0,0.0,0.0,0.0,0.0,0.0,0.0,0.0,0.0,0.0,0.0,0.0,0.0,0.0,0.0,0.0,0.0,0.0,0.0,0.0,0.0,0.0,0.0,0.0,0.0,0.0,0.0,0.0,0.0,0.0,0.0,0.0,0.0,0.0,0.0,393.0,0.0,151.0,0.0,175.0,6.0,0.0,1.0,0.0,0.0,0.0,15.0,0.0,90.0,0.0,0.0,0.0,0.0,0.0,0.0,0.0,0.0,0.0,0.0,0.0,0.0,15.0,0.0,173.0,0.0
ctx-rh-frontalpole,0.0,0.0,0.0,0.0,0.0,0.0,0.0,0.0,0.0,0.0,0.0,0.0,0.0,0.0,0.0,0.0,0.0,0.0,0.0,0.0,0.0,0.0,0.0,0.0,0.0,0.0,1.0,0.0,0.0,0.0,0.0,0.0,0.0,0.0,0.0,2.0,0.0,0.0,0.0,80.0,0.0,0.0,0.0,1.0,0.0,0.0,118.0,0.0,510.0,0.0,0.0,0.0,0.0,5.0,0.0,0.0,0.0,0.0,0.0,0.0,3.0,175.0,68.0,0.0,0.0,0.0,0.0,0.0
ctx-rh-fusiform,1.0,0.0,0.0,3.0,0.0,0.0,1.0,8.0,3.0,0.0,7.0,3.0,0.0,3.0,0.0,1.0,0.0,1.0,0.0,0.0,0.0,3.0,1.0,0.0,0.0,12.0,0.0,0.0,0.0,2.0,1.0,0.0,0.0,0.0,40.0,0.0,0.0,25.0,151.0,0.0,3909.0,55.0,1541.0,32.0,10.0,1023.0,0.0,742.0,0.0,182.0,3.0,175.0,0.0,0.0,0.0,117.0,0.0,0.0,1.0,38.0,0.0,0.0,1.0,32.0,97.0,2.0,112.0,0.0
ctx-rh-inferiorparietal,3.0,1.0,0.0,7.0,0.0,0.0,6.0,21.0,6.0,5.0,27.0,7.0,0.0,8.0,0.0,2.0,2.0,1.0,0.0,0.0,0.0,7.0,2.0,7.0,2.0,41.0,0.0,0.0,1.0,15.0,3.0,8.0,0.0,0.0,666.0,2.0,31.0,45.0,0.0,0.0,55.0,8494.0,187.0,60.0,42.0,832.0,0.0,22.0,0.0,546.0,47.0,2.0,16.0,0.0,3.0,10.0,151.0,27.0,108.0,348.0,0.0,25.0,10.0,1502.0,101.0,1375.0,0.0,16.0
ctx-rh-inferiortemporal,0.0,0.0,0.0,3.0,0.0,0.0,2.0,15.0,2.0,1.0,5.0,6.0,0.0,4.0,0.0,1.0,0.0,0.0,0.0,0.0,0.0,1.0,0.0,3.0,1.0,17.0,0.0,0.0,0.0,6.0,0.0,0.0,0.0,1.0,173.0,0.0,2.0,19.0,175.0,0.0,1541.0,187.0,4163.0,89.0,19.0,413.0,0.0,116.0,1.0,1848.0,2.0,52.0,0.0,0.0,0.0,21.0,2.0,4.0,5.0,49.0,0.0,2.0,0.0,28.0,247.0,16.0,235.0,7.0
ctx-rh-insula,3.0,4.0,1.0,0.0,0.0,0.0,1.0,6.0,0.0,1.0,5.0,3.0,0.0,0.0,0.0,0.0,3.0,0.0,0.0,0.0,0.0,1.0,2.0,7.0,1.0,16.0,3.0,2.0,6.0,5.0,0.0,0.0,0.0,1.0,48.0,16.0,94.0,1.0,6.0,1.0,32.0,60.0,89.0,1079.0,5.0,8.0,338.0,7.0,16.0,137.0,33.0,6.0,154.0,23.0,183.0,0.0,176.0,19.0,223.0,24.0,9.0,191.0,108.0,33.0,258.0,154.0,14.0,98.0
ctx-rh-isthmuscingulate,6.0,0.0,0.0,7.0,0.0,0.0,6.0,36.0,10.0,6.0,72.0,14.0,0.0,8.0,0.0,7.0,1.0,1.0,0.0,0.0,0.0,6.0,3.0,12.0,2.0,78.0,0.0,0.0,0.0,32.0,7.0,8.0,0.0,3.0,16.0,5.0,2.0,20.0,0.0,0.0,10.0,42.0,19.0,5.0,517.0,33.0,0.0,90.0,0.0,20.0,28.0,91.0,2.0,0.0,0.0,10.0,8.0,239.0,7.0,702.0,0.0,2.0,3.0,35.0,19.0,9.0,0.0,4.0
ctx-rh-lateraloccipital,3.0,0.0,0.0,4.0,0.0,0.0,7.0,12.0,5.0,2.0,15.0,15.0,0.0,9.0,0.0,1.0,0.0,0.0,0.0,0.0,0.0,8.0,0.0,0.0,1.0,20.0,0.0,0.0,0.0,8.0,0.0,1.0,0.0,1.0,39.0,0.0,0.0,537.0,1.0,0.0,1023.0,832.0,413.0,8.0,33.0,8015.0,0.0,714.0,0.0,213.0,3.0,10.0,0.0,0.0,0.0,866.0,2.0,2.0,3.0,184.0,0.0,0.0,1.0,598.0,13.0,2.0,0.0,4.0
ctx-rh-lateralorbitofrontal,0.0,2.0,0.0,0.0,0.0,0.0,0.0,0.0,0.0,1.0,0.0,0.0,0.0,0.0,0.0,0.0,0.0,0.0,0.0,0.0,0.0,0.0,0.0,0.0,1.0,1.0,6.0,2.0,1.0,0.0,0.0,0.0,0.0,0.0,1.0,15.0,0.0,0.0,0.0,118.0,0.0,0.0,0.0,338.0,0.0,0.0,2663.0,0.0,1506.0,2.0,0.0,0.0,7.0,555.0,161.0,0.0,0.0,2.0,0.0,0.0,98.0,590.0,80.0,0.0,1.0,0.0,0.0,0.0
ctx-rh-lingual,1.0,0.0,0.0,8.0,0.0,0.0,2.0,11.0,2.0,1.0,6.0,9.0,0.0,9.0,0.0,2.0,0.0,0.0,0.0,0.0,0.0,12.0,0.0,2.0,1.0,13.0,0.0,0.0,1.0,10.0,2.0,2.0,0.0,0.0,10.0,0.0,0.0,174.0,0.0,0.0,742.0,22.0,116.0,7.0,90.0,714.0,0.0,4652.0,0.0,52.0,1.0,231.0,0.0,0.0,0.0,1308.0,1.0,3.0,1.0,154.0,0.0,0.0,0.0,28.0,10.0,2.0,0.0,1.0
ctx-rh-medialorbitofrontal,0.0,1.0,1.0,0.0,0.0,0.0,0.0,0.0,0.0,0.0,0.0,0.0,0.0,0.0,0.0,0.0,0.0,0.0,1.0,0.0,0.0,0.0,0.0,0.0,2.0,0.0,22.0,1.0,0.0,0.0,0.0,0.0,0.0,0.0,0.0,13.0,0.0,0.0,0.0,510.0,0.0,0.0,1.0,16.0,0.0,0.0,1506.0,0.0,1971.0,0.0,0.0,0.0,0.0,70.0,21.0,0.0,0.0,2.0,0.0,0.0,381.0,725.0,272.0,0.0,0.0,0.0,0.0,0.0
ctx-rh-middletemporal,0.0,0.0,0.0,3.0,0.0,0.0,4.0,12.0,3.0,2.0,12.0,4.0,0.0,2.0,0.0,4.0,0.0,0.0,0.0,0.0,0.0,6.0,0.0,5.0,0.0,21.0,0.0,0.0,0.0,6.0,1.0,0.0,0.0,0.0,730.0,0.0,5.0,6.0,15.0,0.0,182.0,546.0,1848.0,137.0,20.0,213.0,2.0,52.0,0.0,4372.0,4.0,13.0,1.0,0.0,0.0,7.0,8.0,6.0,6.0,61.0,0.0,2.0,2.0,57.0,672.0,27.0,193.0,15.0
ctx-rh-paracentral,3.0,1.0,2.0,1.0,0.0,0.0,0.0,12.0,3.0,4.0,22.0,1.0,0.0,0.0,0.0,1.0,22.0,0.0,1.0,0.0,0.0,1.0,8.0,38.0,5.0,33.0,2.0,0.0,10.0,23.0,3.0,3.0,0.0,2.0,8.0,21.0,17.0,0.0,0.0,0.0,3.0,47.0,2.0,33.0,28.0,3.0,0.0,1.0,0.0,4.0,1369.0,1.0,7.0,0.0,1.0,0.0,465.0,333.0,937.0,356.0,2.0,16.0,717.0,226.0,15.0,30.0,0.0,2.0
ctx-rh-parahippocampal,0.0,0.0,0.0,0.0,0.0,0.0,0.0,3.0,1.0,0.0,1.0,2.0,0.0,1.0,0.0,1.0,0.0,0.0,0.0,0.0,0.0,0.0,0.0,1.0,0.0,4.0,0.0,0.0,0.0,1.0,0.0,0.0,0.0,0.0,2.0,0.0,0.0,11.0,90.0,0.0,175.0,2.0,52.0,6.0,91.0,10.0,0.0,231.0,0.0,13.0,1.0,447.0,0.0,0.0,0.0,7.0,0.0,0.0,0.0,18.0,0.0,0.0,0.0,2.0,4.0,1.0,1.0,0.0
ctx-rh-parsopercularis,0.0,2.0,0.0,0.0,0.0,0.0,0.0,0.0,0.0,0.0,2.0,0.0,0.0,0.0,0.0,0.0,0.0,0.0,0.0,0.0,0.0,0.0,1.0,1.0,0.0,0.0,0.0,0.0,1.0,1.0,0.0,0.0,0.0,0.0,7.0,2.0,213.0,0.0,0.0,0.0,0.0,16.0,0.0,154.0,2.0,0.0,7.0,0.0,0.0,1.0,7.0,0.0,1043.0,2.0,365.0,1.0,169.0,3.0,627.0,2.0,0.0,732.0,64.0,4.0,3.0,66.0,0.0,2.0
ctx-rh-parsorbitalis,0.0,0.0,0.0,0.0,0.0,0.0,0.0,0.0,0.0,0.0,0.0,0.0,0.0,0.0,1.0,0.0,0.0,0.0,0.0,0.0,0.0,0.0,0.0,0.0,0.0,0.0,3.0,0.0,2.0,0.0,0.0,0.0,0.0,0.0,0.0,5.0,3.0,0.0,0.0,5.0,0.0,0.0,0.0,23.0,0.0,0.0,555.0,0.0,70.0,0.0,0.0,0.0,2.0,621.0,352.0,0.0,0.0,1.0,0.0,0.0,33.0,422.0,69.0,0.0,0.0,0.0,0.0,0.0
ctx-rh-parstriangularis,0.0,7.0,0.0,0.0,0.0,0.0,0.0,0.0,0.0,0.0,0.0,0.0,0.0,0.0,1.0,0.0,0.0,0.0,1.0,0.0,0.0,0.0,0.0,1.0,2.0,0.0,1.0,4.0,7.0,0.0,0.0,0.0,0.0,0.0,3.0,27.0,35.0,0.0,0.0,0.0,0.0,3.0,0.0,183.0,0.0,0.0,161.0,0.0,21.0,0.0,1.0,0.0,365.0,352.0,2008.0,0.0,15.0,1.0,40.0,1.0,27.0,1158.0,155.0,1.0,0.0,4.0,0.0,2.0
ctx-rh-pericalcarine,1.0,0.0,0.0,4.0,0.0,0.0,1.0,6.0,1.0,0.0,4.0,1.0,0.0,3.0,0.0,1.0,0.0,0.0,0.0,0.0,0.0,1.0,0.0,1.0,0.0,6.0,0.0,0.0,0.0,5.0,2.0,1.0,0.0,0.0,3.0,0.0,0.0,1287.0,0.0,0.0,117.0,10.0,21.0,0.0,10.0,866.0,0.0,1308.0,0.0,7.0,0.0,7.0,1.0,0.0,0.0,689.0,0.0,0.0,1.0,114.0,0.0,0.0,0.0,67.0,4.0,1.0,1.0,0.0
ctx-rh-postcentral,3.0,1.0,1.0,1.0,0.0,0.0,0.0,2.0,0.0,0.0,20.0,1.0,0.0,2.0,0.0,0.0,0.0,0.0,0.0,0.0,0.0,1.0,2.0,5.0,2.0,18.0,0.0,0.0,4.0,6.0,4.0,1.0,0.0,0.0,40.0,1.0,161.0,0.0,0.0,0.0,0.0,151.0,2.0,176.0,8.0,2.0,0.0,1.0,0.0,8.0,465.0,0.0,169.0,0.0,15.0,0.0,3911.0,33.0,1456.0,136.0,1.0,58.0,78.0,976.0,28.0,1632.0,0.0,15.0
ctx-rh-posteriorcingulate,2.0,13.0,5.0,1.0,0.0,0.0,1.0,21.0,1.0,7.0,53.0,3.0,0.0,1.0,0.0,1.0,26.0,0.0,0.0,0.0,1.0,2.0,12.0,156.0,32.0,82.0,7.0,0.0,35.0,43.0,3.0,6.0,0.0,0.0,12.0,457.0,7.0,1.0,0.0,0.0,0.0,27.0,4.0,19.0,239.0,2.0,2.0,3.0,2.0,6.0,333.0,0.0,3.0,1.0,1.0,0.0,33.0,947.0,34.0,255.0,17.0,14.0,367.0,53.0,9.0,17.0,0.0,7.0
ctx-rh-precentral,0.0,1.0,0.0,1.0,0.0,0.0,0.0,5.0,0.0,5.0,13.0,0.0,0.0,0.0,1.0,0.0,22.0,0.0,0.0,0.0,0.0,0.0,4.0,18.0,4.0,6.0,0.0,1.0,6.0,4.0,1.0,0.0,0.0,2.0,32.0,11.0,880.0,0.0,0.0,0.0,1.0,108.0,5.0,223.0,7.0,3.0,0.0,1.0,0.0,6.0,937.0,0.0,627.0,0.0,40.0,1.0,1456.0,34.0,4883.0,30.0,0.0,244.0,743.0,124.0,18.0,288.0,0.0,10.0
ctx-rh-precuneus,5.0,2.0,1.0,23.0,0.0,0.0,16.0,71.0,11.0,11.0,110.0,25.0,0.0,18.0,0.0,12.0,1.0,1.0,0.0,0.0,0.0,18.0,7.0,19.0,3.0,157.0,1.0,0.0,3.0,37.0,9.0,5.0,0.0,4.0,48.0,6.0,5.0,268.0,0.0,0.0,38.0,348.0,49.0,24.0,702.0,184.0,0.0,154.0,0.0,61.0,356.0,18.0,2.0,0.0,1.0,114.0,136.0,255.0,30.0,3684.0,0.0,0.0,18.0,1723.0,25.0,24.0,0.0,9.0
ctx-rh-rostralanteriorcingulate,0.0,44.0,4.0,0.0,0.0,0.0,0.0,0.0,0.0,0.0,0.0,0.0,3.0,0.0,6.0,0.0,1.0,0.0,1.0,0.0,4.0,0.0,0.0,4.0,0.0,0.0,80.0,12.0,25.0,0.0,1.0,0.0,0.0,0.0,0.0,274.0,0.0,0.0,0.0,3.0,0.0,0.0,0.0,9.0,0.0,0.0,98.0,0.0,381.0,0.0,2.0,0.0,0.0,33.0,27.0,0.0,1.0,17.0,0.0,0.0,801.0,181.0,402.0,0.0,0.0,0.0,0.0,0.0
ctx-rh-rostralmiddlefrontal,0.0,36.0,13.0,0.0,0.0,0.0,0.0,0.0,0.0,2.0,0.0,0.0,1.0,0.0,3.0,0.0,5.0,0.0,1.0,0.0,1.0,0.0,1.0,17.0,11.0,2.0,20.0,15.0,66.0,1.0,1.0,0.0,0.0,0.0,6.0,180.0,1280.0,0.0,0.0,175.0,0.0,25.0,2.0,191.0,2.0,0.0,590.0,0.0,725.0,2.0,16.0,0.0,732.0,422.0,1158.0,0.0,58.0,14.0,244.0,0.0,181.0,11571.0,3754.0,10.0,3.0,53.0,0.0,2.0
ctx-rh-superiorfrontal,0.0,128.0,44.0,1.0,0.0,0.0,1.0,4.0,0.0,8.0,2.0,0.0,2.0,0.0,3.0,0.0,109.0,0.0,5.0,2.0,0.0,0.0,14.0,122.0,75.0,31.0,41.0,32.0,226.0,19.0,0.0,0.0,0.0,0.0,3.0,991.0,902.0,1.0,0.0,68.0,1.0,10.0,0.0,108.0,3.0,1.0,80.0,0.0,272.0,2.0,717.0,0.0,64.0,69.0,155.0,0.0,78.0,367.0,743.0,18.0,402.0,3754.0,13703.0,18.0,5.0,9.0,0.0,1.0
ctx-rh-superiorparietal,1.0,2.0,0.0,4.0,0.0,0.0,4.0,16.0,6.0,7.0,24.0,8.0,0.0,6.0,0.0,4.0,3.0,1.0,0.0,0.0,0.0,2.0,3.0,11.0,5.0,37.0,0.0,0.0,1.0,25.0,3.0,3.0,0.0,1.0,52.0,1.0,22.0,598.0,0.0,0.0,32.0,1502.0,28.0,33.0,35.0,598.0,0.0,28.0,0.0,57.0,226.0,2.0,4.0,0.0,1.0,67.0,976.0,53.0,124.0,1723.0,0.0,10.0,18.0,4568.0,35.0,170.0,0.0,8.0
ctx-rh-superiortemporal,2.0,0.0,0.0,2.0,0.0,0.0,2.0,9.0,1.0,1.0,16.0,1.0,0.0,3.0,0.0,0.0,1.0,0.0,0.0,0.0,0.0,1.0,1.0,5.0,0.0,20.0,0.0,0.0,0.0,8.0,1.0,1.0,0.0,0.0,728.0,0.0,6.0,1.0,15.0,0.0,97.0,101.0,247.0,258.0,19.0,13.0,1.0,10.0,0.0,672.0,15.0,4.0,3.0,0.0,0.0,4.0,28.0,9.0,18.0,25.0,0.0,3.0,5.0,35.0,4347.0,307.0,290.0,578.0
ctx-rh-supramarginal,0.0,1.0,0.0,0.0,0.0,0.0,0.0,5.0,2.0,2.0,7.0,0.0,0.0,1.0,0.0,1.0,1.0,0.0,0.0,0.0,0.0,2.0,1.0,5.0,0.0,10.0,0.0,0.0,1.0,7.0,2.0,0.0,0.0,0.0,537.0,1.0,78.0,0.0,0.0,0.0,2.0,1375.0,16.0,154.0,9.0,2.0,0.0,2.0,0.0,27.0,30.0,1.0,66.0,0.0,4.0,1.0,1632.0,17.0,288.0,24.0,0.0,53.0,9.0,170.0,307.0,2617.0,0.0,31.0
ctx-rh-temporalpole,0.0,0.0,0.0,0.0,0.0,0.0,0.0,1.0,0.0,0.0,0.0,0.0,0.0,0.0,0.0,0.0,0.0,0.0,0.0,0.0,0.0,0.0,0.0,0.0,0.0,0.0,0.0,0.0,0.0,0.0,1.0,0.0,0.0,0.0,0.0,0.0,0.0,0.0,173.0,0.0,112.0,0.0,235.0,14.0,0.0,0.0,0.0,0.0,0.0,193.0,0.0,1.0,0.0,0.0,0.0,1.0,0.0,0.0,0.0,0.0,0.0,0.0,0.0,0.0,290.0,0.0,290.0,0.0
ctx-rh-transversetemporal,0.0,0.0,0.0,0.0,0.0,0.0,0.0,1.0,1.0,1.0,3.0,1.0,0.0,0.0,0.0,0.0,0.0,0.0,0.0,0.0,0.0,0.0,1.0,3.0,0.0,5.0,0.0,0.0,0.0,3.0,1.0,0.0,0.0,1.0,41.0,0.0,1.0,0.0,0.0,0.0,0.0,16.0,7.0,98.0,4.0,4.0,0.0,1.0,0.0,15.0,2.0,0.0,2.0,0.0,2.0,0.0,15.0,7.0,10.0,9.0,0.0,2.0,1.0,8.0,578.0,31.0,0.0,153.0
