,ctx-lh-bankssts,ctx-lh-caudalanteriorcingulate,ctx-lh-caudalmiddlefrontal,ctx-lh-cuneus,ctx-lh-entorhinal,ctx-lh-frontalpole,ctx-lh-fusiform,ctx-lh-inferiorparietal,ctx-lh-inferiortemporal,ctx-lh-insula,ctx-lh-isthmuscingulate,ctx-lh-lateraloccipital,ctx-lh-lateralorbitofrontal,ctx-lh-lingual,ctx-lh-medialorbitofrontal,ctx-lh-middletemporal,ctx-lh-paracentral,ctx-lh-parahippocampal,ctx-lh-parsopercularis,ctx-lh-parsorbitalis,ctx-lh-parstriangularis,ctx-lh-pericalcarine,ctx-lh-postcentral,ctx-lh-posteriorcingulate,ctx-lh-precentral,ctx-lh-precuneus,ctx-lh-rostralanteriorcingulate,ctx-lh-rostralmiddlefrontal,ctx-lh-superiorfrontal,ctx-lh-superiorparietal,ctx-lh-superiortemporal,ctx-lh-supramarginal,ctx-lh-temporalpole,ctx-lh-transversetemporal,ctx-rh-bankssts,ctx-rh-caudalanteriorcingulate,ctx-rh-caudalmiddlefrontal,ctx-rh-cuneus,ctx-rh-entorhinal,ctx-rh-frontalpole,ctx-rh-fusiform,ctx-rh-inferiorparietal,ctx-rh-inferiortemporal,ctx-rh-insula,ctx-rh-isthmuscingulate,ctx-rh-lateraloccipital,ctx-rh-lateralorbitofrontal,ctx-rh-lingual,ctx-rh-medialorbitofrontal,ctx-rh-middletemporal,ctx-rh-paracentral,ctx-rh-parahippocampal,ctx-rh-parsopercularis,ctx-rh-parsorbitalis,ctx-rh-parstriangularis,ctx-rh-pericalcarine,ctx-rh-postcentral,ctx-rh-posteriorcingulate,ctx-rh-precentral,ctx-rh-precuneus,ctx-rh-rostralanteriorcingulate,ctx-rh-rostralmiddlefrontal,ctx-rh-superiorfrontal,ctx-rh-superiorparietal,ctx-rh-superiortemporal,ctx-rh-supramarginal,ctx-rh-temporalpole,ctx-rh-transversetemporal
ctx-lh-bankssts,888.0,0.0,1.0,1.0,1.0,0.0,24.0,498.0,454.0,25.0,9.0,38.0,0.0,7.0,0.0,699.0,1.0,2.0,2.0,0.0,0.0,3.0,21.0,1.0,5.0,20.0,0.0,1.0,1.0,26.0,768.0,350.0,1.0,16.0,0.0,0.0,0.0,0.0,0.0,0.0,1.0,0.0,0.0,2.0,3.0,0.0,0.0,2.0,0.0,1.0,0.0,1.0,0.0,0.0,0.0,0.0,0.0,2.0,0.0,1.0,0.0,0.0,0.0,1.0,0.0,0.0,0.0,1.0
ctx-lh-caudalanteriorcingulate,0.0,546.0,60.0,0.0,0.0,0.0,0.0,0.0,0.0,29.0,7.0,0.0,10.0,0.0,9.0,0.0,13.0,0.0,45.0,4.0,23.0,0.0,0.0,335.0,20.0,6.0,143.0,129.0,630.0,0.0,0.0,1.0,0.0,0.0,0.0,114.0,33.0,0.0,0.0,0.0,0.0,0.0,0.0,7.0,1.0,0.0,3.0,0.0,2.0,0.0,6.0,0.0,16.0,2.0,13.0,0.0,0.0,26.0,19.0,0.0,12.0,37.0,167.0,0.0,0.0,0.0,0.0,0.0
ctx-lh-caudalmiddlefrontal,1.0,60.0,4454.0,0.0,0.0,0.0,0.0,1.0,1.0,72.0,0.0,0.0,1.0,1.0,1.0,0.0,60.0,0.0,559.0,1.0,37.0,0.0,102.0,28.0,1178.0,7.0,3.0,778.0,1235.0,8.0,3.0,19.0,0.0,1.0,0.0,40.0,17.0,0.0,0.0,0.0,0.0,0.0,0.0,4.0,0.0,0.0,1.0,0.0,0.0,0.0,5.0,0.0,5.0,0.0,0.0,0.0,2.0,26.0,11.0,2.0,0.0,4.0,58.0,1.0,0.0,0.0,0.0,0.0
ctx-lh-cuneus,1.0,0.0,0.0,999.0,0.0,0.0,16.0,52.0,7.0,0.0,7.0,311.0,0.0,168.0,0.0,7.0,0.0,1.0,0.0,0.0,0.0,1236.0,0.0,1.0,0.0,150.0,0.0,0.0,0.0,994.0,2.0,1.0,0.0,1.0,0.0,0.0,0.0,0.0,0.0,0.0,0.0,4.0,0.0,1.0,3.0,1.0,0.0,2.0,0.0,1.0,0.0,0.0,0.0,0.0,0.0,0.0,0.0,1.0,0.0,2.0,0.0,0.0,0.0,2.0,2.0,0.0,0.0,0.0
ctx-lh-entorhinal,1.0,0.0,0.0,0.0,346.0,0.0,311.0,2.0,165.0,18.0,0.0,0.0,0.0,1.0,0.0,69.0,0.0,96.0,0.0,0.0,0.0,1.0,0.0,0.0,0.0,1.0,0.0,0.0,0.0,1.0,40.0,0.0,368.0,0.0,0.0,0.0,0.0,0.0,0.0,0.0,0.0,0.0,0.0,0.0,0.0,0.0,0.0,0.0,0.0,0.0,0.0,0.0,0.0,0.0,0.0,0.0,0.0,0.0,0.0,0.0,0.0,0.0,0.0,0.0,0.0,0.0,0.0,0.0
ctx-lh-frontalpole,0.0,0.0,0.0,0.0,0.0,52.0,0.0,0.0,0.0,0.0,0.0,0.0,62.0,0.0,348.0,0.0,0.0,0.0,0.0,3.0,5.0,0.0,0.0,0.0,0.0,0.0,4.0,202.0,82.0,0.0,0.0,0.0,0.0,0.0,0.0,0.0,0.0,0.0,0.0,0.0,0.0,0.0,0.0,0.0,0.0,0.0,1.0,0.0,0.0,0.0,0.0,0.0,0.0,1.0,0.0,0.0,0.0,0.0,0.0,0.0,1.0,0.0,1.0,0.0,0.0,0.0,0.0,0.0
ctx-lh-fusiform,24.0,0.0,0.0,16.0,311.0,0.0,4027.0,92.0,1456.0,25.0,23.0,1022.0,0.0,521.0,0.0,256.0,0.0,405.0,0.0,0.0,0.0,69.0,0.0,2.0,0.0,35.0,0.0,0.0,0.0,27.0,74.0,7.0,161.0,3.0,0.0,0.0,0.0,0.0,0.0,0.0,1.0,2.0,0.0,1.0,4.0,1.0,0.0,0.0,0.0,1.0,0.0,1.0,0.0,0.0,0.0,0.0,0.0,1.0,0.0,13.0,0.0,0.0,0.0,6.0,1.0,3.0,0.0,0.0
ctx-lh-inferiorparietal,498.0,0.0,1.0,52.0,2.0,0.0,92.0,7120.0,268.0,46.0,52.0,1139.0,0.0,49.0,0.0,279.0,4.0,2.0,6.0,0.0,0.0,29.0,132.0,12.0,37.0,278.0,0.0,0.0,3.0,1501.0,186.0,1426.0,2.0,30.0,0.0,0.0,0.0,0.0,0.0,0.0,1.0,9.0,5.0,1.0,13.0,2.0,0.0,3.0,0.0,3.0,1.0,1.0,0.0,0.0,0.0,1.0,1.0,4.0,1.0,37.0,0.0,0.0,1.0,15.0,4.0,4.0,0.0,0.0
ctx-lh-inferiortemporal,454.0,0.0,1.0,7.0,165.0,0.0,1456.0,268.0,4059.0,72.0,19.0,445.0,0.0,101.0,1.0,1880.0,1.0,46.0,3.0,0.0,1.0,21.0,7.0,0.0,3.0,26.0,0.0,0.0,1.0,23.0,247.0,49.0,171.0,17.0,3.0,0.0,0.0,1.0,0.0,0.0,0.0,6.0,0.0,1.0,7.0,1.0,0.0,1.0,0.0,2.0,0.0,0.0,0.0,0.0,0.0,0.0,0.0,2.0,1.0,13.0,0.0,0.0,0.0,2.0,1.0,0.0,0.0,0.0
ctx-lh-insula,25.0,29.0,72.0,0.0,18.0,0.0,25.0,46.0,72.0,1830.0,14.0,4.0,440.0,2.0,29.0,90.0,18.0,6.0,308.0,9.0,130.0,1.0,364.0,18.0,396.0,35.0,27.0,122.0,130.0,74.0,233.0,274.0,38.0,84.0,0.0,6.0,5.0,0.0,0.0,0.0,0.0,2.0,0.0,3.0,8.0,2.0,0.0,0.0,1.0,2.0,2.0,0.0,2.0,0.0,0.0,0.0,0.0,7.0,3.0,8.0,2.0,13.0,19.0,3.0,2.0,0.0,0.0,1.0
ctx-lh-isthmuscingulate,9.0,7.0,0.0,7.0,0.0,0.0,23.0,52.0,19.0,14.0,885.0,41.0,0.0,112.0,0.0,9.0,8.0,43.0,0.0,0.0,0.0,32.0,8.0,292.0,5.0,898.0,0.0,0.0,6.0,123.0,21.0,15.0,0.0,6.0,5.0,1.0,0.0,2.0,0.0,0.0,4.0,24.0,5.0,5.0,78.0,14.0,0.0,2.0,0.0,9.0,4.0,2.0,0.0,0.0,0.0,3.0,3.0,18.0,4.0,121.0,0.0,0.0,0.0,53.0,19.0,12.0,0.0,0.0
ctx-lh-lateraloccipital,38.0,0.0,0.0,311.0,0.0,0.0,1022.0,1139.0,445.0,4.0,41.0,6574.0,0.0,780.0,0.0,171.0,0.0,14.0,0.0,0.0,0.0,563.0,2.0,2.0,1.0,93.0,0.0,0.0,0.0,573.0,34.0,9.0,1.0,8.0,1.0,0.0,0.0,0.0,0.0,0.0,1.0,7.0,1.0,0.0,11.0,1.0,0.0,3.0,0.0,3.0,1.0,0.0,0.0,0.0,0.0,0.0,0.0,3.0,2.0,18.0,0.0,0.0,0.0,8.0,6.0,6.0,0.0,0.0
ctx-lh-lateralorbitofrontal,0.0,10.0,1.0,0.0,0.0,62.0,0.0,0.0,0.0,440.0,0.0,0.0,2995.0,0.0,1291.0,1.0,0.0,0.0,32.0,516.0,433.0,0.0,0.0,0.0,2.0,0.0,220.0,551.0,95.0,0.0,3.0,0.0,1.0,0.0,0.0,12.0,0.0,0.0,0.0,0.0,0.0,0.0,0.0,2.0,1.0,0.0,2.0,0.0,10.0,0.0,0.0,0.0,1.0,4.0,2.0,0.0,1.0,0.0,0.0,0.0,24.0,9.0,5.0,0.0,0.0,0.0,0.0,0.0
ctx-lh-lingual,7.0,0.0,1.0,168.0,1.0,0.0,521.0,49.0,101.0,2.0,112.0,780.0,0.0,3708.0,0.0,18.0,1.0,166.0,0.0,0.0,0.0,1059.0,1.0,2.0,0.0,146.0,0.0,0.0,0.0,100.0,12.0,5.0,0.0,1.0,1.0,0.0,0.0,4.0,0.0,0.0,8.0,6.0,1.0,0.0,7.0,21.0,0.0,79.0,0.0,3.0,1.0,1.0,0.0,0.0,0.0,14.0,0.0,0.0,0.0,17.0,0.0,0.0,0.0,4.0,4.0,0.0,0.0,1.0
ctx-lh-medialorbitofrontal,0.0,9.0,1.0,0.0,0.0,348.0,0.0,0.0,1.0,29.0,0.0,0.0,1291.0,0.0,1504.0,0.0,0.0,0.0,8.0,74.0,94.0,0.0,0.0,0.0,0.0,0.0,665.0,897.0,288.0,0.0,0.0,0.0,1.0,0.0,0.0,5.0,0.0,0.0,0.0,1.0,0.0,0.0,0.0,0.0,0.0,0.0,4.0,0.0,27.0,0.0,0.0,0.0,1.0,2.0,5.0,0.0,0.0,0.0,0.0,0.0,35.0,8.0,9.0,0.0,0.0,0.0,0.0,0.0
ctx-lh-middletemporal,699.0,0.0,0.0,7.0,69.0,0.0,256.0,279.0,1880.0,90.0,9.0,171.0,1.0,18.0,0.0,2846.0,3.0,13.0,1.0,0.0,0.0,3.0,11.0,3.0,1.0,26.0,0.0,0.0,0.0,24.0,1073.0,60.0,205.0,38.0,1.0,0.0,0.0,0.0,0.0,0.0,1.0,1.0,1.0,0.0,5.0,2.0,0.0,1.0,0.0,0.0,0.0,0.0,0.0,0.0,0.0,0.0,0.0,0.0,0.0,5.0,0.0,0.0,0.0,3.0,4.0,2.0,0.0,0.0
ctx-lh-paracentral,1.0,13.0,60.0,0.0,0.0,0.0,0.0,4.0,1.0,18.0,8.0,0.0,0.0,1.0,0.0,3.0,1709.0,0.0,18.0,0.0,0.0,0.0,530.0,309.0,765.0,157.0,0.0,2.0,587.0,130.0,3.0,6.0,0.0,0.0,1.0,9.0,4.0,0.0,0.0,0.0,0.0,0.0,0.0,0.0,8.0,0.0,0.0,3.0,0.0,0.0,18.0,0.0,2.0,0.0,0.0,0.0,7.0,39.0,16.0,9.0,0.0,1.0,32.0,4.0,1.0,0.0,0.0,0.0
ctx-lh-parahippocampal,2.0,0.0,0.0,1.0,96.0,0.0,405.0,2.0,46.0,6.0,43.0,14.0,0.0,166.0,0.0,13.0,0.0,453.0,0.0,0.0,0.0,5.0,1.0,0.0,0.0,18.0,0.0,0.0,0.0,4.0,10.0,0.0,4.0,1.0,0.0,0.0,0.0,0.0,0.0,0.0,0.0,2.0,0.0,0.0,1.0,0.0,0.0,0.0,0.0,0.0,0.0,0.0,0.0,0.0,0.0,0.0,0.0,0.0,0.0,2.0,0.0,0.0,0.0,1.0,1.0,0.0,0.0,0.0
ctx-lh-parsopercularis,2.0,45.0,559.0,0.0,0.0,0.0,0.0,6.0,3.0,308.0,0.0,0.0,32.0,0.0,8.0,1.0,18.0,0.0,2777.0,8.0,682.0,1.0,76.0,8.0,700.0,2.0,17.0,570.0,272.0,12.0,9.0,26.0,0.0,1.0,0.0,14.0,3.0,0.0,0.0,0.0,0.0,0.0,0.0,1.0,0.0,0.0,1.0,0.0,0.0,0.0,1.0,0.0,1.0,1.0,0.0,0.0,0.0,4.0,4.0,0.0,2.0,14.0,29.0,1.0,0.0,0.0,0.0,0.0
ctx-lh-parsorbitalis,0.0,4.0,1.0,0.0,0.0,3.0,0.0,0.0,0.0,9.0,0.0,0.0,516.0,0.0,74.0,0.0,0.0,0.0,8.0,464.0,566.0,0.0,0.0,0.0,0.0,0.0,41.0,319.0,35.0,0.0,0.0,0.0,0.0,0.0,0.0,1.0,0.0,0.0,0.0,0.0,0.0,0.0,0.0,0.0,0.0,0.0,2.0,0.0,2.0,0.0,0.0,0.0,0.0,1.0,0.0,0.0,0.0,0.0,0.0,0.0,2.0,2.0,1.0,0.0,0.0,0.0,0.0,0.0
ctx-lh-parstriangularis,0.0,23.0,37.0,0.0,0.0,5.0,0.0,0.0,1.0,130.0,0.0,0.0,433.0,0.0,94.0,0.0,0.0,0.0,682.0,566.0,1710.0,0.0,5.0,2.0,12.0,0.0,100.0,904.0,188.0,0.0,0.0,0.0,0.0,0.0,0.0,15.0,1.0,0.0,0.0,0.0,0.0,0.0,0.0,0.0,0.0,0.0,2.0,0.0,1.0,0.0,0.0,0.0,2.0,1.0,5.0,0.0,0.0,0.0,1.0,0.0,14.0,16.0,14.0,0.0,0.0,0.0,0.0,0.0
ctx-lh-pericalcarine,3.0,0.0,0.0,1236.0,1.0,0.0,69.0,29.0,21.0,1.0,32.0,563.0,0.0,1059.0,0.0,3.0,0.0,5.0,1.0,0.0,0.0,561.0,0.0,0.0,0.0,156.0,0.0,0.0,0.0,225.0,3.0,4.0,0.0,0.0,0.0,0.0,0.0,1.0,0.0,0.0,0.0,2.0,0.0,1.0,3.0,3.0,0.0,45.0,0.0,0.0,0.0,0.0,0.0,0.0,0.0,6.0,0.0,1.0,0.0,12.0,0.0,0.0,0.0,4.0,0.0,3.0,0.0,1.0
ctx-lh-postcentral,21.0,0.0,102.0,0.0,0.0,0.0,0.0,132.0,7.0,364.0,8.0,2.0,0.0,1.0,0.0,11.0,530.0,1.0,76.0,0.0,5.0,0.0,5936.0,41.0,1895.0,125.0,0.0,7.0,20.0,819.0,36.0,1150.0,0.0,10.0,1.0,4.0,2.0,0.0,0.0,0.0,0.0,0.0,2.0,3.0,9.0,0.0,0.0,0.0,0.0,0.0,7.0,0.0,0.0,0.0,0.0,0.0,2.0,13.0,4.0,12.0,0.0,0.0,3.0,3.0,1.0,1.0,0.0,0.0
ctx-lh-posteriorcingulate,1.0,335.0,28.0,1.0,0.0,0.0,2.0,12.0,0.0,18.0,292.0,2.0,0.0,2.0,0.0,3.0,309.0,0.0,8.0,0.0,2.0,0.0,41.0,1434.0,76.0,439.0,8.0,9.0,320.0,57.0,5.0,9.0,0.0,4.0,3.0,32.0,22.0,0.0,0.0,0.0,1.0,4.0,1.0,9.0,30.0,2.0,0.0,0.0,0.0,3.0,49.0,0.0,4.0,0.0,1.0,0.0,11.0,127.0,39.0,29.0,1.0,2.0,91.0,14.0,9.0,8.0,0.0,0.0
ctx-lh-precentral,5.0,20.0,1178.0,0.0,0.0,0.0,0.0,37.0,3.0,396.0,5.0,1.0,2.0,0.0,0.0,1.0,765.0,0.0,700.0,0.0,12.0,0.0,1895.0,76.0,7241.0,62.0,0.0,16.0,507.0,168.0,28.0,232.0,0.0,4.0,0.0,13.0,4.0,0.0,0.0,0.0,0.0,1.0,0.0,1.0,1.0,1.0,0.0,0.0,0.0,0.0,10.0,0.0,0.0,0.0,1.0,0.0,3.0,33.0,12.0,7.0,1.0,0.0,14.0,5.0,0.0,1.0,0.0,1.0
ctx-lh-precuneus,20.0,6.0,7.0,150.0,1.0,0.0,35.0,278.0,26.0,35.0,898.0,93.0,0.0,146.0,0.0,26.0,157.0,18.0,2.0,0.0,0.0,156.0,125.0,439.0,62.0,4390.0,0.0,0.0,25.0,2117.0,45.0,50.0,0.0,15.0,5.0,1.0,1.0,17.0,1.0,0.0,4.0,31.0,11.0,2.0,78.0,9.0,0.0,5.0,0.0,12.0,5.0,4.0,0.0,0.0,0.0,3.0,8.0,26.0,10.0,132.0,0.0,0.0,3.0,59.0,18.0,14.0,0.0,2.0
ctx-lh-rostralanteriorcingulate,0.0,143.0,3.0,0.0,0.0,4.0,0.0,0.0,0.0,27.0,0.0,0.0,220.0,0.0,665.0,0.0,0.0,0.0,17.0,41.0,100.0,0.0,0.0,8.0,0.0,0.0,850.0,293.0,546.0,0.0,0.0,0.0,0.0,0.0,0.0,70.0,3.0,0.0,0.0,0.0,0.0,0.0,0.0,4.0,0.0,0.0,16.0,0.0,49.0,0.0,0.0,0.0,4.0,8.0,17.0,0.0,0.0,1.0,0.0,0.0,124.0,51.0,67.0,0.0,0.0,0.0,0.0,0.0
ctx-lh-rostralmiddlefrontal,1.0,129.0,778.0,0.0,0.0,202.0,0.0,0.0,0.0,122.0,0.0,0.0,551.0,0.0,897.0,0.0,2.0,0.0,570.0,319.0,904.0,0.0,7.0,9.0,16.0,0.0,293.0,7331.0,3095.0,2.0,0.0,1.0,0.0,0.0,0.0,50.0,13.0,0.0,0.0,0.0,0.0,0.0,0.0,7.0,0.0,0.0,3.0,0.0,9.0,0.0,0.0,0.0,6.0,2.0,5.0,0.0,2.0,4.0,0.0,0.0,23.0,39.0,73.0,0.0,0.0,0.0,0.0,0.0
ctx-lh-superiorfrontal,1.0,630.0,1235.0,0.0,0.0,82.0,0.0,3.0,1.0,130.0,6.0,0.0,95.0,0.0,288.0,0.0,587.0,0.0,272.0,35.0,188.0,0.0,20.0,320.0,507.0,25.0,546.0,3095.0,12691.0,8.0,2.0,4.0,1.0,0.0,0.0,207.0,64.0,0.0,0.0,0.0,0.0,1.0,0.0,16.0,0.0,0.0,9.0,0.0,14.0,0.0,19.0,0.0,27.0,1.0,15.0,0.0,8.0,55.0,35.0,1.0,45.0,73.0,331.0,1.0,0.0,1.0,0.0,0.0
ctx-lh-superiorparietal,26.0,0.0,8.0,994.0,1.0,0.0,27.0,1501.0,23.0,74.0,123.0,573.0,0.0,100.0,0.0,24.0,130.0,4.0,12.0,0.0,0.0,225.0,819.0,57.0,168.0,2117.0,0.0,2.0,8.0,7517.0,55.0,273.0,0.0,14.0,5.0,0.0,1.0,1.0,0.0,0.0,2.0,13.0,5.0,5.0,39.0,3.0,0.0,7.0,0.0,8.0,4.0,1.0,0.0,0.0,0.0,2.0,5.0,15.0,4.0,69.0,0.0,0.0,7.0,33.0,10.0,11.0,0.0,0.0
ctx-lh-superiortemporal,768.0,0.0,3.0,2.0,40.0,0.0,74.0,186.0,247.0,233.0,21.0,34.0,3.0,12.0,0.0,1073.0,3.0,10.0,9.0,0.0,0.0,3.0,36.0,5.0,28.0,45.0,0.0,0.0,2.0,55.0,4637.0,574.0,289.0,615.0,2.0,0.0,0.0,0.0,0.0,0.0,0.0,7.0,2.0,0.0,9.0,0.0,0.0,1.0,0.0,0.0,2.0,0.0,0.0,0.0,0.0,1.0,1.0,3.0,1.0,14.0,0.0,0.0,0.0,8.0,1.0,2.0,0.0,0.0
ctx-lh-supramarginal,350.0,1.0,19.0,1.0,0.0,0.0,7.0,1426.0,49.0,274.0,15.0,9.0,0.0,5.0,0.0,60.0,6.0,0.0,26.0,0.0,0.0,4.0,1150.0,9.0,232.0,50.0,0.0,1.0,4.0,273.0,574.0,5239.0,1.0,23.0,0.0,0.0,0.0,1.0,0.0,0.0,0.0,3.0,0.0,3.0,6.0,0.0,0.0,0.0,0.0,1.0,2.0,0.0,0.0,0.0,0.0,0.0,0.0,6.0,1.0,10.0,0.0,0.0,1.0,5.0,0.0,3.0,0.0,0.0
ctx-lh-temporalpole,1.0,0.0,0.0,0.0,368.0,0.0,161.0,2.0,171.0,38.0,0.0,1.0,1.0,0.0,1.0,205.0,0.0,4.0,0.0,0.0,0.0,0.0,0.0,0.0,0.0,0.0,0.0,0.0,1.0,0.0,289.0,1.0,496.0,0.0,0.0,0.0,0.0,0.0,0.0,0.0,0.0,0.0,0.0,0.0,0.0,0.0,0.0,0.0,0.0,0.0,0.0,0.0,0.0,0.0,0.0,0.0,0.0,0.0,0.0,0.0,0.0,0.0,0.0,0.0,0.0,0.0,0.0,0.0
ctx-lh-transversetemporal,16.0,0.0,1.0,1.0,0.0,0.0,3.0,30.0,17.0,84.0,6.0,8.0,0.0,1.0,0.0,38.0,0.0,1.0,1.0,0.0,0.0,0.0,10.0,4.0,4.0,15.0,0.0,0.0,0.0,14.0,615.0,23.0,0.0,235.0,1.0,0.0,0.0,0.0,0.0,0.0,0.0,1.0,0.0,0.0,5.0,0.0,0.0,1.0,0.0,2.0,0.0,0.0,0.0,0.0,0.0,0.0,0.0,1.0,0.0,3.0,0.0,0.0,0.0,2.0,2.0,3.0,0.0,0.0
ctx-rh-bankssts,0.0,0.0,0.0,0.0,0.0,0.0,0.0,0.0,3.0,0.0,5.0,1.0,0.0,1.0,0.0,1.0,1.0,0.0,0.0,0.0,0.0,0.0,1.0,3.0,0.0,5.0,0.0,0.0,0.0,5.0,2.0,0.0,0.0,1.0,823.0,0.0,0.0,3.0,0.0,0.0,13.0,473.0,79.0,11.0,4.0,13.0,0.0,3.0,0.0,885.0,1.0,1.0,1.0,0.0,0.0,9.0,22.0,0.0,10.0,27.0,0.0,0.0,0.0,38.0,843.0,333.0,0.0,18.0
ctx-rh-caudalanteriorcingulate,0.0,114.0,40.0,0.0,0.0,0.0,0.0,0.0,0.0,6.0,1.0,0.0,12.0,0.0,5.0,0.0,9.0,0.0,14.0,1.0,15.0,0.0,4.0,32.0,13.0,1.0,70.0,50.0,207.0,0.0,0.0,0.0,0.0,0.0,0.0,1043.0,61.0,0.0,0.0,0.0,0.0,0.0,0.0,27.0,2.0,0.0,5.0,0.0,14.0,0.0,32.0,0.0,45.0,4.0,26.0,0.0,5.0,333.0,32.0,2.0,205.0,204.0,948.0,2.0,0.0,1.0,0.0,0.0
ctx-rh-caudalmiddlefrontal,0.0,33.0,17.0,0.0,0.0,0.0,0.0,0.0,0.0,5.0,0.0,0.0,0.0,0.0,0.0,0.0,4.0,0.0,3.0,0.0,1.0,0.0,2.0,22.0,4.0,1.0,3.0,13.0,64.0,1.0,0.0,0.0,0.0,0.0,0.0,61.0,3598.0,0.0,0.0,0.0,0.0,5.0,0.0,69.0,0.0,0.0,3.0,0.0,2.0,0.0,30.0,0.0,496.0,2.0,49.0,0.0,56.0,26.0,1217.0,0.0,4.0,1006.0,1109.0,11.0,2.0,14.0,0.0,0.0
ctx-rh-cuneus,0.0,0.0,0.0,0.0,0.0,0.0,0.0,0.0,1.0,0.0,2.0,0.0,0.0,4.0,0.0,0.0,0.0,0.0,0.0,0.0,0.0,1.0,0.0,0.0,0.0,17.0,0.0,0.0,0.0,1.0,0.0,1.0,0.0,0.0,3.0,0.0,0.0,1094.0,0.0,0.0,49.0,21.0,25.0,1.0,12.0,414.0,0.0,172.0,0.0,13.0,0.0,1.0,0.0,0.0,0.0,932.0,0.0,0.0,0.0,234.0,0.0,0.0,0.0,443.0,4.0,0.0,0.0,1.0
ctx-rh-entorhinal,0.0,0.0,0.0,0.0,0.0,0.0,0.0,0.0,0.0,0.0,0.0,0.0,0.0,0.0,0.0,0.0,0.0,0.0,0.0,0.0,0.0,0.0,0.0,0.0,0.0,1.0,0.0,0.0,0.0,0.0,0.0,0.0,0.0,0.0,0.0,0.0,0.0,0.0,331.0,0.0,430.0,0.0,150.0,7.0,0.0,0.0,0.0,0.0,0.0,133.0,0.0,131.0,0.0,1.0,0.0,0.0,0.0,0.0,0.0,0.0,0.0,0.0,0.0,0.0,17.0,0.0,308.0,0.0
ctx-rh-frontalpole,0.0,0.0,0.0,0.0,0.0,0.0,0.0,0.0,0.0,0.0,0.0,0.0,0.0,0.0,1.0,0.0,0.0,0.0,0.0,0.0,0.0,0.0,0.0,0.0,0.0,0.0,0.0,0.0,0.0,0.0,0.0,0.0,0.0,0.0,0.0,0.0,0.0,0.0,0.0,31.0,0.0,0.0,0.0,0.0,0.0,0.0,90.0,0.0,256.0,0.0,0.0,0.0,0.0,4.0,1.0,0.0,0.0,0.0,0.0,0.0,7.0,181.0,58.0,0.0,0.0,0.0,0.0,0.0
ctx-rh-fusiform,1.0,0.0,0.0,0.0,0.0,0.0,1.0,1.0,0.0,0.0,4.0,1.0,0.0,8.0,0.0,1.0,0.0,0.0,0.0,0.0,0.0,0.0,0.0,1.0,0.0,4.0,0.0,0.0,0.0,2.0,0.0,0.0,0.0,0.0,13.0,0.0,0.0,49.0,430.0,0.0,4560.0,55.0,1285.0,34.0,12.0,1328.0,1.0,659.0,0.0,344.0,0.0,368.0,0.0,0.0,0.0,220.0,2.0,0.0,1.0,132.0,0.0,0.0,0.0,38.0,58.0,2.0,74.0,3.0
ctx-rh-inferiorparietal,0.0,0.0,0.0,4.0,0.0,0.0,2.0,9.0,6.0,2.0,24.0,7.0,0.0,6.0,0.0,1.0,0.0,2.0,0.0,0.0,0.0,2.0,0.0,4.0,1.0,31.0,0.0,0.0,1.0,13.0,7.0,3.0,0.0,1.0,473.0,0.0,5.0,21.0,0.0,0.0,55.0,8322.0,318.0,45.0,36.0,671.0,0.0,24.0,0.0,864.0,4.0,4.0,3.0,0.0,1.0,21.0,100.0,8.0,48.0,321.0,0.0,0.0,2.0,1671.0,195.0,1250.0,0.0,21.0
ctx-rh-inferiortemporal,0.0,0.0,0.0,0.0,0.0,0.0,0.0,5.0,0.0,0.0,5.0,1.0,0.0,1.0,0.0,1.0,0.0,0.0,0.0,0.0,0.0,0.0,2.0,1.0,0.0,11.0,0.0,0.0,0.0,5.0,2.0,0.0,0.0,0.0,79.0,0.0,0.0,25.0,150.0,0.0,1285.0,318.0,4482.0,52.0,19.0,536.0,3.0,106.0,0.0,2256.0,0.0,47.0,0.0,0.0,0.0,45.0,2.0,1.0,0.0,96.0,0.0,0.0,0.0,49.0,132.0,12.0,142.0,12.0
ctx-rh-insula,2.0,7.0,4.0,1.0,0.0,0.0,1.0,1.0,1.0,3.0,5.0,0.0,2.0,0.0,0.0,0.0,0.0,0.0,1.0,0.0,0.0,1.0,3.0,9.0,1.0,2.0,4.0,7.0,16.0,5.0,0.0,3.0,0.0,0.0,11.0,27.0,69.0,1.0,7.0,0.0,34.0,45.0,52.0,1598.0,5.0,2.0,399.0,3.0,23.0,90.0,10.0,5.0,222.0,22.0,200.0,2.0,276.0,13.0,240.0,33.0,15.0,122.0,102.0,97.0,157.0,261.0,37.0,35.0
ctx-rh-isthmuscingulate,3.0,1.0,0.0,3.0,0.0,0.0,4.0,13.0,7.0,8.0,78.0,11.0,1.0,7.0,0.0,5.0,8.0,1.0,0.0,0.0,0.0,3.0,9.0,30.0,1.0,78.0,0.0,0.0,0.0,39.0,9.0,6.0,0.0,5.0,4.0,2.0,0.0,12.0,0.0,0.0,12.0,36.0,19.0,5.0,491.0,21.0,0.0,118.0,0.0,21.0,16.0,83.0,0.0,0.0,0.0,5.0,11.0,251.0,9.0,930.0,0.0,0.0,2.0,104.0,20.0,15.0,0.0,8.0
ctx-rh-lateraloccipital,0.0,0.0,0.0,1.0,0.0,0.0,1.0,2.0,1.0,2.0,14.0,1.0,0.0,21.0,0.0,2.0,0.0,0.0,0.0,0.0,0.0,3.0,0.0,2.0,1.0,9.0,0.0,0.0,0.0,3.0,0.0,0.0,0.0,0.0,13.0,0.0,0.0,414.0,0.0,0.0,1328.0,671.0,536.0,2.0,21.0,5458.0,0.0,543.0,1.0,227.0,0.0,6.0,1.0,0.0,0.0,639.0,2.0,1.0,1.0,156.0,0.0,0.0,0.0,441.0,22.0,6.0,1.0,3.0
ctx-rh-lateralorbitofrontal,0.0,3.0,1.0,0.0,0.0,1.0,0.0,0.0,0.0,0.0,0.0,0.0,2.0,0.0,4.0,0.0,0.0,0.0,1.0,2.0,2.0,0.0,0.0,0.0,0.0,0.0,16.0,3.0,9.0,0.0,0.0,0.0,0.0,0.0,0.0,5.0,3.0,0.0,0.0,90.0,1.0,0.0,3.0,399.0,0.0,0.0,2799.0,0.0,890.0,3.0,0.0,0.0,8.0,594.0,301.0,1.0,0.0,0.0,2.0,0.0,113.0,558.0,58.0,0.0,13.0,0.0,7.0,0.0
ctx-rh-lingual,2.0,0.0,0.0,2.0,0.0,0.0,0.0,3.0,1.0,0.0,2.0,3.0,0.0,79.0,0.0,1.0,3.0,0.0,0.0,0.0,0.0,45.0,0.0,0.0,0.0,5.0,0.0,0.0,0.0,7.0,1.0,0.0,0.0,1.0,3.0,0.0,0.0,172.0,0.0,0.0,659.0,24.0,106.0,3.0,118.0,543.0,0.0,2983.0,0.0,46.0,0.0,194.0,0.0,0.0,0.0,1173.0,0.0,0.0,0.0,324.0,0.0,0.0,0.0,61.0,6.0,1.0,0.0,1.0
ctx-rh-medialorbitofrontal,0.0,2.0,0.0,0.0,0.0,0.0,0.0,0.0,0.0,1.0,0.0,0.0,10.0,0.0,27.0,0.0,0.0,0.0,0.0,2.0,1.0,0.0,0.0,0.0,0.0,0.0,49.0,9.0,14.0,0.0,0.0,0.0,0.0,0.0,0.0,14.0,2.0,0.0,0.0,256.0,0.0,0.0,0.0,23.0,0.0,1.0,890.0,0.0,1814.0,0.0,0.0,0.0,3.0,79.0,42.0,0.0,0.0,0.0,0.0,0.0,491.0,1157.0,314.0,0.0,0.0,0.0,0.0,0.0
ctx-rh-middletemporal,1.0,0.0,0.0,1.0,0.0,0.0,1.0,3.0,2.0,2.0,9.0,3.0,0.0,3.0,0.0,0.0,0.0,0.0,0.0,0.0,0.0,0.0,0.0,3.0,0.0,12.0,0.0,0.0,0.0,8.0,0.0,1.0,0.0,2.0,885.0,0.0,0.0,13.0,133.0,0.0,344.0,864.0,2256.0,90.0,21.0,227.0,3.0,46.0,0.0,4262.0,1.0,24.0,0.0,0.0,0.0,12.0,6.0,5.0,5.0,74.0,0.0,0.0,0.0,72.0,808.0,60.0,188.0,23.0
ctx-rh-paracentral,0.0,6.0,5.0,0.0,0.0,0.0,0.0,1.0,0.0,2.0,4.0,1.0,0.0,1.0,0.0,0.0,18.0,0.0,1.0,0.0,0.0,0.0,7.0,49.0,10.0,5.0,0.0,0.0,19.0,4.0,2.0,2.0,0.0,0.0,1.0,32.0,30.0,0.0,0.0,0.0,0.0,4.0,0.0,10.0,16.0,0.0,0.0,0.0,0.0,1.0,2091.0,0.0,1.0,0.0,0.0,0.0,498.0,305.0,837.0,213.0,0.0,0.0,664.0,261.0,4.0,11.0,0.0,1.0
ctx-rh-parahippocampal,1.0,0.0,0.0,0.0,0.0,0.0,1.0,1.0,0.0,0.0,2.0,0.0,0.0,1.0,0.0,0.0,0.0,0.0,0.0,0.0,0.0,0.0,0.0,0.0,0.0,4.0,0.0,0.0,0.0,1.0,0.0,0.0,0.0,0.0,1.0,0.0,0.0,1.0,131.0,0.0,368.0,4.0,47.0,5.0,83.0,6.0,0.0,194.0,0.0,24.0,0.0,408.0,0.0,0.0,0.0,8.0,0.0,0.0,0.0,25.0,0.0,0.0,0.0,6.0,4.0,0.0,0.0,0.0
ctx-rh-parsopercularis,0.0,16.0,5.0,0.0,0.0,0.0,0.0,0.0,0.0,2.0,0.0,0.0,1.0,0.0,1.0,0.0,2.0,0.0,1.0,0.0,2.0,0.0,0.0,4.0,0.0,0.0,4.0,6.0,27.0,0.0,0.0,0.0,0.0,0.0,1.0,45.0,496.0,0.0,0.0,0.0,0.0,3.0,0.0,222.0,0.0,1.0,8.0,0.0,3.0,0.0,1.0,0.0,1916.0,3.0,333.0,0.0,51.0,7.0,628.0,1.0,7.0,692.0,150.0,10.0,1.0,27.0,0.0,0.0
ctx-rh-parsorbitalis,0.0,2.0,0.0,0.0,0.0,1.0,0.0,0.0,0.0,0.0,0.0,0.0,4.0,0.0,2.0,0.0,0.0,0.0,1.0,1.0,1.0,0.0,0.0,0.0,0.0,0.0,8.0,2.0,1.0,0.0,0.0,0.0,0.0,0.0,0.0,4.0,2.0,0.0,1.0,4.0,0.0,0.0,0.0,22.0,0.0,0.0,594.0,0.0,79.0,0.0,0.0,0.0,3.0,647.0,438.0,0.0,0.0,0.0,1.0,0.0,32.0,434.0,47.0,0.0,0.0,0.0,0.0,0.0
ctx-rh-parstriangularis,0.0,13.0,0.0,0.0,0.0,0.0,0.0,0.0,0.0,0.0,0.0,0.0,2.0,0.0,5.0,0.0,0.0,0.0,0.0,0.0,5.0,0.0,0.0,1.0,1.0,0.0,17.0,5.0,15.0,0.0,0.0,0.0,0.0,0.0,0.0,26.0,49.0,0.0,0.0,1.0,0.0,1.0,0.0,200.0,0.0,0.0,301.0,0.0,42.0,0.0,0.0,0.0,333.0,438.0,1936.0,0.0,2.0,1.0,16.0,0.0,48.0,844.0,153.0,0.0,3.0,0.0,0.0,0.0
ctx-rh-pericalcarine,0.0,0.0,0.0,0.0,0.0,0.0,0.0,1.0,0.0,0.0,3.0,0.0,0.0,14.0,0.0,0.0,0.0,0.0,0.0,0.0,0.0,6.0,0.0,0.0,0.0,3.0,0.0,0.0,0.0,2.0,1.0,0.0,0.0,0.0,9.0,0.0,0.0,932.0,0.0,0.0,220.0,21.0,45.0,2.0,5.0,639.0,1.0,1173.0,0.0,12.0,0.0,8.0,0.0,0.0,0.0,440.0,0.0,0.0,0.0,202.0,0.0,0.0,0.0,113.0,4.0,1.0,0.0,0.0
ctx-rh-postcentral,0.0,0.0,2.0,0.0,0.0,0.0,0.0,1.0,0.0,0.0,3.0,0.0,1.0,0.0,0.0,0.0,7.0,0.0,0.0,0.0,0.0,0.0,2.0,11.0,3.0,8.0,0.0,2.0,8.0,5.0,1.0,0.0,0.0,0.0,22.0,5.0,56.0,0.0,0.0,0.0,2.0,100.0,2.0,276.0,11.0,2.0,0.0,0.0,0.0,6.0,498.0,0.0,51.0,0.0,2.0,0.0,4998.0,25.0,1814.0,109.0,1.0,4.0,38.0,746.0,20.0,1461.0,0.0,2.0
ctx-rh-posteriorcingulate,2.0,26.0,26.0,1.0,0.0,0.0,1.0,4.0,2.0,7.0,18.0,3.0,0.0,0.0,0.0,0.0,39.0,0.0,4.0,0.0,0.0,1.0,13.0,127.0,33.0,26.0,1.0,4.0,55.0,15.0,3.0,6.0,0.0,1.0,0.0,333.0,26.0,0.0,0.0,0.0,0.0,8.0,1.0,13.0,251.0,1.0,0.0,0.0,0.0,5.0,305.0,0.0,7.0,0.0,1.0,0.0,25.0,1251.0,92.0,323.0,1.0,3.0,264.0,61.0,10.0,19.0,0.0,3.0
ctx-rh-precentral,0.0,19.0,11.0,0.0,0.0,0.0,0.0,1.0,1.0,3.0,4.0,2.0,0.0,0.0,0.0,0.0,16.0,0.0,4.0,0.0,1.0,0.0,4.0,39.0,12.0,10.0,0.0,0.0,35.0,4.0,1.0,1.0,0.0,0.0,10.0,32.0,1217.0,0.0,0.0,0.0,1.0,48.0,0.0,240.0,9.0,1.0,2.0,0.0,0.0,5.0,837.0,0.0,628.0,1.0,16.0,0.0,1814.0,92.0,7303.0,54.0,0.0,46.0,681.0,275.0,17.0,318.0,0.0,1.0
ctx-rh-precuneus,1.0,0.0,2.0,2.0,0.0,0.0,13.0,37.0,13.0,8.0,121.0,18.0,0.0,17.0,0.0,5.0,9.0,2.0,0.0,0.0,0.0,12.0,12.0,29.0,7.0,132.0,0.0,0.0,1.0,69.0,14.0,10.0,0.0,3.0,27.0,2.0,0.0,234.0,0.0,0.0,132.0,321.0,96.0,33.0,930.0,156.0,0.0,324.0,0.0,74.0,213.0,25.0,1.0,0.0,0.0,202.0,109.0,323.0,54.0,4729.0,0.0,0.0,14.0,2591.0,51.0,72.0,1.0,17.0
ctx-rh-rostralanteriorcingulate,0.0,12.0,0.0,0.0,0.0,1.0,0.0,0.0,0.0,2.0,0.0,0.0,24.0,0.0,35.0,0.0,0.0,0.0,2.0,2.0,14.0,0.0,0.0,1.0,1.0,0.0,124.0,23.0,45.0,0.0,0.0,0.0,0.0,0.0,0.0,205.0,4.0,0.0,0.0,7.0,0.0,0.0,0.0,15.0,0.0,0.0,113.0,0.0,491.0,0.0,0.0,0.0,7.0,32.0,48.0,0.0,1.0,1.0,0.0,0.0,684.0,217.0,379.0,0.0,0.0,0.0,0.0,0.0
ctx-rh-rostralmiddlefrontal,0.0,37.0,4.0,0.0,0.0,0.0,0.0,0.0,0.0,13.0,0.0,0.0,9.0,0.0,8.0,0.0,1.0,0.0,14.0,2.0,16.0,0.0,0.0,2.0,0.0,0.0,51.0,39.0,73.0,0.0,0.0,0.0,0.0,0.0,0.0,204.0,1006.0,0.0,0.0,181.0,0.0,0.0,0.0,122.0,0.0,0.0,558.0,0.0,1157.0,0.0,0.0,0.0,692.0,434.0,844.0,0.0,4.0,3.0,46.0,0.0,217.0,7486.0,2400.0,0.0,0.0,1.0,0.0,0.0
ctx-rh-superiorfrontal,0.0,167.0,58.0,0.0,0.0,1.0,0.0,1.0,0.0,19.0,0.0,0.0,5.0,0.0,9.0,0.0,32.0,0.0,29.0,1.0,14.0,0.0,3.0,91.0,14.0,3.0,67.0,73.0,331.0,7.0,0.0,1.0,0.0,0.0,0.0,948.0,1109.0,0.0,0.0,58.0,0.0,2.0,0.0,102.0,2.0,0.0,58.0,0.0,314.0,0.0,664.0,0.0,150.0,47.0,153.0,0.0,38.0,264.0,681.0,14.0,379.0,2400.0,11638.0,13.0,2.0,8.0,0.0,0.0
ctx-rh-superiorparietal,1.0,0.0,1.0,2.0,0.0,0.0,6.0,15.0,2.0,3.0,53.0,8.0,0.0,4.0,0.0,3.0,4.0,1.0,1.0,0.0,0.0,4.0,3.0,14.0,5.0,59.0,0.0,0.0,1.0,33.0,8.0,5.0,0.0,2.0,38.0,2.0,11.0,443.0,0.0,0.0,38.0,1671.0,49.0,97.0,104.0,441.0,0.0,61.0,0.0,72.0,261.0,6.0,10.0,0.0,0.0,113.0,746.0,61.0,275.0,2591.0,0.0,0.0,13.0,7240.0,57.0,397.0,0.0,23.0
ctx-rh-superiortemporal,0.0,0.0,0.0,2.0,0.0,0.0,1.0,4.0,1.0,2.0,19.0,6.0,0.0,4.0,0.0,4.0,1.0,1.0,0.0,0.0,0.0,0.0,1.0,9.0,0.0,18.0,0.0,0.0,0.0,10.0,1.0,0.0,0.0,2.0,843.0,0.0,2.0,4.0,17.0,0.0,58.0,195.0,132.0,157.0,20.0,22.0,13.0,6.0,0.0,808.0,4.0,4.0,1.0,0.0,3.0,4.0,20.0,10.0,17.0,51.0,0.0,0.0,2.0,57.0,4518.0,567.0,228.0,474.0
ctx-rh-supramarginal,0.0,0.0,0.0,0.0,0.0,0.0,3.0,4.0,0.0,0.0,12.0,6.0,0.0,0.0,0.0,2.0,0.0,0.0,0.0,0.0,0.0,3.0,1.0,8.0,1.0,14.0,0.0,0.0,1.0,11.0,2.0,3.0,0.0,3.0,333.0,1.0,14.0,0.0,0.0,0.0,2.0,1250.0,12.0,261.0,15.0,6.0,0.0,1.0,0.0,60.0,11.0,0.0,27.0,0.0,0.0,1.0,1461.0,19.0,318.0,72.0,0.0,1.0,8.0,397.0,567.0,5196.0,0.0,31.0
ctx-rh-temporalpole,0.0,0.0,0.0,0.0,0.0,0.0,0.0,0.0,0.0,0.0,0.0,0.0,0.0,0.0,0.0,0.0,0.0,0.0,0.0,0.0,0.0,0.0,0.0,0.0,0.0,0.0,0.0,0.0,0.0,0.0,0.0,0.0,0.0,0.0,0.0,0.0,0.0,0.0,308.0,0.0,74.0,0.0,142.0,37.0,0.0,1.0,7.0,0.0,0.0,188.0,0.0,0.0,0.0,0.0,0.0,0.0,0.0,0.0,0.0,1.0,0.0,0.0,0.0,0.0,228.0,0.0,302.0,0.0
ctx-rh-transversetemporal,1.0,0.0,0.0,0.0,0.0,0.0,0.0,0.0,0.0,1.0,0.0,0.0,0.0,1.0,0.0,0.0,0.0,0.0,0.0,0.0,0.0,1.0,0.0,0.0,1.0,2.0,0.0,0.0,0.0,0.0,0.0,0.0,0.0,0.0,18.0,0.0,0.0,1.0,0.0,0.0,3.0,21.0,12.0,35.0,8.0,3.0,0.0,1.0,0.0,23.0,1.0,0.0,0.0,0.0,0.0,0.0,2.0,3.0,1.0,17.0,0.0,0.0,0.0,23.0,474.0,31.0,0.0,183.0
