,ctx-lh-bankssts,ctx-lh-caudalanteriorcingulate,ctx-lh-caudalmiddlefrontal,ctx-lh-cuneus,ctx-lh-entorhinal,ctx-lh-frontalpole,ctx-lh-fusiform,ctx-lh-inferiorparietal,ctx-lh-inferiortemporal,ctx-lh-insula,ctx-lh-isthmuscingulate,ctx-lh-lateraloccipital,ctx-lh-lateralorbitofrontal,ctx-lh-lingual,ctx-lh-medialorbitofrontal,ctx-lh-middletemporal,ctx-lh-paracentral,ctx-lh-parahippocampal,ctx-lh-parsopercularis,ctx-lh-parsorbitalis,ctx-lh-parstriangularis,ctx-lh-pericalcarine,ctx-lh-postcentral,ctx-lh-posteriorcingulate,ctx-lh-precentral,ctx-lh-precuneus,ctx-lh-rostralanteriorcingulate,ctx-lh-rostralmiddlefrontal,ctx-lh-superiorfrontal,ctx-lh-superiorparietal,ctx-lh-superiortemporal,ctx-lh-supramarginal,ctx-lh-temporalpole,ctx-lh-transversetemporal,ctx-rh-bankssts,ctx-rh-caudalanteriorcingulate,ctx-rh-caudalmiddlefrontal,ctx-rh-cuneus,ctx-rh-entorhinal,ctx-rh-frontalpole,ctx-rh-fusiform,ctx-rh-inferiorparietal,ctx-rh-inferiortemporal,ctx-rh-insula,ctx-rh-isthmuscingulate,ctx-rh-lateraloccipital,ctx-rh-lateralorbitofrontal,ctx-rh-lingual,ctx-rh-medialorbitofrontal,ctx-rh-middletemporal,ctx-rh-paracentral,ctx-rh-parahippocampal,ctx-rh-parsopercularis,ctx-rh-parsorbitalis,ctx-rh-parstriangularis,ctx-rh-pericalcarine,ctx-rh-postcentral,ctx-rh-posteriorcingulate,ctx-rh-precentral,ctx-rh-precuneus,ctx-rh-rostralanteriorcingulate,ctx-rh-rostralmiddlefrontal,ctx-rh-superiorfrontal,ctx-rh-superiorparietal,ctx-rh-superiortemporal,ctx-rh-supramarginal,ctx-rh-temporalpole,ctx-rh-transversetemporal
ctx-lh-bankssts,884.0,0.0,1.0,1.0,0.0,0.0,23.0,537.0,164.0,50.0,6.0,16.0,0.0,13.0,0.0,785.0,0.0,4.0,1.0,0.0,0.0,4.0,25.0,1.0,20.0,20.0,0.0,0.0,0.0,47.0,1065.0,294.0,0.0,35.0,0.0,0.0,0.0,0.0,0.0,0.0,0.0,3.0,1.0,0.0,2.0,0.0,0.0,0.0,0.0,0.0,1.0,0.0,0.0,0.0,0.0,0.0,0.0,0.0,0.0,2.0,0.0,0.0,0.0,2.0,0.0,0.0,0.0,0.0
ctx-lh-caudalanteriorcingulate,0.0,548.0,91.0,0.0,0.0,2.0,0.0,0.0,0.0,18.0,10.0,0.0,12.0,0.0,26.0,0.0,13.0,0.0,37.0,5.0,18.0,0.0,3.0,284.0,21.0,7.0,273.0,112.0,964.0,1.0,0.0,0.0,0.0,0.0,0.0,105.0,27.0,0.0,0.0,1.0,0.0,0.0,0.0,10.0,0.0,0.0,6.0,0.0,5.0,0.0,10.0,0.0,7.0,5.0,14.0,0.0,2.0,27.0,20.0,1.0,36.0,34.0,148.0,0.0,0.0,2.0,0.0,0.0
ctx-lh-caudalmiddlefrontal,1.0,91.0,3637.0,0.0,0.0,0.0,0.0,0.0,0.0,65.0,3.0,0.0,5.0,0.0,0.0,2.0,13.0,0.0,287.0,4.0,28.0,0.0,49.0,36.0,1183.0,6.0,4.0,728.0,1211.0,18.0,1.0,10.0,1.0,0.0,0.0,35.0,13.0,0.0,0.0,0.0,0.0,0.0,0.0,5.0,1.0,0.0,0.0,0.0,0.0,0.0,4.0,0.0,1.0,0.0,0.0,0.0,1.0,11.0,7.0,0.0,4.0,9.0,65.0,0.0,0.0,0.0,0.0,0.0
ctx-lh-cuneus,1.0,0.0,0.0,2241.0,0.0,0.0,27.0,56.0,17.0,0.0,83.0,739.0,0.0,172.0,0.0,11.0,0.0,4.0,0.0,0.0,0.0,1969.0,0.0,0.0,0.0,240.0,0.0,0.0,0.0,710.0,7.0,0.0,0.0,0.0,2.0,0.0,0.0,8.0,0.0,0.0,1.0,4.0,1.0,0.0,9.0,2.0,0.0,2.0,0.0,3.0,1.0,0.0,0.0,0.0,0.0,10.0,0.0,1.0,0.0,14.0,0.0,0.0,0.0,5.0,1.0,1.0,0.0,3.0
ctx-lh-entorhinal,0.0,0.0,0.0,0.0,382.0,0.0,624.0,2.0,211.0,9.0,1.0,4.0,0.0,1.0,0.0,70.0,0.0,172.0,0.0,0.0,0.0,1.0,0.0,0.0,0.0,0.0,0.0,0.0,0.0,2.0,68.0,0.0,292.0,1.0,0.0,0.0,0.0,0.0,0.0,0.0,0.0,0.0,0.0,0.0,0.0,0.0,0.0,0.0,0.0,0.0,0.0,0.0,0.0,0.0,0.0,0.0,0.0,0.0,0.0,0.0,0.0,0.0,0.0,0.0,0.0,0.0,0.0,0.0
ctx-lh-frontalpole,0.0,2.0,0.0,0.0,0.0,101.0,0.0,0.0,0.0,1.0,0.0,0.0,58.0,0.0,314.0,0.0,0.0,0.0,0.0,8.0,2.0,0.0,0.0,0.0,0.0,0.0,12.0,258.0,125.0,0.0,0.0,0.0,0.0,0.0,0.0,0.0,0.0,0.0,0.0,0.0,0.0,0.0,0.0,0.0,0.0,0.0,0.0,0.0,0.0,0.0,0.0,0.0,0.0,1.0,0.0,0.0,0.0,0.0,0.0,0.0,0.0,1.0,0.0,0.0,0.0,0.0,0.0,0.0
ctx-lh-fusiform,23.0,0.0,0.0,27.0,624.0,0.0,3939.0,94.0,1400.0,39.0,24.0,1443.0,0.0,937.0,0.0,334.0,0.0,298.0,0.0,0.0,0.0,140.0,3.0,0.0,2.0,18.0,0.0,0.0,0.0,33.0,114.0,6.0,199.0,2.0,0.0,0.0,0.0,0.0,0.0,0.0,0.0,1.0,0.0,0.0,3.0,0.0,0.0,0.0,0.0,1.0,0.0,1.0,0.0,0.0,0.0,0.0,0.0,0.0,0.0,4.0,0.0,0.0,0.0,3.0,0.0,2.0,0.0,0.0
ctx-lh-inferiorparietal,537.0,0.0,0.0,56.0,2.0,0.0,94.0,7148.0,376.0,63.0,70.0,877.0,0.0,44.0,0.0,563.0,3.0,4.0,3.0,0.0,0.0,20.0,101.0,5.0,63.0,246.0,0.0,0.0,2.0,1324.0,176.0,889.0,0.0,28.0,3.0,0.0,0.0,2.0,0.0,0.0,0.0,12.0,4.0,3.0,27.0,4.0,0.0,5.0,0.0,3.0,0.0,0.0,0.0,0.0,0.0,4.0,5.0,2.0,1.0,32.0,0.0,1.0,0.0,14.0,5.0,4.0,0.0,0.0
ctx-lh-inferiortemporal,164.0,0.0,0.0,17.0,211.0,0.0,1400.0,376.0,5152.0,79.0,13.0,402.0,2.0,134.0,0.0,2467.0,0.0,56.0,0.0,0.0,0.0,29.0,3.0,2.0,8.0,26.0,0.0,0.0,2.0,53.0,361.0,21.0,192.0,9.0,1.0,0.0,0.0,2.0,0.0,0.0,0.0,2.0,0.0,0.0,5.0,0.0,0.0,1.0,0.0,2.0,1.0,0.0,0.0,0.0,0.0,2.0,1.0,1.0,1.0,14.0,0.0,0.0,0.0,5.0,1.0,1.0,0.0,1.0
ctx-lh-insula,50.0,18.0,65.0,0.0,9.0,1.0,39.0,63.0,79.0,1502.0,6.0,11.0,375.0,3.0,18.0,63.0,14.0,2.0,248.0,16.0,108.0,2.0,318.0,17.0,332.0,30.0,14.0,107.0,86.0,64.0,234.0,288.0,22.0,86.0,1.0,9.0,0.0,0.0,0.0,0.0,0.0,2.0,0.0,2.0,8.0,0.0,0.0,0.0,2.0,0.0,1.0,0.0,2.0,0.0,1.0,0.0,1.0,6.0,1.0,11.0,3.0,3.0,10.0,6.0,2.0,2.0,0.0,2.0
ctx-lh-isthmuscingulate,6.0,10.0,3.0,83.0,1.0,0.0,24.0,70.0,13.0,6.0,840.0,29.0,0.0,158.0,0.0,13.0,22.0,114.0,1.0,0.0,0.0,29.0,9.0,324.0,13.0,1113.0,0.0,1.0,17.0,139.0,11.0,11.0,1.0,9.0,7.0,1.0,1.0,3.0,0.0,0.0,6.0,21.0,5.0,3.0,78.0,2.0,0.0,3.0,0.0,9.0,6.0,2.0,3.0,0.0,0.0,2.0,14.0,45.0,5.0,102.0,1.0,0.0,5.0,34.0,13.0,7.0,0.0,3.0
ctx-lh-lateraloccipital,16.0,0.0,0.0,739.0,4.0,0.0,1443.0,877.0,402.0,11.0,29.0,7870.0,0.0,1033.0,0.0,142.0,0.0,17.0,1.0,0.0,0.0,1351.0,5.0,0.0,1.0,65.0,0.0,0.0,0.0,594.0,18.0,6.0,3.0,0.0,1.0,0.0,0.0,1.0,0.0,0.0,1.0,4.0,0.0,1.0,13.0,1.0,0.0,3.0,0.0,1.0,0.0,0.0,0.0,0.0,0.0,0.0,0.0,0.0,0.0,6.0,0.0,0.0,0.0,5.0,3.0,1.0,0.0,0.0
ctx-lh-lateralorbitofrontal,0.0,12.0,5.0,0.0,0.0,58.0,0.0,0.0,2.0,375.0,0.0,0.0,2725.0,0.0,1433.0,2.0,0.0,0.0,42.0,402.0,425.0,0.0,0.0,0.0,2.0,0.0,175.0,728.0,83.0,0.0,6.0,0.0,0.0,0.0,0.0,1.0,0.0,0.0,0.0,0.0,0.0,0.0,0.0,1.0,0.0,0.0,2.0,0.0,10.0,0.0,0.0,0.0,0.0,0.0,1.0,0.0,0.0,1.0,0.0,1.0,11.0,3.0,7.0,0.0,0.0,0.0,0.0,0.0
ctx-lh-lingual,13.0,0.0,0.0,172.0,1.0,0.0,937.0,44.0,134.0,3.0,158.0,1033.0,0.0,5795.0,0.0,47.0,0.0,253.0,0.0,0.0,0.0,1477.0,1.0,1.0,1.0,144.0,0.0,0.0,0.0,30.0,14.0,3.0,0.0,1.0,2.0,0.0,0.0,43.0,0.0,0.0,2.0,3.0,1.0,1.0,3.0,6.0,0.0,27.0,0.0,1.0,1.0,4.0,0.0,0.0,0.0,36.0,0.0,1.0,1.0,11.0,0.0,0.0,1.0,8.0,1.0,0.0,0.0,0.0
ctx-lh-medialorbitofrontal,0.0,26.0,0.0,0.0,0.0,314.0,0.0,0.0,0.0,18.0,0.0,0.0,1433.0,0.0,1871.0,0.0,0.0,0.0,9.0,48.0,45.0,0.0,0.0,2.0,0.0,1.0,568.0,820.0,314.0,0.0,0.0,0.0,0.0,0.0,0.0,9.0,0.0,0.0,0.0,0.0,0.0,0.0,0.0,2.0,0.0,0.0,4.0,0.0,14.0,0.0,0.0,0.0,0.0,1.0,2.0,0.0,0.0,0.0,0.0,0.0,22.0,3.0,10.0,0.0,0.0,0.0,0.0,0.0
ctx-lh-middletemporal,785.0,0.0,2.0,11.0,70.0,0.0,334.0,563.0,2467.0,63.0,13.0,142.0,2.0,47.0,0.0,3261.0,0.0,20.0,3.0,0.0,0.0,19.0,9.0,4.0,15.0,25.0,0.0,0.0,0.0,47.0,1005.0,60.0,256.0,18.0,0.0,0.0,0.0,1.0,0.0,0.0,1.0,0.0,1.0,0.0,9.0,1.0,0.0,0.0,0.0,1.0,1.0,0.0,0.0,0.0,0.0,0.0,0.0,0.0,0.0,5.0,0.0,0.0,1.0,4.0,1.0,1.0,0.0,0.0
ctx-lh-paracentral,0.0,13.0,13.0,0.0,0.0,0.0,0.0,3.0,0.0,14.0,22.0,0.0,0.0,0.0,0.0,0.0,2242.0,1.0,5.0,0.0,0.0,0.0,391.0,271.0,954.0,168.0,1.0,0.0,660.0,151.0,3.0,1.0,0.0,2.0,0.0,4.0,4.0,0.0,0.0,0.0,0.0,1.0,0.0,1.0,1.0,1.0,0.0,1.0,0.0,0.0,118.0,0.0,1.0,0.0,0.0,0.0,27.0,21.0,50.0,13.0,0.0,0.0,13.0,9.0,0.0,0.0,0.0,0.0
ctx-lh-parahippocampal,4.0,0.0,0.0,4.0,172.0,0.0,298.0,4.0,56.0,2.0,114.0,17.0,0.0,253.0,0.0,20.0,1.0,515.0,0.0,0.0,0.0,7.0,0.0,0.0,0.0,14.0,0.0,0.0,0.0,3.0,15.0,1.0,6.0,0.0,0.0,0.0,0.0,0.0,0.0,0.0,0.0,0.0,0.0,1.0,0.0,0.0,0.0,1.0,0.0,0.0,1.0,0.0,0.0,0.0,0.0,0.0,0.0,0.0,0.0,0.0,0.0,0.0,0.0,1.0,0.0,0.0,0.0,1.0
ctx-lh-parsopercularis,1.0,37.0,287.0,0.0,0.0,0.0,0.0,3.0,0.0,248.0,1.0,1.0,42.0,0.0,9.0,3.0,5.0,0.0,1829.0,13.0,479.0,0.0,52.0,9.0,487.0,1.0,9.0,494.0,167.0,11.0,5.0,13.0,0.0,2.0,0.0,18.0,2.0,0.0,0.0,0.0,0.0,0.0,0.0,1.0,0.0,0.0,0.0,0.0,1.0,0.0,3.0,0.0,6.0,0.0,3.0,0.0,0.0,3.0,0.0,0.0,7.0,10.0,21.0,0.0,0.0,1.0,0.0,0.0
ctx-lh-parsorbitalis,0.0,5.0,4.0,0.0,0.0,8.0,0.0,0.0,0.0,16.0,0.0,0.0,402.0,0.0,48.0,0.0,0.0,0.0,13.0,337.0,379.0,0.0,1.0,0.0,0.0,0.0,28.0,324.0,24.0,0.0,0.0,0.0,0.0,0.0,0.0,2.0,0.0,0.0,0.0,0.0,0.0,0.0,0.0,0.0,0.0,0.0,0.0,0.0,0.0,0.0,0.0,0.0,0.0,0.0,0.0,0.0,0.0,0.0,0.0,0.0,1.0,2.0,3.0,0.0,0.0,0.0,0.0,0.0
ctx-lh-parstriangularis,0.0,18.0,28.0,0.0,0.0,2.0,0.0,0.0,0.0,108.0,0.0,0.0,425.0,0.0,45.0,0.0,0.0,0.0,479.0,379.0,1248.0,0.0,1.0,3.0,9.0,0.0,25.0,704.0,100.0,0.0,0.0,0.0,0.0,0.0,0.0,8.0,1.0,0.0,0.0,0.0,0.0,0.0,0.0,0.0,0.0,0.0,1.0,0.0,1.0,0.0,1.0,0.0,0.0,0.0,5.0,0.0,0.0,0.0,0.0,0.0,6.0,2.0,9.0,0.0,0.0,0.0,0.0,0.0
ctx-lh-pericalcarine,4.0,0.0,0.0,1969.0,1.0,0.0,140.0,20.0,29.0,2.0,29.0,1351.0,0.0,1477.0,0.0,19.0,0.0,7.0,0.0,0.0,0.0,1392.0,1.0,0.0,0.0,115.0,0.0,0.0,0.0,134.0,4.0,1.0,1.0,2.0,0.0,0.0,0.0,0.0,0.0,0.0,1.0,3.0,2.0,0.0,4.0,1.0,0.0,2.0,0.0,1.0,1.0,0.0,0.0,0.0,0.0,0.0,0.0,1.0,0.0,15.0,0.0,0.0,0.0,0.0,1.0,0.0,0.0,0.0
ctx-lh-postcentral,25.0,3.0,49.0,0.0,0.0,0.0,3.0,101.0,3.0,318.0,9.0,5.0,0.0,1.0,0.0,9.0,391.0,0.0,52.0,1.0,1.0,1.0,5839.0,40.0,2096.0,119.0,0.0,2.0,37.0,1026.0,43.0,1211.0,0.0,17.0,0.0,3.0,1.0,0.0,0.0,0.0,0.0,0.0,0.0,1.0,4.0,1.0,0.0,0.0,1.0,0.0,2.0,0.0,0.0,0.0,0.0,0.0,1.0,16.0,0.0,5.0,0.0,2.0,5.0,2.0,2.0,0.0,0.0,0.0
ctx-lh-posteriorcingulate,1.0,284.0,36.0,0.0,0.0,0.0,0.0,5.0,2.0,17.0,324.0,0.0,0.0,1.0,2.0,4.0,271.0,0.0,9.0,0.0,3.0,0.0,40.0,1465.0,99.0,383.0,29.0,17.0,513.0,60.0,5.0,3.0,0.0,4.0,1.0,21.0,16.0,0.0,0.0,0.0,0.0,6.0,0.0,3.0,30.0,2.0,0.0,0.0,0.0,2.0,43.0,0.0,3.0,0.0,1.0,0.0,6.0,135.0,30.0,30.0,0.0,5.0,92.0,19.0,4.0,5.0,0.0,2.0
ctx-lh-precentral,20.0,21.0,1183.0,0.0,0.0,0.0,2.0,63.0,8.0,332.0,13.0,1.0,2.0,1.0,0.0,15.0,954.0,0.0,487.0,0.0,9.0,0.0,2096.0,99.0,8294.0,70.0,1.0,48.0,803.0,340.0,23.0,192.0,0.0,10.0,0.0,14.0,7.0,0.0,0.0,0.0,0.0,1.0,0.0,0.0,4.0,1.0,0.0,0.0,0.0,0.0,11.0,0.0,2.0,0.0,0.0,0.0,3.0,28.0,6.0,6.0,1.0,3.0,32.0,2.0,0.0,1.0,0.0,2.0
ctx-lh-precuneus,20.0,7.0,6.0,240.0,0.0,0.0,18.0,246.0,26.0,30.0,1113.0,65.0,0.0,144.0,1.0,25.0,168.0,14.0,1.0,0.0,0.0,115.0,119.0,383.0,70.0,4129.0,2.0,1.0,29.0,2361.0,23.0,30.0,1.0,11.0,13.0,1.0,2.0,3.0,0.0,0.0,3.0,28.0,12.0,7.0,81.0,10.0,1.0,8.0,0.0,14.0,11.0,3.0,0.0,0.0,0.0,3.0,7.0,32.0,5.0,109.0,0.0,0.0,1.0,37.0,18.0,12.0,0.0,7.0
ctx-lh-rostralanteriorcingulate,0.0,273.0,4.0,0.0,0.0,12.0,0.0,0.0,0.0,14.0,0.0,0.0,175.0,0.0,568.0,0.0,1.0,0.0,9.0,28.0,25.0,0.0,0.0,29.0,1.0,2.0,1055.0,187.0,481.0,0.0,0.0,0.0,0.0,0.0,0.0,51.0,3.0,0.0,0.0,2.0,0.0,0.0,0.0,5.0,0.0,0.0,11.0,0.0,16.0,0.0,0.0,0.0,3.0,5.0,11.0,0.0,0.0,1.0,2.0,0.0,47.0,29.0,54.0,0.0,0.0,0.0,0.0,0.0
ctx-lh-rostralmiddlefrontal,0.0,112.0,728.0,0.0,0.0,258.0,0.0,0.0,0.0,107.0,1.0,0.0,728.0,0.0,820.0,0.0,0.0,0.0,494.0,324.0,704.0,0.0,2.0,17.0,48.0,1.0,187.0,7169.0,2496.0,2.0,2.0,0.0,0.0,0.0,0.0,35.0,6.0,0.0,0.0,2.0,0.0,0.0,0.0,12.0,0.0,0.0,5.0,0.0,3.0,0.0,1.0,0.0,11.0,2.0,8.0,0.0,0.0,4.0,2.0,1.0,30.0,16.0,59.0,0.0,0.0,0.0,0.0,0.0
ctx-lh-superiorfrontal,0.0,964.0,1211.0,0.0,0.0,125.0,0.0,2.0,2.0,86.0,17.0,0.0,83.0,0.0,314.0,0.0,660.0,0.0,167.0,24.0,100.0,0.0,37.0,513.0,803.0,29.0,481.0,2496.0,11227.0,27.0,4.0,4.0,0.0,0.0,0.0,155.0,32.0,0.0,0.0,4.0,0.0,2.0,0.0,19.0,1.0,0.0,8.0,0.0,10.0,0.0,33.0,0.0,29.0,3.0,20.0,0.0,10.0,76.0,38.0,5.0,34.0,58.0,291.0,4.0,2.0,3.0,0.0,1.0
ctx-lh-superiorparietal,47.0,1.0,18.0,710.0,2.0,0.0,33.0,1324.0,53.0,64.0,139.0,594.0,0.0,30.0,0.0,47.0,151.0,3.0,11.0,0.0,0.0,134.0,1026.0,60.0,340.0,2361.0,0.0,2.0,27.0,6677.0,59.0,438.0,0.0,21.0,4.0,1.0,0.0,2.0,0.0,0.0,3.0,13.0,2.0,3.0,31.0,0.0,0.0,3.0,0.0,6.0,0.0,3.0,0.0,0.0,0.0,0.0,8.0,18.0,2.0,60.0,1.0,0.0,3.0,20.0,9.0,7.0,0.0,1.0
ctx-lh-superiortemporal,1065.0,0.0,1.0,7.0,68.0,0.0,114.0,176.0,361.0,234.0,11.0,18.0,6.0,14.0,0.0,1005.0,3.0,15.0,5.0,0.0,0.0,4.0,43.0,5.0,23.0,23.0,0.0,2.0,4.0,59.0,5460.0,427.0,421.0,628.0,1.0,0.0,0.0,1.0,0.0,0.0,0.0,6.0,1.0,0.0,7.0,3.0,0.0,0.0,0.0,1.0,1.0,1.0,0.0,0.0,0.0,0.0,1.0,0.0,0.0,7.0,0.0,0.0,1.0,6.0,1.0,1.0,0.0,1.0
ctx-lh-supramarginal,294.0,0.0,10.0,0.0,0.0,0.0,6.0,889.0,21.0,288.0,11.0,6.0,0.0,3.0,0.0,60.0,1.0,1.0,13.0,0.0,0.0,1.0,1211.0,3.0,192.0,30.0,0.0,0.0,4.0,438.0,427.0,4644.0,0.0,58.0,0.0,0.0,0.0,0.0,0.0,0.0,0.0,4.0,2.0,0.0,7.0,1.0,0.0,1.0,0.0,3.0,0.0,0.0,0.0,0.0,0.0,0.0,0.0,0.0,1.0,4.0,0.0,0.0,0.0,2.0,3.0,0.0,0.0,0.0
ctx-lh-temporalpole,0.0,0.0,1.0,0.0,292.0,0.0,199.0,0.0,192.0,22.0,1.0,3.0,0.0,0.0,0.0,256.0,0.0,6.0,0.0,0.0,0.0,1.0,0.0,0.0,0.0,1.0,0.0,0.0,0.0,0.0,421.0,0.0,693.0,0.0,0.0,0.0,0.0,0.0,0.0,0.0,0.0,0.0,0.0,0.0,0.0,0.0,0.0,0.0,0.0,0.0,0.0,0.0,0.0,0.0,0.0,0.0,0.0,0.0,0.0,0.0,0.0,0.0,0.0,0.0,0.0,0.0,0.0,0.0
ctx-lh-transversetemporal,35.0,0.0,0.0,0.0,1.0,0.0,2.0,28.0,9.0,86.0,9.0,0.0,0.0,1.0,0.0,18.0,2.0,0.0,2.0,0.0,0.0,2.0,17.0,4.0,10.0,11.0,0.0,0.0,0.0,21.0,628.0,58.0,0.0,397.0,1.0,0.0,0.0,0.0,0.0,0.0,1.0,1.0,0.0,0.0,2.0,1.0,0.0,0.0,0.0,1.0,0.0,0.0,0.0,0.0,0.0,1.0,1.0,3.0,0.0,2.0,0.0,0.0,0.0,5.0,0.0,2.0,0.0,0.0
ctx-rh-bankssts,0.0,0.0,0.0,2.0,0.0,0.0,0.0,3.0,1.0,1.0,7.0,1.0,0.0,2.0,0.0,0.0,0.0,0.0,0.0,0.0,0.0,0.0,0.0,1.0,0.0,13.0,0.0,0.0,0.0,4.0,1.0,0.0,0.0,1.0,1036.0,0.0,3.0,5.0,0.0,0.0,32.0,492.0,148.0,27.0,14.0,21.0,0.0,14.0,0.0,974.0,4.0,2.0,1.0,0.0,0.0,4.0,32.0,1.0,15.0,42.0,0.0,0.0,1.0,54.0,560.0,497.0,0.0,22.0
ctx-rh-caudalanteriorcingulate,0.0,105.0,35.0,0.0,0.0,0.0,0.0,0.0,0.0,9.0,1.0,0.0,1.0,0.0,9.0,0.0,4.0,0.0,18.0,2.0,8.0,0.0,3.0,21.0,14.0,1.0,51.0,35.0,155.0,1.0,0.0,0.0,0.0,0.0,0.0,664.0,37.0,0.0,0.0,2.0,0.0,0.0,0.0,29.0,12.0,0.0,16.0,0.0,24.0,0.0,27.0,0.0,39.0,10.0,48.0,0.0,2.0,345.0,33.0,11.0,289.0,125.0,819.0,3.0,0.0,2.0,0.0,1.0
ctx-rh-caudalmiddlefrontal,0.0,27.0,13.0,0.0,0.0,0.0,0.0,0.0,0.0,0.0,1.0,0.0,0.0,0.0,0.0,0.0,4.0,0.0,2.0,0.0,1.0,0.0,1.0,16.0,7.0,2.0,3.0,6.0,32.0,0.0,0.0,0.0,0.0,0.0,3.0,37.0,3011.0,0.0,0.0,0.0,0.0,7.0,0.0,44.0,0.0,0.0,2.0,0.0,3.0,0.0,19.0,1.0,297.0,1.0,59.0,0.0,91.0,13.0,1198.0,3.0,3.0,943.0,941.0,21.0,1.0,23.0,0.0,2.0
ctx-rh-cuneus,0.0,0.0,0.0,8.0,0.0,0.0,0.0,2.0,2.0,0.0,3.0,1.0,0.0,43.0,0.0,1.0,0.0,0.0,0.0,0.0,0.0,0.0,0.0,0.0,0.0,3.0,0.0,0.0,0.0,2.0,1.0,0.0,0.0,0.0,5.0,0.0,0.0,1746.0,0.0,0.0,44.0,39.0,16.0,1.0,32.0,502.0,0.0,302.0,0.0,16.0,0.0,3.0,0.0,0.0,0.0,1989.0,1.0,0.0,1.0,292.0,0.0,0.0,0.0,736.0,5.0,1.0,0.0,2.0
ctx-rh-entorhinal,0.0,0.0,0.0,0.0,0.0,0.0,0.0,0.0,0.0,0.0,0.0,0.0,0.0,0.0,0.0,0.0,0.0,0.0,0.0,0.0,0.0,0.0,0.0,0.0,0.0,0.0,0.0,0.0,0.0,0.0,0.0,0.0,0.0,0.0,0.0,0.0,0.0,0.0,334.0,0.0,657.0,1.0,197.0,4.0,0.0,0.0,1.0,0.0,0.0,31.0,0.0,144.0,0.0,0.0,0.0,0.0,0.0,0.0,0.0,0.0,0.0,0.0,0.0,2.0,26.0,0.0,151.0,0.0
ctx-rh-frontalpole,0.0,1.0,0.0,0.0,0.0,0.0,0.0,0.0,0.0,0.0,0.0,0.0,0.0,0.0,0.0,0.0,0.0,0.0,0.0,0.0,0.0,0.0,0.0,0.0,0.0,0.0,2.0,2.0,4.0,0.0,0.0,0.0,0.0,0.0,0.0,2.0,0.0,0.0,0.0,76.0,0.0,0.0,0.0,0.0,0.0,0.0,114.0,0.0,359.0,0.0,0.0,0.0,1.0,8.0,6.0,0.0,0.0,0.0,0.0,0.0,18.0,232.0,227.0,1.0,0.0,0.0,0.0,0.0
ctx-rh-fusiform,0.0,0.0,0.0,1.0,0.0,0.0,0.0,0.0,0.0,0.0,6.0,1.0,0.0,2.0,0.0,1.0,0.0,0.0,0.0,0.0,0.0,1.0,0.0,0.0,0.0,3.0,0.0,0.0,0.0,3.0,0.0,0.0,0.0,1.0,32.0,0.0,0.0,44.0,657.0,0.0,3865.0,83.0,1663.0,23.0,26.0,1099.0,1.0,646.0,0.0,313.0,0.0,461.0,0.0,0.0,0.0,115.0,1.0,1.0,2.0,42.0,0.0,0.0,0.0,44.0,59.0,4.0,74.0,1.0
ctx-rh-inferiorparietal,3.0,0.0,0.0,4.0,0.0,0.0,1.0,12.0,2.0,2.0,21.0,4.0,0.0,3.0,0.0,0.0,1.0,0.0,0.0,0.0,0.0,3.0,0.0,6.0,1.0,28.0,0.0,0.0,2.0,13.0,6.0,4.0,0.0,1.0,492.0,0.0,7.0,39.0,1.0,0.0,83.0,8444.0,211.0,59.0,53.0,888.0,1.0,27.0,0.0,716.0,11.0,4.0,9.0,0.0,0.0,22.0,126.0,13.0,72.0,343.0,0.0,2.0,3.0,1475.0,91.0,1350.0,1.0,22.0
ctx-rh-inferiortemporal,1.0,0.0,0.0,1.0,0.0,0.0,0.0,4.0,0.0,0.0,5.0,0.0,0.0,1.0,0.0,1.0,0.0,0.0,0.0,0.0,0.0,2.0,0.0,0.0,0.0,12.0,0.0,0.0,0.0,2.0,1.0,2.0,0.0,0.0,148.0,0.0,0.0,16.0,197.0,0.0,1663.0,211.0,4307.0,68.0,24.0,437.0,4.0,111.0,0.0,2064.0,0.0,74.0,0.0,0.0,0.0,18.0,4.0,2.0,1.0,45.0,0.0,0.0,1.0,61.0,245.0,12.0,396.0,13.0
ctx-rh-insula,0.0,10.0,5.0,0.0,0.0,0.0,0.0,3.0,0.0,2.0,3.0,1.0,1.0,1.0,2.0,0.0,1.0,1.0,1.0,0.0,0.0,0.0,1.0,3.0,0.0,7.0,5.0,12.0,19.0,3.0,0.0,0.0,0.0,0.0,27.0,29.0,44.0,1.0,4.0,0.0,23.0,59.0,68.0,1668.0,11.0,3.0,364.0,1.0,18.0,102.0,13.0,1.0,181.0,12.0,137.0,2.0,300.0,11.0,293.0,23.0,10.0,85.0,110.0,76.0,256.0,314.0,37.0,75.0
ctx-rh-isthmuscingulate,2.0,0.0,1.0,9.0,0.0,0.0,3.0,27.0,5.0,8.0,78.0,13.0,0.0,3.0,0.0,9.0,1.0,0.0,0.0,0.0,0.0,4.0,4.0,30.0,4.0,81.0,0.0,0.0,1.0,31.0,7.0,7.0,0.0,2.0,14.0,12.0,0.0,32.0,0.0,0.0,26.0,53.0,24.0,11.0,775.0,26.0,0.0,148.0,0.0,19.0,44.0,99.0,0.0,0.0,0.0,16.0,8.0,311.0,17.0,1090.0,0.0,0.0,12.0,97.0,25.0,24.0,1.0,4.0
ctx-rh-lateraloccipital,0.0,0.0,0.0,2.0,0.0,0.0,0.0,4.0,0.0,0.0,2.0,1.0,0.0,6.0,0.0,1.0,1.0,0.0,0.0,0.0,0.0,1.0,1.0,2.0,1.0,10.0,0.0,0.0,0.0,0.0,3.0,1.0,0.0,1.0,21.0,0.0,0.0,502.0,0.0,0.0,1099.0,888.0,437.0,3.0,26.0,7419.0,1.0,750.0,0.0,126.0,0.0,7.0,0.0,0.0,0.0,1175.0,0.0,0.0,0.0,129.0,0.0,0.0,0.0,539.0,13.0,4.0,1.0,1.0
ctx-rh-lateralorbitofrontal,0.0,6.0,0.0,0.0,0.0,0.0,0.0,0.0,0.0,0.0,0.0,0.0,2.0,0.0,4.0,0.0,0.0,0.0,0.0,0.0,1.0,0.0,0.0,0.0,0.0,1.0,11.0,5.0,8.0,0.0,0.0,0.0,0.0,0.0,0.0,16.0,2.0,0.0,1.0,114.0,1.0,1.0,4.0,364.0,0.0,1.0,2752.0,0.0,1520.0,11.0,0.0,0.0,13.0,563.0,303.0,0.0,0.0,0.0,2.0,0.0,166.0,564.0,78.0,1.0,9.0,0.0,4.0,0.0
ctx-rh-lingual,0.0,0.0,0.0,2.0,0.0,0.0,0.0,5.0,1.0,0.0,3.0,3.0,0.0,27.0,0.0,0.0,1.0,1.0,0.0,0.0,0.0,2.0,0.0,0.0,0.0,8.0,0.0,0.0,0.0,3.0,0.0,1.0,0.0,0.0,14.0,0.0,0.0,302.0,0.0,0.0,646.0,27.0,111.0,1.0,148.0,750.0,0.0,5289.0,0.0,37.0,0.0,273.0,0.0,0.0,0.0,1730.0,0.0,0.0,0.0,243.0,0.0,0.0,0.0,70.0,8.0,0.0,1.0,0.0
ctx-rh-medialorbitofrontal,0.0,5.0,0.0,0.0,0.0,0.0,0.0,0.0,0.0,2.0,0.0,0.0,10.0,0.0,14.0,0.0,0.0,0.0,1.0,0.0,1.0,0.0,1.0,0.0,0.0,0.0,16.0,3.0,10.0,0.0,0.0,0.0,0.0,0.0,0.0,24.0,3.0,0.0,0.0,359.0,0.0,0.0,0.0,18.0,0.0,0.0,1520.0,0.0,1845.0,0.0,0.0,0.0,5.0,86.0,33.0,0.0,1.0,3.0,2.0,0.0,521.0,647.0,266.0,0.0,0.0,0.0,0.0,0.0
ctx-rh-middletemporal,0.0,0.0,0.0,3.0,0.0,0.0,1.0,3.0,2.0,0.0,9.0,1.0,0.0,1.0,0.0,1.0,0.0,0.0,0.0,0.0,0.0,1.0,0.0,2.0,0.0,14.0,0.0,0.0,0.0,6.0,1.0,3.0,0.0,1.0,974.0,0.0,0.0,16.0,31.0,0.0,313.0,716.0,2064.0,102.0,19.0,126.0,11.0,37.0,0.0,4607.0,0.0,19.0,1.0,0.0,1.0,13.0,12.0,4.0,8.0,44.0,0.0,0.0,0.0,51.0,786.0,54.0,128.0,21.0
ctx-rh-paracentral,1.0,10.0,4.0,1.0,0.0,0.0,0.0,0.0,1.0,1.0,6.0,0.0,0.0,1.0,0.0,1.0,118.0,1.0,3.0,0.0,1.0,1.0,2.0,43.0,11.0,11.0,0.0,1.0,33.0,0.0,1.0,0.0,0.0,0.0,4.0,27.0,19.0,0.0,0.0,0.0,0.0,11.0,0.0,13.0,44.0,0.0,0.0,0.0,0.0,0.0,2120.0,1.0,4.0,0.0,0.0,1.0,580.0,339.0,883.0,300.0,3.0,5.0,601.0,353.0,5.0,9.0,0.0,1.0
ctx-rh-parahippocampal,0.0,0.0,0.0,0.0,0.0,0.0,1.0,0.0,0.0,0.0,2.0,0.0,0.0,4.0,0.0,0.0,0.0,0.0,0.0,0.0,0.0,0.0,0.0,0.0,0.0,3.0,0.0,0.0,0.0,3.0,1.0,0.0,0.0,0.0,2.0,0.0,1.0,3.0,144.0,0.0,461.0,4.0,74.0,1.0,99.0,7.0,0.0,273.0,0.0,19.0,1.0,607.0,0.0,0.0,0.0,5.0,1.0,0.0,0.0,24.0,0.0,0.0,0.0,6.0,4.0,1.0,0.0,0.0
ctx-rh-parsopercularis,0.0,7.0,1.0,0.0,0.0,0.0,0.0,0.0,0.0,2.0,3.0,0.0,0.0,0.0,0.0,0.0,1.0,0.0,6.0,0.0,0.0,0.0,0.0,3.0,2.0,0.0,3.0,11.0,29.0,0.0,0.0,0.0,0.0,0.0,1.0,39.0,297.0,0.0,0.0,1.0,0.0,9.0,0.0,181.0,0.0,0.0,13.0,0.0,5.0,1.0,4.0,0.0,1330.0,7.0,418.0,0.0,85.0,4.0,654.0,0.0,9.0,490.0,156.0,16.0,1.0,28.0,0.0,1.0
ctx-rh-parsorbitalis,0.0,5.0,0.0,0.0,0.0,1.0,0.0,0.0,0.0,0.0,0.0,0.0,0.0,0.0,1.0,0.0,0.0,0.0,0.0,0.0,0.0,0.0,0.0,0.0,0.0,0.0,5.0,2.0,3.0,0.0,0.0,0.0,0.0,0.0,0.0,10.0,1.0,0.0,0.0,8.0,0.0,0.0,0.0,12.0,0.0,0.0,563.0,0.0,86.0,0.0,0.0,0.0,7.0,681.0,446.0,0.0,0.0,0.0,0.0,1.0,37.0,509.0,41.0,0.0,0.0,0.0,0.0,0.0
ctx-rh-parstriangularis,0.0,14.0,0.0,0.0,0.0,0.0,0.0,0.0,0.0,1.0,0.0,0.0,1.0,0.0,2.0,0.0,0.0,0.0,3.0,0.0,5.0,0.0,0.0,1.0,0.0,0.0,11.0,8.0,20.0,0.0,0.0,0.0,0.0,0.0,0.0,48.0,59.0,0.0,0.0,6.0,0.0,0.0,0.0,137.0,0.0,0.0,303.0,0.0,33.0,1.0,0.0,0.0,418.0,446.0,1721.0,0.0,6.0,3.0,31.0,0.0,37.0,912.0,162.0,0.0,0.0,0.0,1.0,0.0
ctx-rh-pericalcarine,0.0,0.0,0.0,10.0,0.0,0.0,0.0,4.0,2.0,0.0,2.0,0.0,0.0,36.0,0.0,0.0,0.0,0.0,0.0,0.0,0.0,0.0,0.0,0.0,0.0,3.0,0.0,0.0,0.0,0.0,0.0,0.0,0.0,1.0,4.0,0.0,0.0,1989.0,0.0,0.0,115.0,22.0,18.0,2.0,16.0,1175.0,0.0,1730.0,0.0,13.0,1.0,5.0,0.0,0.0,0.0,1192.0,0.0,1.0,0.0,137.0,0.0,0.0,0.0,183.0,2.0,0.0,0.0,0.0
ctx-rh-postcentral,0.0,2.0,1.0,0.0,0.0,0.0,0.0,5.0,1.0,1.0,14.0,0.0,0.0,0.0,0.0,0.0,27.0,0.0,0.0,0.0,0.0,0.0,1.0,6.0,3.0,7.0,0.0,0.0,10.0,8.0,1.0,0.0,0.0,1.0,32.0,2.0,91.0,1.0,0.0,0.0,1.0,126.0,4.0,300.0,8.0,0.0,0.0,0.0,1.0,12.0,580.0,1.0,85.0,0.0,6.0,0.0,6746.0,32.0,2160.0,94.0,0.0,15.0,78.0,768.0,25.0,1730.0,0.0,8.0
ctx-rh-posteriorcingulate,0.0,27.0,11.0,1.0,0.0,0.0,0.0,2.0,1.0,6.0,45.0,0.0,1.0,1.0,0.0,0.0,21.0,0.0,3.0,0.0,0.0,1.0,16.0,135.0,28.0,32.0,1.0,4.0,76.0,18.0,0.0,0.0,0.0,3.0,1.0,345.0,13.0,0.0,0.0,0.0,1.0,13.0,2.0,11.0,311.0,0.0,0.0,0.0,3.0,4.0,339.0,0.0,4.0,0.0,3.0,1.0,32.0,1260.0,75.0,363.0,1.0,6.0,359.0,54.0,11.0,14.0,0.0,5.0
ctx-rh-precentral,0.0,20.0,7.0,0.0,0.0,0.0,0.0,1.0,1.0,1.0,5.0,0.0,0.0,1.0,0.0,0.0,50.0,0.0,0.0,0.0,0.0,0.0,0.0,30.0,6.0,5.0,2.0,2.0,38.0,2.0,0.0,1.0,0.0,0.0,15.0,33.0,1198.0,1.0,0.0,0.0,2.0,72.0,1.0,293.0,17.0,0.0,2.0,0.0,2.0,8.0,883.0,0.0,654.0,0.0,31.0,0.0,2160.0,75.0,7539.0,55.0,2.0,94.0,957.0,288.0,19.0,349.0,0.0,6.0
ctx-rh-precuneus,2.0,1.0,0.0,14.0,0.0,0.0,4.0,32.0,14.0,11.0,102.0,6.0,1.0,11.0,0.0,5.0,13.0,0.0,0.0,0.0,0.0,15.0,5.0,30.0,6.0,109.0,0.0,1.0,5.0,60.0,7.0,4.0,0.0,2.0,42.0,11.0,3.0,292.0,0.0,0.0,42.0,343.0,45.0,23.0,1090.0,129.0,0.0,243.0,0.0,44.0,300.0,24.0,0.0,1.0,0.0,137.0,94.0,363.0,55.0,4482.0,1.0,1.0,21.0,2374.0,50.0,38.0,0.0,13.0
ctx-rh-rostralanteriorcingulate,0.0,36.0,4.0,0.0,0.0,0.0,0.0,0.0,0.0,3.0,1.0,0.0,11.0,0.0,22.0,0.0,0.0,0.0,7.0,1.0,6.0,0.0,0.0,0.0,1.0,0.0,47.0,30.0,34.0,1.0,0.0,0.0,0.0,0.0,0.0,289.0,3.0,0.0,0.0,18.0,0.0,0.0,0.0,10.0,0.0,0.0,166.0,0.0,521.0,0.0,3.0,0.0,9.0,37.0,37.0,0.0,0.0,1.0,2.0,1.0,854.0,169.0,442.0,0.0,0.0,0.0,0.0,0.0
ctx-rh-rostralmiddlefrontal,0.0,34.0,9.0,0.0,0.0,1.0,0.0,1.0,0.0,3.0,0.0,0.0,3.0,0.0,3.0,0.0,0.0,0.0,10.0,2.0,2.0,0.0,2.0,5.0,3.0,0.0,29.0,16.0,58.0,0.0,0.0,0.0,0.0,0.0,0.0,125.0,943.0,0.0,0.0,232.0,0.0,2.0,0.0,85.0,0.0,0.0,564.0,0.0,647.0,0.0,5.0,0.0,490.0,509.0,912.0,0.0,15.0,6.0,94.0,1.0,169.0,7854.0,2224.0,1.0,1.0,2.0,0.0,0.0
ctx-rh-superiorfrontal,0.0,148.0,65.0,0.0,0.0,0.0,0.0,0.0,0.0,10.0,5.0,0.0,7.0,1.0,10.0,1.0,13.0,0.0,21.0,3.0,9.0,0.0,5.0,92.0,32.0,1.0,54.0,59.0,291.0,3.0,1.0,0.0,0.0,0.0,1.0,819.0,941.0,0.0,0.0,227.0,0.0,3.0,1.0,110.0,12.0,0.0,78.0,0.0,266.0,0.0,601.0,0.0,156.0,41.0,162.0,0.0,78.0,359.0,957.0,21.0,442.0,2224.0,10329.0,37.0,1.0,11.0,0.0,1.0
ctx-rh-superiorparietal,2.0,0.0,0.0,5.0,0.0,0.0,3.0,14.0,5.0,6.0,34.0,5.0,0.0,8.0,0.0,4.0,9.0,1.0,0.0,0.0,0.0,0.0,2.0,19.0,2.0,37.0,0.0,0.0,4.0,20.0,6.0,2.0,0.0,5.0,54.0,3.0,21.0,736.0,2.0,1.0,44.0,1475.0,61.0,76.0,97.0,539.0,1.0,70.0,0.0,51.0,353.0,6.0,16.0,0.0,0.0,183.0,768.0,54.0,288.0,2374.0,0.0,1.0,37.0,6405.0,51.0,316.0,0.0,14.0
ctx-rh-superiortemporal,0.0,0.0,0.0,1.0,0.0,0.0,0.0,5.0,1.0,2.0,13.0,3.0,0.0,1.0,0.0,1.0,0.0,0.0,0.0,0.0,0.0,1.0,2.0,4.0,0.0,18.0,0.0,0.0,2.0,9.0,1.0,3.0,0.0,0.0,560.0,0.0,1.0,5.0,26.0,0.0,59.0,91.0,245.0,256.0,25.0,13.0,9.0,8.0,0.0,786.0,5.0,4.0,1.0,0.0,0.0,2.0,25.0,11.0,19.0,50.0,0.0,1.0,1.0,51.0,5884.0,480.0,262.0,615.0
ctx-rh-supramarginal,0.0,2.0,0.0,1.0,0.0,0.0,2.0,4.0,1.0,2.0,7.0,1.0,0.0,0.0,0.0,1.0,0.0,0.0,1.0,0.0,0.0,0.0,0.0,5.0,1.0,12.0,0.0,0.0,3.0,7.0,1.0,0.0,0.0,2.0,497.0,2.0,23.0,1.0,0.0,0.0,4.0,1350.0,12.0,314.0,24.0,4.0,0.0,0.0,0.0,54.0,9.0,1.0,28.0,0.0,0.0,0.0,1730.0,14.0,349.0,38.0,0.0,2.0,11.0,316.0,480.0,5274.0,0.0,57.0
ctx-rh-temporalpole,0.0,0.0,0.0,0.0,0.0,0.0,0.0,0.0,0.0,0.0,0.0,0.0,0.0,0.0,0.0,0.0,0.0,0.0,0.0,0.0,0.0,0.0,0.0,0.0,0.0,0.0,0.0,0.0,0.0,0.0,0.0,0.0,0.0,0.0,0.0,0.0,0.0,0.0,151.0,0.0,74.0,1.0,396.0,37.0,1.0,1.0,4.0,1.0,0.0,128.0,0.0,0.0,0.0,0.0,1.0,0.0,0.0,0.0,0.0,0.0,0.0,0.0,0.0,0.0,262.0,0.0,407.0,0.0
ctx-rh-transversetemporal,0.0,0.0,0.0,3.0,0.0,0.0,0.0,0.0,1.0,2.0,3.0,0.0,0.0,0.0,0.0,0.0,0.0,1.0,0.0,0.0,0.0,0.0,0.0,2.0,2.0,7.0,0.0,0.0,1.0,1.0,1.0,0.0,0.0,0.0,22.0,1.0,2.0,2.0,0.0,0.0,1.0,22.0,13.0,75.0,4.0,1.0,0.0,0.0,0.0,21.0,1.0,0.0,1.0,0.0,0.0,0.0,8.0,5.0,6.0,13.0,0.0,0.0,1.0,14.0,615.0,57.0,0.0,156.0
