,ctx-lh-bankssts,ctx-lh-caudalanteriorcingulate,ctx-lh-caudalmiddlefrontal,ctx-lh-cuneus,ctx-lh-entorhinal,ctx-lh-frontalpole,ctx-lh-fusiform,ctx-lh-inferiorparietal,ctx-lh-inferiortemporal,ctx-lh-insula,ctx-lh-isthmuscingulate,ctx-lh-lateraloccipital,ctx-lh-lateralorbitofrontal,ctx-lh-lingual,ctx-lh-medialorbitofrontal,ctx-lh-middletemporal,ctx-lh-paracentral,ctx-lh-parahippocampal,ctx-lh-parsopercularis,ctx-lh-parsorbitalis,ctx-lh-parstriangularis,ctx-lh-pericalcarine,ctx-lh-postcentral,ctx-lh-posteriorcingulate,ctx-lh-precentral,ctx-lh-precuneus,ctx-lh-rostralanteriorcingulate,ctx-lh-rostralmiddlefrontal,ctx-lh-superiorfrontal,ctx-lh-superiorparietal,ctx-lh-superiortemporal,ctx-lh-supramarginal,ctx-lh-temporalpole,ctx-lh-transversetemporal,ctx-rh-bankssts,ctx-rh-caudalanteriorcingulate,ctx-rh-caudalmiddlefrontal,ctx-rh-cuneus,ctx-rh-entorhinal,ctx-rh-frontalpole,ctx-rh-fusiform,ctx-rh-inferiorparietal,ctx-rh-inferiortemporal,ctx-rh-insula,ctx-rh-isthmuscingulate,ctx-rh-lateraloccipital,ctx-rh-lateralorbitofrontal,ctx-rh-lingual,ctx-rh-medialorbitofrontal,ctx-rh-middletemporal,ctx-rh-paracentral,ctx-rh-parahippocampal,ctx-rh-parsopercularis,ctx-rh-parsorbitalis,ctx-rh-parstriangularis,ctx-rh-pericalcarine,ctx-rh-postcentral,ctx-rh-posteriorcingulate,ctx-rh-precentral,ctx-rh-precuneus,ctx-rh-rostralanteriorcingulate,ctx-rh-rostralmiddlefrontal,ctx-rh-superiorfrontal,ctx-rh-superiorparietal,ctx-rh-superiortemporal,ctx-rh-supramarginal,ctx-rh-temporalpole,ctx-rh-transversetemporal
ctx-lh-bankssts,1082.0,0.0,0.0,7.0,1.0,0.0,40.0,727.0,579.0,46.0,16.0,46.0,0.0,14.0,0.0,978.0,2.0,4.0,1.0,0.0,0.0,9.0,20.0,5.0,16.0,32.0,0.0,0.0,2.0,41.0,432.0,387.0,0.0,31.0,0.0,0.0,0.0,1.0,0.0,0.0,0.0,0.0,2.0,1.0,2.0,0.0,0.0,1.0,0.0,0.0,0.0,0.0,0.0,0.0,0.0,0.0,0.0,1.0,0.0,2.0,0.0,0.0,0.0,3.0,1.0,0.0,0.0,0.0
ctx-lh-caudalanteriorcingulate,0.0,627.0,75.0,0.0,0.0,0.0,0.0,2.0,0.0,44.0,10.0,0.0,24.0,0.0,10.0,0.0,10.0,0.0,85.0,3.0,39.0,0.0,2.0,274.0,34.0,9.0,284.0,247.0,659.0,1.0,0.0,1.0,0.0,0.0,0.0,195.0,17.0,0.0,0.0,0.0,0.0,1.0,0.0,15.0,1.0,0.0,4.0,0.0,4.0,0.0,4.0,0.0,10.0,2.0,4.0,0.0,1.0,23.0,9.0,1.0,44.0,27.0,141.0,1.0,1.0,3.0,0.0,0.0
ctx-lh-caudalmiddlefrontal,0.0,75.0,3117.0,0.0,0.0,0.0,0.0,5.0,0.0,48.0,2.0,0.0,1.0,0.0,1.0,1.0,26.0,0.0,253.0,2.0,19.0,0.0,73.0,43.0,1061.0,6.0,2.0,790.0,1259.0,22.0,2.0,18.0,0.0,1.0,0.0,13.0,2.0,0.0,0.0,0.0,0.0,0.0,0.0,1.0,1.0,0.0,0.0,0.0,0.0,0.0,2.0,0.0,0.0,0.0,1.0,0.0,1.0,5.0,3.0,0.0,1.0,0.0,11.0,3.0,0.0,0.0,0.0,0.0
ctx-lh-cuneus,7.0,0.0,0.0,1633.0,0.0,0.0,13.0,39.0,8.0,1.0,25.0,449.0,0.0,205.0,0.0,4.0,0.0,0.0,0.0,0.0,0.0,1321.0,0.0,0.0,0.0,236.0,0.0,0.0,0.0,887.0,1.0,3.0,0.0,2.0,0.0,0.0,0.0,69.0,0.0,0.0,2.0,0.0,0.0,0.0,1.0,2.0,0.0,7.0,0.0,0.0,0.0,0.0,0.0,0.0,0.0,45.0,0.0,1.0,0.0,5.0,0.0,0.0,0.0,5.0,1.0,0.0,0.0,0.0
ctx-lh-entorhinal,1.0,0.0,0.0,0.0,272.0,0.0,126.0,0.0,197.0,11.0,0.0,0.0,0.0,0.0,0.0,43.0,0.0,101.0,0.0,0.0,0.0,0.0,0.0,0.0,0.0,1.0,0.0,0.0,0.0,0.0,94.0,0.0,290.0,0.0,0.0,0.0,0.0,0.0,0.0,0.0,0.0,0.0,0.0,0.0,0.0,0.0,0.0,0.0,0.0,0.0,0.0,0.0,0.0,0.0,0.0,0.0,0.0,0.0,0.0,0.0,0.0,0.0,0.0,0.0,0.0,0.0,0.0,0.0
ctx-lh-frontalpole,0.0,0.0,0.0,0.0,0.0,38.0,0.0,0.0,0.0,0.0,0.0,0.0,48.0,0.0,109.0,0.0,0.0,0.0,0.0,1.0,2.0,0.0,0.0,1.0,0.0,0.0,6.0,97.0,75.0,0.0,0.0,0.0,0.0,0.0,0.0,0.0,0.0,0.0,0.0,0.0,0.0,0.0,0.0,0.0,0.0,0.0,0.0,0.0,0.0,0.0,0.0,0.0,0.0,0.0,0.0,0.0,0.0,0.0,0.0,0.0,0.0,0.0,0.0,0.0,0.0,0.0,0.0,0.0
ctx-lh-fusiform,40.0,0.0,0.0,13.0,126.0,0.0,3779.0,142.0,2001.0,34.0,26.0,1227.0,0.0,705.0,0.0,300.0,0.0,224.0,0.0,0.0,0.0,68.0,0.0,1.0,0.0,32.0,0.0,0.0,0.0,45.0,138.0,7.0,47.0,0.0,0.0,0.0,0.0,1.0,0.0,0.0,0.0,0.0,0.0,0.0,3.0,2.0,0.0,0.0,0.0,1.0,0.0,0.0,0.0,0.0,0.0,0.0,0.0,0.0,0.0,3.0,0.0,0.0,0.0,1.0,0.0,0.0,0.0,0.0
ctx-lh-inferiorparietal,727.0,2.0,5.0,39.0,0.0,0.0,142.0,7460.0,317.0,42.0,131.0,1472.0,0.0,59.0,0.0,470.0,2.0,10.0,1.0,0.0,0.0,59.0,66.0,6.0,49.0,422.0,0.0,0.0,2.0,1327.0,85.0,1251.0,1.0,18.0,3.0,0.0,0.0,1.0,0.0,0.0,2.0,7.0,1.0,0.0,27.0,6.0,0.0,5.0,0.0,3.0,0.0,0.0,1.0,0.0,0.0,0.0,4.0,9.0,0.0,34.0,0.0,0.0,0.0,7.0,3.0,1.0,0.0,0.0
ctx-lh-inferiortemporal,579.0,0.0,0.0,8.0,197.0,0.0,2001.0,317.0,4757.0,68.0,10.0,250.0,0.0,84.0,0.0,1782.0,1.0,98.0,0.0,0.0,0.0,13.0,6.0,1.0,2.0,31.0,0.0,0.0,0.0,42.0,360.0,30.0,189.0,4.0,1.0,0.0,0.0,0.0,0.0,0.0,0.0,0.0,1.0,0.0,4.0,0.0,0.0,0.0,0.0,0.0,1.0,0.0,0.0,0.0,0.0,0.0,0.0,0.0,1.0,4.0,0.0,0.0,0.0,1.0,0.0,1.0,0.0,0.0
ctx-lh-insula,46.0,44.0,48.0,1.0,11.0,0.0,34.0,42.0,68.0,1741.0,22.0,6.0,396.0,6.0,20.0,99.0,15.0,3.0,207.0,17.0,115.0,0.0,222.0,31.0,308.0,53.0,54.0,77.0,88.0,91.0,234.0,206.0,9.0,46.0,3.0,9.0,0.0,0.0,0.0,0.0,0.0,2.0,1.0,1.0,5.0,0.0,0.0,0.0,0.0,0.0,0.0,0.0,1.0,0.0,0.0,0.0,0.0,3.0,1.0,10.0,11.0,0.0,7.0,5.0,0.0,0.0,0.0,0.0
ctx-lh-isthmuscingulate,16.0,10.0,2.0,25.0,0.0,0.0,26.0,131.0,10.0,22.0,835.0,40.0,0.0,170.0,0.0,15.0,17.0,80.0,2.0,0.0,0.0,38.0,18.0,463.0,14.0,1139.0,0.0,0.0,8.0,151.0,30.0,31.0,0.0,5.0,6.0,0.0,1.0,2.0,0.0,0.0,3.0,28.0,10.0,5.0,100.0,13.0,0.0,8.0,0.0,5.0,7.0,4.0,0.0,1.0,0.0,7.0,4.0,30.0,4.0,86.0,0.0,0.0,1.0,32.0,2.0,6.0,0.0,3.0
ctx-lh-lateraloccipital,46.0,0.0,0.0,449.0,0.0,0.0,1227.0,1472.0,250.0,6.0,40.0,7828.0,0.0,1026.0,0.0,141.0,0.0,10.0,0.0,0.0,0.0,1027.0,1.0,1.0,0.0,101.0,0.0,0.0,0.0,641.0,13.0,6.0,0.0,1.0,0.0,0.0,0.0,0.0,0.0,0.0,0.0,2.0,0.0,0.0,7.0,2.0,0.0,2.0,0.0,0.0,0.0,1.0,0.0,0.0,0.0,1.0,0.0,1.0,0.0,5.0,0.0,0.0,0.0,1.0,0.0,1.0,0.0,0.0
ctx-lh-lateralorbitofrontal,0.0,24.0,1.0,0.0,0.0,48.0,0.0,0.0,0.0,396.0,0.0,0.0,2915.0,0.0,1506.0,0.0,1.0,0.0,13.0,478.0,402.0,0.0,1.0,0.0,1.0,0.0,327.0,781.0,80.0,0.0,5.0,0.0,0.0,0.0,0.0,3.0,1.0,0.0,0.0,0.0,0.0,0.0,0.0,0.0,0.0,0.0,1.0,0.0,9.0,0.0,0.0,0.0,0.0,1.0,0.0,0.0,0.0,0.0,0.0,0.0,13.0,2.0,11.0,0.0,0.0,0.0,0.0,0.0
ctx-lh-lingual,14.0,0.0,0.0,205.0,0.0,0.0,705.0,59.0,84.0,6.0,170.0,1026.0,0.0,5377.0,0.0,31.0,0.0,223.0,0.0,0.0,0.0,1697.0,0.0,0.0,0.0,204.0,0.0,0.0,0.0,70.0,7.0,6.0,0.0,1.0,0.0,0.0,0.0,3.0,0.0,0.0,4.0,2.0,4.0,1.0,7.0,9.0,0.0,223.0,0.0,1.0,0.0,1.0,0.0,0.0,0.0,57.0,0.0,0.0,0.0,17.0,0.0,0.0,0.0,2.0,0.0,0.0,0.0,0.0
ctx-lh-medialorbitofrontal,0.0,10.0,1.0,0.0,0.0,109.0,0.0,0.0,0.0,20.0,0.0,0.0,1506.0,0.0,1300.0,0.0,0.0,0.0,3.0,44.0,34.0,0.0,0.0,0.0,1.0,0.0,747.0,700.0,242.0,0.0,0.0,0.0,0.0,0.0,0.0,3.0,0.0,0.0,0.0,0.0,0.0,0.0,0.0,1.0,0.0,0.0,1.0,0.0,7.0,0.0,0.0,0.0,3.0,0.0,0.0,0.0,0.0,0.0,0.0,0.0,21.0,2.0,6.0,0.0,0.0,0.0,0.0,0.0
ctx-lh-middletemporal,978.0,0.0,1.0,4.0,43.0,0.0,300.0,470.0,1782.0,99.0,15.0,141.0,0.0,31.0,0.0,3416.0,1.0,32.0,0.0,0.0,0.0,2.0,7.0,1.0,7.0,27.0,0.0,0.0,0.0,27.0,961.0,22.0,121.0,8.0,0.0,0.0,0.0,0.0,0.0,0.0,0.0,2.0,0.0,0.0,5.0,0.0,0.0,0.0,0.0,0.0,1.0,0.0,0.0,0.0,0.0,0.0,0.0,0.0,0.0,3.0,0.0,0.0,0.0,2.0,0.0,0.0,0.0,0.0
ctx-lh-paracentral,2.0,10.0,26.0,0.0,0.0,0.0,0.0,2.0,1.0,15.0,17.0,0.0,1.0,0.0,0.0,1.0,1760.0,0.0,7.0,0.0,1.0,0.0,377.0,249.0,856.0,189.0,0.0,5.0,615.0,115.0,0.0,2.0,0.0,2.0,0.0,7.0,1.0,0.0,0.0,0.0,0.0,2.0,0.0,2.0,1.0,0.0,0.0,0.0,0.0,0.0,13.0,0.0,0.0,0.0,0.0,0.0,2.0,50.0,3.0,3.0,0.0,0.0,7.0,4.0,1.0,1.0,0.0,0.0
ctx-lh-parahippocampal,4.0,0.0,0.0,0.0,101.0,0.0,224.0,10.0,98.0,3.0,80.0,10.0,0.0,223.0,0.0,32.0,0.0,543.0,0.0,0.0,0.0,6.0,0.0,0.0,0.0,22.0,0.0,0.0,0.0,4.0,9.0,2.0,2.0,0.0,0.0,0.0,0.0,1.0,0.0,0.0,1.0,1.0,0.0,0.0,2.0,1.0,0.0,1.0,0.0,0.0,0.0,1.0,0.0,0.0,0.0,0.0,0.0,0.0,0.0,7.0,0.0,0.0,0.0,1.0,1.0,0.0,0.0,0.0
ctx-lh-parsopercularis,1.0,85.0,253.0,0.0,0.0,0.0,0.0,1.0,0.0,207.0,2.0,0.0,13.0,0.0,3.0,0.0,7.0,0.0,2118.0,8.0,426.0,0.0,43.0,24.0,465.0,9.0,13.0,469.0,204.0,9.0,2.0,12.0,0.0,2.0,0.0,14.0,1.0,0.0,0.0,0.0,0.0,0.0,0.0,1.0,1.0,0.0,0.0,0.0,2.0,0.0,1.0,0.0,0.0,1.0,0.0,0.0,0.0,4.0,2.0,1.0,4.0,4.0,5.0,0.0,0.0,0.0,0.0,0.0
ctx-lh-parsorbitalis,0.0,3.0,2.0,0.0,0.0,1.0,0.0,0.0,0.0,17.0,0.0,0.0,478.0,0.0,44.0,0.0,0.0,0.0,8.0,589.0,419.0,0.0,0.0,0.0,1.0,0.0,33.0,470.0,40.0,0.0,0.0,0.0,0.0,0.0,0.0,2.0,0.0,0.0,0.0,0.0,0.0,0.0,0.0,1.0,0.0,0.0,0.0,0.0,1.0,0.0,0.0,0.0,0.0,0.0,0.0,0.0,0.0,0.0,0.0,0.0,1.0,0.0,1.0,0.0,0.0,0.0,0.0,0.0
ctx-lh-parstriangularis,0.0,39.0,19.0,0.0,0.0,2.0,0.0,0.0,0.0,115.0,0.0,0.0,402.0,0.0,34.0,0.0,1.0,0.0,426.0,419.0,1471.0,0.0,2.0,3.0,8.0,1.0,72.0,637.0,120.0,0.0,0.0,0.0,0.0,0.0,0.0,5.0,0.0,0.0,0.0,0.0,0.0,0.0,0.0,0.0,0.0,0.0,1.0,0.0,1.0,0.0,0.0,0.0,0.0,0.0,0.0,0.0,1.0,0.0,0.0,0.0,9.0,0.0,7.0,0.0,0.0,0.0,0.0,0.0
ctx-lh-pericalcarine,9.0,0.0,0.0,1321.0,0.0,0.0,68.0,59.0,13.0,0.0,38.0,1027.0,0.0,1697.0,0.0,2.0,0.0,6.0,0.0,0.0,0.0,1324.0,0.0,0.0,0.0,194.0,0.0,0.0,0.0,267.0,6.0,2.0,0.0,0.0,0.0,0.0,0.0,37.0,0.0,0.0,0.0,5.0,0.0,0.0,3.0,4.0,0.0,22.0,0.0,0.0,0.0,2.0,0.0,0.0,0.0,37.0,0.0,0.0,0.0,10.0,0.0,0.0,0.0,3.0,0.0,0.0,0.0,0.0
ctx-lh-postcentral,20.0,2.0,73.0,0.0,0.0,0.0,0.0,66.0,6.0,222.0,18.0,1.0,1.0,0.0,0.0,7.0,377.0,0.0,43.0,0.0,2.0,0.0,6932.0,34.0,1853.0,137.0,0.0,6.0,50.0,752.0,45.0,1075.0,0.0,12.0,2.0,4.0,0.0,0.0,0.0,0.0,0.0,2.0,0.0,1.0,6.0,0.0,0.0,0.0,0.0,1.0,2.0,0.0,0.0,0.0,0.0,0.0,0.0,7.0,1.0,6.0,0.0,1.0,3.0,5.0,3.0,2.0,0.0,0.0
ctx-lh-posteriorcingulate,5.0,274.0,43.0,0.0,0.0,1.0,1.0,6.0,1.0,31.0,463.0,1.0,0.0,0.0,0.0,1.0,249.0,0.0,24.0,0.0,3.0,0.0,34.0,1095.0,107.0,430.0,1.0,19.0,371.0,64.0,7.0,18.0,0.0,2.0,2.0,57.0,10.0,0.0,0.0,0.0,0.0,3.0,2.0,7.0,35.0,1.0,0.0,1.0,0.0,1.0,46.0,0.0,1.0,0.0,0.0,0.0,5.0,160.0,29.0,24.0,1.0,9.0,69.0,18.0,1.0,4.0,0.0,1.0
ctx-lh-precentral,16.0,34.0,1061.0,0.0,0.0,0.0,0.0,49.0,2.0,308.0,14.0,0.0,1.0,0.0,1.0,7.0,856.0,0.0,465.0,1.0,8.0,0.0,1853.0,107.0,8151.0,89.0,0.0,74.0,891.0,336.0,17.0,260.0,0.0,4.0,0.0,8.0,3.0,0.0,0.0,0.0,0.0,0.0,0.0,1.0,9.0,0.0,0.0,1.0,0.0,0.0,10.0,1.0,0.0,0.0,0.0,0.0,5.0,35.0,7.0,8.0,0.0,2.0,19.0,2.0,0.0,2.0,0.0,0.0
ctx-lh-precuneus,32.0,9.0,6.0,236.0,1.0,0.0,32.0,422.0,31.0,53.0,1139.0,101.0,0.0,204.0,0.0,27.0,189.0,22.0,9.0,0.0,1.0,194.0,137.0,430.0,89.0,4850.0,0.0,0.0,24.0,2718.0,39.0,65.0,0.0,16.0,2.0,3.0,0.0,2.0,0.0,0.0,6.0,20.0,11.0,1.0,86.0,14.0,0.0,14.0,0.0,7.0,7.0,6.0,0.0,0.0,0.0,7.0,2.0,29.0,2.0,123.0,0.0,0.0,7.0,37.0,3.0,8.0,0.0,0.0
ctx-lh-rostralanteriorcingulate,0.0,284.0,2.0,0.0,0.0,6.0,0.0,0.0,0.0,54.0,0.0,0.0,327.0,0.0,747.0,0.0,0.0,0.0,13.0,33.0,72.0,0.0,0.0,1.0,0.0,0.0,865.0,310.0,374.0,0.0,0.0,0.0,0.0,0.0,0.0,39.0,2.0,0.0,0.0,0.0,0.0,0.0,0.0,10.0,0.0,0.0,14.0,0.0,16.0,0.0,0.0,0.0,1.0,3.0,7.0,0.0,0.0,0.0,1.0,0.0,170.0,22.0,48.0,0.0,1.0,0.0,0.0,0.0
ctx-lh-rostralmiddlefrontal,0.0,247.0,790.0,0.0,0.0,97.0,0.0,0.0,0.0,77.0,0.0,0.0,781.0,0.0,700.0,0.0,5.0,0.0,469.0,470.0,637.0,0.0,6.0,19.0,74.0,0.0,310.0,7324.0,2591.0,2.0,0.0,2.0,0.0,0.0,0.0,49.0,0.0,0.0,0.0,1.0,0.0,0.0,0.0,4.0,0.0,0.0,2.0,0.0,3.0,0.0,0.0,0.0,3.0,3.0,4.0,0.0,0.0,0.0,4.0,0.0,30.0,7.0,23.0,0.0,0.0,1.0,0.0,0.0
ctx-lh-superiorfrontal,2.0,659.0,1259.0,0.0,0.0,75.0,0.0,2.0,0.0,88.0,8.0,0.0,80.0,0.0,242.0,0.0,615.0,0.0,204.0,40.0,120.0,0.0,50.0,371.0,891.0,24.0,374.0,2591.0,11375.0,21.0,1.0,7.0,0.0,0.0,0.0,106.0,14.0,0.0,0.0,0.0,0.0,2.0,0.0,7.0,2.0,0.0,2.0,0.0,2.0,0.0,13.0,0.0,4.0,1.0,5.0,0.0,4.0,35.0,8.0,4.0,26.0,18.0,70.0,2.0,1.0,3.0,0.0,0.0
ctx-lh-superiorparietal,41.0,1.0,22.0,887.0,0.0,0.0,45.0,1327.0,42.0,91.0,151.0,641.0,0.0,70.0,0.0,27.0,115.0,4.0,9.0,0.0,0.0,267.0,752.0,64.0,336.0,2718.0,0.0,2.0,21.0,7666.0,56.0,422.0,0.0,23.0,5.0,1.0,0.0,2.0,0.0,0.0,1.0,14.0,3.0,1.0,40.0,4.0,0.0,2.0,0.0,2.0,7.0,2.0,0.0,0.0,0.0,1.0,0.0,12.0,2.0,37.0,0.0,0.0,1.0,10.0,1.0,3.0,0.0,0.0
ctx-lh-superiortemporal,432.0,0.0,2.0,1.0,94.0,0.0,138.0,85.0,360.0,234.0,30.0,13.0,5.0,7.0,0.0,961.0,0.0,9.0,2.0,0.0,0.0,6.0,45.0,7.0,17.0,39.0,0.0,0.0,1.0,56.0,4144.0,663.0,278.0,511.0,0.0,0.0,0.0,1.0,0.0,0.0,0.0,2.0,1.0,0.0,7.0,1.0,0.0,0.0,0.0,0.0,0.0,0.0,0.0,0.0,0.0,2.0,1.0,1.0,0.0,8.0,0.0,0.0,0.0,3.0,0.0,1.0,0.0,0.0
ctx-lh-supramarginal,387.0,1.0,18.0,3.0,0.0,0.0,7.0,1251.0,30.0,206.0,31.0,6.0,0.0,6.0,0.0,22.0,2.0,2.0,12.0,0.0,0.0,2.0,1075.0,18.0,260.0,65.0,0.0,2.0,7.0,422.0,663.0,6566.0,0.0,31.0,1.0,0.0,0.0,0.0,0.0,0.0,0.0,3.0,3.0,2.0,18.0,1.0,0.0,1.0,0.0,0.0,2.0,0.0,0.0,0.0,0.0,1.0,0.0,2.0,0.0,10.0,0.0,0.0,0.0,2.0,1.0,0.0,0.0,0.0
ctx-lh-temporalpole,0.0,0.0,0.0,0.0,290.0,0.0,47.0,1.0,189.0,9.0,0.0,0.0,0.0,0.0,0.0,121.0,0.0,2.0,0.0,0.0,0.0,0.0,0.0,0.0,0.0,0.0,0.0,0.0,0.0,0.0,278.0,0.0,445.0,0.0,0.0,0.0,0.0,0.0,0.0,0.0,0.0,0.0,0.0,0.0,0.0,0.0,0.0,0.0,0.0,0.0,0.0,0.0,0.0,0.0,0.0,0.0,0.0,0.0,0.0,0.0,0.0,0.0,0.0,0.0,0.0,0.0,0.0,0.0
ctx-lh-transversetemporal,31.0,0.0,1.0,2.0,0.0,0.0,0.0,18.0,4.0,46.0,5.0,1.0,0.0,1.0,0.0,8.0,2.0,0.0,2.0,0.0,0.0,0.0,12.0,2.0,4.0,16.0,0.0,0.0,0.0,23.0,511.0,31.0,0.0,201.0,0.0,0.0,0.0,0.0,0.0,0.0,0.0,1.0,0.0,0.0,4.0,0.0,0.0,0.0,0.0,0.0,1.0,0.0,0.0,0.0,0.0,0.0,0.0,1.0,0.0,3.0,0.0,0.0,0.0,2.0,0.0,1.0,0.0,0.0
ctx-rh-bankssts,0.0,0.0,0.0,0.0,0.0,0.0,0.0,3.0,1.0,3.0,6.0,0.0,0.0,0.0,0.0,0.0,0.0,0.0,0.0,0.0,0.0,0.0,2.0,2.0,0.0,2.0,0.0,0.0,0.0,5.0,0.0,1.0,0.0,0.0,554.0,0.0,1.0,3.0,0.0,0.0,7.0,440.0,131.0,34.0,16.0,9.0,0.0,1.0,0.0,739.0,7.0,4.0,0.0,0.0,0.0,0.0,29.0,10.0,11.0,46.0,1.0,0.0,3.0,37.0,720.0,314.0,0.0,49.0
ctx-rh-caudalanteriorcingulate,0.0,195.0,13.0,0.0,0.0,0.0,0.0,0.0,0.0,9.0,0.0,0.0,3.0,0.0,3.0,0.0,7.0,0.0,14.0,2.0,5.0,0.0,4.0,57.0,8.0,3.0,39.0,49.0,106.0,1.0,0.0,0.0,0.0,0.0,0.0,925.0,70.0,0.0,0.0,1.0,0.0,3.0,0.0,51.0,7.0,0.0,8.0,0.0,17.0,0.0,32.0,0.0,33.0,7.0,27.0,0.0,13.0,293.0,48.0,12.0,223.0,131.0,853.0,7.0,0.0,6.0,0.0,0.0
ctx-rh-caudalmiddlefrontal,0.0,17.0,2.0,0.0,0.0,0.0,0.0,0.0,0.0,0.0,1.0,0.0,1.0,0.0,0.0,0.0,1.0,0.0,1.0,0.0,0.0,0.0,0.0,10.0,3.0,0.0,2.0,0.0,14.0,0.0,0.0,0.0,0.0,0.0,1.0,70.0,2702.0,0.0,0.0,0.0,0.0,13.0,0.0,43.0,3.0,0.0,0.0,0.0,1.0,0.0,19.0,0.0,232.0,0.0,44.0,0.0,92.0,29.0,987.0,2.0,4.0,1019.0,901.0,15.0,2.0,25.0,0.0,0.0
ctx-rh-cuneus,1.0,0.0,0.0,69.0,0.0,0.0,1.0,1.0,0.0,0.0,2.0,0.0,0.0,3.0,0.0,0.0,0.0,1.0,0.0,0.0,0.0,37.0,0.0,0.0,0.0,2.0,0.0,0.0,0.0,2.0,1.0,0.0,0.0,0.0,3.0,0.0,0.0,1449.0,0.0,0.0,20.0,15.0,6.0,0.0,12.0,476.0,0.0,225.0,0.0,8.0,0.0,4.0,0.0,0.0,0.0,1554.0,0.0,0.0,0.0,351.0,0.0,0.0,0.0,612.0,0.0,0.0,0.0,0.0
ctx-rh-entorhinal,0.0,0.0,0.0,0.0,0.0,0.0,0.0,0.0,0.0,0.0,0.0,0.0,0.0,0.0,0.0,0.0,0.0,0.0,0.0,0.0,0.0,0.0,0.0,0.0,0.0,0.0,0.0,0.0,0.0,0.0,0.0,0.0,0.0,0.0,0.0,0.0,0.0,0.0,225.0,0.0,297.0,1.0,312.0,1.0,0.0,1.0,0.0,0.0,0.0,8.0,0.0,121.0,0.0,0.0,0.0,0.0,0.0,0.0,0.0,0.0,0.0,0.0,0.0,0.0,7.0,0.0,191.0,0.0
ctx-rh-frontalpole,0.0,0.0,0.0,0.0,0.0,0.0,0.0,0.0,0.0,0.0,0.0,0.0,0.0,0.0,0.0,0.0,0.0,0.0,0.0,0.0,0.0,0.0,0.0,0.0,0.0,0.0,0.0,1.0,0.0,0.0,0.0,0.0,0.0,0.0,0.0,1.0,0.0,0.0,0.0,96.0,0.0,0.0,0.0,5.0,0.0,0.0,93.0,0.0,571.0,0.0,0.0,0.0,0.0,8.0,3.0,0.0,0.0,0.0,0.0,0.0,15.0,277.0,147.0,0.0,0.0,0.0,0.0,0.0
ctx-rh-fusiform,0.0,0.0,0.0,2.0,0.0,0.0,0.0,2.0,0.0,0.0,3.0,0.0,0.0,4.0,0.0,0.0,0.0,1.0,0.0,0.0,0.0,0.0,0.0,0.0,0.0,6.0,0.0,0.0,0.0,1.0,0.0,0.0,0.0,0.0,7.0,0.0,0.0,20.0,297.0,0.0,3534.0,91.0,1581.0,20.0,9.0,964.0,1.0,644.0,0.0,148.0,0.0,318.0,0.0,0.0,0.0,121.0,0.0,0.0,0.0,55.0,0.0,0.0,0.0,42.0,65.0,1.0,91.0,0.0
ctx-rh-inferiorparietal,0.0,1.0,0.0,0.0,0.0,0.0,0.0,7.0,0.0,2.0,28.0,2.0,0.0,2.0,0.0,2.0,2.0,1.0,0.0,0.0,0.0,5.0,2.0,3.0,0.0,20.0,0.0,0.0,2.0,14.0,2.0,3.0,0.0,1.0,440.0,3.0,13.0,15.0,1.0,0.0,91.0,9792.0,404.0,93.0,86.0,1054.0,1.0,26.0,0.0,775.0,13.0,4.0,14.0,0.0,2.0,22.0,155.0,32.0,123.0,450.0,0.0,8.0,4.0,1687.0,118.0,1479.0,1.0,8.0
ctx-rh-inferiortemporal,2.0,0.0,0.0,0.0,0.0,0.0,0.0,1.0,1.0,1.0,10.0,0.0,0.0,4.0,0.0,0.0,0.0,0.0,0.0,0.0,0.0,0.0,0.0,2.0,0.0,11.0,0.0,0.0,0.0,3.0,1.0,3.0,0.0,0.0,131.0,0.0,0.0,6.0,312.0,0.0,1581.0,404.0,5497.0,104.0,19.0,631.0,1.0,69.0,0.0,2029.0,3.0,35.0,0.0,0.0,0.0,13.0,7.0,5.0,3.0,68.0,0.0,0.0,1.0,51.0,235.0,13.0,427.0,2.0
ctx-rh-insula,1.0,15.0,1.0,0.0,0.0,0.0,0.0,0.0,0.0,1.0,5.0,0.0,0.0,1.0,1.0,0.0,2.0,0.0,1.0,1.0,0.0,0.0,1.0,7.0,1.0,1.0,10.0,4.0,7.0,1.0,0.0,2.0,0.0,0.0,34.0,51.0,43.0,0.0,1.0,5.0,20.0,93.0,104.0,1538.0,20.0,7.0,406.0,0.0,37.0,106.0,13.0,1.0,200.0,42.0,122.0,0.0,179.0,27.0,241.0,24.0,47.0,150.0,128.0,63.0,210.0,236.0,13.0,32.0
ctx-rh-isthmuscingulate,2.0,1.0,1.0,1.0,0.0,0.0,3.0,27.0,4.0,5.0,100.0,7.0,0.0,7.0,0.0,5.0,1.0,2.0,1.0,0.0,0.0,3.0,6.0,35.0,9.0,86.0,0.0,0.0,2.0,40.0,7.0,18.0,0.0,4.0,16.0,7.0,3.0,12.0,0.0,0.0,9.0,86.0,19.0,20.0,857.0,45.0,0.0,102.0,0.0,14.0,25.0,61.0,0.0,0.0,0.0,13.0,11.0,250.0,10.0,1208.0,1.0,3.0,7.0,106.0,13.0,25.0,0.0,6.0
ctx-rh-lateraloccipital,0.0,0.0,0.0,2.0,0.0,0.0,2.0,6.0,0.0,0.0,13.0,2.0,0.0,9.0,0.0,0.0,0.0,1.0,0.0,0.0,0.0,4.0,0.0,1.0,0.0,14.0,0.0,0.0,0.0,4.0,1.0,1.0,0.0,0.0,9.0,0.0,0.0,476.0,1.0,0.0,964.0,1054.0,631.0,7.0,45.0,8258.0,0.0,1073.0,0.0,101.0,0.0,11.0,0.0,0.0,0.0,1125.0,0.0,2.0,0.0,205.0,0.0,0.0,0.0,489.0,18.0,4.0,2.0,0.0
ctx-rh-lateralorbitofrontal,0.0,4.0,0.0,0.0,0.0,0.0,0.0,0.0,0.0,0.0,0.0,0.0,1.0,0.0,1.0,0.0,0.0,0.0,0.0,0.0,1.0,0.0,0.0,0.0,0.0,0.0,14.0,2.0,2.0,0.0,0.0,0.0,0.0,0.0,0.0,8.0,0.0,0.0,0.0,93.0,1.0,1.0,1.0,406.0,0.0,0.0,3033.0,0.0,1365.0,0.0,0.0,0.0,7.0,595.0,262.0,0.0,1.0,0.0,1.0,0.0,162.0,757.0,86.0,1.0,3.0,1.0,1.0,0.0
ctx-rh-lingual,1.0,0.0,0.0,7.0,0.0,0.0,0.0,5.0,0.0,0.0,8.0,2.0,0.0,223.0,0.0,0.0,0.0,1.0,0.0,0.0,0.0,22.0,0.0,1.0,1.0,14.0,0.0,0.0,0.0,2.0,0.0,1.0,0.0,0.0,1.0,0.0,0.0,225.0,0.0,0.0,644.0,26.0,69.0,0.0,102.0,1073.0,0.0,5609.0,0.0,12.0,0.0,266.0,0.0,0.0,0.0,2026.0,1.0,0.0,1.0,283.0,0.0,0.0,0.0,86.0,5.0,1.0,0.0,0.0
ctx-rh-medialorbitofrontal,0.0,4.0,0.0,0.0,0.0,0.0,0.0,0.0,0.0,0.0,0.0,0.0,9.0,0.0,7.0,0.0,0.0,0.0,2.0,1.0,1.0,0.0,0.0,0.0,0.0,0.0,16.0,3.0,2.0,0.0,0.0,0.0,0.0,0.0,0.0,17.0,1.0,0.0,0.0,571.0,0.0,0.0,0.0,37.0,0.0,0.0,1365.0,0.0,1694.0,0.0,0.0,0.0,3.0,91.0,42.0,0.0,0.0,0.0,0.0,0.0,627.0,889.0,387.0,0.0,0.0,0.0,0.0,0.0
ctx-rh-middletemporal,0.0,0.0,0.0,0.0,0.0,0.0,1.0,3.0,0.0,0.0,5.0,0.0,0.0,1.0,0.0,0.0,0.0,0.0,0.0,0.0,0.0,0.0,1.0,1.0,0.0,7.0,0.0,0.0,0.0,2.0,0.0,0.0,0.0,0.0,739.0,0.0,0.0,8.0,8.0,0.0,148.0,775.0,2029.0,106.0,14.0,101.0,0.0,12.0,0.0,4418.0,4.0,2.0,0.0,0.0,0.0,6.0,8.0,1.0,4.0,43.0,0.0,0.0,1.0,32.0,676.0,34.0,256.0,4.0
ctx-rh-paracentral,0.0,4.0,2.0,0.0,0.0,0.0,0.0,0.0,1.0,0.0,7.0,0.0,0.0,0.0,0.0,1.0,13.0,0.0,1.0,0.0,0.0,0.0,2.0,46.0,10.0,7.0,0.0,0.0,13.0,7.0,0.0,2.0,0.0,1.0,7.0,32.0,19.0,0.0,0.0,0.0,0.0,13.0,3.0,13.0,25.0,0.0,0.0,0.0,0.0,4.0,1927.0,0.0,4.0,0.0,0.0,0.0,440.0,370.0,905.0,295.0,0.0,6.0,682.0,282.0,4.0,28.0,0.0,3.0
ctx-rh-parahippocampal,0.0,0.0,0.0,0.0,0.0,0.0,0.0,0.0,0.0,0.0,4.0,1.0,0.0,1.0,0.0,0.0,0.0,1.0,0.0,0.0,0.0,2.0,0.0,0.0,1.0,6.0,0.0,0.0,0.0,2.0,0.0,0.0,0.0,0.0,4.0,0.0,0.0,4.0,121.0,0.0,318.0,4.0,35.0,1.0,61.0,11.0,0.0,266.0,0.0,2.0,0.0,528.0,0.0,0.0,0.0,6.0,0.0,0.0,0.0,26.0,0.0,0.0,0.0,3.0,3.0,2.0,0.0,0.0
ctx-rh-parsopercularis,0.0,10.0,0.0,0.0,0.0,0.0,0.0,1.0,0.0,1.0,0.0,0.0,0.0,0.0,3.0,0.0,0.0,0.0,0.0,0.0,0.0,0.0,0.0,1.0,0.0,0.0,1.0,3.0,4.0,0.0,0.0,0.0,0.0,0.0,0.0,33.0,232.0,0.0,0.0,0.0,0.0,14.0,0.0,200.0,0.0,0.0,7.0,0.0,3.0,0.0,4.0,0.0,1595.0,8.0,528.0,0.0,96.0,12.0,512.0,0.0,18.0,541.0,169.0,7.0,1.0,37.0,0.0,0.0
ctx-rh-parsorbitalis,0.0,2.0,0.0,0.0,0.0,0.0,0.0,0.0,0.0,0.0,1.0,0.0,1.0,0.0,0.0,0.0,0.0,0.0,1.0,0.0,0.0,0.0,0.0,0.0,0.0,0.0,3.0,3.0,1.0,0.0,0.0,0.0,0.0,0.0,0.0,7.0,0.0,0.0,0.0,8.0,0.0,0.0,0.0,42.0,0.0,0.0,595.0,0.0,91.0,0.0,0.0,0.0,8.0,917.0,408.0,0.0,1.0,0.0,1.0,0.0,44.0,587.0,52.0,0.0,0.0,0.0,0.0,0.0
ctx-rh-parstriangularis,0.0,4.0,1.0,0.0,0.0,0.0,0.0,0.0,0.0,0.0,0.0,0.0,0.0,0.0,0.0,0.0,0.0,0.0,0.0,0.0,0.0,0.0,0.0,0.0,0.0,0.0,7.0,4.0,5.0,0.0,0.0,0.0,0.0,0.0,0.0,27.0,44.0,0.0,0.0,3.0,0.0,2.0,0.0,122.0,0.0,0.0,262.0,0.0,42.0,0.0,0.0,0.0,528.0,408.0,1769.0,0.0,12.0,2.0,17.0,0.0,36.0,995.0,147.0,2.0,0.0,2.0,0.0,0.0
ctx-rh-pericalcarine,0.0,0.0,0.0,45.0,0.0,0.0,0.0,0.0,0.0,0.0,7.0,1.0,0.0,57.0,0.0,0.0,0.0,0.0,0.0,0.0,0.0,37.0,0.0,0.0,0.0,7.0,0.0,0.0,0.0,1.0,2.0,1.0,0.0,0.0,0.0,0.0,0.0,1554.0,0.0,0.0,121.0,22.0,13.0,0.0,13.0,1125.0,0.0,2026.0,0.0,6.0,0.0,6.0,0.0,0.0,0.0,1379.0,0.0,1.0,0.0,300.0,0.0,0.0,0.0,129.0,3.0,0.0,0.0,0.0
ctx-rh-postcentral,0.0,1.0,1.0,0.0,0.0,0.0,0.0,4.0,0.0,0.0,4.0,0.0,0.0,0.0,0.0,0.0,2.0,0.0,0.0,0.0,1.0,0.0,0.0,5.0,5.0,2.0,0.0,0.0,4.0,0.0,1.0,0.0,0.0,0.0,29.0,13.0,92.0,0.0,0.0,0.0,0.0,155.0,7.0,179.0,11.0,0.0,1.0,1.0,0.0,8.0,440.0,0.0,96.0,1.0,12.0,0.0,5611.0,33.0,1917.0,119.0,2.0,17.0,53.0,628.0,10.0,1507.0,0.0,1.0
ctx-rh-posteriorcingulate,1.0,23.0,5.0,1.0,0.0,0.0,0.0,9.0,0.0,3.0,30.0,1.0,0.0,0.0,0.0,0.0,50.0,0.0,4.0,0.0,0.0,0.0,7.0,160.0,35.0,29.0,0.0,0.0,35.0,12.0,1.0,2.0,0.0,1.0,10.0,293.0,29.0,0.0,0.0,0.0,0.0,32.0,5.0,27.0,250.0,2.0,0.0,0.0,0.0,1.0,370.0,0.0,12.0,0.0,2.0,1.0,33.0,1151.0,72.0,446.0,2.0,11.0,382.0,79.0,7.0,41.0,0.0,2.0
ctx-rh-precentral,0.0,9.0,3.0,0.0,0.0,0.0,0.0,0.0,1.0,1.0,4.0,0.0,0.0,0.0,0.0,0.0,3.0,0.0,2.0,0.0,0.0,0.0,1.0,29.0,7.0,2.0,1.0,4.0,8.0,2.0,0.0,0.0,0.0,0.0,11.0,48.0,987.0,0.0,0.0,0.0,0.0,123.0,3.0,241.0,10.0,0.0,1.0,1.0,0.0,4.0,905.0,0.0,512.0,1.0,17.0,0.0,1917.0,72.0,7963.0,43.0,2.0,58.0,725.0,214.0,5.0,408.0,0.0,0.0
ctx-rh-precuneus,2.0,1.0,0.0,5.0,0.0,0.0,3.0,34.0,4.0,10.0,86.0,5.0,0.0,17.0,0.0,3.0,3.0,7.0,1.0,0.0,0.0,10.0,6.0,24.0,8.0,123.0,0.0,0.0,4.0,37.0,8.0,10.0,0.0,3.0,46.0,12.0,2.0,351.0,0.0,0.0,55.0,450.0,68.0,24.0,1208.0,205.0,0.0,283.0,0.0,43.0,295.0,26.0,0.0,0.0,0.0,300.0,119.0,446.0,43.0,5265.0,0.0,0.0,19.0,3174.0,24.0,46.0,0.0,2.0
ctx-rh-rostralanteriorcingulate,0.0,44.0,1.0,0.0,0.0,0.0,0.0,0.0,0.0,11.0,0.0,0.0,13.0,0.0,21.0,0.0,0.0,0.0,4.0,1.0,9.0,0.0,0.0,1.0,0.0,0.0,170.0,30.0,26.0,0.0,0.0,0.0,0.0,0.0,1.0,223.0,4.0,0.0,0.0,15.0,0.0,0.0,0.0,47.0,1.0,0.0,162.0,0.0,627.0,0.0,0.0,0.0,18.0,44.0,36.0,0.0,2.0,2.0,2.0,0.0,689.0,159.0,400.0,0.0,0.0,0.0,0.0,0.0
ctx-rh-rostralmiddlefrontal,0.0,27.0,0.0,0.0,0.0,0.0,0.0,0.0,0.0,0.0,0.0,0.0,2.0,0.0,2.0,0.0,0.0,0.0,4.0,0.0,0.0,0.0,1.0,9.0,2.0,0.0,22.0,7.0,18.0,0.0,0.0,0.0,0.0,0.0,0.0,131.0,1019.0,0.0,0.0,277.0,0.0,8.0,0.0,150.0,3.0,0.0,757.0,0.0,889.0,0.0,6.0,0.0,541.0,587.0,995.0,0.0,17.0,11.0,58.0,0.0,159.0,7578.0,2146.0,2.0,1.0,6.0,0.0,0.0
ctx-rh-superiorfrontal,0.0,141.0,11.0,0.0,0.0,0.0,0.0,0.0,0.0,7.0,1.0,0.0,11.0,0.0,6.0,0.0,7.0,0.0,5.0,1.0,7.0,0.0,3.0,69.0,19.0,7.0,48.0,23.0,70.0,1.0,0.0,0.0,0.0,0.0,3.0,853.0,901.0,0.0,0.0,147.0,0.0,4.0,1.0,128.0,7.0,0.0,86.0,0.0,387.0,1.0,682.0,0.0,169.0,52.0,147.0,0.0,53.0,382.0,725.0,19.0,400.0,2146.0,10883.0,28.0,1.0,16.0,0.0,0.0
ctx-rh-superiorparietal,3.0,1.0,3.0,5.0,0.0,0.0,1.0,7.0,1.0,5.0,32.0,1.0,0.0,2.0,0.0,2.0,4.0,1.0,0.0,0.0,0.0,3.0,5.0,18.0,2.0,37.0,0.0,0.0,2.0,10.0,3.0,2.0,0.0,2.0,37.0,7.0,15.0,612.0,0.0,0.0,42.0,1687.0,51.0,63.0,106.0,489.0,1.0,86.0,0.0,32.0,282.0,3.0,7.0,0.0,2.0,129.0,628.0,79.0,214.0,3174.0,0.0,2.0,28.0,7238.0,29.0,414.0,1.0,7.0
ctx-rh-superiortemporal,1.0,1.0,0.0,1.0,0.0,0.0,0.0,3.0,0.0,0.0,2.0,0.0,0.0,0.0,0.0,0.0,1.0,1.0,0.0,0.0,0.0,0.0,3.0,1.0,0.0,3.0,1.0,0.0,1.0,1.0,0.0,1.0,0.0,0.0,720.0,0.0,2.0,0.0,7.0,0.0,65.0,118.0,235.0,210.0,13.0,18.0,3.0,5.0,0.0,676.0,4.0,3.0,1.0,0.0,0.0,3.0,10.0,7.0,5.0,24.0,0.0,1.0,1.0,29.0,3613.0,314.0,191.0,444.0
ctx-rh-supramarginal,0.0,3.0,0.0,0.0,0.0,0.0,0.0,1.0,1.0,0.0,6.0,1.0,0.0,0.0,0.0,0.0,1.0,0.0,0.0,0.0,0.0,0.0,2.0,4.0,2.0,8.0,0.0,1.0,3.0,3.0,1.0,0.0,0.0,1.0,314.0,6.0,25.0,0.0,0.0,0.0,1.0,1479.0,13.0,236.0,25.0,4.0,1.0,1.0,0.0,34.0,28.0,2.0,37.0,0.0,2.0,0.0,1507.0,41.0,408.0,46.0,0.0,6.0,16.0,414.0,314.0,4679.0,0.0,23.0
ctx-rh-temporalpole,0.0,0.0,0.0,0.0,0.0,0.0,0.0,0.0,0.0,0.0,0.0,0.0,0.0,0.0,0.0,0.0,0.0,0.0,0.0,0.0,0.0,0.0,0.0,0.0,0.0,0.0,0.0,0.0,0.0,0.0,0.0,0.0,0.0,0.0,0.0,0.0,0.0,0.0,191.0,0.0,91.0,1.0,427.0,13.0,0.0,2.0,1.0,0.0,0.0,256.0,0.0,0.0,0.0,0.0,0.0,0.0,0.0,0.0,0.0,0.0,0.0,0.0,0.0,1.0,191.0,0.0,597.0,0.0
ctx-rh-transversetemporal,0.0,0.0,0.0,0.0,0.0,0.0,0.0,0.0,0.0,0.0,3.0,0.0,0.0,0.0,0.0,0.0,0.0,0.0,0.0,0.0,0.0,0.0,0.0,1.0,0.0,0.0,0.0,0.0,0.0,0.0,0.0,0.0,0.0,0.0,49.0,0.0,0.0,0.0,0.0,0.0,0.0,8.0,2.0,32.0,6.0,0.0,0.0,0.0,0.0,4.0,3.0,0.0,0.0,0.0,0.0,0.0,1.0,2.0,0.0,2.0,0.0,0.0,0.0,7.0,444.0,23.0,0.0,70.0
