,ctx-lh-bankssts,ctx-lh-caudalanteriorcingulate,ctx-lh-caudalmiddlefrontal,ctx-lh-cuneus,ctx-lh-entorhinal,ctx-lh-frontalpole,ctx-lh-fusiform,ctx-lh-inferiorparietal,ctx-lh-inferiortemporal,ctx-lh-insula,ctx-lh-isthmuscingulate,ctx-lh-lateraloccipital,ctx-lh-lateralorbitofrontal,ctx-lh-lingual,ctx-lh-medialorbitofrontal,ctx-lh-middletemporal,ctx-lh-paracentral,ctx-lh-parahippocampal,ctx-lh-parsopercularis,ctx-lh-parsorbitalis,ctx-lh-parstriangularis,ctx-lh-pericalcarine,ctx-lh-postcentral,ctx-lh-posteriorcingulate,ctx-lh-precentral,ctx-lh-precuneus,ctx-lh-rostralanteriorcingulate,ctx-lh-rostralmiddlefrontal,ctx-lh-superiorfrontal,ctx-lh-superiorparietal,ctx-lh-superiortemporal,ctx-lh-supramarginal,ctx-lh-temporalpole,ctx-lh-transversetemporal,ctx-rh-bankssts,ctx-rh-caudalanteriorcingulate,ctx-rh-caudalmiddlefrontal,ctx-rh-cuneus,ctx-rh-entorhinal,ctx-rh-frontalpole,ctx-rh-fusiform,ctx-rh-inferiorparietal,ctx-rh-inferiortemporal,ctx-rh-insula,ctx-rh-isthmuscingulate,ctx-rh-lateraloccipital,ctx-rh-lateralorbitofrontal,ctx-rh-lingual,ctx-rh-medialorbitofrontal,ctx-rh-middletemporal,ctx-rh-paracentral,ctx-rh-parahippocampal,ctx-rh-parsopercularis,ctx-rh-parsorbitalis,ctx-rh-parstriangularis,ctx-rh-pericalcarine,ctx-rh-postcentral,ctx-rh-posteriorcingulate,ctx-rh-precentral,ctx-rh-precuneus,ctx-rh-rostralanteriorcingulate,ctx-rh-rostralmiddlefrontal,ctx-rh-superiorfrontal,ctx-rh-superiorparietal,ctx-rh-superiortemporal,ctx-rh-supramarginal,ctx-rh-temporalpole,ctx-rh-transversetemporal
ctx-lh-bankssts,659.0,0.0,2.0,0.0,0.0,0.0,17.0,234.0,178.0,24.0,4.0,9.0,0.0,2.0,0.0,827.0,0.0,1.0,0.0,0.0,0.0,3.0,24.0,1.0,10.0,17.0,0.0,0.0,1.0,19.0,993.0,316.0,1.0,13.0,0.0,0.0,0.0,0.0,0.0,0.0,1.0,1.0,0.0,0.0,1.0,0.0,0.0,0.0,0.0,0.0,0.0,0.0,0.0,0.0,0.0,0.0,0.0,2.0,0.0,2.0,0.0,0.0,0.0,1.0,0.0,1.0,0.0,0.0
ctx-lh-caudalanteriorcingulate,0.0,515.0,83.0,0.0,0.0,1.0,0.0,0.0,0.0,19.0,7.0,0.0,15.0,0.0,22.0,0.0,13.0,0.0,36.0,1.0,15.0,0.0,7.0,374.0,41.0,7.0,390.0,122.0,758.0,0.0,2.0,0.0,0.0,0.0,0.0,141.0,30.0,0.0,0.0,1.0,0.0,1.0,0.0,4.0,1.0,0.0,11.0,0.0,7.0,0.0,3.0,0.0,12.0,5.0,10.0,0.0,0.0,21.0,16.0,4.0,43.0,88.0,238.0,1.0,0.0,2.0,0.0,0.0
ctx-lh-caudalmiddlefrontal,2.0,83.0,4190.0,0.0,0.0,0.0,0.0,2.0,2.0,112.0,1.0,0.0,3.0,0.0,0.0,0.0,27.0,0.0,166.0,0.0,11.0,0.0,116.0,54.0,1569.0,2.0,4.0,994.0,1144.0,15.0,3.0,30.0,0.0,0.0,0.0,41.0,8.0,0.0,0.0,0.0,0.0,0.0,0.0,0.0,0.0,0.0,1.0,0.0,0.0,0.0,4.0,0.0,1.0,0.0,3.0,0.0,0.0,17.0,8.0,1.0,0.0,11.0,71.0,0.0,0.0,0.0,0.0,0.0
ctx-lh-cuneus,0.0,0.0,0.0,1320.0,0.0,0.0,23.0,34.0,15.0,1.0,18.0,390.0,0.0,204.0,0.0,3.0,0.0,1.0,0.0,0.0,0.0,1563.0,1.0,0.0,0.0,234.0,0.0,0.0,0.0,941.0,3.0,4.0,0.0,0.0,1.0,0.0,0.0,20.0,0.0,0.0,3.0,7.0,0.0,0.0,6.0,3.0,0.0,3.0,0.0,0.0,0.0,2.0,0.0,0.0,0.0,18.0,1.0,0.0,0.0,12.0,0.0,0.0,0.0,7.0,0.0,0.0,0.0,1.0
ctx-lh-entorhinal,0.0,0.0,0.0,0.0,195.0,0.0,55.0,1.0,142.0,8.0,1.0,0.0,0.0,1.0,0.0,8.0,0.0,99.0,0.0,0.0,0.0,0.0,0.0,0.0,0.0,0.0,0.0,0.0,0.0,0.0,7.0,0.0,223.0,0.0,0.0,0.0,0.0,0.0,0.0,0.0,0.0,0.0,0.0,0.0,0.0,0.0,0.0,0.0,0.0,0.0,0.0,0.0,0.0,0.0,0.0,0.0,0.0,0.0,0.0,0.0,0.0,0.0,0.0,0.0,0.0,0.0,0.0,0.0
ctx-lh-frontalpole,0.0,1.0,0.0,0.0,0.0,67.0,0.0,0.0,0.0,0.0,0.0,0.0,82.0,0.0,228.0,0.0,0.0,0.0,0.0,0.0,0.0,0.0,0.0,0.0,0.0,0.0,10.0,186.0,66.0,0.0,0.0,0.0,0.0,0.0,0.0,0.0,0.0,0.0,0.0,0.0,0.0,0.0,0.0,0.0,0.0,0.0,0.0,0.0,0.0,0.0,0.0,0.0,0.0,0.0,0.0,0.0,0.0,0.0,0.0,0.0,3.0,0.0,1.0,0.0,0.0,0.0,0.0,0.0
ctx-lh-fusiform,17.0,0.0,0.0,23.0,55.0,0.0,3286.0,135.0,1383.0,25.0,24.0,978.0,0.0,484.0,0.0,108.0,0.0,174.0,0.0,0.0,0.0,43.0,5.0,1.0,0.0,66.0,0.0,0.0,1.0,65.0,68.0,16.0,101.0,12.0,2.0,0.0,0.0,3.0,0.0,0.0,0.0,8.0,1.0,1.0,14.0,3.0,0.0,5.0,0.0,0.0,1.0,0.0,0.0,0.0,0.0,2.0,0.0,3.0,0.0,28.0,0.0,0.0,0.0,15.0,3.0,2.0,0.0,0.0
ctx-lh-inferiorparietal,234.0,0.0,2.0,34.0,1.0,0.0,135.0,5471.0,491.0,39.0,32.0,928.0,0.0,25.0,0.0,518.0,2.0,3.0,0.0,0.0,0.0,11.0,61.0,9.0,25.0,157.0,0.0,0.0,2.0,1307.0,102.0,1335.0,0.0,14.0,0.0,0.0,0.0,1.0,0.0,0.0,2.0,10.0,1.0,2.0,18.0,3.0,0.0,6.0,0.0,1.0,1.0,2.0,0.0,0.0,0.0,1.0,4.0,5.0,2.0,29.0,0.0,0.0,0.0,21.0,3.0,5.0,0.0,0.0
ctx-lh-inferiortemporal,178.0,0.0,2.0,15.0,142.0,0.0,1383.0,491.0,3991.0,155.0,9.0,376.0,6.0,77.0,0.0,2257.0,1.0,63.0,0.0,1.0,0.0,11.0,17.0,3.0,5.0,33.0,0.0,0.0,0.0,73.0,366.0,118.0,243.0,42.0,2.0,0.0,0.0,0.0,0.0,0.0,1.0,4.0,1.0,1.0,7.0,1.0,0.0,4.0,0.0,3.0,1.0,2.0,0.0,0.0,0.0,2.0,1.0,1.0,0.0,8.0,0.0,0.0,1.0,13.0,0.0,3.0,0.0,0.0
ctx-lh-insula,24.0,19.0,112.0,1.0,8.0,0.0,25.0,39.0,155.0,1742.0,14.0,10.0,377.0,9.0,45.0,136.0,26.0,4.0,194.0,20.0,102.0,0.0,337.0,77.0,460.0,40.0,10.0,207.0,164.0,82.0,248.0,410.0,55.0,92.0,1.0,8.0,5.0,0.0,0.0,0.0,0.0,2.0,1.0,2.0,5.0,0.0,0.0,0.0,0.0,0.0,1.0,0.0,3.0,0.0,2.0,0.0,2.0,24.0,7.0,13.0,2.0,5.0,20.0,11.0,1.0,1.0,0.0,1.0
ctx-lh-isthmuscingulate,4.0,7.0,1.0,18.0,1.0,0.0,24.0,32.0,9.0,14.0,779.0,43.0,0.0,127.0,0.0,8.0,12.0,40.0,0.0,0.0,0.0,25.0,11.0,449.0,7.0,1011.0,0.0,0.0,7.0,110.0,11.0,7.0,0.0,1.0,15.0,2.0,0.0,7.0,0.0,0.0,6.0,36.0,6.0,9.0,111.0,7.0,0.0,12.0,0.0,6.0,14.0,2.0,0.0,0.0,0.0,8.0,20.0,47.0,9.0,150.0,0.0,0.0,2.0,119.0,13.0,14.0,1.0,7.0
ctx-lh-lateraloccipital,9.0,0.0,0.0,390.0,0.0,0.0,978.0,928.0,376.0,10.0,43.0,6453.0,0.0,768.0,0.0,86.0,1.0,8.0,0.0,0.0,0.0,656.0,3.0,7.0,1.0,203.0,0.0,0.0,0.0,582.0,19.0,12.0,2.0,7.0,2.0,0.0,0.0,9.0,0.0,0.0,2.0,9.0,4.0,2.0,30.0,7.0,0.0,14.0,0.0,1.0,0.0,2.0,0.0,0.0,0.0,3.0,1.0,1.0,0.0,48.0,0.0,0.0,0.0,35.0,4.0,1.0,0.0,0.0
ctx-lh-lateralorbitofrontal,0.0,15.0,3.0,0.0,0.0,82.0,0.0,0.0,6.0,377.0,0.0,0.0,3118.0,0.0,1415.0,0.0,0.0,0.0,15.0,457.0,367.0,0.0,0.0,1.0,0.0,0.0,172.0,1263.0,256.0,0.0,1.0,1.0,1.0,0.0,0.0,2.0,0.0,0.0,0.0,0.0,0.0,0.0,0.0,1.0,0.0,0.0,3.0,0.0,1.0,0.0,0.0,0.0,2.0,0.0,3.0,0.0,0.0,0.0,0.0,0.0,16.0,16.0,23.0,0.0,0.0,0.0,0.0,0.0
ctx-lh-lingual,2.0,0.0,0.0,204.0,1.0,0.0,484.0,25.0,77.0,9.0,127.0,768.0,0.0,5019.0,0.0,20.0,0.0,164.0,0.0,0.0,0.0,1390.0,0.0,4.0,0.0,193.0,0.0,0.0,0.0,71.0,12.0,3.0,1.0,1.0,1.0,0.0,0.0,11.0,0.0,0.0,10.0,14.0,0.0,0.0,29.0,12.0,0.0,94.0,0.0,3.0,0.0,4.0,0.0,0.0,0.0,39.0,1.0,2.0,2.0,57.0,0.0,0.0,0.0,20.0,10.0,1.0,0.0,0.0
ctx-lh-medialorbitofrontal,0.0,22.0,0.0,0.0,0.0,228.0,0.0,0.0,0.0,45.0,0.0,0.0,1415.0,0.0,1980.0,0.0,0.0,0.0,3.0,12.0,15.0,0.0,0.0,0.0,0.0,0.0,489.0,465.0,400.0,0.0,0.0,0.0,0.0,0.0,0.0,4.0,0.0,0.0,0.0,1.0,0.0,0.0,0.0,0.0,0.0,0.0,7.0,0.0,8.0,0.0,0.0,0.0,0.0,2.0,2.0,0.0,0.0,0.0,0.0,0.0,12.0,21.0,22.0,0.0,0.0,0.0,0.0,0.0
ctx-lh-middletemporal,827.0,0.0,0.0,3.0,8.0,0.0,108.0,518.0,2257.0,136.0,8.0,86.0,0.0,20.0,0.0,4045.0,0.0,6.0,0.0,0.0,0.0,5.0,21.0,2.0,5.0,17.0,0.0,0.0,0.0,34.0,1417.0,147.0,175.0,49.0,0.0,0.0,0.0,0.0,0.0,0.0,0.0,1.0,0.0,0.0,4.0,0.0,0.0,2.0,0.0,0.0,0.0,0.0,0.0,0.0,0.0,0.0,0.0,2.0,0.0,0.0,0.0,0.0,1.0,2.0,0.0,0.0,0.0,0.0
ctx-lh-paracentral,0.0,13.0,27.0,0.0,0.0,0.0,0.0,2.0,1.0,26.0,12.0,1.0,0.0,0.0,0.0,0.0,1640.0,0.0,1.0,0.0,0.0,0.0,474.0,313.0,1018.0,104.0,1.0,1.0,397.0,85.0,3.0,14.0,0.0,2.0,0.0,6.0,8.0,0.0,0.0,0.0,0.0,1.0,0.0,1.0,3.0,0.0,0.0,0.0,0.0,0.0,22.0,0.0,2.0,0.0,0.0,0.0,4.0,54.0,31.0,11.0,0.0,3.0,31.0,12.0,2.0,2.0,0.0,1.0
ctx-lh-parahippocampal,1.0,0.0,0.0,1.0,99.0,0.0,174.0,3.0,63.0,4.0,40.0,8.0,0.0,164.0,0.0,6.0,0.0,372.0,0.0,0.0,0.0,2.0,0.0,0.0,0.0,6.0,0.0,0.0,0.0,3.0,3.0,0.0,1.0,1.0,0.0,0.0,0.0,0.0,0.0,0.0,0.0,5.0,1.0,0.0,1.0,1.0,0.0,2.0,0.0,1.0,0.0,1.0,0.0,0.0,0.0,0.0,0.0,1.0,0.0,3.0,0.0,0.0,0.0,4.0,0.0,0.0,0.0,0.0
ctx-lh-parsopercularis,0.0,36.0,166.0,0.0,0.0,0.0,0.0,0.0,0.0,194.0,0.0,0.0,15.0,0.0,3.0,0.0,1.0,0.0,1338.0,5.0,460.0,0.0,25.0,13.0,559.0,0.0,4.0,671.0,130.0,1.0,0.0,4.0,0.0,0.0,0.0,8.0,2.0,0.0,0.0,0.0,0.0,0.0,0.0,1.0,0.0,0.0,1.0,0.0,1.0,0.0,0.0,0.0,1.0,0.0,0.0,0.0,0.0,4.0,1.0,0.0,2.0,6.0,22.0,0.0,0.0,0.0,0.0,0.0
ctx-lh-parsorbitalis,0.0,1.0,0.0,0.0,0.0,0.0,0.0,0.0,1.0,20.0,0.0,0.0,457.0,0.0,12.0,0.0,0.0,0.0,5.0,422.0,389.0,0.0,0.0,0.0,0.0,0.0,10.0,514.0,48.0,0.0,0.0,0.0,0.0,0.0,0.0,1.0,0.0,0.0,0.0,0.0,0.0,0.0,0.0,0.0,0.0,0.0,0.0,0.0,0.0,0.0,0.0,0.0,0.0,1.0,0.0,0.0,0.0,0.0,0.0,0.0,0.0,3.0,3.0,0.0,0.0,0.0,0.0,0.0
ctx-lh-parstriangularis,0.0,15.0,11.0,0.0,0.0,0.0,0.0,0.0,0.0,102.0,0.0,0.0,367.0,0.0,15.0,0.0,0.0,0.0,460.0,389.0,950.0,0.0,0.0,0.0,10.0,1.0,6.0,963.0,97.0,0.0,0.0,0.0,0.0,0.0,0.0,5.0,1.0,0.0,0.0,0.0,0.0,0.0,0.0,1.0,0.0,0.0,0.0,0.0,3.0,0.0,0.0,0.0,0.0,0.0,0.0,0.0,0.0,0.0,0.0,0.0,6.0,8.0,21.0,0.0,0.0,0.0,0.0,0.0
ctx-lh-pericalcarine,3.0,0.0,0.0,1563.0,0.0,0.0,43.0,11.0,11.0,0.0,25.0,656.0,0.0,1390.0,0.0,5.0,0.0,2.0,0.0,0.0,0.0,970.0,1.0,1.0,1.0,125.0,0.0,0.0,0.0,206.0,2.0,0.0,0.0,2.0,0.0,0.0,0.0,5.0,0.0,0.0,2.0,2.0,1.0,0.0,8.0,2.0,0.0,19.0,0.0,1.0,2.0,1.0,0.0,0.0,0.0,0.0,0.0,1.0,0.0,11.0,0.0,0.0,0.0,6.0,0.0,0.0,0.0,0.0
ctx-lh-postcentral,24.0,7.0,116.0,1.0,0.0,0.0,5.0,61.0,17.0,337.0,11.0,3.0,0.0,0.0,0.0,21.0,474.0,0.0,25.0,0.0,0.0,1.0,7116.0,67.0,2281.0,110.0,0.0,16.0,51.0,685.0,48.0,1408.0,0.0,22.0,0.0,2.0,7.0,0.0,0.0,0.0,0.0,0.0,0.0,1.0,3.0,0.0,0.0,0.0,0.0,0.0,7.0,0.0,0.0,0.0,0.0,0.0,3.0,19.0,8.0,5.0,0.0,0.0,9.0,9.0,1.0,1.0,0.0,1.0
ctx-lh-posteriorcingulate,1.0,374.0,54.0,0.0,0.0,0.0,1.0,9.0,3.0,77.0,449.0,7.0,1.0,4.0,0.0,2.0,313.0,0.0,13.0,0.0,0.0,1.0,67.0,1462.0,192.0,546.0,13.0,13.0,438.0,78.0,12.0,16.0,0.0,6.0,1.0,30.0,18.0,0.0,0.0,0.0,0.0,5.0,1.0,2.0,17.0,0.0,1.0,0.0,0.0,0.0,57.0,0.0,2.0,0.0,2.0,1.0,24.0,172.0,80.0,48.0,0.0,8.0,138.0,51.0,6.0,14.0,0.0,1.0
ctx-lh-precentral,10.0,41.0,1569.0,0.0,0.0,0.0,0.0,25.0,5.0,460.0,7.0,1.0,0.0,0.0,0.0,5.0,1018.0,0.0,559.0,0.0,10.0,1.0,2281.0,192.0,7358.0,71.0,0.0,114.0,855.0,166.0,25.0,342.0,0.0,4.0,0.0,20.0,15.0,0.0,0.0,0.0,0.0,2.0,1.0,4.0,2.0,0.0,0.0,0.0,0.0,0.0,18.0,0.0,4.0,0.0,1.0,0.0,5.0,55.0,28.0,7.0,2.0,7.0,63.0,5.0,1.0,0.0,0.0,1.0
ctx-lh-precuneus,17.0,7.0,2.0,234.0,0.0,0.0,66.0,157.0,33.0,40.0,1011.0,203.0,0.0,193.0,0.0,17.0,104.0,6.0,0.0,0.0,1.0,125.0,110.0,546.0,71.0,5206.0,0.0,1.0,20.0,2010.0,27.0,50.0,0.0,14.0,4.0,3.0,0.0,19.0,0.0,0.0,14.0,84.0,5.0,7.0,161.0,23.0,0.0,44.0,0.0,6.0,20.0,4.0,0.0,0.0,0.0,11.0,14.0,71.0,23.0,226.0,0.0,1.0,10.0,166.0,19.0,39.0,0.0,5.0
ctx-lh-rostralanteriorcingulate,0.0,390.0,4.0,0.0,0.0,10.0,0.0,0.0,0.0,10.0,0.0,0.0,172.0,0.0,489.0,0.0,1.0,0.0,4.0,10.0,6.0,0.0,0.0,13.0,0.0,0.0,1425.0,153.0,645.0,0.0,0.0,0.0,0.0,0.0,0.0,29.0,0.0,0.0,0.0,1.0,0.0,0.0,0.0,2.0,0.0,0.0,20.0,0.0,27.0,0.0,0.0,0.0,0.0,2.0,4.0,0.0,0.0,3.0,0.0,0.0,96.0,55.0,125.0,0.0,0.0,0.0,0.0,0.0
ctx-lh-rostralmiddlefrontal,0.0,122.0,994.0,0.0,0.0,186.0,0.0,0.0,0.0,207.0,0.0,0.0,1263.0,0.0,465.0,0.0,1.0,0.0,671.0,514.0,963.0,0.0,16.0,13.0,114.0,1.0,153.0,7534.0,2478.0,2.0,0.0,1.0,0.0,0.0,0.0,54.0,7.0,0.0,0.0,0.0,0.0,0.0,0.0,6.0,0.0,0.0,5.0,0.0,7.0,0.0,1.0,0.0,3.0,2.0,13.0,0.0,0.0,1.0,1.0,0.0,39.0,52.0,108.0,0.0,0.0,0.0,0.0,0.0
ctx-lh-superiorfrontal,1.0,758.0,1144.0,0.0,0.0,66.0,1.0,2.0,0.0,164.0,7.0,0.0,256.0,0.0,400.0,0.0,397.0,0.0,130.0,48.0,97.0,0.0,51.0,438.0,855.0,20.0,645.0,2478.0,11459.0,15.0,3.0,13.0,0.0,0.0,0.0,226.0,62.0,0.0,0.0,1.0,0.0,1.0,0.0,19.0,0.0,0.0,15.0,0.0,12.0,0.0,25.0,0.0,12.0,5.0,17.0,0.0,2.0,93.0,69.0,4.0,59.0,127.0,443.0,1.0,0.0,0.0,0.0,0.0
ctx-lh-superiorparietal,19.0,0.0,15.0,941.0,0.0,0.0,65.0,1307.0,73.0,82.0,110.0,582.0,0.0,71.0,0.0,34.0,85.0,3.0,1.0,0.0,0.0,206.0,685.0,78.0,166.0,2010.0,0.0,2.0,15.0,7235.0,52.0,696.0,2.0,19.0,2.0,2.0,2.0,3.0,0.0,0.0,6.0,34.0,9.0,7.0,50.0,3.0,0.0,13.0,0.0,2.0,7.0,3.0,1.0,0.0,0.0,4.0,8.0,27.0,7.0,59.0,1.0,0.0,6.0,68.0,10.0,9.0,0.0,3.0
ctx-lh-superiortemporal,993.0,2.0,3.0,3.0,7.0,0.0,68.0,102.0,366.0,248.0,11.0,19.0,1.0,12.0,0.0,1417.0,3.0,3.0,0.0,0.0,0.0,2.0,48.0,12.0,25.0,27.0,0.0,0.0,3.0,52.0,4584.0,505.0,180.0,621.0,1.0,0.0,0.0,0.0,0.0,0.0,0.0,4.0,0.0,1.0,3.0,1.0,0.0,1.0,0.0,0.0,1.0,0.0,0.0,0.0,0.0,0.0,1.0,4.0,0.0,8.0,0.0,0.0,0.0,9.0,2.0,0.0,0.0,0.0
ctx-lh-supramarginal,316.0,0.0,30.0,4.0,0.0,0.0,16.0,1335.0,118.0,410.0,7.0,12.0,1.0,3.0,0.0,147.0,14.0,0.0,4.0,0.0,0.0,0.0,1408.0,16.0,342.0,50.0,0.0,1.0,13.0,696.0,505.0,8485.0,1.0,30.0,0.0,0.0,0.0,2.0,0.0,0.0,0.0,0.0,0.0,0.0,4.0,0.0,0.0,0.0,0.0,0.0,0.0,0.0,0.0,0.0,0.0,0.0,2.0,7.0,3.0,12.0,0.0,0.0,3.0,15.0,1.0,4.0,0.0,0.0
ctx-lh-temporalpole,1.0,0.0,0.0,0.0,223.0,0.0,101.0,0.0,243.0,55.0,0.0,2.0,1.0,1.0,0.0,175.0,0.0,1.0,0.0,0.0,0.0,0.0,0.0,0.0,0.0,0.0,0.0,0.0,0.0,2.0,180.0,1.0,515.0,0.0,0.0,0.0,0.0,0.0,0.0,0.0,0.0,0.0,0.0,0.0,1.0,0.0,0.0,0.0,0.0,0.0,0.0,0.0,0.0,0.0,0.0,0.0,0.0,0.0,0.0,0.0,0.0,0.0,0.0,0.0,0.0,0.0,0.0,0.0
ctx-lh-transversetemporal,13.0,0.0,0.0,0.0,0.0,0.0,12.0,14.0,42.0,92.0,1.0,7.0,0.0,1.0,0.0,49.0,2.0,1.0,0.0,0.0,0.0,2.0,22.0,6.0,4.0,14.0,0.0,0.0,0.0,19.0,621.0,30.0,0.0,400.0,0.0,0.0,0.0,0.0,0.0,0.0,0.0,2.0,0.0,1.0,4.0,0.0,0.0,0.0,0.0,0.0,2.0,0.0,1.0,0.0,0.0,0.0,0.0,2.0,0.0,7.0,0.0,0.0,0.0,1.0,0.0,1.0,0.0,0.0
ctx-rh-bankssts,0.0,0.0,0.0,1.0,0.0,0.0,2.0,0.0,2.0,1.0,15.0,2.0,0.0,1.0,0.0,0.0,0.0,0.0,0.0,0.0,0.0,0.0,0.0,1.0,0.0,4.0,0.0,0.0,0.0,2.0,1.0,0.0,0.0,0.0,733.0,0.0,0.0,0.0,4.0,0.0,78.0,544.0,213.0,30.0,16.0,12.0,0.0,18.0,0.0,931.0,1.0,21.0,1.0,0.0,0.0,2.0,13.0,1.0,4.0,31.0,0.0,0.0,0.0,46.0,870.0,321.0,2.0,31.0
ctx-rh-caudalanteriorcingulate,0.0,141.0,41.0,0.0,0.0,0.0,0.0,0.0,0.0,8.0,2.0,0.0,2.0,0.0,4.0,0.0,6.0,0.0,8.0,1.0,5.0,0.0,2.0,30.0,20.0,3.0,29.0,54.0,226.0,2.0,0.0,0.0,0.0,0.0,0.0,443.0,37.0,0.0,0.0,0.0,0.0,0.0,0.0,14.0,10.0,0.0,11.0,0.0,4.0,1.0,11.0,0.0,18.0,3.0,11.0,0.0,6.0,321.0,22.0,8.0,169.0,142.0,619.0,6.0,0.0,1.0,0.0,0.0
ctx-rh-caudalmiddlefrontal,0.0,30.0,8.0,0.0,0.0,0.0,0.0,0.0,0.0,5.0,0.0,0.0,0.0,0.0,0.0,0.0,8.0,0.0,2.0,0.0,1.0,0.0,7.0,18.0,15.0,0.0,0.0,7.0,62.0,2.0,0.0,0.0,0.0,0.0,0.0,37.0,2755.0,0.0,0.0,0.0,0.0,2.0,0.0,26.0,1.0,0.0,0.0,0.0,0.0,1.0,28.0,0.0,211.0,0.0,28.0,0.0,28.0,36.0,1030.0,1.0,1.0,976.0,928.0,9.0,0.0,11.0,0.0,0.0
ctx-rh-cuneus,0.0,0.0,0.0,20.0,0.0,0.0,3.0,1.0,0.0,0.0,7.0,9.0,0.0,11.0,0.0,0.0,0.0,0.0,0.0,0.0,0.0,5.0,0.0,0.0,0.0,19.0,0.0,0.0,0.0,3.0,0.0,2.0,0.0,0.0,0.0,0.0,0.0,1853.0,0.0,0.0,35.0,77.0,11.0,4.0,22.0,450.0,0.0,214.0,0.0,7.0,1.0,3.0,0.0,0.0,0.0,1404.0,0.0,2.0,0.0,416.0,0.0,0.0,0.0,478.0,3.0,1.0,1.0,3.0
ctx-rh-entorhinal,0.0,0.0,0.0,0.0,0.0,0.0,0.0,0.0,0.0,0.0,0.0,0.0,0.0,0.0,0.0,0.0,0.0,0.0,0.0,0.0,0.0,0.0,0.0,0.0,0.0,0.0,0.0,0.0,0.0,0.0,0.0,0.0,0.0,0.0,4.0,0.0,0.0,0.0,214.0,0.0,100.0,3.0,139.0,7.0,0.0,1.0,0.0,2.0,0.0,16.0,0.0,80.0,0.0,0.0,0.0,1.0,0.0,0.0,0.0,0.0,0.0,0.0,0.0,0.0,12.0,1.0,191.0,1.0
ctx-rh-frontalpole,0.0,1.0,0.0,0.0,0.0,0.0,0.0,0.0,0.0,0.0,0.0,0.0,0.0,0.0,1.0,0.0,0.0,0.0,0.0,0.0,0.0,0.0,0.0,0.0,0.0,0.0,1.0,0.0,1.0,0.0,0.0,0.0,0.0,0.0,0.0,0.0,0.0,0.0,0.0,70.0,0.0,0.0,0.0,1.0,0.0,0.0,177.0,0.0,261.0,0.0,0.0,0.0,0.0,4.0,0.0,0.0,0.0,0.0,0.0,0.0,7.0,195.0,85.0,0.0,0.0,0.0,0.0,0.0
ctx-rh-fusiform,1.0,0.0,0.0,3.0,0.0,0.0,0.0,2.0,1.0,0.0,6.0,2.0,0.0,10.0,0.0,0.0,0.0,0.0,0.0,0.0,0.0,2.0,0.0,0.0,0.0,14.0,0.0,0.0,0.0,6.0,0.0,0.0,0.0,0.0,78.0,0.0,0.0,35.0,100.0,0.0,3305.0,240.0,1312.0,31.0,31.0,951.0,1.0,1021.0,0.0,220.0,0.0,131.0,1.0,0.0,0.0,73.0,0.0,1.0,0.0,41.0,0.0,0.0,0.0,55.0,52.0,6.0,98.0,1.0
ctx-rh-inferiorparietal,1.0,1.0,0.0,7.0,0.0,0.0,8.0,10.0,4.0,2.0,36.0,9.0,0.0,14.0,0.0,1.0,1.0,5.0,0.0,0.0,0.0,2.0,0.0,5.0,2.0,84.0,0.0,0.0,1.0,34.0,4.0,0.0,0.0,2.0,544.0,0.0,2.0,77.0,3.0,0.0,240.0,10393.0,407.0,56.0,89.0,877.0,0.0,116.0,0.0,741.0,3.0,14.0,9.0,0.0,1.0,51.0,116.0,22.0,51.0,374.0,0.0,3.0,3.0,1902.0,177.0,1583.0,1.0,24.0
ctx-rh-inferiortemporal,0.0,0.0,0.0,0.0,0.0,0.0,1.0,1.0,1.0,1.0,6.0,4.0,0.0,0.0,0.0,0.0,0.0,1.0,0.0,0.0,0.0,1.0,0.0,1.0,1.0,5.0,0.0,0.0,0.0,9.0,0.0,0.0,0.0,0.0,213.0,0.0,0.0,11.0,139.0,0.0,1312.0,407.0,4437.0,73.0,12.0,278.0,0.0,75.0,0.0,2164.0,0.0,54.0,0.0,0.0,1.0,13.0,4.0,0.0,0.0,30.0,0.0,0.0,0.0,46.0,228.0,20.0,224.0,10.0
ctx-rh-insula,0.0,4.0,0.0,0.0,0.0,0.0,1.0,2.0,1.0,2.0,9.0,2.0,1.0,0.0,0.0,0.0,1.0,0.0,1.0,0.0,1.0,0.0,1.0,2.0,4.0,7.0,2.0,6.0,19.0,7.0,1.0,0.0,0.0,1.0,30.0,14.0,26.0,4.0,7.0,1.0,31.0,56.0,73.0,1464.0,16.0,6.0,276.0,6.0,8.0,107.0,3.0,6.0,264.0,13.0,207.0,0.0,232.0,11.0,303.0,22.0,2.0,251.0,73.0,73.0,236.0,281.0,49.0,79.0
ctx-rh-isthmuscingulate,1.0,1.0,0.0,6.0,0.0,0.0,14.0,18.0,7.0,5.0,111.0,30.0,0.0,29.0,0.0,4.0,3.0,1.0,0.0,0.0,0.0,8.0,3.0,17.0,2.0,161.0,0.0,0.0,0.0,50.0,3.0,4.0,1.0,4.0,16.0,10.0,1.0,22.0,0.0,0.0,31.0,89.0,12.0,16.0,899.0,16.0,0.0,137.0,0.0,7.0,16.0,81.0,0.0,0.0,0.0,22.0,9.0,345.0,10.0,1091.0,1.0,0.0,9.0,223.0,15.0,30.0,1.0,11.0
ctx-rh-lateraloccipital,0.0,0.0,0.0,3.0,0.0,0.0,3.0,3.0,1.0,0.0,7.0,7.0,0.0,12.0,0.0,0.0,0.0,1.0,0.0,0.0,0.0,2.0,0.0,0.0,0.0,23.0,0.0,0.0,0.0,3.0,1.0,0.0,0.0,0.0,12.0,0.0,0.0,450.0,1.0,0.0,951.0,877.0,278.0,6.0,16.0,5738.0,0.0,1013.0,0.0,215.0,0.0,4.0,0.0,0.0,0.0,1082.0,0.0,1.0,0.0,91.0,0.0,0.0,1.0,436.0,11.0,3.0,0.0,2.0
ctx-rh-lateralorbitofrontal,0.0,11.0,1.0,0.0,0.0,0.0,0.0,0.0,0.0,0.0,0.0,0.0,3.0,0.0,7.0,0.0,0.0,0.0,1.0,0.0,0.0,0.0,0.0,1.0,0.0,0.0,20.0,5.0,15.0,0.0,0.0,0.0,0.0,0.0,0.0,11.0,0.0,0.0,0.0,177.0,1.0,0.0,0.0,276.0,0.0,0.0,2666.0,0.0,854.0,1.0,0.0,0.0,5.0,502.0,332.0,0.0,0.0,0.0,0.0,1.0,61.0,982.0,276.0,0.0,4.0,1.0,1.0,0.0
ctx-rh-lingual,0.0,0.0,0.0,3.0,0.0,0.0,5.0,6.0,4.0,0.0,12.0,14.0,0.0,94.0,0.0,2.0,0.0,2.0,0.0,0.0,0.0,19.0,0.0,0.0,0.0,44.0,0.0,0.0,0.0,13.0,1.0,0.0,0.0,0.0,18.0,0.0,0.0,214.0,2.0,0.0,1021.0,116.0,75.0,6.0,137.0,1013.0,0.0,5298.0,0.0,39.0,0.0,289.0,0.0,0.0,0.0,1690.0,1.0,1.0,2.0,197.0,0.0,1.0,0.0,88.0,15.0,3.0,1.0,0.0
ctx-rh-medialorbitofrontal,0.0,7.0,0.0,0.0,0.0,0.0,0.0,0.0,0.0,0.0,0.0,0.0,1.0,0.0,8.0,0.0,0.0,0.0,1.0,0.0,3.0,0.0,0.0,0.0,0.0,0.0,27.0,7.0,12.0,0.0,0.0,0.0,0.0,0.0,0.0,4.0,0.0,0.0,0.0,261.0,0.0,0.0,0.0,8.0,0.0,0.0,854.0,0.0,2391.0,0.0,0.0,0.0,1.0,10.0,8.0,0.0,0.0,0.0,0.0,0.0,394.0,267.0,546.0,0.0,0.0,0.0,0.0,0.0
ctx-rh-middletemporal,0.0,0.0,0.0,0.0,0.0,0.0,0.0,1.0,3.0,0.0,6.0,1.0,0.0,3.0,0.0,0.0,0.0,1.0,0.0,0.0,0.0,1.0,0.0,0.0,0.0,6.0,0.0,0.0,0.0,2.0,0.0,0.0,0.0,0.0,931.0,1.0,1.0,7.0,16.0,0.0,220.0,741.0,2164.0,107.0,7.0,215.0,1.0,39.0,0.0,4774.0,0.0,37.0,0.0,0.0,0.0,9.0,6.0,1.0,3.0,17.0,0.0,0.0,0.0,39.0,775.0,37.0,89.0,30.0
ctx-rh-paracentral,0.0,3.0,4.0,0.0,0.0,0.0,1.0,1.0,1.0,1.0,14.0,0.0,0.0,0.0,0.0,0.0,22.0,0.0,0.0,0.0,0.0,2.0,7.0,57.0,18.0,20.0,0.0,1.0,25.0,7.0,1.0,0.0,0.0,2.0,1.0,11.0,28.0,1.0,0.0,0.0,0.0,3.0,0.0,3.0,16.0,0.0,0.0,0.0,0.0,0.0,1558.0,1.0,5.0,0.0,0.0,0.0,565.0,290.0,997.0,304.0,0.0,3.0,453.0,349.0,2.0,17.0,0.0,0.0
ctx-rh-parahippocampal,0.0,0.0,0.0,2.0,0.0,0.0,0.0,2.0,2.0,0.0,2.0,2.0,0.0,4.0,0.0,0.0,0.0,1.0,0.0,0.0,0.0,1.0,0.0,0.0,0.0,4.0,0.0,0.0,0.0,3.0,0.0,0.0,0.0,0.0,21.0,0.0,0.0,3.0,80.0,0.0,131.0,14.0,54.0,6.0,81.0,4.0,0.0,289.0,0.0,37.0,1.0,408.0,0.0,0.0,0.0,5.0,0.0,0.0,0.0,17.0,0.0,0.0,0.0,5.0,9.0,2.0,2.0,1.0
ctx-rh-parsopercularis,0.0,12.0,1.0,0.0,0.0,0.0,0.0,0.0,0.0,3.0,0.0,0.0,2.0,0.0,0.0,0.0,2.0,0.0,1.0,0.0,0.0,0.0,0.0,2.0,4.0,0.0,0.0,3.0,12.0,1.0,0.0,0.0,0.0,1.0,1.0,18.0,211.0,0.0,0.0,0.0,1.0,9.0,0.0,264.0,0.0,0.0,5.0,0.0,1.0,0.0,5.0,0.0,1424.0,4.0,375.0,0.0,78.0,10.0,882.0,1.0,1.0,703.0,136.0,4.0,1.0,33.0,0.0,0.0
ctx-rh-parsorbitalis,0.0,5.0,0.0,0.0,0.0,0.0,0.0,0.0,0.0,0.0,0.0,0.0,0.0,0.0,2.0,0.0,0.0,0.0,0.0,1.0,0.0,0.0,0.0,0.0,0.0,0.0,2.0,2.0,5.0,0.0,0.0,0.0,0.0,0.0,0.0,3.0,0.0,0.0,0.0,4.0,0.0,0.0,0.0,13.0,0.0,0.0,502.0,0.0,10.0,0.0,0.0,0.0,4.0,485.0,240.0,0.0,0.0,0.0,0.0,0.0,7.0,483.0,53.0,0.0,0.0,0.0,0.0,0.0
ctx-rh-parstriangularis,0.0,10.0,3.0,0.0,0.0,0.0,0.0,0.0,0.0,2.0,0.0,0.0,3.0,0.0,2.0,0.0,0.0,0.0,0.0,0.0,0.0,0.0,0.0,2.0,1.0,0.0,4.0,13.0,17.0,0.0,0.0,0.0,0.0,0.0,0.0,11.0,28.0,0.0,0.0,0.0,0.0,1.0,1.0,207.0,0.0,0.0,332.0,0.0,8.0,0.0,0.0,0.0,375.0,240.0,1709.0,0.0,2.0,2.0,24.0,0.0,13.0,993.0,112.0,2.0,0.0,1.0,0.0,0.0
ctx-rh-pericalcarine,0.0,0.0,0.0,18.0,0.0,0.0,2.0,1.0,2.0,0.0,8.0,3.0,0.0,39.0,0.0,0.0,0.0,0.0,0.0,0.0,0.0,0.0,0.0,1.0,0.0,11.0,0.0,0.0,0.0,4.0,0.0,0.0,0.0,0.0,2.0,0.0,0.0,1404.0,1.0,0.0,73.0,51.0,13.0,0.0,22.0,1082.0,0.0,1690.0,0.0,9.0,0.0,5.0,0.0,0.0,0.0,1210.0,1.0,1.0,0.0,193.0,0.0,0.0,0.0,159.0,2.0,2.0,0.0,0.0
ctx-rh-postcentral,0.0,0.0,0.0,1.0,0.0,0.0,0.0,4.0,1.0,2.0,20.0,1.0,0.0,1.0,0.0,0.0,4.0,0.0,0.0,0.0,0.0,0.0,3.0,24.0,5.0,14.0,0.0,0.0,2.0,8.0,1.0,2.0,0.0,0.0,13.0,6.0,28.0,0.0,0.0,0.0,0.0,116.0,4.0,232.0,9.0,0.0,0.0,1.0,0.0,6.0,565.0,0.0,78.0,0.0,2.0,1.0,5184.0,52.0,1719.0,144.0,0.0,13.0,35.0,640.0,13.0,1814.0,0.0,7.0
ctx-rh-posteriorcingulate,2.0,21.0,17.0,0.0,0.0,0.0,3.0,5.0,1.0,24.0,47.0,1.0,0.0,2.0,0.0,2.0,54.0,1.0,4.0,0.0,0.0,1.0,19.0,172.0,55.0,71.0,3.0,1.0,93.0,27.0,4.0,7.0,0.0,2.0,1.0,321.0,36.0,2.0,0.0,0.0,1.0,22.0,0.0,11.0,345.0,1.0,0.0,1.0,0.0,1.0,290.0,0.0,10.0,0.0,2.0,1.0,52.0,1352.0,151.0,506.0,2.0,16.0,450.0,202.0,9.0,15.0,0.0,3.0
ctx-rh-precentral,0.0,16.0,8.0,0.0,0.0,0.0,0.0,2.0,0.0,7.0,9.0,0.0,0.0,2.0,0.0,0.0,31.0,0.0,1.0,0.0,0.0,0.0,8.0,80.0,28.0,23.0,0.0,1.0,69.0,7.0,0.0,3.0,0.0,0.0,4.0,22.0,1030.0,0.0,0.0,0.0,0.0,51.0,0.0,303.0,10.0,0.0,0.0,2.0,0.0,3.0,997.0,0.0,882.0,0.0,24.0,0.0,1719.0,151.0,6932.0,49.0,1.0,185.0,851.0,222.0,12.0,318.0,0.0,4.0
ctx-rh-precuneus,2.0,4.0,1.0,12.0,0.0,0.0,28.0,29.0,8.0,13.0,150.0,48.0,0.0,57.0,0.0,0.0,11.0,3.0,0.0,0.0,0.0,11.0,5.0,48.0,7.0,226.0,0.0,0.0,4.0,59.0,8.0,12.0,0.0,7.0,31.0,8.0,1.0,416.0,0.0,0.0,41.0,374.0,30.0,22.0,1091.0,91.0,1.0,197.0,0.0,17.0,304.0,17.0,1.0,0.0,0.0,193.0,144.0,506.0,49.0,4196.0,0.0,0.0,19.0,2893.0,43.0,72.0,0.0,11.0
ctx-rh-rostralanteriorcingulate,0.0,43.0,0.0,0.0,0.0,3.0,0.0,0.0,0.0,2.0,0.0,0.0,16.0,0.0,12.0,0.0,0.0,0.0,2.0,0.0,6.0,0.0,0.0,0.0,2.0,0.0,96.0,39.0,59.0,1.0,0.0,0.0,0.0,0.0,0.0,169.0,1.0,0.0,0.0,7.0,0.0,0.0,0.0,2.0,1.0,0.0,61.0,0.0,394.0,0.0,0.0,0.0,1.0,7.0,13.0,0.0,0.0,2.0,1.0,0.0,525.0,108.0,323.0,0.0,0.0,0.0,0.0,0.0
ctx-rh-rostralmiddlefrontal,0.0,88.0,11.0,0.0,0.0,0.0,0.0,0.0,0.0,5.0,0.0,0.0,16.0,0.0,21.0,0.0,3.0,0.0,6.0,3.0,8.0,0.0,0.0,8.0,7.0,1.0,55.0,52.0,127.0,0.0,0.0,0.0,0.0,0.0,0.0,142.0,976.0,0.0,0.0,195.0,0.0,3.0,0.0,251.0,0.0,0.0,982.0,1.0,267.0,0.0,3.0,0.0,703.0,483.0,993.0,0.0,13.0,16.0,185.0,0.0,108.0,9030.0,2309.0,3.0,0.0,7.0,0.0,1.0
ctx-rh-superiorfrontal,0.0,238.0,71.0,0.0,0.0,1.0,0.0,0.0,1.0,20.0,2.0,0.0,23.0,0.0,22.0,1.0,31.0,0.0,22.0,3.0,21.0,0.0,9.0,138.0,63.0,10.0,125.0,108.0,443.0,6.0,0.0,3.0,0.0,0.0,0.0,619.0,928.0,0.0,0.0,85.0,0.0,3.0,0.0,73.0,9.0,1.0,276.0,0.0,546.0,0.0,453.0,0.0,136.0,53.0,112.0,0.0,35.0,450.0,851.0,19.0,323.0,2309.0,11977.0,26.0,0.0,7.0,0.0,0.0
ctx-rh-superiorparietal,1.0,1.0,0.0,7.0,0.0,0.0,15.0,21.0,13.0,11.0,119.0,35.0,0.0,20.0,0.0,2.0,12.0,4.0,0.0,0.0,0.0,6.0,9.0,51.0,5.0,166.0,0.0,0.0,1.0,68.0,9.0,15.0,0.0,1.0,46.0,6.0,9.0,478.0,0.0,0.0,55.0,1902.0,46.0,73.0,223.0,436.0,0.0,88.0,0.0,39.0,349.0,5.0,4.0,0.0,2.0,159.0,640.0,202.0,222.0,2893.0,0.0,3.0,26.0,6364.0,84.0,454.0,1.0,28.0
ctx-rh-superiortemporal,0.0,0.0,0.0,0.0,0.0,0.0,3.0,3.0,0.0,1.0,13.0,4.0,0.0,10.0,0.0,0.0,2.0,0.0,0.0,0.0,0.0,0.0,1.0,6.0,1.0,19.0,0.0,0.0,0.0,10.0,2.0,1.0,0.0,0.0,870.0,0.0,0.0,3.0,12.0,0.0,52.0,177.0,228.0,236.0,15.0,11.0,4.0,15.0,0.0,775.0,2.0,9.0,1.0,0.0,0.0,2.0,13.0,9.0,12.0,43.0,0.0,0.0,0.0,84.0,4627.0,380.0,187.0,639.0
ctx-rh-supramarginal,1.0,2.0,0.0,0.0,0.0,0.0,2.0,5.0,3.0,1.0,14.0,1.0,0.0,1.0,0.0,0.0,2.0,0.0,0.0,0.0,0.0,0.0,1.0,14.0,0.0,39.0,0.0,0.0,0.0,9.0,0.0,4.0,0.0,1.0,321.0,1.0,11.0,1.0,1.0,0.0,6.0,1583.0,20.0,281.0,30.0,3.0,1.0,3.0,0.0,37.0,17.0,2.0,33.0,0.0,1.0,2.0,1814.0,15.0,318.0,72.0,0.0,7.0,7.0,454.0,380.0,6042.0,0.0,52.0
ctx-rh-temporalpole,0.0,0.0,0.0,0.0,0.0,0.0,0.0,0.0,0.0,0.0,1.0,0.0,0.0,0.0,0.0,0.0,0.0,0.0,0.0,0.0,0.0,0.0,0.0,0.0,0.0,0.0,0.0,0.0,0.0,0.0,0.0,0.0,0.0,0.0,2.0,0.0,0.0,1.0,191.0,0.0,98.0,1.0,224.0,49.0,1.0,0.0,1.0,1.0,0.0,89.0,0.0,2.0,0.0,0.0,0.0,0.0,0.0,0.0,0.0,0.0,0.0,0.0,0.0,1.0,187.0,0.0,306.0,1.0
ctx-rh-transversetemporal,0.0,0.0,0.0,1.0,0.0,0.0,0.0,0.0,0.0,1.0,7.0,0.0,0.0,0.0,0.0,0.0,1.0,0.0,0.0,0.0,0.0,0.0,1.0,1.0,1.0,5.0,0.0,0.0,0.0,3.0,0.0,0.0,0.0,0.0,31.0,0.0,0.0,3.0,1.0,0.0,1.0,24.0,10.0,79.0,11.0,2.0,0.0,0.0,0.0,30.0,0.0,1.0,0.0,0.0,0.0,0.0,7.0,3.0,4.0,11.0,0.0,1.0,0.0,28.0,639.0,52.0,1.0,220.0
