,ctx-lh-bankssts,ctx-lh-caudalanteriorcingulate,ctx-lh-caudalmiddlefrontal,ctx-lh-cuneus,ctx-lh-entorhinal,ctx-lh-frontalpole,ctx-lh-fusiform,ctx-lh-inferiorparietal,ctx-lh-inferiortemporal,ctx-lh-insula,ctx-lh-isthmuscingulate,ctx-lh-lateraloccipital,ctx-lh-lateralorbitofrontal,ctx-lh-lingual,ctx-lh-medialorbitofrontal,ctx-lh-middletemporal,ctx-lh-paracentral,ctx-lh-parahippocampal,ctx-lh-parsopercularis,ctx-lh-parsorbitalis,ctx-lh-parstriangularis,ctx-lh-pericalcarine,ctx-lh-postcentral,ctx-lh-posteriorcingulate,ctx-lh-precentral,ctx-lh-precuneus,ctx-lh-rostralanteriorcingulate,ctx-lh-rostralmiddlefrontal,ctx-lh-superiorfrontal,ctx-lh-superiorparietal,ctx-lh-superiortemporal,ctx-lh-supramarginal,ctx-lh-temporalpole,ctx-lh-transversetemporal,ctx-rh-bankssts,ctx-rh-caudalanteriorcingulate,ctx-rh-caudalmiddlefrontal,ctx-rh-cuneus,ctx-rh-entorhinal,ctx-rh-frontalpole,ctx-rh-fusiform,ctx-rh-inferiorparietal,ctx-rh-inferiortemporal,ctx-rh-insula,ctx-rh-isthmuscingulate,ctx-rh-lateraloccipital,ctx-rh-lateralorbitofrontal,ctx-rh-lingual,ctx-rh-medialorbitofrontal,ctx-rh-middletemporal,ctx-rh-paracentral,ctx-rh-parahippocampal,ctx-rh-parsopercularis,ctx-rh-parsorbitalis,ctx-rh-parstriangularis,ctx-rh-pericalcarine,ctx-rh-postcentral,ctx-rh-posteriorcingulate,ctx-rh-precentral,ctx-rh-precuneus,ctx-rh-rostralanteriorcingulate,ctx-rh-rostralmiddlefrontal,ctx-rh-superiorfrontal,ctx-rh-superiorparietal,ctx-rh-superiortemporal,ctx-rh-supramarginal,ctx-rh-temporalpole,ctx-rh-transversetemporal
ctx-lh-bankssts,651.0,0.0,1.0,0.0,2.0,0.0,22.0,365.0,312.0,51.0,6.0,4.0,0.0,0.0,0.0,903.0,3.0,1.0,2.0,0.0,0.0,3.0,57.0,4.0,33.0,20.0,0.0,0.0,1.0,49.0,846.0,456.0,1.0,59.0,0.0,0.0,0.0,0.0,0.0,0.0,0.0,3.0,0.0,0.0,5.0,0.0,0.0,0.0,0.0,0.0,0.0,0.0,0.0,0.0,0.0,0.0,0.0,0.0,0.0,3.0,0.0,0.0,0.0,1.0,0.0,0.0,0.0,0.0
ctx-lh-caudalanteriorcingulate,0.0,429.0,43.0,0.0,0.0,1.0,0.0,0.0,0.0,45.0,2.0,0.0,42.0,0.0,20.0,0.0,11.0,0.0,19.0,5.0,18.0,0.0,3.0,220.0,12.0,0.0,202.0,132.0,616.0,3.0,0.0,1.0,0.0,0.0,0.0,174.0,50.0,0.0,0.0,0.0,0.0,1.0,0.0,3.0,0.0,0.0,3.0,0.0,2.0,0.0,2.0,0.0,15.0,0.0,5.0,0.0,3.0,27.0,28.0,3.0,32.0,38.0,95.0,0.0,0.0,0.0,0.0,0.0
ctx-lh-caudalmiddlefrontal,1.0,43.0,3220.0,0.0,0.0,0.0,1.0,4.0,1.0,125.0,0.0,0.0,6.0,0.0,1.0,0.0,12.0,0.0,280.0,3.0,36.0,0.0,84.0,55.0,1056.0,1.0,2.0,778.0,1242.0,21.0,2.0,38.0,0.0,1.0,0.0,20.0,20.0,0.0,0.0,0.0,0.0,0.0,0.0,2.0,1.0,0.0,0.0,0.0,0.0,1.0,4.0,0.0,5.0,0.0,0.0,0.0,2.0,26.0,19.0,1.0,1.0,4.0,18.0,1.0,0.0,0.0,0.0,0.0
ctx-lh-cuneus,0.0,0.0,0.0,852.0,0.0,0.0,3.0,16.0,1.0,0.0,6.0,204.0,0.0,27.0,0.0,0.0,0.0,0.0,0.0,0.0,0.0,1644.0,0.0,0.0,0.0,184.0,0.0,0.0,0.0,839.0,0.0,0.0,0.0,0.0,0.0,0.0,0.0,15.0,0.0,0.0,0.0,0.0,0.0,0.0,2.0,3.0,0.0,0.0,0.0,0.0,0.0,1.0,0.0,0.0,0.0,5.0,0.0,0.0,0.0,13.0,0.0,0.0,0.0,6.0,0.0,0.0,0.0,0.0
ctx-lh-entorhinal,2.0,0.0,0.0,0.0,183.0,0.0,97.0,0.0,55.0,14.0,0.0,0.0,0.0,0.0,0.0,18.0,0.0,71.0,0.0,0.0,0.0,0.0,0.0,0.0,0.0,0.0,0.0,0.0,0.0,0.0,13.0,0.0,148.0,0.0,0.0,0.0,0.0,0.0,0.0,0.0,0.0,0.0,0.0,0.0,0.0,0.0,0.0,0.0,0.0,0.0,0.0,0.0,0.0,0.0,0.0,0.0,0.0,0.0,0.0,0.0,0.0,0.0,0.0,0.0,0.0,0.0,0.0,0.0
ctx-lh-frontalpole,0.0,1.0,0.0,0.0,0.0,84.0,0.0,0.0,0.0,2.0,0.0,0.0,126.0,0.0,266.0,0.0,0.0,0.0,1.0,1.0,2.0,0.0,0.0,0.0,0.0,0.0,16.0,92.0,204.0,0.0,0.0,0.0,0.0,0.0,0.0,0.0,0.0,0.0,0.0,0.0,0.0,0.0,0.0,0.0,0.0,0.0,0.0,0.0,0.0,0.0,0.0,0.0,0.0,0.0,0.0,0.0,0.0,0.0,0.0,0.0,0.0,0.0,0.0,0.0,0.0,0.0,0.0,0.0
ctx-lh-fusiform,22.0,0.0,1.0,3.0,97.0,0.0,2771.0,278.0,1458.0,51.0,31.0,1189.0,2.0,595.0,0.0,177.0,2.0,326.0,0.0,0.0,0.0,417.0,2.0,8.0,0.0,36.0,0.0,1.0,0.0,55.0,87.0,12.0,115.0,6.0,0.0,0.0,0.0,1.0,0.0,0.0,0.0,6.0,0.0,0.0,7.0,1.0,0.0,2.0,0.0,0.0,0.0,0.0,0.0,0.0,0.0,0.0,1.0,0.0,0.0,5.0,0.0,0.0,0.0,1.0,0.0,0.0,0.0,0.0
ctx-lh-inferiorparietal,365.0,0.0,4.0,16.0,0.0,0.0,278.0,6544.0,369.0,46.0,83.0,1127.0,0.0,24.0,0.0,455.0,14.0,15.0,3.0,0.0,1.0,202.0,110.0,31.0,72.0,243.0,0.0,0.0,6.0,1573.0,87.0,1051.0,0.0,28.0,3.0,0.0,1.0,1.0,0.0,0.0,0.0,9.0,0.0,1.0,54.0,3.0,0.0,2.0,0.0,2.0,1.0,2.0,0.0,0.0,0.0,0.0,0.0,4.0,5.0,22.0,0.0,0.0,0.0,7.0,3.0,1.0,0.0,0.0
ctx-lh-inferiortemporal,312.0,0.0,1.0,1.0,55.0,0.0,1458.0,369.0,3214.0,121.0,18.0,258.0,1.0,20.0,0.0,1680.0,4.0,48.0,0.0,0.0,0.0,23.0,8.0,8.0,5.0,27.0,0.0,2.0,0.0,49.0,299.0,37.0,169.0,40.0,0.0,0.0,0.0,0.0,0.0,0.0,1.0,4.0,1.0,0.0,14.0,2.0,0.0,0.0,0.0,0.0,0.0,0.0,0.0,0.0,0.0,0.0,4.0,1.0,0.0,10.0,0.0,0.0,0.0,2.0,1.0,2.0,0.0,0.0
ctx-lh-insula,51.0,45.0,125.0,0.0,14.0,2.0,51.0,46.0,121.0,1190.0,14.0,5.0,416.0,0.0,17.0,123.0,24.0,1.0,165.0,18.0,52.0,1.0,252.0,72.0,354.0,35.0,22.0,208.0,239.0,90.0,290.0,202.0,44.0,120.0,0.0,21.0,9.0,0.0,0.0,0.0,1.0,0.0,0.0,2.0,12.0,0.0,1.0,0.0,0.0,1.0,6.0,0.0,1.0,0.0,1.0,1.0,1.0,19.0,9.0,6.0,2.0,3.0,14.0,3.0,0.0,3.0,0.0,0.0
ctx-lh-isthmuscingulate,6.0,2.0,0.0,6.0,0.0,0.0,31.0,83.0,18.0,14.0,562.0,32.0,0.0,99.0,0.0,9.0,31.0,23.0,0.0,0.0,0.0,107.0,14.0,297.0,12.0,906.0,0.0,0.0,8.0,167.0,7.0,14.0,0.0,8.0,2.0,0.0,0.0,2.0,0.0,0.0,0.0,38.0,1.0,7.0,228.0,6.0,0.0,8.0,0.0,3.0,10.0,1.0,0.0,0.0,0.0,2.0,12.0,29.0,8.0,113.0,0.0,0.0,1.0,42.0,9.0,14.0,0.0,1.0
ctx-lh-lateraloccipital,4.0,0.0,0.0,204.0,0.0,0.0,1189.0,1127.0,258.0,5.0,32.0,4632.0,0.0,352.0,0.0,64.0,1.0,8.0,0.0,0.0,0.0,1868.0,1.0,5.0,2.0,53.0,0.0,0.0,0.0,339.0,4.0,6.0,0.0,2.0,0.0,0.0,0.0,0.0,0.0,0.0,0.0,3.0,0.0,0.0,12.0,1.0,0.0,0.0,0.0,1.0,0.0,0.0,0.0,0.0,0.0,0.0,1.0,1.0,1.0,7.0,0.0,0.0,0.0,2.0,0.0,0.0,0.0,0.0
ctx-lh-lateralorbitofrontal,0.0,42.0,6.0,0.0,0.0,126.0,2.0,0.0,1.0,416.0,0.0,0.0,2937.0,0.0,882.0,4.0,0.0,0.0,34.0,407.0,379.0,0.0,2.0,2.0,3.0,0.0,271.0,1412.0,472.0,0.0,5.0,0.0,4.0,0.0,0.0,25.0,3.0,0.0,0.0,0.0,0.0,0.0,0.0,0.0,0.0,0.0,4.0,0.0,4.0,0.0,0.0,0.0,1.0,0.0,0.0,0.0,0.0,0.0,1.0,0.0,15.0,7.0,10.0,0.0,0.0,0.0,0.0,0.0
ctx-lh-lingual,0.0,0.0,0.0,27.0,0.0,0.0,595.0,24.0,20.0,0.0,99.0,352.0,0.0,4143.0,0.0,2.0,0.0,164.0,0.0,0.0,0.0,1199.0,1.0,2.0,0.0,152.0,0.0,0.0,0.0,49.0,0.0,1.0,0.0,1.0,0.0,0.0,0.0,2.0,0.0,0.0,0.0,5.0,0.0,1.0,12.0,3.0,0.0,14.0,0.0,0.0,0.0,0.0,0.0,0.0,0.0,6.0,1.0,0.0,0.0,17.0,0.0,0.0,0.0,5.0,2.0,0.0,0.0,0.0
ctx-lh-medialorbitofrontal,0.0,20.0,1.0,0.0,0.0,266.0,0.0,0.0,0.0,17.0,0.0,0.0,882.0,0.0,1472.0,0.0,0.0,0.0,0.0,4.0,5.0,0.0,0.0,0.0,0.0,0.0,549.0,228.0,389.0,0.0,0.0,0.0,0.0,0.0,0.0,14.0,0.0,0.0,0.0,0.0,0.0,0.0,0.0,0.0,0.0,0.0,3.0,0.0,5.0,0.0,0.0,0.0,0.0,0.0,1.0,0.0,0.0,1.0,0.0,0.0,26.0,6.0,9.0,0.0,0.0,0.0,0.0,0.0
ctx-lh-middletemporal,903.0,0.0,0.0,0.0,18.0,0.0,177.0,455.0,1680.0,123.0,9.0,64.0,4.0,2.0,0.0,3102.0,0.0,5.0,0.0,0.0,1.0,13.0,9.0,5.0,7.0,21.0,0.0,1.0,2.0,37.0,794.0,38.0,111.0,24.0,0.0,0.0,0.0,0.0,0.0,0.0,0.0,3.0,0.0,0.0,5.0,0.0,0.0,0.0,0.0,0.0,0.0,0.0,0.0,0.0,0.0,0.0,0.0,0.0,0.0,2.0,0.0,0.0,0.0,1.0,1.0,0.0,0.0,0.0
ctx-lh-paracentral,3.0,11.0,12.0,0.0,0.0,0.0,2.0,14.0,4.0,24.0,31.0,1.0,0.0,0.0,0.0,0.0,1909.0,0.0,4.0,0.0,0.0,1.0,372.0,242.0,1058.0,168.0,0.0,0.0,569.0,186.0,3.0,14.0,0.0,0.0,0.0,1.0,0.0,1.0,0.0,0.0,1.0,2.0,0.0,2.0,13.0,0.0,0.0,1.0,0.0,1.0,25.0,0.0,1.0,0.0,0.0,0.0,1.0,27.0,24.0,8.0,0.0,0.0,12.0,2.0,1.0,3.0,0.0,0.0
ctx-lh-parahippocampal,1.0,0.0,0.0,0.0,71.0,0.0,326.0,15.0,48.0,1.0,23.0,8.0,0.0,164.0,0.0,5.0,0.0,326.0,0.0,0.0,0.0,6.0,0.0,2.0,0.0,10.0,0.0,0.0,0.0,3.0,1.0,0.0,0.0,0.0,0.0,0.0,0.0,0.0,0.0,0.0,0.0,2.0,1.0,0.0,3.0,1.0,0.0,0.0,0.0,1.0,0.0,0.0,0.0,0.0,0.0,0.0,0.0,0.0,0.0,4.0,0.0,0.0,0.0,4.0,0.0,1.0,0.0,1.0
ctx-lh-parsopercularis,2.0,19.0,280.0,0.0,0.0,1.0,0.0,3.0,0.0,165.0,0.0,0.0,34.0,0.0,0.0,0.0,4.0,0.0,1634.0,10.0,513.0,0.0,43.0,6.0,540.0,1.0,2.0,513.0,150.0,2.0,1.0,16.0,0.0,0.0,0.0,14.0,3.0,0.0,0.0,0.0,0.0,0.0,0.0,0.0,0.0,0.0,0.0,0.0,0.0,0.0,0.0,0.0,1.0,0.0,0.0,0.0,1.0,9.0,5.0,1.0,1.0,2.0,10.0,0.0,0.0,0.0,0.0,0.0
ctx-lh-parsorbitalis,0.0,5.0,3.0,0.0,0.0,1.0,0.0,0.0,0.0,18.0,0.0,0.0,407.0,0.0,4.0,0.0,0.0,0.0,10.0,385.0,533.0,0.0,0.0,0.0,1.0,0.0,7.0,469.0,35.0,0.0,0.0,0.0,0.0,0.0,0.0,1.0,0.0,0.0,0.0,0.0,0.0,0.0,0.0,0.0,0.0,0.0,0.0,0.0,0.0,0.0,0.0,0.0,0.0,0.0,0.0,0.0,0.0,0.0,0.0,0.0,1.0,2.0,1.0,0.0,0.0,0.0,0.0,0.0
ctx-lh-parstriangularis,0.0,18.0,36.0,0.0,0.0,2.0,0.0,1.0,0.0,52.0,0.0,0.0,379.0,0.0,5.0,1.0,0.0,0.0,513.0,533.0,779.0,0.0,7.0,2.0,13.0,0.0,16.0,757.0,122.0,0.0,0.0,0.0,0.0,0.0,0.0,10.0,6.0,0.0,0.0,0.0,0.0,0.0,0.0,0.0,0.0,0.0,0.0,0.0,2.0,0.0,0.0,0.0,0.0,0.0,0.0,0.0,0.0,1.0,1.0,0.0,3.0,0.0,6.0,0.0,0.0,0.0,0.0,0.0
ctx-lh-pericalcarine,3.0,0.0,0.0,1644.0,0.0,0.0,417.0,202.0,23.0,1.0,107.0,1868.0,0.0,1199.0,0.0,13.0,1.0,6.0,0.0,0.0,0.0,1073.0,1.0,8.0,2.0,414.0,0.0,0.0,1.0,750.0,4.0,3.0,0.0,1.0,0.0,0.0,0.0,0.0,0.0,0.0,2.0,7.0,2.0,0.0,65.0,1.0,0.0,10.0,0.0,1.0,1.0,2.0,1.0,0.0,0.0,1.0,1.0,2.0,0.0,34.0,0.0,0.0,0.0,19.0,3.0,3.0,0.0,1.0
ctx-lh-postcentral,57.0,3.0,84.0,0.0,0.0,0.0,2.0,110.0,8.0,252.0,14.0,1.0,2.0,1.0,0.0,9.0,372.0,0.0,43.0,0.0,7.0,1.0,4998.0,51.0,2042.0,86.0,0.0,8.0,74.0,878.0,42.0,1297.0,0.0,8.0,0.0,3.0,4.0,0.0,0.0,0.0,0.0,4.0,0.0,0.0,9.0,0.0,0.0,0.0,0.0,0.0,2.0,0.0,1.0,0.0,0.0,0.0,4.0,8.0,1.0,4.0,0.0,0.0,2.0,4.0,0.0,0.0,0.0,0.0
ctx-lh-posteriorcingulate,4.0,220.0,55.0,0.0,0.0,0.0,8.0,31.0,8.0,72.0,297.0,5.0,2.0,2.0,0.0,5.0,242.0,2.0,6.0,0.0,2.0,8.0,51.0,1059.0,208.0,439.0,3.0,8.0,508.0,81.0,12.0,21.0,0.0,6.0,2.0,37.0,33.0,0.0,0.0,0.0,3.0,17.0,2.0,11.0,69.0,1.0,0.0,1.0,0.0,4.0,51.0,1.0,13.0,0.0,3.0,0.0,30.0,220.0,111.0,26.0,1.0,6.0,49.0,39.0,4.0,18.0,0.0,0.0
ctx-lh-precentral,33.0,12.0,1056.0,0.0,0.0,0.0,0.0,72.0,5.0,354.0,12.0,2.0,3.0,0.0,0.0,7.0,1058.0,0.0,540.0,1.0,13.0,2.0,2042.0,208.0,7416.0,64.0,2.0,47.0,1009.0,338.0,27.0,345.0,0.0,8.0,0.0,17.0,11.0,0.0,0.0,0.0,0.0,3.0,0.0,4.0,9.0,0.0,0.0,0.0,0.0,0.0,11.0,0.0,3.0,0.0,0.0,0.0,10.0,44.0,35.0,10.0,0.0,3.0,21.0,9.0,1.0,2.0,0.0,0.0
ctx-lh-precuneus,20.0,0.0,1.0,184.0,0.0,0.0,36.0,243.0,27.0,35.0,906.0,53.0,0.0,152.0,0.0,21.0,168.0,10.0,1.0,0.0,0.0,414.0,86.0,439.0,64.0,4090.0,0.0,0.0,12.0,2225.0,14.0,35.0,0.0,6.0,3.0,0.0,2.0,1.0,0.0,0.0,4.0,24.0,1.0,4.0,136.0,5.0,0.0,7.0,0.0,1.0,0.0,3.0,0.0,0.0,0.0,2.0,8.0,15.0,7.0,86.0,0.0,0.0,1.0,37.0,4.0,9.0,0.0,1.0
ctx-lh-rostralanteriorcingulate,0.0,202.0,2.0,0.0,0.0,16.0,0.0,0.0,0.0,22.0,0.0,0.0,271.0,0.0,549.0,0.0,0.0,0.0,2.0,7.0,16.0,0.0,0.0,3.0,2.0,0.0,763.0,136.0,420.0,0.0,1.0,0.0,0.0,0.0,0.0,70.0,5.0,0.0,0.0,0.0,0.0,0.0,0.0,5.0,0.0,0.0,13.0,0.0,38.0,0.0,0.0,0.0,2.0,0.0,4.0,0.0,0.0,0.0,0.0,0.0,132.0,22.0,32.0,0.0,0.0,0.0,0.0,0.0
ctx-lh-rostralmiddlefrontal,0.0,132.0,778.0,0.0,0.0,92.0,1.0,0.0,2.0,208.0,0.0,0.0,1412.0,0.0,228.0,1.0,0.0,0.0,513.0,469.0,757.0,0.0,8.0,8.0,47.0,0.0,136.0,6594.0,1920.0,1.0,0.0,1.0,1.0,0.0,0.0,59.0,0.0,0.0,0.0,1.0,0.0,1.0,0.0,1.0,0.0,0.0,1.0,0.0,3.0,0.0,0.0,0.0,2.0,0.0,1.0,0.0,0.0,7.0,3.0,0.0,19.0,11.0,24.0,0.0,0.0,0.0,0.0,0.0
ctx-lh-superiorfrontal,1.0,616.0,1242.0,0.0,0.0,204.0,0.0,6.0,0.0,239.0,8.0,0.0,472.0,0.0,389.0,2.0,569.0,0.0,150.0,35.0,122.0,1.0,74.0,508.0,1009.0,12.0,420.0,1920.0,10265.0,27.0,7.0,18.0,0.0,1.0,1.0,212.0,83.0,0.0,0.0,0.0,0.0,1.0,1.0,10.0,7.0,1.0,3.0,0.0,8.0,0.0,25.0,0.0,17.0,0.0,3.0,0.0,15.0,125.0,97.0,9.0,37.0,41.0,147.0,11.0,0.0,5.0,0.0,0.0
ctx-lh-superiorparietal,49.0,3.0,21.0,839.0,0.0,0.0,55.0,1573.0,49.0,90.0,167.0,339.0,0.0,49.0,0.0,37.0,186.0,3.0,2.0,0.0,0.0,750.0,878.0,81.0,338.0,2225.0,0.0,1.0,27.0,5824.0,40.0,284.0,0.0,16.0,2.0,0.0,2.0,0.0,0.0,0.0,1.0,13.0,3.0,5.0,65.0,2.0,0.0,5.0,0.0,2.0,1.0,0.0,0.0,0.0,0.0,0.0,0.0,5.0,3.0,46.0,0.0,0.0,0.0,12.0,1.0,1.0,0.0,0.0
ctx-lh-superiortemporal,846.0,0.0,2.0,0.0,13.0,0.0,87.0,87.0,299.0,290.0,7.0,4.0,5.0,0.0,0.0,794.0,3.0,1.0,1.0,0.0,0.0,4.0,42.0,12.0,27.0,14.0,1.0,0.0,7.0,40.0,4281.0,539.0,244.0,841.0,0.0,0.0,0.0,0.0,0.0,0.0,0.0,0.0,0.0,0.0,7.0,0.0,0.0,0.0,0.0,0.0,0.0,0.0,1.0,0.0,0.0,0.0,0.0,0.0,1.0,1.0,0.0,0.0,0.0,1.0,0.0,0.0,0.0,0.0
ctx-lh-supramarginal,456.0,1.0,38.0,0.0,0.0,0.0,12.0,1051.0,37.0,202.0,14.0,6.0,0.0,1.0,0.0,38.0,14.0,0.0,16.0,0.0,0.0,3.0,1297.0,21.0,345.0,35.0,0.0,1.0,18.0,284.0,539.0,4579.0,0.0,40.0,0.0,2.0,0.0,0.0,0.0,0.0,0.0,2.0,0.0,1.0,9.0,0.0,0.0,0.0,0.0,0.0,2.0,0.0,0.0,0.0,0.0,0.0,0.0,6.0,3.0,5.0,0.0,0.0,0.0,1.0,1.0,0.0,0.0,0.0
ctx-lh-temporalpole,1.0,0.0,0.0,0.0,148.0,0.0,115.0,0.0,169.0,44.0,0.0,0.0,4.0,0.0,0.0,111.0,0.0,0.0,0.0,0.0,0.0,0.0,0.0,0.0,0.0,0.0,0.0,1.0,0.0,0.0,244.0,0.0,294.0,0.0,0.0,0.0,0.0,0.0,0.0,0.0,0.0,0.0,0.0,0.0,0.0,0.0,0.0,0.0,0.0,0.0,0.0,0.0,0.0,0.0,0.0,0.0,0.0,0.0,0.0,0.0,0.0,0.0,0.0,0.0,0.0,0.0,0.0,0.0
ctx-lh-transversetemporal,59.0,0.0,1.0,0.0,0.0,0.0,6.0,28.0,40.0,120.0,8.0,2.0,0.0,1.0,0.0,24.0,0.0,0.0,0.0,0.0,0.0,1.0,8.0,6.0,8.0,6.0,0.0,0.0,1.0,16.0,841.0,40.0,0.0,305.0,0.0,0.0,0.0,0.0,0.0,0.0,0.0,0.0,0.0,0.0,4.0,0.0,0.0,0.0,0.0,0.0,0.0,0.0,0.0,0.0,0.0,0.0,0.0,1.0,0.0,0.0,0.0,0.0,0.0,1.0,0.0,1.0,0.0,0.0
ctx-rh-bankssts,0.0,0.0,0.0,0.0,0.0,0.0,0.0,3.0,0.0,0.0,2.0,0.0,0.0,0.0,0.0,0.0,0.0,0.0,0.0,0.0,0.0,0.0,0.0,2.0,0.0,3.0,0.0,0.0,1.0,2.0,0.0,0.0,0.0,0.0,599.0,0.0,2.0,2.0,0.0,0.0,42.0,516.0,228.0,44.0,3.0,30.0,0.0,7.0,0.0,708.0,2.0,2.0,1.0,0.0,0.0,3.0,28.0,5.0,12.0,23.0,0.0,0.0,1.0,29.0,786.0,457.0,0.0,44.0
ctx-rh-caudalanteriorcingulate,0.0,174.0,20.0,0.0,0.0,0.0,0.0,0.0,0.0,21.0,0.0,0.0,25.0,0.0,14.0,0.0,1.0,0.0,14.0,1.0,10.0,0.0,3.0,37.0,17.0,0.0,70.0,59.0,212.0,0.0,0.0,2.0,0.0,0.0,0.0,595.0,91.0,0.0,0.0,0.0,0.0,0.0,1.0,18.0,3.0,0.0,33.0,0.0,38.0,0.0,8.0,0.0,42.0,8.0,6.0,0.0,6.0,156.0,43.0,6.0,242.0,192.0,644.0,2.0,0.0,1.0,0.0,0.0
ctx-rh-caudalmiddlefrontal,0.0,50.0,20.0,0.0,0.0,0.0,0.0,1.0,0.0,9.0,0.0,0.0,3.0,0.0,0.0,0.0,0.0,0.0,3.0,0.0,6.0,0.0,4.0,33.0,11.0,2.0,5.0,0.0,83.0,2.0,0.0,0.0,0.0,0.0,2.0,91.0,2476.0,0.0,0.0,0.0,1.0,11.0,0.0,43.0,4.0,0.0,5.0,0.0,2.0,0.0,69.0,0.0,228.0,0.0,34.0,0.0,63.0,90.0,1168.0,9.0,5.0,856.0,1134.0,14.0,2.0,25.0,0.0,0.0
ctx-rh-cuneus,0.0,0.0,0.0,15.0,0.0,0.0,1.0,1.0,0.0,0.0,2.0,0.0,0.0,2.0,0.0,0.0,1.0,0.0,0.0,0.0,0.0,0.0,0.0,0.0,0.0,1.0,0.0,0.0,0.0,0.0,0.0,0.0,0.0,0.0,2.0,0.0,0.0,875.0,0.0,0.0,24.0,23.0,7.0,2.0,7.0,389.0,0.0,169.0,0.0,3.0,0.0,5.0,0.0,0.0,0.0,1265.0,0.0,1.0,0.0,171.0,0.0,0.0,0.0,580.0,2.0,1.0,0.0,0.0
ctx-rh-entorhinal,0.0,0.0,0.0,0.0,0.0,0.0,0.0,0.0,0.0,0.0,0.0,0.0,0.0,0.0,0.0,0.0,0.0,0.0,0.0,0.0,0.0,0.0,0.0,0.0,0.0,0.0,0.0,0.0,0.0,0.0,0.0,0.0,0.0,0.0,0.0,0.0,0.0,0.0,190.0,0.0,48.0,0.0,49.0,17.0,1.0,0.0,0.0,0.0,0.0,25.0,0.0,35.0,0.0,0.0,0.0,0.0,0.0,0.0,0.0,0.0,0.0,0.0,0.0,0.0,68.0,0.0,182.0,1.0
ctx-rh-frontalpole,0.0,0.0,0.0,0.0,0.0,0.0,0.0,0.0,0.0,0.0,0.0,0.0,0.0,0.0,0.0,0.0,0.0,0.0,0.0,0.0,0.0,0.0,0.0,0.0,0.0,0.0,0.0,1.0,0.0,0.0,0.0,0.0,0.0,0.0,0.0,0.0,0.0,0.0,0.0,75.0,0.0,0.0,0.0,1.0,0.0,0.0,169.0,0.0,382.0,0.0,0.0,0.0,1.0,3.0,2.0,0.0,0.0,0.0,0.0,0.0,13.0,186.0,102.0,0.0,0.0,0.0,0.0,0.0
ctx-rh-fusiform,0.0,0.0,0.0,0.0,0.0,0.0,0.0,0.0,1.0,1.0,0.0,0.0,0.0,0.0,0.0,0.0,1.0,0.0,0.0,0.0,0.0,2.0,0.0,3.0,0.0,4.0,0.0,0.0,0.0,1.0,0.0,0.0,0.0,0.0,42.0,0.0,1.0,24.0,48.0,0.0,2742.0,231.0,1370.0,113.0,12.0,1577.0,0.0,768.0,0.0,371.0,0.0,321.0,0.0,0.0,0.0,130.0,3.0,4.0,3.0,63.0,0.0,0.0,0.0,78.0,321.0,20.0,150.0,15.0
ctx-rh-inferiorparietal,3.0,1.0,0.0,0.0,0.0,0.0,6.0,9.0,4.0,0.0,38.0,3.0,0.0,5.0,0.0,3.0,2.0,2.0,0.0,0.0,0.0,7.0,4.0,17.0,3.0,24.0,0.0,1.0,1.0,13.0,0.0,2.0,0.0,0.0,516.0,0.0,11.0,23.0,0.0,0.0,231.0,7359.0,293.0,72.0,69.0,1027.0,0.0,52.0,0.0,526.0,8.0,4.0,0.0,0.0,0.0,38.0,135.0,26.0,70.0,346.0,0.0,0.0,3.0,1459.0,164.0,1383.0,0.0,40.0
ctx-rh-inferiortemporal,0.0,0.0,0.0,0.0,0.0,0.0,0.0,0.0,1.0,0.0,1.0,0.0,0.0,0.0,0.0,0.0,0.0,1.0,0.0,0.0,0.0,2.0,0.0,2.0,0.0,1.0,0.0,0.0,1.0,3.0,0.0,0.0,0.0,0.0,228.0,1.0,0.0,7.0,49.0,0.0,1370.0,293.0,2531.0,154.0,12.0,280.0,0.0,42.0,0.0,2069.0,1.0,57.0,0.0,0.0,0.0,12.0,6.0,0.0,1.0,35.0,0.0,0.0,0.0,49.0,581.0,13.0,156.0,11.0
ctx-rh-insula,0.0,3.0,2.0,0.0,0.0,0.0,0.0,1.0,0.0,2.0,7.0,0.0,0.0,1.0,0.0,0.0,2.0,0.0,0.0,0.0,0.0,0.0,0.0,11.0,4.0,4.0,5.0,1.0,10.0,5.0,0.0,1.0,0.0,0.0,44.0,18.0,43.0,2.0,17.0,1.0,113.0,72.0,154.0,1461.0,14.0,6.0,215.0,2.0,4.0,97.0,18.0,4.0,229.0,12.0,87.0,0.0,234.0,35.0,227.0,46.0,7.0,110.0,57.0,71.0,447.0,257.0,26.0,119.0
ctx-rh-isthmuscingulate,5.0,0.0,1.0,2.0,0.0,0.0,7.0,54.0,14.0,12.0,228.0,12.0,0.0,12.0,0.0,5.0,13.0,3.0,0.0,0.0,0.0,65.0,9.0,69.0,9.0,136.0,0.0,0.0,7.0,65.0,7.0,9.0,0.0,4.0,3.0,3.0,4.0,7.0,1.0,0.0,12.0,69.0,12.0,14.0,330.0,23.0,0.0,93.0,0.0,4.0,35.0,47.0,0.0,0.0,0.0,7.0,27.0,236.0,27.0,714.0,0.0,0.0,7.0,132.0,23.0,42.0,0.0,8.0
ctx-rh-lateraloccipital,0.0,0.0,0.0,3.0,0.0,0.0,1.0,3.0,2.0,0.0,6.0,1.0,0.0,3.0,0.0,0.0,0.0,1.0,0.0,0.0,0.0,1.0,0.0,1.0,0.0,5.0,0.0,0.0,1.0,2.0,0.0,0.0,0.0,0.0,30.0,0.0,0.0,389.0,0.0,0.0,1577.0,1027.0,280.0,6.0,23.0,5992.0,0.0,652.0,0.0,121.0,0.0,6.0,0.0,0.0,0.0,1250.0,2.0,4.0,0.0,92.0,0.0,0.0,0.0,470.0,13.0,6.0,0.0,3.0
ctx-rh-lateralorbitofrontal,0.0,3.0,0.0,0.0,0.0,0.0,0.0,0.0,0.0,1.0,0.0,0.0,4.0,0.0,3.0,0.0,0.0,0.0,0.0,0.0,0.0,0.0,0.0,0.0,0.0,0.0,13.0,1.0,3.0,0.0,0.0,0.0,0.0,0.0,0.0,33.0,5.0,0.0,0.0,169.0,0.0,0.0,0.0,215.0,0.0,0.0,2718.0,0.0,616.0,0.0,0.0,0.0,10.0,509.0,262.0,0.0,1.0,0.0,0.0,0.0,120.0,1258.0,154.0,0.0,0.0,0.0,0.0,0.0
ctx-rh-lingual,0.0,0.0,0.0,0.0,0.0,0.0,2.0,2.0,0.0,0.0,8.0,0.0,0.0,14.0,0.0,0.0,1.0,0.0,0.0,0.0,0.0,10.0,0.0,1.0,0.0,7.0,0.0,0.0,0.0,5.0,0.0,0.0,0.0,0.0,7.0,0.0,0.0,169.0,0.0,0.0,768.0,52.0,42.0,2.0,93.0,652.0,0.0,3364.0,0.0,15.0,2.0,252.0,0.0,0.0,0.0,1754.0,0.0,0.0,0.0,341.0,0.0,0.0,0.0,111.0,6.0,1.0,0.0,0.0
ctx-rh-medialorbitofrontal,0.0,2.0,0.0,0.0,0.0,0.0,0.0,0.0,0.0,0.0,0.0,0.0,4.0,0.0,5.0,0.0,0.0,0.0,0.0,0.0,2.0,0.0,0.0,0.0,0.0,0.0,38.0,3.0,8.0,0.0,0.0,0.0,0.0,0.0,0.0,38.0,2.0,0.0,0.0,382.0,0.0,0.0,0.0,4.0,0.0,0.0,616.0,0.0,1975.0,0.0,0.0,0.0,2.0,15.0,7.0,0.0,0.0,0.0,1.0,0.0,555.0,383.0,411.0,0.0,0.0,0.0,0.0,0.0
ctx-rh-middletemporal,0.0,0.0,1.0,0.0,0.0,0.0,0.0,2.0,0.0,1.0,3.0,1.0,0.0,0.0,0.0,0.0,1.0,1.0,0.0,0.0,0.0,1.0,0.0,4.0,0.0,1.0,0.0,0.0,0.0,2.0,0.0,0.0,0.0,0.0,708.0,0.0,0.0,3.0,25.0,0.0,371.0,526.0,2069.0,97.0,4.0,121.0,0.0,15.0,0.0,3132.0,1.0,8.0,0.0,0.0,0.0,10.0,8.0,1.0,4.0,24.0,0.0,1.0,0.0,38.0,822.0,26.0,63.0,21.0
ctx-rh-paracentral,0.0,2.0,4.0,0.0,0.0,0.0,0.0,1.0,0.0,6.0,10.0,0.0,0.0,0.0,0.0,0.0,25.0,0.0,0.0,0.0,0.0,1.0,2.0,51.0,11.0,0.0,0.0,0.0,25.0,1.0,0.0,2.0,0.0,0.0,2.0,8.0,69.0,0.0,0.0,0.0,0.0,8.0,1.0,18.0,35.0,0.0,0.0,2.0,0.0,1.0,1482.0,0.0,13.0,0.0,1.0,0.0,418.0,328.0,1549.0,258.0,0.0,3.0,580.0,211.0,2.0,28.0,0.0,1.0
ctx-rh-parahippocampal,0.0,0.0,0.0,1.0,0.0,0.0,0.0,2.0,0.0,0.0,1.0,0.0,0.0,0.0,0.0,0.0,0.0,0.0,0.0,0.0,0.0,2.0,0.0,1.0,0.0,3.0,0.0,0.0,0.0,0.0,0.0,0.0,0.0,0.0,2.0,0.0,0.0,5.0,35.0,0.0,321.0,4.0,57.0,4.0,47.0,6.0,0.0,252.0,0.0,8.0,0.0,497.0,0.0,0.0,0.0,13.0,0.0,1.0,0.0,24.0,0.0,0.0,0.0,10.0,11.0,1.0,1.0,0.0
ctx-rh-parsopercularis,0.0,15.0,5.0,0.0,0.0,0.0,0.0,0.0,0.0,1.0,0.0,0.0,1.0,0.0,0.0,0.0,1.0,0.0,1.0,0.0,0.0,1.0,1.0,13.0,3.0,0.0,2.0,2.0,17.0,0.0,1.0,0.0,0.0,0.0,1.0,42.0,228.0,0.0,0.0,1.0,0.0,0.0,0.0,229.0,0.0,0.0,10.0,0.0,2.0,0.0,13.0,0.0,1652.0,9.0,518.0,0.0,83.0,18.0,564.0,2.0,4.0,405.0,143.0,6.0,1.0,7.0,0.0,0.0
ctx-rh-parsorbitalis,0.0,0.0,0.0,0.0,0.0,0.0,0.0,0.0,0.0,0.0,0.0,0.0,0.0,0.0,0.0,0.0,0.0,0.0,0.0,0.0,0.0,0.0,0.0,0.0,0.0,0.0,0.0,0.0,0.0,0.0,0.0,0.0,0.0,0.0,0.0,8.0,0.0,0.0,0.0,3.0,0.0,0.0,0.0,12.0,0.0,0.0,509.0,0.0,15.0,0.0,0.0,0.0,9.0,682.0,544.0,0.0,0.0,0.0,0.0,0.0,13.0,692.0,26.0,0.0,0.0,0.0,0.0,0.0
ctx-rh-parstriangularis,0.0,5.0,0.0,0.0,0.0,0.0,0.0,0.0,0.0,1.0,0.0,0.0,0.0,0.0,1.0,0.0,0.0,0.0,0.0,0.0,0.0,0.0,0.0,3.0,0.0,0.0,4.0,1.0,3.0,0.0,0.0,0.0,0.0,0.0,0.0,6.0,34.0,0.0,0.0,2.0,0.0,0.0,0.0,87.0,0.0,0.0,262.0,0.0,7.0,0.0,1.0,0.0,518.0,544.0,1197.0,0.0,2.0,0.0,14.0,0.0,19.0,962.0,98.0,0.0,0.0,1.0,0.0,0.0
ctx-rh-pericalcarine,0.0,0.0,0.0,5.0,0.0,0.0,0.0,0.0,0.0,1.0,2.0,0.0,0.0,6.0,0.0,0.0,0.0,0.0,0.0,0.0,0.0,1.0,0.0,0.0,0.0,2.0,0.0,0.0,0.0,0.0,0.0,0.0,0.0,0.0,3.0,0.0,0.0,1265.0,0.0,0.0,130.0,38.0,12.0,0.0,7.0,1250.0,0.0,1754.0,0.0,10.0,0.0,13.0,0.0,0.0,0.0,796.0,0.0,0.0,0.0,221.0,0.0,0.0,0.0,368.0,3.0,2.0,0.0,0.0
ctx-rh-postcentral,0.0,3.0,2.0,0.0,0.0,0.0,1.0,0.0,4.0,1.0,12.0,1.0,0.0,1.0,0.0,0.0,1.0,0.0,1.0,0.0,0.0,1.0,4.0,30.0,10.0,8.0,0.0,0.0,15.0,0.0,0.0,0.0,0.0,0.0,28.0,6.0,63.0,0.0,0.0,0.0,3.0,135.0,6.0,234.0,27.0,2.0,1.0,0.0,0.0,8.0,418.0,0.0,83.0,0.0,2.0,0.0,5133.0,98.0,1758.0,200.0,0.0,3.0,60.0,840.0,25.0,1323.0,0.0,12.0
ctx-rh-posteriorcingulate,0.0,27.0,26.0,0.0,0.0,0.0,0.0,4.0,1.0,19.0,29.0,1.0,0.0,0.0,1.0,0.0,27.0,0.0,9.0,0.0,1.0,2.0,8.0,220.0,44.0,15.0,0.0,7.0,125.0,5.0,0.0,6.0,0.0,1.0,5.0,156.0,90.0,1.0,0.0,0.0,4.0,26.0,0.0,35.0,236.0,4.0,0.0,0.0,0.0,1.0,328.0,1.0,18.0,0.0,0.0,0.0,98.0,1028.0,251.0,385.0,1.0,23.0,308.0,62.0,10.0,34.0,0.0,3.0
ctx-rh-precentral,0.0,28.0,19.0,0.0,0.0,0.0,0.0,5.0,0.0,9.0,8.0,1.0,1.0,0.0,0.0,0.0,24.0,0.0,5.0,0.0,1.0,0.0,1.0,111.0,35.0,7.0,0.0,3.0,97.0,3.0,1.0,3.0,0.0,0.0,12.0,43.0,1168.0,0.0,0.0,0.0,3.0,70.0,1.0,227.0,27.0,0.0,0.0,0.0,1.0,4.0,1549.0,0.0,564.0,0.0,14.0,0.0,1758.0,251.0,6326.0,130.0,1.0,39.0,774.0,288.0,10.0,232.0,0.0,9.0
ctx-rh-precuneus,3.0,3.0,1.0,13.0,0.0,0.0,5.0,22.0,10.0,6.0,113.0,7.0,0.0,17.0,0.0,2.0,8.0,4.0,1.0,0.0,0.0,34.0,4.0,26.0,10.0,86.0,0.0,0.0,9.0,46.0,1.0,5.0,0.0,0.0,23.0,6.0,9.0,171.0,0.0,0.0,63.0,346.0,35.0,46.0,714.0,92.0,0.0,341.0,0.0,24.0,258.0,24.0,2.0,0.0,0.0,221.0,200.0,385.0,130.0,4358.0,0.0,1.0,24.0,3361.0,42.0,80.0,0.0,13.0
ctx-rh-rostralanteriorcingulate,0.0,32.0,1.0,0.0,0.0,0.0,0.0,0.0,0.0,2.0,0.0,0.0,15.0,0.0,26.0,0.0,0.0,0.0,1.0,1.0,3.0,0.0,0.0,1.0,0.0,0.0,132.0,19.0,37.0,0.0,0.0,0.0,0.0,0.0,0.0,242.0,5.0,0.0,0.0,13.0,0.0,0.0,0.0,7.0,0.0,0.0,120.0,0.0,555.0,0.0,0.0,0.0,4.0,13.0,19.0,0.0,0.0,1.0,1.0,0.0,632.0,253.0,479.0,0.0,0.0,0.0,0.0,0.0
ctx-rh-rostralmiddlefrontal,0.0,38.0,4.0,0.0,0.0,0.0,0.0,0.0,0.0,3.0,0.0,0.0,7.0,0.0,6.0,0.0,0.0,0.0,2.0,2.0,0.0,0.0,0.0,6.0,3.0,0.0,22.0,11.0,41.0,0.0,0.0,0.0,0.0,0.0,0.0,192.0,856.0,0.0,0.0,186.0,0.0,0.0,0.0,110.0,0.0,0.0,1258.0,0.0,383.0,1.0,3.0,0.0,405.0,692.0,962.0,0.0,3.0,23.0,39.0,1.0,253.0,6858.0,1800.0,0.0,1.0,2.0,0.0,0.0
ctx-rh-superiorfrontal,0.0,95.0,18.0,0.0,0.0,0.0,0.0,0.0,0.0,14.0,1.0,0.0,10.0,0.0,9.0,0.0,12.0,0.0,10.0,1.0,6.0,0.0,2.0,49.0,21.0,1.0,32.0,24.0,147.0,0.0,0.0,0.0,0.0,0.0,1.0,644.0,1134.0,0.0,0.0,102.0,0.0,3.0,0.0,57.0,7.0,0.0,154.0,0.0,411.0,0.0,580.0,0.0,143.0,26.0,98.0,0.0,60.0,308.0,774.0,24.0,479.0,1800.0,10007.0,13.0,0.0,10.0,0.0,0.0
ctx-rh-superiorparietal,1.0,0.0,1.0,6.0,0.0,0.0,1.0,7.0,2.0,3.0,42.0,2.0,0.0,5.0,0.0,1.0,2.0,4.0,0.0,0.0,0.0,19.0,4.0,39.0,9.0,37.0,0.0,0.0,11.0,12.0,1.0,1.0,0.0,1.0,29.0,2.0,14.0,580.0,0.0,0.0,78.0,1459.0,49.0,71.0,132.0,470.0,0.0,111.0,0.0,38.0,211.0,10.0,6.0,0.0,0.0,368.0,840.0,62.0,288.0,3361.0,0.0,0.0,13.0,5927.0,64.0,272.0,0.0,19.0
ctx-rh-superiortemporal,0.0,0.0,0.0,0.0,0.0,0.0,0.0,3.0,1.0,0.0,9.0,0.0,0.0,2.0,0.0,1.0,1.0,0.0,0.0,0.0,0.0,3.0,0.0,4.0,1.0,4.0,0.0,0.0,0.0,1.0,0.0,1.0,0.0,0.0,786.0,0.0,2.0,2.0,68.0,0.0,321.0,164.0,581.0,447.0,23.0,13.0,0.0,6.0,0.0,822.0,2.0,11.0,1.0,0.0,0.0,3.0,25.0,10.0,10.0,42.0,0.0,1.0,0.0,64.0,4079.0,344.0,164.0,718.0
ctx-rh-supramarginal,0.0,0.0,0.0,0.0,0.0,0.0,0.0,1.0,2.0,3.0,14.0,0.0,0.0,0.0,0.0,0.0,3.0,1.0,0.0,0.0,0.0,3.0,0.0,18.0,2.0,9.0,0.0,0.0,5.0,1.0,0.0,0.0,0.0,1.0,457.0,1.0,25.0,1.0,0.0,0.0,20.0,1383.0,13.0,257.0,42.0,6.0,0.0,1.0,0.0,26.0,28.0,1.0,7.0,0.0,1.0,2.0,1323.0,34.0,232.0,80.0,0.0,2.0,10.0,272.0,344.0,4312.0,0.0,73.0
ctx-rh-temporalpole,0.0,0.0,0.0,0.0,0.0,0.0,0.0,0.0,0.0,0.0,0.0,0.0,0.0,0.0,0.0,0.0,0.0,0.0,0.0,0.0,0.0,0.0,0.0,0.0,0.0,0.0,0.0,0.0,0.0,0.0,0.0,0.0,0.0,0.0,0.0,0.0,0.0,0.0,182.0,0.0,150.0,0.0,156.0,26.0,0.0,0.0,0.0,0.0,0.0,63.0,0.0,1.0,0.0,0.0,0.0,0.0,0.0,0.0,0.0,0.0,0.0,0.0,0.0,0.0,164.0,0.0,306.0,0.0
ctx-rh-transversetemporal,0.0,0.0,0.0,0.0,0.0,0.0,0.0,0.0,0.0,0.0,1.0,0.0,0.0,0.0,0.0,0.0,0.0,1.0,0.0,0.0,0.0,1.0,0.0,0.0,0.0,1.0,0.0,0.0,0.0,0.0,0.0,0.0,0.0,0.0,44.0,0.0,0.0,0.0,1.0,0.0,15.0,40.0,11.0,119.0,8.0,3.0,0.0,0.0,0.0,21.0,1.0,0.0,0.0,0.0,0.0,0.0,12.0,3.0,9.0,13.0,0.0,0.0,0.0,19.0,718.0,73.0,0.0,188.0
