,ctx-lh-bankssts,ctx-lh-caudalanteriorcingulate,ctx-lh-caudalmiddlefrontal,ctx-lh-cuneus,ctx-lh-entorhinal,ctx-lh-frontalpole,ctx-lh-fusiform,ctx-lh-inferiorparietal,ctx-lh-inferiortemporal,ctx-lh-insula,ctx-lh-isthmuscingulate,ctx-lh-lateraloccipital,ctx-lh-lateralorbitofrontal,ctx-lh-lingual,ctx-lh-medialorbitofrontal,ctx-lh-middletemporal,ctx-lh-paracentral,ctx-lh-parahippocampal,ctx-lh-parsopercularis,ctx-lh-parsorbitalis,ctx-lh-parstriangularis,ctx-lh-pericalcarine,ctx-lh-postcentral,ctx-lh-posteriorcingulate,ctx-lh-precentral,ctx-lh-precuneus,ctx-lh-rostralanteriorcingulate,ctx-lh-rostralmiddlefrontal,ctx-lh-superiorfrontal,ctx-lh-superiorparietal,ctx-lh-superiortemporal,ctx-lh-supramarginal,ctx-lh-temporalpole,ctx-lh-transversetemporal,ctx-rh-bankssts,ctx-rh-caudalanteriorcingulate,ctx-rh-caudalmiddlefrontal,ctx-rh-cuneus,ctx-rh-entorhinal,ctx-rh-frontalpole,ctx-rh-fusiform,ctx-rh-inferiorparietal,ctx-rh-inferiortemporal,ctx-rh-insula,ctx-rh-isthmuscingulate,ctx-rh-lateraloccipital,ctx-rh-lateralorbitofrontal,ctx-rh-lingual,ctx-rh-medialorbitofrontal,ctx-rh-middletemporal,ctx-rh-paracentral,ctx-rh-parahippocampal,ctx-rh-parsopercularis,ctx-rh-parsorbitalis,ctx-rh-parstriangularis,ctx-rh-pericalcarine,ctx-rh-postcentral,ctx-rh-posteriorcingulate,ctx-rh-precentral,ctx-rh-precuneus,ctx-rh-rostralanteriorcingulate,ctx-rh-rostralmiddlefrontal,ctx-rh-superiorfrontal,ctx-rh-superiorparietal,ctx-rh-superiortemporal,ctx-rh-supramarginal,ctx-rh-temporalpole,ctx-rh-transversetemporal
ctx-lh-bankssts,578.0,0.0,0.0,1.0,2.0,0.0,154.0,401.0,318.0,17.0,15.0,16.0,1.0,38.0,0.0,667.0,2.0,9.0,0.0,0.0,0.0,13.0,11.0,9.0,6.0,38.0,0.0,0.0,0.0,41.0,741.0,260.0,1.0,22.0,0.0,0.0,0.0,1.0,0.0,0.0,0.0,0.0,0.0,1.0,5.0,0.0,0.0,0.0,0.0,0.0,0.0,1.0,0.0,0.0,0.0,0.0,0.0,1.0,0.0,8.0,0.0,0.0,0.0,2.0,0.0,0.0,0.0,0.0
ctx-lh-caudalanteriorcingulate,0.0,910.0,125.0,0.0,0.0,2.0,1.0,1.0,0.0,35.0,2.0,0.0,12.0,0.0,15.0,0.0,14.0,0.0,80.0,4.0,9.0,0.0,12.0,278.0,81.0,5.0,338.0,217.0,1319.0,8.0,0.0,5.0,1.0,0.0,1.0,161.0,38.0,0.0,0.0,1.0,0.0,0.0,0.0,8.0,1.0,0.0,7.0,0.0,6.0,0.0,7.0,0.0,23.0,1.0,13.0,0.0,9.0,37.0,25.0,1.0,18.0,71.0,217.0,1.0,0.0,1.0,0.0,0.0
ctx-lh-caudalmiddlefrontal,0.0,125.0,4559.0,0.0,0.0,0.0,1.0,0.0,0.0,54.0,1.0,0.0,2.0,0.0,0.0,0.0,15.0,0.0,261.0,0.0,3.0,0.0,82.0,39.0,1632.0,1.0,2.0,834.0,1228.0,12.0,4.0,18.0,0.0,0.0,0.0,18.0,10.0,0.0,0.0,0.0,0.0,0.0,0.0,5.0,2.0,0.0,0.0,0.0,0.0,0.0,3.0,0.0,2.0,0.0,1.0,0.0,1.0,17.0,10.0,0.0,0.0,3.0,38.0,0.0,0.0,1.0,0.0,0.0
ctx-lh-cuneus,1.0,0.0,0.0,894.0,0.0,0.0,15.0,43.0,4.0,0.0,9.0,450.0,0.0,42.0,0.0,4.0,0.0,0.0,0.0,0.0,0.0,1280.0,0.0,2.0,0.0,195.0,0.0,0.0,0.0,834.0,3.0,1.0,0.0,0.0,0.0,0.0,0.0,6.0,0.0,0.0,0.0,0.0,0.0,0.0,5.0,0.0,0.0,0.0,0.0,0.0,0.0,1.0,0.0,0.0,0.0,7.0,0.0,0.0,0.0,5.0,0.0,0.0,0.0,2.0,0.0,0.0,0.0,0.0
ctx-lh-entorhinal,2.0,0.0,0.0,0.0,276.0,0.0,88.0,0.0,56.0,4.0,0.0,0.0,0.0,1.0,0.0,10.0,0.0,140.0,0.0,0.0,0.0,0.0,0.0,0.0,0.0,0.0,0.0,0.0,0.0,0.0,34.0,0.0,225.0,0.0,0.0,0.0,0.0,0.0,0.0,0.0,0.0,0.0,0.0,0.0,0.0,0.0,0.0,0.0,0.0,0.0,0.0,0.0,0.0,0.0,0.0,0.0,0.0,0.0,0.0,0.0,0.0,0.0,0.0,0.0,0.0,0.0,0.0,0.0
ctx-lh-frontalpole,0.0,2.0,0.0,0.0,0.0,114.0,0.0,0.0,0.0,0.0,0.0,0.0,38.0,0.0,292.0,0.0,0.0,0.0,1.0,1.0,3.0,0.0,0.0,0.0,0.0,0.0,9.0,165.0,106.0,0.0,1.0,0.0,0.0,0.0,0.0,0.0,0.0,0.0,0.0,0.0,0.0,0.0,0.0,0.0,0.0,0.0,0.0,0.0,0.0,0.0,0.0,0.0,0.0,1.0,2.0,0.0,0.0,0.0,0.0,0.0,4.0,1.0,2.0,0.0,0.0,0.0,0.0,0.0
ctx-lh-fusiform,154.0,1.0,1.0,15.0,88.0,0.0,4372.0,239.0,1794.0,18.0,17.0,1737.0,2.0,700.0,0.0,357.0,0.0,145.0,0.0,1.0,0.0,148.0,5.0,9.0,0.0,63.0,0.0,0.0,0.0,34.0,173.0,29.0,108.0,8.0,0.0,0.0,0.0,0.0,0.0,0.0,0.0,1.0,0.0,0.0,5.0,0.0,0.0,1.0,0.0,0.0,0.0,1.0,0.0,0.0,0.0,0.0,0.0,2.0,0.0,1.0,0.0,0.0,0.0,3.0,0.0,1.0,0.0,0.0
ctx-lh-inferiorparietal,401.0,1.0,0.0,43.0,0.0,0.0,239.0,5239.0,423.0,21.0,62.0,959.0,0.0,131.0,0.0,349.0,3.0,8.0,1.0,0.0,0.0,111.0,25.0,41.0,8.0,270.0,0.0,0.0,1.0,1186.0,149.0,1066.0,6.0,18.0,0.0,0.0,0.0,0.0,0.0,0.0,0.0,9.0,0.0,2.0,19.0,1.0,0.0,2.0,0.0,0.0,2.0,1.0,0.0,0.0,0.0,0.0,1.0,4.0,2.0,24.0,0.0,0.0,1.0,5.0,1.0,4.0,0.0,0.0
ctx-lh-inferiortemporal,318.0,0.0,0.0,4.0,56.0,0.0,1794.0,423.0,5823.0,52.0,17.0,295.0,5.0,145.0,0.0,2545.0,1.0,32.0,0.0,0.0,0.0,25.0,2.0,9.0,3.0,61.0,0.0,0.0,0.0,39.0,460.0,51.0,155.0,13.0,0.0,0.0,0.0,0.0,0.0,0.0,0.0,3.0,0.0,0.0,4.0,0.0,0.0,1.0,0.0,0.0,0.0,1.0,0.0,0.0,0.0,0.0,0.0,1.0,0.0,11.0,0.0,0.0,0.0,2.0,1.0,1.0,0.0,0.0
ctx-lh-insula,17.0,35.0,54.0,0.0,4.0,0.0,18.0,21.0,52.0,2080.0,14.0,1.0,502.0,4.0,18.0,55.0,11.0,4.0,330.0,22.0,101.0,2.0,378.0,47.0,453.0,30.0,26.0,166.0,122.0,89.0,272.0,461.0,39.0,80.0,0.0,11.0,2.0,0.0,0.0,1.0,0.0,1.0,1.0,1.0,6.0,1.0,1.0,0.0,1.0,1.0,3.0,0.0,1.0,0.0,3.0,0.0,1.0,6.0,2.0,10.0,3.0,5.0,11.0,2.0,0.0,2.0,0.0,1.0
ctx-lh-isthmuscingulate,15.0,2.0,1.0,9.0,0.0,0.0,17.0,62.0,17.0,14.0,896.0,31.0,0.0,150.0,0.0,6.0,8.0,63.0,0.0,0.0,0.0,23.0,11.0,487.0,9.0,864.0,0.0,0.0,3.0,192.0,33.0,58.0,0.0,18.0,2.0,0.0,0.0,1.0,0.0,0.0,3.0,17.0,2.0,8.0,81.0,3.0,0.0,10.0,0.0,4.0,10.0,2.0,0.0,0.0,0.0,2.0,5.0,19.0,2.0,105.0,0.0,0.0,0.0,38.0,4.0,9.0,0.0,1.0
ctx-lh-lateraloccipital,16.0,0.0,0.0,450.0,0.0,0.0,1737.0,959.0,295.0,1.0,31.0,6222.0,0.0,604.0,0.0,59.0,0.0,5.0,0.0,0.0,0.0,1161.0,0.0,1.0,1.0,135.0,0.0,0.0,0.0,421.0,6.0,16.0,0.0,2.0,2.0,0.0,0.0,0.0,0.0,0.0,2.0,1.0,0.0,1.0,5.0,1.0,0.0,3.0,0.0,0.0,0.0,0.0,0.0,0.0,0.0,1.0,1.0,2.0,0.0,7.0,0.0,0.0,0.0,4.0,1.0,0.0,0.0,0.0
ctx-lh-lateralorbitofrontal,1.0,12.0,2.0,0.0,0.0,38.0,2.0,0.0,5.0,502.0,0.0,0.0,3227.0,0.0,820.0,1.0,0.0,0.0,26.0,573.0,469.0,0.0,0.0,0.0,0.0,0.0,151.0,928.0,85.0,0.0,20.0,0.0,6.0,1.0,0.0,4.0,0.0,0.0,0.0,1.0,0.0,0.0,0.0,0.0,0.0,0.0,10.0,0.0,11.0,0.0,0.0,0.0,0.0,4.0,5.0,0.0,0.0,0.0,0.0,1.0,13.0,14.0,11.0,0.0,0.0,0.0,0.0,0.0
ctx-lh-lingual,38.0,0.0,0.0,42.0,1.0,0.0,700.0,131.0,145.0,4.0,150.0,604.0,0.0,5302.0,0.0,46.0,0.0,211.0,0.0,0.0,0.0,1388.0,0.0,2.0,0.0,204.0,0.0,0.0,0.0,47.0,24.0,12.0,0.0,5.0,1.0,0.0,0.0,0.0,0.0,0.0,1.0,6.0,0.0,0.0,10.0,0.0,0.0,12.0,0.0,3.0,1.0,1.0,0.0,0.0,0.0,5.0,0.0,2.0,1.0,14.0,0.0,0.0,0.0,5.0,1.0,1.0,0.0,0.0
ctx-lh-medialorbitofrontal,0.0,15.0,0.0,0.0,0.0,292.0,0.0,0.0,0.0,18.0,0.0,0.0,820.0,0.0,1878.0,0.0,0.0,0.0,7.0,19.0,34.0,0.0,0.0,0.0,0.0,0.0,487.0,505.0,354.0,0.0,2.0,0.0,1.0,0.0,0.0,10.0,0.0,0.0,0.0,1.0,0.0,0.0,0.0,2.0,0.0,0.0,16.0,0.0,15.0,0.0,0.0,0.0,0.0,8.0,4.0,0.0,0.0,0.0,0.0,0.0,21.0,18.0,18.0,0.0,0.0,0.0,0.0,0.0
ctx-lh-middletemporal,667.0,0.0,0.0,4.0,10.0,0.0,357.0,349.0,2545.0,55.0,6.0,59.0,1.0,46.0,0.0,4134.0,0.0,10.0,1.0,0.0,0.0,18.0,6.0,12.0,1.0,35.0,0.0,0.0,0.0,32.0,1337.0,52.0,115.0,40.0,0.0,0.0,0.0,0.0,0.0,0.0,0.0,0.0,1.0,0.0,5.0,0.0,0.0,1.0,0.0,0.0,1.0,0.0,0.0,0.0,0.0,0.0,0.0,0.0,0.0,5.0,0.0,0.0,0.0,3.0,0.0,0.0,0.0,0.0
ctx-lh-paracentral,2.0,14.0,15.0,0.0,0.0,0.0,0.0,3.0,1.0,11.0,8.0,0.0,0.0,0.0,0.0,0.0,2282.0,0.0,1.0,0.0,0.0,0.0,461.0,236.0,1085.0,226.0,0.0,0.0,591.0,243.0,1.0,16.0,0.0,1.0,1.0,3.0,1.0,0.0,0.0,0.0,0.0,1.0,0.0,5.0,3.0,0.0,0.0,0.0,0.0,0.0,9.0,0.0,0.0,0.0,0.0,0.0,5.0,31.0,7.0,7.0,0.0,2.0,11.0,4.0,0.0,3.0,0.0,0.0
ctx-lh-parahippocampal,9.0,0.0,0.0,0.0,140.0,0.0,145.0,8.0,32.0,4.0,63.0,5.0,0.0,211.0,0.0,10.0,0.0,449.0,0.0,0.0,0.0,2.0,0.0,2.0,1.0,18.0,0.0,0.0,0.0,3.0,7.0,3.0,2.0,1.0,0.0,0.0,0.0,0.0,0.0,0.0,0.0,0.0,0.0,0.0,0.0,0.0,0.0,3.0,0.0,1.0,0.0,0.0,0.0,0.0,0.0,0.0,0.0,0.0,0.0,5.0,0.0,0.0,0.0,4.0,0.0,0.0,0.0,0.0
ctx-lh-parsopercularis,0.0,80.0,261.0,0.0,0.0,1.0,0.0,1.0,0.0,330.0,0.0,0.0,26.0,0.0,7.0,1.0,1.0,0.0,2612.0,10.0,499.0,0.0,50.0,8.0,745.0,0.0,21.0,651.0,216.0,3.0,1.0,28.0,0.0,0.0,0.0,16.0,4.0,0.0,0.0,0.0,0.0,0.0,0.0,1.0,0.0,0.0,2.0,0.0,2.0,0.0,1.0,0.0,4.0,0.0,1.0,0.0,0.0,1.0,0.0,1.0,3.0,19.0,34.0,0.0,0.0,0.0,0.0,0.0
ctx-lh-parsorbitalis,0.0,4.0,0.0,0.0,0.0,1.0,1.0,0.0,0.0,22.0,0.0,0.0,573.0,0.0,19.0,0.0,0.0,0.0,10.0,586.0,317.0,0.0,0.0,0.0,1.0,0.0,20.0,273.0,23.0,0.0,1.0,0.0,0.0,0.0,0.0,3.0,0.0,0.0,0.0,0.0,0.0,0.0,0.0,1.0,0.0,0.0,0.0,0.0,1.0,0.0,0.0,0.0,0.0,0.0,1.0,0.0,0.0,0.0,0.0,0.0,3.0,3.0,1.0,0.0,0.0,0.0,0.0,0.0
ctx-lh-parstriangularis,0.0,9.0,3.0,0.0,0.0,3.0,0.0,0.0,0.0,101.0,0.0,0.0,469.0,0.0,34.0,0.0,0.0,0.0,499.0,317.0,1231.0,0.0,3.0,0.0,20.0,0.0,47.0,829.0,112.0,0.0,0.0,0.0,0.0,0.0,0.0,7.0,0.0,0.0,0.0,1.0,0.0,0.0,0.0,1.0,0.0,0.0,1.0,0.0,1.0,0.0,0.0,0.0,0.0,1.0,5.0,0.0,0.0,0.0,0.0,0.0,7.0,9.0,15.0,0.0,0.0,0.0,0.0,0.0
ctx-lh-pericalcarine,13.0,0.0,0.0,1280.0,0.0,0.0,148.0,111.0,25.0,2.0,23.0,1161.0,0.0,1388.0,0.0,18.0,0.0,2.0,0.0,0.0,0.0,1015.0,2.0,6.0,0.0,201.0,0.0,0.0,0.0,244.0,9.0,5.0,0.0,1.0,1.0,0.0,0.0,0.0,0.0,0.0,0.0,0.0,0.0,0.0,4.0,0.0,0.0,3.0,0.0,1.0,1.0,0.0,0.0,0.0,0.0,0.0,0.0,0.0,0.0,9.0,0.0,0.0,0.0,1.0,0.0,1.0,0.0,0.0
ctx-lh-postcentral,11.0,12.0,82.0,0.0,0.0,0.0,5.0,25.0,2.0,378.0,11.0,0.0,0.0,0.0,0.0,6.0,461.0,0.0,50.0,0.0,3.0,2.0,6561.0,98.0,1986.0,164.0,1.0,6.0,73.0,710.0,36.0,1125.0,0.0,6.0,0.0,2.0,3.0,0.0,0.0,0.0,0.0,3.0,0.0,1.0,7.0,0.0,0.0,0.0,0.0,2.0,5.0,1.0,1.0,0.0,0.0,0.0,6.0,20.0,4.0,8.0,0.0,0.0,9.0,5.0,0.0,3.0,0.0,0.0
ctx-lh-posteriorcingulate,9.0,278.0,39.0,2.0,0.0,0.0,9.0,41.0,9.0,47.0,487.0,1.0,0.0,2.0,0.0,12.0,236.0,2.0,8.0,0.0,0.0,6.0,98.0,1562.0,220.0,420.0,0.0,3.0,326.0,267.0,29.0,65.0,0.0,5.0,2.0,31.0,14.0,2.0,0.0,0.0,2.0,8.0,4.0,20.0,75.0,3.0,0.0,4.0,0.0,3.0,62.0,2.0,1.0,0.0,0.0,0.0,15.0,188.0,51.0,63.0,0.0,4.0,73.0,33.0,8.0,15.0,0.0,1.0
ctx-lh-precentral,6.0,81.0,1632.0,0.0,0.0,0.0,0.0,8.0,3.0,453.0,9.0,1.0,0.0,0.0,0.0,1.0,1085.0,1.0,745.0,1.0,20.0,0.0,1986.0,220.0,8624.0,59.0,0.0,79.0,1240.0,297.0,16.0,329.0,0.0,1.0,0.0,26.0,8.0,0.0,0.0,0.0,0.0,2.0,0.0,3.0,8.0,0.0,0.0,0.0,0.0,0.0,19.0,0.0,3.0,0.0,0.0,0.0,2.0,45.0,24.0,10.0,0.0,2.0,62.0,4.0,0.0,3.0,0.0,1.0
ctx-lh-precuneus,38.0,5.0,1.0,195.0,0.0,0.0,63.0,270.0,61.0,30.0,864.0,135.0,0.0,204.0,0.0,35.0,226.0,18.0,0.0,0.0,0.0,201.0,164.0,420.0,59.0,5087.0,0.0,0.0,18.0,3406.0,55.0,108.0,0.0,11.0,3.0,0.0,0.0,3.0,0.0,0.0,3.0,23.0,2.0,4.0,67.0,7.0,0.0,7.0,0.0,3.0,10.0,8.0,0.0,0.0,0.0,5.0,7.0,16.0,4.0,121.0,0.0,0.0,1.0,38.0,3.0,9.0,0.0,0.0
ctx-lh-rostralanteriorcingulate,0.0,338.0,2.0,0.0,0.0,9.0,0.0,0.0,0.0,26.0,0.0,0.0,151.0,0.0,487.0,0.0,0.0,0.0,21.0,20.0,47.0,0.0,1.0,0.0,0.0,0.0,977.0,260.0,474.0,0.0,0.0,0.0,0.0,0.0,0.0,56.0,2.0,0.0,0.0,1.0,0.0,0.0,0.0,7.0,0.0,0.0,21.0,0.0,18.0,0.0,0.0,0.0,6.0,5.0,12.0,0.0,0.0,0.0,0.0,0.0,52.0,66.0,62.0,0.0,0.0,0.0,0.0,0.0
ctx-lh-rostralmiddlefrontal,0.0,217.0,834.0,0.0,0.0,165.0,0.0,0.0,0.0,166.0,0.0,0.0,928.0,0.0,505.0,0.0,0.0,0.0,651.0,273.0,829.0,0.0,6.0,3.0,79.0,0.0,260.0,9052.0,2518.0,0.0,1.0,1.0,0.0,0.0,0.0,93.0,5.0,0.0,0.0,0.0,0.0,0.0,0.0,7.0,0.0,0.0,13.0,0.0,15.0,0.0,0.0,0.0,21.0,7.0,18.0,0.0,0.0,3.0,2.0,0.0,46.0,83.0,123.0,0.0,0.0,0.0,0.0,0.0
ctx-lh-superiorfrontal,0.0,1319.0,1228.0,0.0,0.0,106.0,0.0,1.0,0.0,122.0,3.0,0.0,85.0,0.0,354.0,0.0,591.0,0.0,216.0,23.0,112.0,0.0,73.0,326.0,1240.0,18.0,474.0,2518.0,13590.0,45.0,1.0,9.0,0.0,0.0,0.0,139.0,30.0,0.0,0.0,2.0,0.0,1.0,0.0,14.0,10.0,0.0,14.0,0.0,9.0,0.0,20.0,0.0,19.0,6.0,15.0,0.0,5.0,77.0,31.0,6.0,47.0,95.0,237.0,3.0,0.0,2.0,0.0,0.0
ctx-lh-superiorparietal,41.0,8.0,12.0,834.0,0.0,0.0,34.0,1186.0,39.0,89.0,192.0,421.0,0.0,47.0,0.0,32.0,243.0,3.0,3.0,0.0,0.0,244.0,710.0,267.0,297.0,3406.0,0.0,0.0,45.0,7824.0,52.0,856.0,0.0,23.0,0.0,0.0,2.0,2.0,0.0,0.0,2.0,9.0,1.0,5.0,57.0,2.0,0.0,2.0,0.0,1.0,6.0,5.0,1.0,0.0,0.0,2.0,6.0,40.0,7.0,88.0,0.0,0.0,3.0,18.0,7.0,4.0,0.0,2.0
ctx-lh-superiortemporal,741.0,0.0,4.0,3.0,34.0,1.0,173.0,149.0,460.0,272.0,33.0,6.0,20.0,24.0,2.0,1337.0,1.0,7.0,1.0,1.0,0.0,9.0,36.0,29.0,16.0,55.0,0.0,1.0,1.0,52.0,5024.0,508.0,294.0,769.0,0.0,0.0,0.0,1.0,0.0,0.0,0.0,2.0,1.0,1.0,14.0,1.0,0.0,1.0,0.0,2.0,3.0,0.0,0.0,0.0,0.0,0.0,0.0,2.0,1.0,8.0,0.0,0.0,0.0,2.0,0.0,0.0,0.0,0.0
ctx-lh-supramarginal,260.0,5.0,18.0,1.0,0.0,0.0,29.0,1066.0,51.0,461.0,58.0,16.0,0.0,12.0,0.0,52.0,16.0,3.0,28.0,0.0,0.0,5.0,1125.0,65.0,329.0,108.0,0.0,1.0,9.0,856.0,508.0,7088.0,1.0,49.0,1.0,0.0,0.0,0.0,0.0,0.0,1.0,5.0,0.0,1.0,12.0,1.0,0.0,0.0,0.0,2.0,2.0,1.0,0.0,0.0,0.0,0.0,3.0,7.0,1.0,10.0,0.0,0.0,1.0,3.0,2.0,2.0,0.0,0.0
ctx-lh-temporalpole,1.0,1.0,0.0,0.0,225.0,0.0,108.0,6.0,155.0,39.0,0.0,0.0,6.0,0.0,1.0,115.0,0.0,2.0,0.0,0.0,0.0,0.0,0.0,0.0,0.0,0.0,0.0,0.0,0.0,0.0,294.0,1.0,447.0,1.0,0.0,0.0,0.0,0.0,0.0,0.0,0.0,0.0,0.0,0.0,0.0,0.0,0.0,0.0,0.0,0.0,0.0,0.0,0.0,0.0,0.0,0.0,0.0,0.0,0.0,0.0,0.0,0.0,0.0,0.0,0.0,0.0,0.0,0.0
ctx-lh-transversetemporal,22.0,0.0,0.0,0.0,0.0,0.0,8.0,18.0,13.0,80.0,18.0,2.0,1.0,5.0,0.0,40.0,1.0,1.0,0.0,0.0,0.0,1.0,6.0,5.0,1.0,11.0,0.0,0.0,0.0,23.0,769.0,49.0,1.0,287.0,0.0,0.0,0.0,0.0,0.0,0.0,0.0,0.0,0.0,0.0,3.0,0.0,0.0,0.0,0.0,0.0,0.0,0.0,0.0,0.0,0.0,0.0,0.0,0.0,0.0,4.0,0.0,0.0,0.0,2.0,0.0,1.0,0.0,0.0
ctx-rh-bankssts,0.0,1.0,0.0,0.0,0.0,0.0,0.0,0.0,0.0,0.0,2.0,2.0,0.0,1.0,0.0,0.0,1.0,0.0,0.0,0.0,0.0,1.0,0.0,2.0,0.0,3.0,0.0,0.0,0.0,0.0,0.0,1.0,0.0,0.0,574.0,0.0,1.0,1.0,0.0,0.0,36.0,366.0,118.0,23.0,14.0,19.0,1.0,9.0,0.0,757.0,1.0,6.0,1.0,0.0,0.0,4.0,35.0,7.0,9.0,42.0,0.0,0.0,1.0,30.0,918.0,295.0,0.0,33.0
ctx-rh-caudalanteriorcingulate,0.0,161.0,18.0,0.0,0.0,0.0,0.0,0.0,0.0,11.0,0.0,0.0,4.0,0.0,10.0,0.0,3.0,0.0,16.0,3.0,7.0,0.0,2.0,31.0,26.0,0.0,56.0,93.0,139.0,0.0,0.0,0.0,0.0,0.0,0.0,746.0,148.0,1.0,0.0,4.0,0.0,1.0,0.0,33.0,6.0,0.0,7.0,0.0,11.0,0.0,15.0,0.0,49.0,1.0,25.0,0.0,4.0,357.0,46.0,5.0,147.0,297.0,1231.0,2.0,0.0,2.0,0.0,1.0
ctx-rh-caudalmiddlefrontal,0.0,38.0,10.0,0.0,0.0,0.0,0.0,0.0,0.0,2.0,0.0,0.0,0.0,0.0,0.0,0.0,1.0,0.0,4.0,0.0,0.0,0.0,3.0,14.0,8.0,0.0,2.0,5.0,30.0,2.0,0.0,0.0,0.0,0.0,1.0,148.0,4128.0,0.0,0.0,0.0,0.0,14.0,1.0,59.0,3.0,0.0,0.0,0.0,0.0,0.0,27.0,0.0,244.0,0.0,9.0,0.0,150.0,75.0,1633.0,7.0,0.0,858.0,1238.0,20.0,0.0,28.0,0.0,0.0
ctx-rh-cuneus,1.0,0.0,0.0,6.0,0.0,0.0,0.0,0.0,0.0,0.0,1.0,0.0,0.0,0.0,0.0,0.0,0.0,0.0,0.0,0.0,0.0,0.0,0.0,2.0,0.0,3.0,0.0,0.0,0.0,2.0,1.0,0.0,0.0,0.0,1.0,1.0,0.0,1258.0,0.0,0.0,48.0,26.0,17.0,1.0,9.0,482.0,0.0,93.0,0.0,5.0,0.0,0.0,0.0,0.0,0.0,1394.0,0.0,2.0,0.0,286.0,0.0,0.0,0.0,415.0,0.0,3.0,0.0,0.0
ctx-rh-entorhinal,0.0,0.0,0.0,0.0,0.0,0.0,0.0,0.0,0.0,0.0,0.0,0.0,0.0,0.0,0.0,0.0,0.0,0.0,0.0,0.0,0.0,0.0,0.0,0.0,0.0,0.0,0.0,0.0,0.0,0.0,0.0,0.0,0.0,0.0,0.0,0.0,0.0,0.0,369.0,0.0,175.0,0.0,229.0,8.0,0.0,0.0,0.0,0.0,0.0,8.0,0.0,166.0,0.0,1.0,0.0,0.0,0.0,0.0,0.0,1.0,0.0,0.0,0.0,0.0,9.0,0.0,155.0,0.0
ctx-rh-frontalpole,0.0,1.0,0.0,0.0,0.0,0.0,0.0,0.0,0.0,1.0,0.0,0.0,1.0,0.0,1.0,0.0,0.0,0.0,0.0,0.0,1.0,0.0,0.0,0.0,0.0,0.0,1.0,0.0,2.0,0.0,0.0,0.0,0.0,0.0,0.0,4.0,0.0,0.0,0.0,43.0,0.0,0.0,0.0,1.0,0.0,0.0,90.0,0.0,344.0,0.0,0.0,0.0,2.0,11.0,5.0,0.0,0.0,0.0,0.0,0.0,28.0,160.0,117.0,0.0,0.0,0.0,0.0,0.0
ctx-rh-fusiform,0.0,0.0,0.0,0.0,0.0,0.0,0.0,0.0,0.0,0.0,3.0,2.0,0.0,1.0,0.0,0.0,0.0,0.0,0.0,0.0,0.0,0.0,0.0,2.0,0.0,3.0,0.0,0.0,0.0,2.0,0.0,1.0,0.0,0.0,36.0,0.0,0.0,48.0,175.0,0.0,4580.0,106.0,990.0,37.0,25.0,1399.0,4.0,820.0,0.0,166.0,0.0,486.0,0.0,0.0,0.0,266.0,3.0,2.0,0.0,205.0,0.0,0.0,0.0,66.0,66.0,6.0,28.0,3.0
ctx-rh-inferiorparietal,0.0,0.0,0.0,0.0,0.0,0.0,1.0,9.0,3.0,1.0,17.0,1.0,0.0,6.0,0.0,0.0,1.0,0.0,0.0,0.0,0.0,0.0,3.0,8.0,2.0,23.0,0.0,0.0,1.0,9.0,2.0,5.0,0.0,0.0,366.0,1.0,14.0,26.0,0.0,0.0,106.0,8183.0,333.0,62.0,77.0,1044.0,0.0,33.0,0.0,690.0,10.0,6.0,2.0,0.0,0.0,28.0,181.0,20.0,79.0,275.0,0.0,1.0,1.0,2176.0,126.0,1891.0,0.0,9.0
ctx-rh-inferiortemporal,0.0,0.0,0.0,0.0,0.0,0.0,0.0,0.0,0.0,1.0,2.0,0.0,0.0,0.0,0.0,1.0,0.0,0.0,0.0,0.0,0.0,0.0,0.0,4.0,0.0,2.0,0.0,0.0,0.0,1.0,1.0,0.0,0.0,0.0,118.0,0.0,1.0,17.0,229.0,0.0,990.0,333.0,5533.0,91.0,12.0,412.0,4.0,57.0,0.0,2182.0,1.0,97.0,0.0,0.0,1.0,32.0,7.0,1.0,8.0,97.0,0.0,0.0,0.0,45.0,374.0,20.0,246.0,10.0
ctx-rh-insula,1.0,8.0,5.0,0.0,0.0,0.0,0.0,2.0,0.0,1.0,8.0,1.0,0.0,0.0,2.0,0.0,5.0,0.0,1.0,1.0,1.0,0.0,1.0,20.0,3.0,4.0,7.0,7.0,14.0,5.0,1.0,1.0,0.0,0.0,23.0,33.0,59.0,1.0,8.0,1.0,37.0,62.0,91.0,1875.0,25.0,5.0,302.0,6.0,7.0,118.0,42.0,3.0,253.0,21.0,86.0,0.0,287.0,87.0,286.0,74.0,9.0,136.0,110.0,95.0,499.0,290.0,38.0,97.0
ctx-rh-isthmuscingulate,5.0,1.0,2.0,5.0,0.0,0.0,5.0,19.0,4.0,6.0,81.0,5.0,0.0,10.0,0.0,5.0,3.0,0.0,0.0,0.0,0.0,4.0,7.0,75.0,8.0,67.0,0.0,0.0,10.0,57.0,14.0,12.0,0.0,3.0,14.0,6.0,3.0,9.0,0.0,0.0,25.0,77.0,12.0,25.0,557.0,20.0,0.0,149.0,0.0,20.0,32.0,112.0,0.0,0.0,0.0,6.0,31.0,419.0,15.0,949.0,0.0,0.0,15.0,104.0,23.0,38.0,1.0,5.0
ctx-rh-lateraloccipital,0.0,0.0,0.0,0.0,0.0,0.0,0.0,1.0,0.0,1.0,3.0,1.0,0.0,0.0,0.0,0.0,0.0,0.0,0.0,0.0,0.0,0.0,0.0,3.0,0.0,7.0,0.0,0.0,0.0,2.0,1.0,1.0,0.0,0.0,19.0,0.0,0.0,482.0,0.0,0.0,1399.0,1044.0,412.0,5.0,20.0,7291.0,0.0,556.0,0.0,162.0,0.0,6.0,0.0,0.0,0.0,1045.0,4.0,5.0,2.0,226.0,0.0,0.0,0.0,536.0,15.0,6.0,0.0,1.0
ctx-rh-lateralorbitofrontal,0.0,7.0,0.0,0.0,0.0,0.0,0.0,0.0,0.0,1.0,0.0,0.0,10.0,0.0,16.0,0.0,0.0,0.0,2.0,0.0,1.0,0.0,0.0,0.0,0.0,0.0,21.0,13.0,14.0,0.0,0.0,0.0,0.0,0.0,1.0,7.0,0.0,0.0,0.0,90.0,4.0,0.0,4.0,302.0,0.0,0.0,2616.0,0.0,698.0,3.0,0.0,0.0,23.0,592.0,249.0,0.0,0.0,1.0,1.0,0.0,188.0,618.0,99.0,0.0,6.0,0.0,4.0,0.0
ctx-rh-lingual,0.0,0.0,0.0,0.0,0.0,0.0,1.0,2.0,1.0,0.0,10.0,3.0,0.0,12.0,0.0,1.0,0.0,3.0,0.0,0.0,0.0,3.0,0.0,4.0,0.0,7.0,0.0,0.0,0.0,2.0,1.0,0.0,0.0,0.0,9.0,0.0,0.0,93.0,0.0,0.0,820.0,33.0,57.0,6.0,149.0,556.0,0.0,4291.0,0.0,40.0,0.0,432.0,0.0,0.0,0.0,1568.0,3.0,4.0,1.0,351.0,0.0,0.0,0.0,43.0,12.0,2.0,0.0,0.0
ctx-rh-medialorbitofrontal,0.0,6.0,0.0,0.0,0.0,0.0,0.0,0.0,0.0,1.0,0.0,0.0,11.0,0.0,15.0,0.0,0.0,0.0,2.0,1.0,1.0,0.0,0.0,0.0,0.0,0.0,18.0,15.0,9.0,0.0,0.0,0.0,0.0,0.0,0.0,11.0,0.0,0.0,0.0,344.0,0.0,0.0,0.0,7.0,0.0,0.0,698.0,0.0,1770.0,0.0,0.0,0.0,5.0,33.0,7.0,0.0,0.0,0.0,0.0,0.0,583.0,540.0,466.0,0.0,0.0,0.0,0.0,0.0
ctx-rh-middletemporal,0.0,0.0,0.0,0.0,0.0,0.0,0.0,0.0,0.0,1.0,4.0,0.0,0.0,3.0,0.0,0.0,0.0,1.0,0.0,0.0,0.0,1.0,2.0,3.0,0.0,3.0,0.0,0.0,0.0,1.0,2.0,2.0,0.0,0.0,757.0,0.0,0.0,5.0,8.0,0.0,166.0,690.0,2182.0,118.0,20.0,162.0,3.0,40.0,0.0,5148.0,1.0,20.0,0.0,1.0,0.0,18.0,17.0,8.0,7.0,96.0,0.0,0.0,0.0,43.0,767.0,74.0,67.0,24.0
ctx-rh-paracentral,0.0,7.0,3.0,0.0,0.0,0.0,0.0,2.0,0.0,3.0,10.0,0.0,0.0,1.0,0.0,1.0,9.0,0.0,1.0,0.0,0.0,1.0,5.0,62.0,19.0,10.0,0.0,0.0,20.0,6.0,3.0,2.0,0.0,0.0,1.0,15.0,27.0,0.0,0.0,0.0,0.0,10.0,1.0,42.0,32.0,0.0,0.0,0.0,0.0,1.0,2201.0,1.0,1.0,0.0,0.0,0.0,481.0,356.0,992.0,272.0,0.0,2.0,406.0,113.0,3.0,28.0,0.0,2.0
ctx-rh-parahippocampal,1.0,0.0,0.0,1.0,0.0,0.0,1.0,1.0,1.0,0.0,2.0,0.0,0.0,1.0,0.0,0.0,0.0,0.0,0.0,0.0,0.0,0.0,1.0,2.0,0.0,8.0,0.0,0.0,0.0,5.0,0.0,1.0,0.0,0.0,6.0,0.0,0.0,0.0,166.0,0.0,486.0,6.0,97.0,3.0,112.0,6.0,0.0,432.0,0.0,20.0,1.0,613.0,0.0,0.0,0.0,4.0,0.0,0.0,0.0,31.0,0.0,0.0,0.0,6.0,11.0,0.0,4.0,0.0
ctx-rh-parsopercularis,0.0,23.0,2.0,0.0,0.0,0.0,0.0,0.0,0.0,1.0,0.0,0.0,0.0,0.0,0.0,0.0,0.0,0.0,4.0,0.0,0.0,0.0,1.0,1.0,3.0,0.0,6.0,21.0,19.0,1.0,0.0,0.0,0.0,0.0,1.0,49.0,244.0,0.0,0.0,2.0,0.0,2.0,0.0,253.0,0.0,0.0,23.0,0.0,5.0,0.0,1.0,0.0,1821.0,9.0,379.0,0.0,37.0,7.0,595.0,1.0,7.0,701.0,184.0,5.0,1.0,6.0,0.0,0.0
ctx-rh-parsorbitalis,0.0,1.0,0.0,0.0,0.0,1.0,0.0,0.0,0.0,0.0,0.0,0.0,4.0,0.0,8.0,0.0,0.0,0.0,0.0,0.0,1.0,0.0,0.0,0.0,0.0,0.0,5.0,7.0,6.0,0.0,0.0,0.0,0.0,0.0,0.0,1.0,0.0,0.0,1.0,11.0,0.0,0.0,0.0,21.0,0.0,0.0,592.0,0.0,33.0,1.0,0.0,0.0,9.0,672.0,411.0,0.0,0.0,0.0,0.0,0.0,29.0,541.0,58.0,1.0,0.0,0.0,0.0,0.0
ctx-rh-parstriangularis,0.0,13.0,1.0,0.0,0.0,2.0,0.0,0.0,0.0,3.0,0.0,0.0,5.0,0.0,4.0,0.0,0.0,0.0,1.0,1.0,5.0,0.0,0.0,0.0,0.0,0.0,12.0,18.0,15.0,0.0,0.0,0.0,0.0,0.0,0.0,25.0,9.0,0.0,0.0,5.0,0.0,0.0,1.0,86.0,0.0,0.0,249.0,0.0,7.0,0.0,0.0,0.0,379.0,411.0,1406.0,0.0,0.0,2.0,1.0,0.0,39.0,1028.0,143.0,0.0,1.0,0.0,0.0,0.0
ctx-rh-pericalcarine,0.0,0.0,0.0,7.0,0.0,0.0,0.0,0.0,0.0,0.0,2.0,1.0,0.0,5.0,0.0,0.0,0.0,0.0,0.0,0.0,0.0,0.0,0.0,0.0,0.0,5.0,0.0,0.0,0.0,2.0,0.0,0.0,0.0,0.0,4.0,0.0,0.0,1394.0,0.0,0.0,266.0,28.0,32.0,0.0,6.0,1045.0,0.0,1568.0,0.0,18.0,0.0,4.0,0.0,0.0,0.0,1004.0,0.0,0.0,0.0,263.0,0.0,0.0,0.0,119.0,2.0,1.0,0.0,0.0
ctx-rh-postcentral,0.0,9.0,1.0,0.0,0.0,0.0,0.0,1.0,0.0,1.0,5.0,1.0,0.0,0.0,0.0,0.0,5.0,0.0,0.0,0.0,0.0,0.0,6.0,15.0,2.0,7.0,0.0,0.0,5.0,6.0,0.0,3.0,0.0,0.0,35.0,4.0,150.0,0.0,0.0,0.0,3.0,181.0,7.0,287.0,31.0,4.0,0.0,3.0,0.0,17.0,481.0,0.0,37.0,0.0,0.0,0.0,6246.0,82.0,2219.0,251.0,0.0,13.0,53.0,713.0,29.0,1550.0,0.0,6.0
ctx-rh-posteriorcingulate,1.0,37.0,17.0,0.0,0.0,0.0,2.0,4.0,1.0,6.0,19.0,2.0,0.0,2.0,0.0,0.0,31.0,0.0,1.0,0.0,0.0,0.0,20.0,188.0,45.0,16.0,0.0,3.0,77.0,40.0,2.0,7.0,0.0,0.0,7.0,357.0,75.0,2.0,0.0,0.0,2.0,20.0,1.0,87.0,419.0,5.0,1.0,4.0,0.0,8.0,356.0,0.0,7.0,0.0,2.0,0.0,82.0,1500.0,244.0,356.0,0.0,14.0,550.0,68.0,20.0,64.0,0.0,7.0
ctx-rh-precentral,0.0,25.0,10.0,0.0,0.0,0.0,0.0,2.0,0.0,2.0,2.0,0.0,0.0,1.0,0.0,0.0,7.0,0.0,0.0,0.0,0.0,0.0,4.0,51.0,24.0,4.0,0.0,2.0,31.0,7.0,1.0,1.0,0.0,0.0,9.0,46.0,1633.0,0.0,0.0,0.0,0.0,79.0,8.0,286.0,15.0,2.0,1.0,1.0,0.0,7.0,992.0,0.0,595.0,0.0,1.0,0.0,2219.0,244.0,7952.0,93.0,0.0,100.0,903.0,197.0,25.0,322.0,0.0,5.0
ctx-rh-precuneus,8.0,1.0,0.0,5.0,0.0,0.0,1.0,24.0,11.0,10.0,105.0,7.0,1.0,14.0,0.0,5.0,7.0,5.0,1.0,0.0,0.0,9.0,8.0,63.0,10.0,121.0,0.0,0.0,6.0,88.0,8.0,10.0,0.0,4.0,42.0,5.0,7.0,286.0,1.0,0.0,205.0,275.0,97.0,74.0,949.0,226.0,0.0,351.0,0.0,96.0,272.0,31.0,1.0,0.0,0.0,263.0,251.0,356.0,93.0,5564.0,0.0,1.0,8.0,2783.0,51.0,105.0,0.0,11.0
ctx-rh-rostralanteriorcingulate,0.0,18.0,0.0,0.0,0.0,4.0,0.0,0.0,0.0,3.0,0.0,0.0,13.0,0.0,21.0,0.0,0.0,0.0,3.0,3.0,7.0,0.0,0.0,0.0,0.0,0.0,52.0,46.0,47.0,0.0,0.0,0.0,0.0,0.0,0.0,147.0,0.0,0.0,0.0,28.0,0.0,0.0,0.0,9.0,0.0,0.0,188.0,0.0,583.0,0.0,0.0,0.0,7.0,29.0,39.0,0.0,0.0,0.0,0.0,0.0,667.0,245.0,402.0,0.0,0.0,0.0,0.0,0.0
ctx-rh-rostralmiddlefrontal,0.0,71.0,3.0,0.0,0.0,1.0,0.0,0.0,0.0,5.0,0.0,0.0,14.0,0.0,18.0,0.0,2.0,0.0,19.0,3.0,9.0,0.0,0.0,4.0,2.0,0.0,66.0,83.0,95.0,0.0,0.0,0.0,0.0,0.0,0.0,297.0,858.0,0.0,0.0,160.0,0.0,1.0,0.0,136.0,0.0,0.0,618.0,0.0,540.0,0.0,2.0,0.0,701.0,541.0,1028.0,0.0,13.0,14.0,100.0,1.0,245.0,8611.0,2418.0,3.0,0.0,2.0,0.0,0.0
ctx-rh-superiorfrontal,0.0,217.0,38.0,0.0,0.0,2.0,0.0,1.0,0.0,11.0,0.0,0.0,11.0,0.0,18.0,0.0,11.0,0.0,34.0,1.0,15.0,0.0,9.0,73.0,62.0,1.0,62.0,123.0,237.0,3.0,0.0,1.0,0.0,0.0,1.0,1231.0,1238.0,0.0,0.0,117.0,0.0,1.0,0.0,110.0,15.0,0.0,99.0,0.0,466.0,0.0,406.0,0.0,184.0,58.0,143.0,0.0,53.0,550.0,903.0,8.0,402.0,2418.0,13691.0,11.0,2.0,22.0,0.0,1.0
ctx-rh-superiorparietal,2.0,1.0,0.0,2.0,0.0,0.0,3.0,5.0,2.0,2.0,38.0,4.0,0.0,5.0,0.0,3.0,4.0,4.0,0.0,0.0,0.0,1.0,5.0,33.0,4.0,38.0,0.0,0.0,3.0,18.0,2.0,3.0,0.0,2.0,30.0,2.0,20.0,415.0,0.0,0.0,66.0,2176.0,45.0,95.0,104.0,536.0,0.0,43.0,0.0,43.0,113.0,6.0,5.0,1.0,0.0,119.0,713.0,68.0,197.0,2783.0,0.0,3.0,11.0,7629.0,36.0,660.0,0.0,7.0
ctx-rh-superiortemporal,0.0,0.0,0.0,0.0,0.0,0.0,0.0,1.0,1.0,0.0,4.0,1.0,0.0,1.0,0.0,0.0,0.0,0.0,0.0,0.0,0.0,0.0,0.0,8.0,0.0,3.0,0.0,0.0,0.0,7.0,0.0,2.0,0.0,0.0,918.0,0.0,0.0,0.0,9.0,0.0,66.0,126.0,374.0,499.0,23.0,15.0,6.0,12.0,0.0,767.0,3.0,11.0,1.0,0.0,1.0,2.0,29.0,20.0,25.0,51.0,0.0,0.0,2.0,36.0,5549.0,336.0,242.0,560.0
ctx-rh-supramarginal,0.0,1.0,1.0,0.0,0.0,0.0,1.0,4.0,1.0,2.0,9.0,0.0,0.0,1.0,0.0,0.0,3.0,0.0,0.0,0.0,0.0,1.0,3.0,15.0,3.0,9.0,0.0,0.0,2.0,4.0,0.0,2.0,0.0,1.0,295.0,2.0,28.0,3.0,0.0,0.0,6.0,1891.0,20.0,290.0,38.0,6.0,0.0,2.0,0.0,74.0,28.0,0.0,6.0,0.0,0.0,1.0,1550.0,64.0,322.0,105.0,0.0,2.0,22.0,660.0,336.0,5268.0,0.0,58.0
ctx-rh-temporalpole,0.0,0.0,0.0,0.0,0.0,0.0,0.0,0.0,0.0,0.0,0.0,0.0,0.0,0.0,0.0,0.0,0.0,0.0,0.0,0.0,0.0,0.0,0.0,0.0,0.0,0.0,0.0,0.0,0.0,0.0,0.0,0.0,0.0,0.0,0.0,0.0,0.0,0.0,155.0,0.0,28.0,0.0,246.0,38.0,1.0,0.0,4.0,0.0,0.0,67.0,0.0,4.0,0.0,0.0,0.0,0.0,0.0,0.0,0.0,0.0,0.0,0.0,0.0,0.0,242.0,0.0,433.0,0.0
ctx-rh-transversetemporal,0.0,0.0,0.0,0.0,0.0,0.0,0.0,0.0,0.0,1.0,1.0,0.0,0.0,0.0,0.0,0.0,0.0,0.0,0.0,0.0,0.0,0.0,0.0,1.0,1.0,0.0,0.0,0.0,0.0,2.0,0.0,0.0,0.0,0.0,33.0,1.0,0.0,0.0,0.0,0.0,3.0,9.0,10.0,97.0,5.0,1.0,0.0,0.0,0.0,24.0,2.0,0.0,0.0,0.0,0.0,0.0,6.0,7.0,5.0,11.0,0.0,0.0,1.0,7.0,560.0,58.0,0.0,293.0
