,ctx-lh-bankssts,ctx-lh-caudalanteriorcingulate,ctx-lh-caudalmiddlefrontal,ctx-lh-cuneus,ctx-lh-entorhinal,ctx-lh-frontalpole,ctx-lh-fusiform,ctx-lh-inferiorparietal,ctx-lh-inferiortemporal,ctx-lh-insula,ctx-lh-isthmuscingulate,ctx-lh-lateraloccipital,ctx-lh-lateralorbitofrontal,ctx-lh-lingual,ctx-lh-medialorbitofrontal,ctx-lh-middletemporal,ctx-lh-paracentral,ctx-lh-parahippocampal,ctx-lh-parsopercularis,ctx-lh-parsorbitalis,ctx-lh-parstriangularis,ctx-lh-pericalcarine,ctx-lh-postcentral,ctx-lh-posteriorcingulate,ctx-lh-precentral,ctx-lh-precuneus,ctx-lh-rostralanteriorcingulate,ctx-lh-rostralmiddlefrontal,ctx-lh-superiorfrontal,ctx-lh-superiorparietal,ctx-lh-superiortemporal,ctx-lh-supramarginal,ctx-lh-temporalpole,ctx-lh-transversetemporal,ctx-rh-bankssts,ctx-rh-caudalanteriorcingulate,ctx-rh-caudalmiddlefrontal,ctx-rh-cuneus,ctx-rh-entorhinal,ctx-rh-frontalpole,ctx-rh-fusiform,ctx-rh-inferiorparietal,ctx-rh-inferiortemporal,ctx-rh-insula,ctx-rh-isthmuscingulate,ctx-rh-lateraloccipital,ctx-rh-lateralorbitofrontal,ctx-rh-lingual,ctx-rh-medialorbitofrontal,ctx-rh-middletemporal,ctx-rh-paracentral,ctx-rh-parahippocampal,ctx-rh-parsopercularis,ctx-rh-parsorbitalis,ctx-rh-parstriangularis,ctx-rh-pericalcarine,ctx-rh-postcentral,ctx-rh-posteriorcingulate,ctx-rh-precentral,ctx-rh-precuneus,ctx-rh-rostralanteriorcingulate,ctx-rh-rostralmiddlefrontal,ctx-rh-superiorfrontal,ctx-rh-superiorparietal,ctx-rh-superiortemporal,ctx-rh-supramarginal,ctx-rh-temporalpole,ctx-rh-transversetemporal
ctx-lh-bankssts,767.0,0.0,1.0,9.0,0.0,0.0,48.0,589.0,253.0,37.0,27.0,28.0,0.0,23.0,0.0,1125.0,2.0,9.0,4.0,0.0,0.0,2.0,34.0,8.0,14.0,74.0,0.0,0.0,1.0,87.0,962.0,288.0,0.0,30.0,0.0,0.0,0.0,3.0,0.0,0.0,0.0,0.0,0.0,0.0,2.0,0.0,0.0,0.0,0.0,1.0,0.0,0.0,0.0,0.0,0.0,0.0,0.0,1.0,2.0,4.0,0.0,0.0,0.0,1.0,2.0,2.0,0.0,0.0
ctx-lh-caudalanteriorcingulate,0.0,603.0,85.0,0.0,0.0,0.0,0.0,0.0,0.0,45.0,4.0,0.0,7.0,0.0,4.0,0.0,12.0,0.0,94.0,1.0,26.0,0.0,5.0,203.0,59.0,1.0,244.0,153.0,775.0,1.0,0.0,0.0,0.0,0.0,0.0,103.0,11.0,0.0,0.0,0.0,0.0,1.0,0.0,10.0,0.0,0.0,1.0,0.0,0.0,0.0,8.0,0.0,3.0,0.0,2.0,0.0,3.0,19.0,16.0,1.0,29.0,10.0,79.0,0.0,0.0,2.0,0.0,0.0
ctx-lh-caudalmiddlefrontal,1.0,85.0,2771.0,0.0,0.0,0.0,0.0,1.0,0.0,36.0,0.0,0.0,0.0,0.0,0.0,0.0,4.0,0.0,412.0,0.0,23.0,0.0,46.0,14.0,1129.0,6.0,9.0,876.0,773.0,7.0,0.0,8.0,0.0,0.0,0.0,22.0,6.0,0.0,0.0,0.0,0.0,0.0,0.0,0.0,0.0,0.0,0.0,0.0,0.0,0.0,2.0,0.0,1.0,0.0,0.0,0.0,2.0,11.0,6.0,0.0,2.0,0.0,12.0,0.0,0.0,0.0,0.0,1.0
ctx-lh-cuneus,9.0,0.0,0.0,1602.0,0.0,0.0,25.0,129.0,14.0,7.0,53.0,496.0,0.0,78.0,0.0,4.0,0.0,6.0,0.0,0.0,0.0,1417.0,1.0,0.0,0.0,355.0,0.0,0.0,0.0,711.0,5.0,0.0,0.0,1.0,1.0,0.0,0.0,10.0,0.0,0.0,1.0,0.0,3.0,1.0,12.0,0.0,0.0,22.0,0.0,0.0,0.0,0.0,0.0,0.0,0.0,28.0,0.0,0.0,0.0,12.0,0.0,0.0,0.0,1.0,0.0,0.0,0.0,1.0
ctx-lh-entorhinal,0.0,0.0,0.0,0.0,152.0,0.0,85.0,1.0,63.0,6.0,0.0,0.0,1.0,0.0,0.0,32.0,0.0,65.0,0.0,0.0,0.0,0.0,0.0,0.0,0.0,2.0,0.0,0.0,0.0,0.0,22.0,0.0,169.0,0.0,0.0,0.0,0.0,0.0,0.0,0.0,0.0,0.0,0.0,0.0,0.0,0.0,0.0,0.0,0.0,0.0,0.0,0.0,0.0,0.0,0.0,0.0,0.0,0.0,0.0,0.0,0.0,0.0,0.0,0.0,0.0,0.0,0.0,0.0
ctx-lh-frontalpole,0.0,0.0,0.0,0.0,0.0,37.0,0.0,0.0,0.0,1.0,0.0,0.0,28.0,0.0,259.0,0.0,0.0,0.0,1.0,5.0,2.0,0.0,0.0,0.0,0.0,0.0,1.0,183.0,102.0,0.0,0.0,0.0,0.0,0.0,0.0,0.0,0.0,0.0,0.0,0.0,0.0,0.0,0.0,0.0,0.0,0.0,0.0,0.0,0.0,0.0,0.0,0.0,0.0,0.0,0.0,0.0,0.0,0.0,0.0,0.0,0.0,0.0,0.0,0.0,0.0,0.0,0.0,0.0
ctx-lh-fusiform,48.0,0.0,0.0,25.0,85.0,0.0,2766.0,67.0,1475.0,36.0,20.0,821.0,1.0,848.0,1.0,425.0,0.0,188.0,0.0,0.0,0.0,93.0,0.0,1.0,1.0,37.0,0.0,0.0,0.0,34.0,163.0,4.0,228.0,4.0,2.0,0.0,0.0,0.0,0.0,0.0,0.0,1.0,0.0,1.0,4.0,1.0,0.0,2.0,0.0,0.0,0.0,0.0,0.0,0.0,0.0,0.0,0.0,1.0,0.0,3.0,0.0,0.0,0.0,0.0,3.0,0.0,0.0,0.0
ctx-lh-inferiorparietal,589.0,0.0,1.0,129.0,1.0,0.0,67.0,6774.0,132.0,28.0,55.0,907.0,1.0,40.0,0.0,376.0,4.0,7.0,4.0,0.0,0.0,48.0,60.0,9.0,35.0,401.0,0.0,0.0,1.0,1412.0,140.0,928.0,1.0,17.0,5.0,0.0,0.0,2.0,0.0,0.0,0.0,1.0,0.0,0.0,10.0,0.0,0.0,2.0,0.0,1.0,0.0,0.0,0.0,0.0,0.0,1.0,0.0,0.0,1.0,11.0,0.0,0.0,0.0,1.0,0.0,2.0,0.0,0.0
ctx-lh-inferiortemporal,253.0,0.0,0.0,14.0,63.0,0.0,1475.0,132.0,3857.0,53.0,13.0,540.0,5.0,221.0,0.0,2505.0,1.0,120.0,1.0,0.0,0.0,34.0,2.0,3.0,1.0,58.0,1.0,0.0,1.0,32.0,228.0,16.0,182.0,10.0,0.0,0.0,0.0,0.0,0.0,0.0,0.0,0.0,0.0,0.0,5.0,1.0,0.0,0.0,0.0,0.0,0.0,0.0,0.0,0.0,0.0,1.0,0.0,0.0,0.0,8.0,0.0,0.0,0.0,1.0,0.0,0.0,0.0,0.0
ctx-lh-insula,37.0,45.0,36.0,7.0,6.0,1.0,36.0,28.0,53.0,1511.0,27.0,8.0,368.0,10.0,37.0,113.0,12.0,8.0,225.0,7.0,81.0,4.0,352.0,26.0,346.0,36.0,78.0,93.0,84.0,53.0,417.0,263.0,7.0,130.0,1.0,14.0,0.0,0.0,0.0,0.0,0.0,0.0,0.0,2.0,9.0,1.0,0.0,1.0,0.0,1.0,2.0,0.0,0.0,0.0,1.0,0.0,0.0,11.0,1.0,8.0,2.0,0.0,2.0,1.0,1.0,0.0,0.0,1.0
ctx-lh-isthmuscingulate,27.0,4.0,0.0,53.0,0.0,0.0,20.0,55.0,13.0,27.0,684.0,34.0,0.0,148.0,0.0,16.0,12.0,98.0,1.0,0.0,0.0,51.0,12.0,335.0,5.0,976.0,0.0,0.0,3.0,102.0,40.0,24.0,0.0,22.0,5.0,0.0,0.0,1.0,0.0,0.0,0.0,17.0,3.0,6.0,63.0,3.0,0.0,4.0,0.0,5.0,7.0,5.0,0.0,0.0,0.0,2.0,1.0,21.0,3.0,63.0,0.0,0.0,2.0,4.0,13.0,8.0,0.0,1.0
ctx-lh-lateraloccipital,28.0,0.0,0.0,496.0,0.0,0.0,821.0,907.0,540.0,8.0,34.0,7408.0,1.0,969.0,0.0,49.0,0.0,8.0,0.0,0.0,0.0,979.0,0.0,0.0,1.0,108.0,0.0,0.0,0.0,446.0,29.0,7.0,0.0,3.0,2.0,0.0,0.0,0.0,0.0,0.0,0.0,2.0,1.0,0.0,3.0,0.0,0.0,1.0,0.0,0.0,0.0,0.0,0.0,0.0,0.0,1.0,0.0,1.0,0.0,14.0,0.0,0.0,0.0,1.0,1.0,1.0,0.0,0.0
ctx-lh-lateralorbitofrontal,0.0,7.0,0.0,0.0,1.0,28.0,1.0,1.0,5.0,368.0,0.0,1.0,2545.0,0.0,1526.0,8.0,0.0,0.0,27.0,591.0,396.0,0.0,0.0,0.0,1.0,0.0,248.0,609.0,49.0,0.0,16.0,0.0,3.0,1.0,0.0,2.0,0.0,0.0,0.0,0.0,0.0,0.0,0.0,0.0,0.0,0.0,0.0,0.0,0.0,0.0,0.0,0.0,0.0,0.0,0.0,0.0,0.0,0.0,0.0,0.0,0.0,1.0,0.0,0.0,0.0,0.0,0.0,0.0
ctx-lh-lingual,23.0,0.0,0.0,78.0,0.0,0.0,848.0,40.0,221.0,10.0,148.0,969.0,0.0,4814.0,0.0,27.0,0.0,226.0,0.0,0.0,0.0,882.0,2.0,2.0,0.0,101.0,0.0,0.0,0.0,27.0,22.0,1.0,0.0,2.0,0.0,0.0,0.0,0.0,0.0,0.0,1.0,1.0,1.0,0.0,6.0,5.0,0.0,87.0,0.0,0.0,0.0,0.0,0.0,0.0,0.0,7.0,1.0,0.0,0.0,4.0,0.0,0.0,0.0,1.0,1.0,0.0,0.0,0.0
ctx-lh-medialorbitofrontal,0.0,4.0,0.0,0.0,0.0,259.0,1.0,0.0,0.0,37.0,0.0,0.0,1526.0,0.0,1838.0,0.0,0.0,0.0,9.0,76.0,123.0,0.0,0.0,0.0,0.0,0.0,305.0,803.0,358.0,0.0,4.0,0.0,0.0,0.0,0.0,0.0,0.0,0.0,0.0,0.0,0.0,0.0,0.0,0.0,0.0,0.0,0.0,0.0,0.0,0.0,0.0,0.0,3.0,0.0,0.0,0.0,0.0,0.0,0.0,0.0,7.0,0.0,0.0,0.0,0.0,0.0,0.0,0.0
ctx-lh-middletemporal,1125.0,0.0,0.0,4.0,32.0,0.0,425.0,376.0,2505.0,113.0,16.0,49.0,8.0,27.0,0.0,3977.0,2.0,28.0,0.0,0.0,0.0,7.0,11.0,2.0,4.0,58.0,0.0,0.0,0.0,37.0,1092.0,33.0,189.0,29.0,1.0,0.0,0.0,1.0,0.0,0.0,0.0,0.0,0.0,0.0,4.0,0.0,0.0,1.0,0.0,0.0,0.0,0.0,0.0,0.0,0.0,0.0,1.0,2.0,0.0,4.0,0.0,0.0,0.0,0.0,2.0,1.0,0.0,0.0
ctx-lh-paracentral,2.0,12.0,4.0,0.0,0.0,0.0,0.0,4.0,1.0,12.0,12.0,0.0,0.0,0.0,0.0,2.0,1695.0,0.0,5.0,0.0,0.0,0.0,654.0,270.0,1149.0,188.0,0.0,0.0,491.0,307.0,9.0,9.0,0.0,6.0,2.0,4.0,4.0,2.0,0.0,0.0,0.0,1.0,0.0,3.0,6.0,0.0,0.0,0.0,0.0,0.0,178.0,0.0,1.0,0.0,0.0,0.0,69.0,31.0,90.0,9.0,1.0,1.0,22.0,17.0,3.0,3.0,0.0,0.0
ctx-lh-parahippocampal,9.0,0.0,0.0,6.0,65.0,0.0,188.0,7.0,120.0,8.0,98.0,8.0,0.0,226.0,0.0,28.0,0.0,359.0,0.0,0.0,0.0,4.0,0.0,0.0,0.0,14.0,0.0,0.0,0.0,1.0,17.0,1.0,1.0,1.0,0.0,0.0,0.0,0.0,0.0,0.0,0.0,0.0,0.0,0.0,2.0,0.0,0.0,1.0,0.0,0.0,0.0,0.0,0.0,0.0,0.0,0.0,0.0,0.0,0.0,2.0,0.0,0.0,0.0,1.0,0.0,0.0,0.0,0.0
ctx-lh-parsopercularis,4.0,94.0,412.0,0.0,0.0,1.0,0.0,4.0,1.0,225.0,1.0,0.0,27.0,0.0,9.0,0.0,5.0,0.0,2152.0,0.0,364.0,0.0,63.0,8.0,625.0,2.0,67.0,694.0,270.0,5.0,1.0,19.0,0.0,0.0,0.0,11.0,0.0,0.0,0.0,0.0,0.0,0.0,0.0,2.0,0.0,0.0,0.0,0.0,1.0,0.0,0.0,0.0,0.0,0.0,1.0,0.0,1.0,2.0,3.0,0.0,8.0,1.0,8.0,0.0,0.0,0.0,0.0,0.0
ctx-lh-parsorbitalis,0.0,1.0,0.0,0.0,0.0,5.0,0.0,0.0,0.0,7.0,0.0,0.0,591.0,0.0,76.0,0.0,0.0,0.0,0.0,365.0,447.0,0.0,0.0,0.0,0.0,0.0,25.0,300.0,17.0,0.0,0.0,0.0,0.0,0.0,0.0,0.0,0.0,0.0,0.0,0.0,0.0,0.0,0.0,0.0,0.0,0.0,0.0,0.0,0.0,0.0,0.0,0.0,0.0,0.0,0.0,0.0,0.0,0.0,0.0,0.0,0.0,0.0,0.0,0.0,0.0,0.0,0.0,0.0
ctx-lh-parstriangularis,0.0,26.0,23.0,0.0,0.0,2.0,0.0,0.0,0.0,81.0,0.0,0.0,396.0,0.0,123.0,0.0,0.0,0.0,364.0,447.0,1296.0,0.0,0.0,0.0,9.0,0.0,167.0,994.0,127.0,0.0,0.0,0.0,0.0,0.0,0.0,7.0,1.0,0.0,0.0,0.0,0.0,0.0,0.0,0.0,0.0,0.0,0.0,0.0,1.0,0.0,0.0,0.0,1.0,0.0,0.0,0.0,0.0,0.0,0.0,0.0,3.0,1.0,2.0,0.0,0.0,0.0,0.0,0.0
ctx-lh-pericalcarine,2.0,0.0,0.0,1417.0,0.0,0.0,93.0,48.0,34.0,4.0,51.0,979.0,0.0,882.0,0.0,7.0,0.0,4.0,0.0,0.0,0.0,962.0,0.0,1.0,0.0,222.0,0.0,0.0,1.0,125.0,9.0,0.0,0.0,1.0,2.0,0.0,0.0,1.0,0.0,0.0,0.0,3.0,0.0,1.0,1.0,1.0,0.0,10.0,0.0,0.0,0.0,0.0,0.0,0.0,0.0,1.0,0.0,0.0,0.0,11.0,0.0,0.0,0.0,2.0,0.0,0.0,0.0,0.0
ctx-lh-postcentral,34.0,5.0,46.0,1.0,0.0,0.0,0.0,60.0,2.0,352.0,12.0,0.0,0.0,2.0,0.0,11.0,654.0,0.0,63.0,0.0,0.0,0.0,5733.0,45.0,2515.0,106.0,3.0,8.0,36.0,902.0,34.0,864.0,0.0,8.0,1.0,2.0,0.0,0.0,0.0,0.0,0.0,1.0,0.0,1.0,7.0,0.0,0.0,0.0,0.0,1.0,9.0,1.0,0.0,0.0,0.0,0.0,1.0,10.0,1.0,2.0,0.0,0.0,5.0,1.0,3.0,2.0,0.0,1.0
ctx-lh-posteriorcingulate,8.0,203.0,14.0,0.0,0.0,0.0,1.0,9.0,3.0,26.0,335.0,0.0,0.0,2.0,0.0,2.0,270.0,0.0,8.0,0.0,0.0,1.0,45.0,1411.0,107.0,387.0,8.0,9.0,284.0,74.0,16.0,20.0,0.0,6.0,1.0,39.0,12.0,0.0,0.0,0.0,1.0,3.0,0.0,9.0,21.0,0.0,1.0,2.0,0.0,1.0,32.0,0.0,1.0,0.0,0.0,1.0,7.0,180.0,34.0,20.0,4.0,1.0,75.0,5.0,10.0,6.0,0.0,7.0
ctx-lh-precentral,14.0,59.0,1129.0,0.0,0.0,0.0,1.0,35.0,1.0,346.0,5.0,1.0,1.0,0.0,0.0,4.0,1149.0,0.0,625.0,0.0,9.0,0.0,2515.0,107.0,7065.0,60.0,2.0,58.0,720.0,290.0,24.0,166.0,0.0,4.0,0.0,23.0,1.0,0.0,0.0,0.0,0.0,1.0,0.0,2.0,3.0,0.0,0.0,0.0,0.0,0.0,27.0,0.0,0.0,0.0,0.0,0.0,7.0,41.0,15.0,1.0,0.0,0.0,27.0,0.0,0.0,0.0,0.0,0.0
ctx-lh-precuneus,74.0,1.0,6.0,355.0,2.0,0.0,37.0,401.0,58.0,36.0,976.0,108.0,0.0,101.0,0.0,58.0,188.0,14.0,2.0,0.0,0.0,222.0,106.0,387.0,60.0,4528.0,0.0,0.0,8.0,2531.0,76.0,88.0,0.0,30.0,12.0,1.0,0.0,28.0,0.0,0.0,1.0,12.0,4.0,2.0,49.0,6.0,0.0,12.0,0.0,4.0,8.0,2.0,0.0,0.0,0.0,11.0,2.0,20.0,5.0,75.0,0.0,0.0,2.0,16.0,14.0,8.0,0.0,2.0
ctx-lh-rostralanteriorcingulate,0.0,244.0,9.0,0.0,0.0,1.0,0.0,0.0,1.0,78.0,0.0,0.0,248.0,0.0,305.0,0.0,0.0,0.0,67.0,25.0,167.0,0.0,3.0,8.0,2.0,0.0,1162.0,373.0,367.0,0.0,0.0,0.0,0.0,0.0,0.0,35.0,0.0,0.0,0.0,0.0,0.0,0.0,0.0,5.0,0.0,0.0,3.0,0.0,14.0,0.0,0.0,0.0,2.0,1.0,2.0,0.0,1.0,2.0,0.0,0.0,111.0,5.0,35.0,0.0,0.0,0.0,0.0,0.0
ctx-lh-rostralmiddlefrontal,0.0,153.0,876.0,0.0,0.0,183.0,0.0,0.0,0.0,93.0,0.0,0.0,609.0,0.0,803.0,0.0,0.0,0.0,694.0,300.0,994.0,0.0,8.0,9.0,58.0,0.0,373.0,6621.0,2979.0,1.0,0.0,0.0,0.0,0.0,0.0,22.0,0.0,0.0,0.0,0.0,0.0,0.0,0.0,3.0,0.0,0.0,0.0,0.0,0.0,0.0,0.0,0.0,3.0,0.0,1.0,0.0,0.0,3.0,0.0,0.0,10.0,3.0,9.0,0.0,0.0,0.0,0.0,0.0
ctx-lh-superiorfrontal,1.0,775.0,773.0,0.0,0.0,102.0,0.0,1.0,1.0,84.0,3.0,0.0,49.0,0.0,358.0,0.0,491.0,0.0,270.0,17.0,127.0,1.0,36.0,284.0,720.0,8.0,367.0,2979.0,10693.0,16.0,2.0,5.0,0.0,1.0,1.0,148.0,14.0,0.0,0.0,0.0,0.0,0.0,0.0,11.0,0.0,0.0,1.0,0.0,0.0,0.0,13.0,0.0,5.0,0.0,1.0,0.0,6.0,65.0,28.0,0.0,27.0,6.0,126.0,4.0,0.0,2.0,0.0,0.0
ctx-lh-superiorparietal,87.0,1.0,7.0,711.0,0.0,0.0,34.0,1412.0,32.0,53.0,102.0,446.0,0.0,27.0,0.0,37.0,307.0,1.0,5.0,0.0,0.0,125.0,902.0,74.0,290.0,2531.0,0.0,1.0,16.0,6282.0,79.0,373.0,0.0,18.0,1.0,0.0,0.0,0.0,0.0,0.0,0.0,1.0,1.0,3.0,9.0,1.0,0.0,2.0,0.0,1.0,4.0,0.0,0.0,0.0,0.0,0.0,1.0,14.0,1.0,19.0,0.0,0.0,0.0,3.0,7.0,1.0,0.0,1.0
ctx-lh-superiortemporal,962.0,0.0,0.0,5.0,22.0,0.0,163.0,140.0,228.0,417.0,40.0,29.0,16.0,22.0,4.0,1092.0,9.0,17.0,1.0,0.0,0.0,9.0,34.0,16.0,24.0,76.0,0.0,0.0,2.0,79.0,4636.0,385.0,166.0,852.0,1.0,0.0,0.0,0.0,0.0,0.0,0.0,2.0,1.0,0.0,12.0,0.0,0.0,1.0,0.0,1.0,1.0,1.0,0.0,0.0,0.0,0.0,0.0,5.0,0.0,9.0,0.0,0.0,1.0,3.0,2.0,2.0,0.0,1.0
ctx-lh-supramarginal,288.0,0.0,8.0,0.0,0.0,0.0,4.0,928.0,16.0,263.0,24.0,7.0,0.0,1.0,0.0,33.0,9.0,1.0,19.0,0.0,0.0,0.0,864.0,20.0,166.0,88.0,0.0,0.0,5.0,373.0,385.0,3934.0,0.0,17.0,2.0,2.0,0.0,0.0,0.0,0.0,0.0,0.0,0.0,0.0,5.0,0.0,0.0,1.0,0.0,1.0,1.0,0.0,0.0,0.0,0.0,0.0,0.0,0.0,2.0,4.0,0.0,0.0,0.0,4.0,0.0,1.0,0.0,1.0
ctx-lh-temporalpole,0.0,0.0,0.0,0.0,169.0,0.0,228.0,1.0,182.0,7.0,0.0,0.0,3.0,0.0,0.0,189.0,0.0,1.0,0.0,0.0,0.0,0.0,0.0,0.0,0.0,0.0,0.0,0.0,0.0,0.0,166.0,0.0,456.0,0.0,0.0,0.0,0.0,0.0,0.0,0.0,0.0,0.0,0.0,0.0,0.0,0.0,0.0,0.0,0.0,0.0,0.0,0.0,0.0,0.0,0.0,0.0,0.0,0.0,0.0,0.0,0.0,0.0,0.0,0.0,0.0,0.0,0.0,0.0
ctx-lh-transversetemporal,30.0,0.0,0.0,1.0,0.0,0.0,4.0,17.0,10.0,130.0,22.0,3.0,1.0,2.0,0.0,29.0,6.0,1.0,0.0,0.0,0.0,1.0,8.0,6.0,4.0,30.0,0.0,0.0,1.0,18.0,852.0,17.0,0.0,487.0,0.0,0.0,0.0,0.0,0.0,0.0,0.0,0.0,0.0,0.0,3.0,0.0,0.0,0.0,0.0,0.0,1.0,0.0,0.0,0.0,0.0,0.0,0.0,2.0,1.0,8.0,0.0,0.0,0.0,2.0,1.0,1.0,0.0,1.0
ctx-rh-bankssts,0.0,0.0,0.0,1.0,0.0,0.0,2.0,5.0,0.0,1.0,5.0,2.0,0.0,0.0,0.0,1.0,2.0,0.0,0.0,0.0,0.0,2.0,1.0,1.0,0.0,12.0,0.0,0.0,1.0,1.0,1.0,2.0,0.0,0.0,831.0,0.0,1.0,20.0,0.0,0.0,22.0,401.0,127.0,35.0,29.0,30.0,0.0,24.0,0.0,682.0,11.0,4.0,0.0,0.0,0.0,9.0,19.0,14.0,9.0,119.0,0.0,0.0,1.0,63.0,846.0,252.0,0.0,32.0
ctx-rh-caudalanteriorcingulate,0.0,103.0,22.0,0.0,0.0,0.0,0.0,0.0,0.0,14.0,0.0,0.0,2.0,0.0,0.0,0.0,4.0,0.0,11.0,0.0,7.0,0.0,2.0,39.0,23.0,1.0,35.0,22.0,148.0,0.0,0.0,2.0,0.0,0.0,0.0,449.0,61.0,0.0,0.0,0.0,0.0,2.0,0.0,34.0,4.0,0.0,4.0,0.0,7.0,1.0,19.0,0.0,38.0,2.0,15.0,0.0,11.0,325.0,61.0,5.0,167.0,56.0,687.0,4.0,3.0,6.0,0.0,0.0
ctx-rh-caudalmiddlefrontal,0.0,11.0,6.0,0.0,0.0,0.0,0.0,0.0,0.0,0.0,0.0,0.0,0.0,0.0,0.0,0.0,4.0,0.0,0.0,0.0,1.0,0.0,0.0,12.0,1.0,0.0,0.0,0.0,14.0,0.0,0.0,0.0,0.0,0.0,1.0,61.0,3049.0,0.0,0.0,0.0,0.0,11.0,0.0,35.0,0.0,0.0,1.0,0.0,0.0,0.0,20.0,0.0,210.0,1.0,28.0,0.0,91.0,32.0,1307.0,2.0,9.0,867.0,844.0,15.0,0.0,29.0,0.0,1.0
ctx-rh-cuneus,3.0,0.0,0.0,10.0,0.0,0.0,0.0,2.0,0.0,0.0,1.0,0.0,0.0,0.0,0.0,1.0,2.0,0.0,0.0,0.0,0.0,1.0,0.0,0.0,0.0,28.0,0.0,0.0,0.0,0.0,0.0,0.0,0.0,0.0,20.0,0.0,0.0,1727.0,0.0,0.0,13.0,67.0,29.0,2.0,26.0,655.0,0.0,122.0,0.0,15.0,0.0,3.0,0.0,0.0,0.0,1348.0,0.0,0.0,0.0,573.0,0.0,0.0,0.0,487.0,3.0,0.0,0.0,3.0
ctx-rh-entorhinal,0.0,0.0,0.0,0.0,0.0,0.0,0.0,0.0,0.0,0.0,0.0,0.0,0.0,0.0,0.0,0.0,0.0,0.0,0.0,0.0,0.0,0.0,0.0,0.0,0.0,0.0,0.0,0.0,0.0,0.0,0.0,0.0,0.0,0.0,0.0,0.0,0.0,0.0,136.0,0.0,67.0,0.0,74.0,6.0,1.0,0.0,1.0,0.0,0.0,86.0,0.0,77.0,0.0,0.0,0.0,0.0,0.0,0.0,0.0,0.0,0.0,0.0,0.0,0.0,10.0,0.0,284.0,0.0
ctx-rh-frontalpole,0.0,0.0,0.0,0.0,0.0,0.0,0.0,0.0,0.0,0.0,0.0,0.0,0.0,0.0,0.0,0.0,0.0,0.0,0.0,0.0,0.0,0.0,0.0,0.0,0.0,0.0,0.0,0.0,0.0,0.0,0.0,0.0,0.0,0.0,0.0,0.0,0.0,0.0,0.0,103.0,0.0,0.0,0.0,0.0,0.0,0.0,88.0,0.0,490.0,0.0,0.0,0.0,1.0,7.0,5.0,0.0,0.0,0.0,0.0,0.0,4.0,250.0,135.0,0.0,0.0,0.0,0.0,0.0
ctx-rh-fusiform,0.0,0.0,0.0,1.0,0.0,0.0,0.0,0.0,0.0,0.0,0.0,0.0,0.0,1.0,0.0,0.0,0.0,0.0,0.0,0.0,0.0,0.0,0.0,1.0,0.0,1.0,0.0,0.0,0.0,0.0,0.0,0.0,0.0,0.0,22.0,0.0,0.0,13.0,67.0,0.0,3086.0,35.0,1767.0,35.0,13.0,981.0,0.0,732.0,0.0,320.0,0.0,148.0,0.0,0.0,0.0,69.0,0.0,0.0,1.0,31.0,0.0,0.0,0.0,8.0,69.0,1.0,127.0,2.0
ctx-rh-inferiorparietal,0.0,1.0,0.0,0.0,0.0,0.0,1.0,1.0,0.0,0.0,17.0,2.0,0.0,1.0,0.0,0.0,1.0,0.0,0.0,0.0,0.0,3.0,1.0,3.0,1.0,12.0,0.0,0.0,0.0,1.0,2.0,0.0,0.0,0.0,401.0,2.0,11.0,67.0,0.0,0.0,35.0,9916.0,98.0,52.0,41.0,735.0,0.0,54.0,0.0,664.0,23.0,2.0,3.0,0.0,2.0,37.0,89.0,17.0,75.0,543.0,1.0,0.0,3.0,1992.0,151.0,1471.0,0.0,17.0
ctx-rh-inferiortemporal,0.0,0.0,0.0,3.0,0.0,0.0,0.0,0.0,0.0,0.0,3.0,1.0,0.0,1.0,0.0,0.0,0.0,0.0,0.0,0.0,0.0,0.0,0.0,0.0,0.0,4.0,0.0,0.0,0.0,1.0,1.0,0.0,0.0,0.0,127.0,0.0,0.0,29.0,74.0,0.0,1767.0,98.0,2618.0,61.0,9.0,244.0,3.0,228.0,0.0,2020.0,3.0,162.0,0.0,1.0,0.0,33.0,3.0,3.0,0.0,67.0,0.0,0.0,0.0,22.0,134.0,3.0,172.0,7.0
ctx-rh-insula,0.0,10.0,0.0,1.0,0.0,0.0,1.0,0.0,0.0,2.0,6.0,0.0,0.0,0.0,0.0,0.0,3.0,0.0,2.0,0.0,0.0,1.0,1.0,9.0,2.0,2.0,5.0,3.0,11.0,3.0,0.0,0.0,0.0,0.0,35.0,34.0,35.0,2.0,6.0,0.0,35.0,52.0,61.0,1484.0,23.0,2.0,461.0,14.0,42.0,143.0,54.0,7.0,180.0,17.0,142.0,0.0,302.0,47.0,298.0,63.0,60.0,124.0,178.0,48.0,337.0,347.0,22.0,100.0
ctx-rh-isthmuscingulate,2.0,0.0,0.0,12.0,0.0,0.0,4.0,10.0,5.0,9.0,63.0,3.0,0.0,6.0,0.0,4.0,6.0,2.0,0.0,0.0,0.0,1.0,7.0,21.0,3.0,49.0,0.0,0.0,0.0,9.0,12.0,5.0,0.0,3.0,29.0,4.0,0.0,26.0,1.0,0.0,13.0,41.0,9.0,23.0,733.0,17.0,0.0,167.0,1.0,22.0,39.0,102.0,1.0,0.0,0.0,14.0,12.0,271.0,7.0,995.0,0.0,0.0,12.0,52.0,54.0,29.0,0.0,15.0
ctx-rh-lateraloccipital,0.0,0.0,0.0,0.0,0.0,0.0,1.0,0.0,1.0,1.0,3.0,0.0,0.0,5.0,0.0,0.0,0.0,0.0,0.0,0.0,0.0,1.0,0.0,0.0,0.0,6.0,0.0,0.0,0.0,1.0,0.0,0.0,0.0,0.0,30.0,0.0,0.0,655.0,0.0,0.0,981.0,735.0,244.0,2.0,17.0,6966.0,0.0,1131.0,0.0,126.0,0.0,2.0,0.0,0.0,0.0,1695.0,1.0,3.0,2.0,145.0,0.0,0.0,0.0,322.0,19.0,1.0,0.0,7.0
ctx-rh-lateralorbitofrontal,0.0,1.0,0.0,0.0,0.0,0.0,0.0,0.0,0.0,0.0,0.0,0.0,0.0,0.0,0.0,0.0,0.0,0.0,0.0,0.0,0.0,0.0,0.0,1.0,0.0,0.0,3.0,0.0,1.0,0.0,0.0,0.0,0.0,0.0,0.0,4.0,1.0,0.0,1.0,88.0,0.0,0.0,3.0,461.0,0.0,0.0,2608.0,0.0,1341.0,14.0,0.0,1.0,9.0,702.0,227.0,0.0,1.0,1.0,3.0,0.0,124.0,459.0,74.0,0.0,16.0,1.0,6.0,0.0
ctx-rh-lingual,0.0,0.0,0.0,22.0,0.0,0.0,2.0,2.0,0.0,1.0,4.0,1.0,0.0,87.0,0.0,1.0,0.0,1.0,0.0,0.0,0.0,10.0,0.0,2.0,0.0,12.0,0.0,0.0,0.0,2.0,1.0,1.0,0.0,0.0,24.0,0.0,0.0,122.0,0.0,0.0,732.0,54.0,228.0,14.0,167.0,1131.0,0.0,5471.0,0.0,86.0,0.0,194.0,0.0,0.0,0.0,1285.0,1.0,1.0,0.0,211.0,0.0,0.0,0.0,24.0,32.0,0.0,0.0,2.0
ctx-rh-medialorbitofrontal,0.0,0.0,0.0,0.0,0.0,0.0,0.0,0.0,0.0,0.0,0.0,0.0,0.0,0.0,0.0,0.0,0.0,0.0,1.0,0.0,1.0,0.0,0.0,0.0,0.0,0.0,14.0,0.0,0.0,0.0,0.0,0.0,0.0,0.0,0.0,7.0,0.0,0.0,0.0,490.0,0.0,0.0,0.0,42.0,1.0,0.0,1341.0,0.0,1737.0,2.0,0.0,0.0,3.0,110.0,78.0,0.0,0.0,0.0,0.0,0.0,476.0,784.0,347.0,0.0,1.0,0.0,0.0,0.0
ctx-rh-middletemporal,1.0,0.0,0.0,0.0,0.0,0.0,0.0,1.0,0.0,1.0,5.0,0.0,0.0,0.0,0.0,0.0,0.0,0.0,0.0,0.0,0.0,0.0,1.0,1.0,0.0,4.0,0.0,0.0,0.0,1.0,1.0,1.0,0.0,0.0,682.0,1.0,0.0,15.0,86.0,0.0,320.0,664.0,2020.0,143.0,22.0,126.0,14.0,86.0,2.0,4030.0,3.0,37.0,0.0,0.0,0.0,25.0,14.0,1.0,7.0,113.0,0.0,0.0,1.0,86.0,598.0,28.0,244.0,24.0
ctx-rh-paracentral,0.0,8.0,2.0,0.0,0.0,0.0,0.0,0.0,0.0,2.0,7.0,0.0,0.0,0.0,0.0,0.0,178.0,0.0,0.0,0.0,0.0,0.0,9.0,32.0,27.0,8.0,0.0,0.0,13.0,4.0,1.0,1.0,0.0,1.0,11.0,19.0,20.0,0.0,0.0,0.0,0.0,23.0,3.0,54.0,39.0,0.0,0.0,0.0,0.0,3.0,1675.0,0.0,0.0,0.0,1.0,0.0,561.0,359.0,1014.0,253.0,0.0,3.0,528.0,478.0,20.0,80.0,0.0,11.0
ctx-rh-parahippocampal,0.0,0.0,0.0,0.0,0.0,0.0,0.0,0.0,0.0,0.0,5.0,0.0,0.0,0.0,0.0,0.0,0.0,0.0,0.0,0.0,0.0,0.0,1.0,0.0,0.0,2.0,0.0,0.0,0.0,0.0,1.0,0.0,0.0,0.0,4.0,0.0,0.0,3.0,77.0,0.0,148.0,2.0,162.0,7.0,102.0,2.0,1.0,194.0,0.0,37.0,0.0,483.0,0.0,0.0,0.0,1.0,0.0,1.0,0.0,17.0,0.0,0.0,0.0,1.0,8.0,1.0,1.0,1.0
ctx-rh-parsopercularis,0.0,3.0,1.0,0.0,0.0,0.0,0.0,0.0,0.0,0.0,0.0,0.0,0.0,0.0,3.0,0.0,1.0,0.0,0.0,0.0,1.0,0.0,0.0,1.0,0.0,0.0,2.0,3.0,5.0,0.0,0.0,0.0,0.0,0.0,0.0,38.0,210.0,0.0,0.0,1.0,0.0,3.0,0.0,180.0,1.0,0.0,9.0,0.0,3.0,0.0,0.0,0.0,1262.0,2.0,347.0,0.0,64.0,4.0,441.0,0.0,14.0,445.0,186.0,2.0,0.0,16.0,0.0,0.0
ctx-rh-parsorbitalis,0.0,0.0,0.0,0.0,0.0,0.0,0.0,0.0,0.0,0.0,0.0,0.0,0.0,0.0,0.0,0.0,0.0,0.0,0.0,0.0,0.0,0.0,0.0,0.0,0.0,0.0,1.0,0.0,0.0,0.0,0.0,0.0,0.0,0.0,0.0,2.0,1.0,0.0,0.0,7.0,0.0,0.0,1.0,17.0,0.0,0.0,702.0,0.0,110.0,0.0,0.0,0.0,2.0,681.0,418.0,0.0,0.0,0.0,0.0,0.0,39.0,461.0,37.0,0.0,0.0,0.0,0.0,0.0
ctx-rh-parstriangularis,0.0,2.0,0.0,0.0,0.0,0.0,0.0,0.0,0.0,1.0,0.0,0.0,0.0,0.0,0.0,0.0,0.0,0.0,1.0,0.0,0.0,0.0,0.0,0.0,0.0,0.0,2.0,1.0,1.0,0.0,0.0,0.0,0.0,0.0,0.0,15.0,28.0,0.0,0.0,5.0,0.0,2.0,0.0,142.0,0.0,0.0,227.0,0.0,78.0,0.0,1.0,0.0,347.0,418.0,1646.0,0.0,1.0,0.0,12.0,0.0,94.0,974.0,212.0,0.0,0.0,0.0,0.0,0.0
ctx-rh-pericalcarine,0.0,0.0,0.0,28.0,0.0,0.0,0.0,1.0,1.0,0.0,2.0,1.0,0.0,7.0,0.0,0.0,0.0,0.0,0.0,0.0,0.0,1.0,0.0,1.0,0.0,11.0,0.0,0.0,0.0,0.0,0.0,0.0,0.0,0.0,9.0,0.0,0.0,1348.0,0.0,0.0,69.0,37.0,33.0,0.0,14.0,1695.0,0.0,1285.0,0.0,25.0,0.0,1.0,0.0,0.0,0.0,1237.0,0.0,0.0,0.0,234.0,0.0,0.0,0.0,61.0,7.0,3.0,0.0,0.0
ctx-rh-postcentral,0.0,3.0,2.0,0.0,0.0,0.0,0.0,0.0,0.0,0.0,1.0,0.0,0.0,1.0,0.0,1.0,69.0,0.0,1.0,0.0,0.0,0.0,1.0,7.0,7.0,2.0,1.0,0.0,6.0,1.0,0.0,0.0,0.0,0.0,19.0,11.0,91.0,0.0,0.0,0.0,0.0,89.0,3.0,302.0,12.0,1.0,1.0,1.0,0.0,14.0,561.0,0.0,64.0,0.0,1.0,0.0,5450.0,34.0,2727.0,94.0,2.0,14.0,67.0,910.0,22.0,1370.0,0.0,3.0
ctx-rh-posteriorcingulate,1.0,19.0,11.0,0.0,0.0,0.0,1.0,0.0,0.0,11.0,21.0,1.0,0.0,0.0,0.0,2.0,31.0,0.0,2.0,0.0,0.0,0.0,10.0,180.0,41.0,20.0,2.0,3.0,65.0,14.0,5.0,0.0,0.0,2.0,14.0,325.0,32.0,0.0,0.0,0.0,0.0,17.0,3.0,47.0,271.0,3.0,1.0,1.0,0.0,1.0,359.0,1.0,4.0,0.0,0.0,0.0,34.0,1175.0,127.0,316.0,3.0,4.0,346.0,38.0,30.0,64.0,0.0,12.0
ctx-rh-precentral,2.0,16.0,6.0,0.0,0.0,0.0,0.0,1.0,0.0,1.0,3.0,0.0,0.0,0.0,0.0,0.0,90.0,0.0,3.0,0.0,0.0,0.0,1.0,34.0,15.0,5.0,0.0,0.0,28.0,1.0,0.0,2.0,0.0,1.0,9.0,61.0,1307.0,0.0,0.0,0.0,1.0,75.0,0.0,298.0,7.0,2.0,3.0,0.0,0.0,7.0,1014.0,0.0,441.0,0.0,12.0,0.0,2727.0,127.0,7110.0,50.0,6.0,78.0,1023.0,237.0,15.0,236.0,0.0,2.0
ctx-rh-precuneus,4.0,1.0,0.0,12.0,0.0,0.0,3.0,11.0,8.0,8.0,63.0,14.0,0.0,4.0,0.0,4.0,9.0,2.0,0.0,0.0,0.0,11.0,2.0,20.0,1.0,75.0,0.0,0.0,0.0,19.0,9.0,4.0,0.0,8.0,119.0,5.0,2.0,573.0,0.0,0.0,31.0,543.0,67.0,63.0,995.0,145.0,0.0,211.0,0.0,113.0,253.0,17.0,0.0,0.0,0.0,234.0,94.0,316.0,50.0,4621.0,0.0,0.0,12.0,2267.0,127.0,91.0,0.0,30.0
ctx-rh-rostralanteriorcingulate,0.0,29.0,2.0,0.0,0.0,0.0,0.0,0.0,0.0,2.0,0.0,0.0,0.0,0.0,7.0,0.0,1.0,0.0,8.0,0.0,3.0,0.0,0.0,4.0,0.0,0.0,111.0,10.0,27.0,0.0,0.0,0.0,0.0,0.0,0.0,167.0,9.0,0.0,0.0,4.0,0.0,1.0,0.0,60.0,0.0,0.0,124.0,0.0,476.0,0.0,0.0,0.0,14.0,39.0,94.0,0.0,2.0,3.0,6.0,0.0,792.0,121.0,348.0,0.0,0.0,0.0,0.0,0.0
ctx-rh-rostralmiddlefrontal,0.0,10.0,0.0,0.0,0.0,0.0,0.0,0.0,0.0,0.0,0.0,0.0,1.0,0.0,0.0,0.0,1.0,0.0,1.0,0.0,1.0,0.0,0.0,1.0,0.0,0.0,5.0,3.0,6.0,0.0,0.0,0.0,0.0,0.0,0.0,56.0,867.0,0.0,0.0,250.0,0.0,0.0,0.0,124.0,0.0,0.0,459.0,0.0,784.0,0.0,3.0,0.0,445.0,461.0,974.0,0.0,14.0,4.0,78.0,0.0,121.0,6430.0,2691.0,3.0,0.0,3.0,0.0,0.0
ctx-rh-superiorfrontal,0.0,79.0,12.0,0.0,0.0,0.0,0.0,0.0,0.0,2.0,2.0,0.0,0.0,0.0,0.0,0.0,22.0,0.0,8.0,0.0,2.0,0.0,5.0,75.0,27.0,2.0,35.0,9.0,126.0,0.0,1.0,0.0,0.0,0.0,1.0,687.0,844.0,0.0,0.0,135.0,0.0,3.0,0.0,178.0,12.0,0.0,74.0,0.0,347.0,1.0,528.0,0.0,186.0,37.0,212.0,0.0,67.0,346.0,1023.0,12.0,348.0,2691.0,10613.0,17.0,3.0,17.0,0.0,0.0
ctx-rh-superiorparietal,1.0,0.0,0.0,1.0,0.0,0.0,0.0,1.0,1.0,1.0,4.0,1.0,0.0,1.0,0.0,0.0,17.0,1.0,0.0,0.0,0.0,2.0,1.0,5.0,0.0,16.0,0.0,0.0,4.0,3.0,3.0,4.0,0.0,2.0,63.0,4.0,15.0,487.0,0.0,0.0,8.0,1992.0,22.0,48.0,52.0,322.0,0.0,24.0,0.0,86.0,478.0,1.0,2.0,0.0,0.0,61.0,910.0,38.0,237.0,2267.0,0.0,3.0,17.0,6178.0,55.0,461.0,0.0,19.0
ctx-rh-superiortemporal,2.0,0.0,0.0,0.0,0.0,0.0,3.0,0.0,0.0,1.0,13.0,1.0,0.0,1.0,0.0,2.0,3.0,0.0,0.0,0.0,0.0,0.0,3.0,10.0,0.0,14.0,0.0,0.0,0.0,7.0,2.0,0.0,0.0,1.0,846.0,3.0,0.0,3.0,10.0,0.0,69.0,151.0,134.0,337.0,54.0,19.0,16.0,32.0,1.0,598.0,20.0,8.0,0.0,0.0,0.0,7.0,22.0,30.0,15.0,127.0,0.0,0.0,3.0,55.0,4902.0,320.0,202.0,624.0
ctx-rh-supramarginal,2.0,2.0,0.0,0.0,0.0,0.0,0.0,2.0,0.0,0.0,8.0,1.0,0.0,0.0,0.0,1.0,3.0,0.0,0.0,0.0,0.0,0.0,2.0,6.0,0.0,8.0,0.0,0.0,2.0,1.0,2.0,1.0,0.0,1.0,252.0,6.0,29.0,0.0,0.0,0.0,1.0,1471.0,3.0,347.0,29.0,1.0,1.0,0.0,0.0,28.0,80.0,1.0,16.0,0.0,0.0,3.0,1370.0,64.0,236.0,91.0,0.0,3.0,17.0,461.0,320.0,4908.0,0.0,35.0
ctx-rh-temporalpole,0.0,0.0,0.0,0.0,0.0,0.0,0.0,0.0,0.0,0.0,0.0,0.0,0.0,0.0,0.0,0.0,0.0,0.0,0.0,0.0,0.0,0.0,0.0,0.0,0.0,0.0,0.0,0.0,0.0,0.0,0.0,0.0,0.0,0.0,0.0,0.0,0.0,0.0,284.0,0.0,127.0,0.0,172.0,22.0,0.0,0.0,6.0,0.0,0.0,244.0,0.0,1.0,0.0,0.0,0.0,0.0,0.0,0.0,0.0,0.0,0.0,0.0,0.0,0.0,202.0,0.0,312.0,0.0
ctx-rh-transversetemporal,0.0,0.0,1.0,1.0,0.0,0.0,0.0,0.0,0.0,1.0,1.0,0.0,0.0,0.0,0.0,0.0,0.0,0.0,0.0,0.0,0.0,0.0,1.0,7.0,0.0,2.0,0.0,0.0,0.0,1.0,1.0,1.0,0.0,1.0,32.0,0.0,1.0,3.0,0.0,0.0,2.0,17.0,7.0,100.0,15.0,7.0,0.0,2.0,0.0,24.0,11.0,1.0,0.0,0.0,0.0,0.0,3.0,12.0,2.0,30.0,0.0,0.0,0.0,19.0,624.0,35.0,0.0,253.0
