,ctx-lh-bankssts,ctx-lh-caudalanteriorcingulate,ctx-lh-caudalmiddlefrontal,ctx-lh-cuneus,ctx-lh-entorhinal,ctx-lh-frontalpole,ctx-lh-fusiform,ctx-lh-inferiorparietal,ctx-lh-inferiortemporal,ctx-lh-insula,ctx-lh-isthmuscingulate,ctx-lh-lateraloccipital,ctx-lh-lateralorbitofrontal,ctx-lh-lingual,ctx-lh-medialorbitofrontal,ctx-lh-middletemporal,ctx-lh-paracentral,ctx-lh-parahippocampal,ctx-lh-parsopercularis,ctx-lh-parsorbitalis,ctx-lh-parstriangularis,ctx-lh-pericalcarine,ctx-lh-postcentral,ctx-lh-posteriorcingulate,ctx-lh-precentral,ctx-lh-precuneus,ctx-lh-rostralanteriorcingulate,ctx-lh-rostralmiddlefrontal,ctx-lh-superiorfrontal,ctx-lh-superiorparietal,ctx-lh-superiortemporal,ctx-lh-supramarginal,ctx-lh-temporalpole,ctx-lh-transversetemporal,ctx-rh-bankssts,ctx-rh-caudalanteriorcingulate,ctx-rh-caudalmiddlefrontal,ctx-rh-cuneus,ctx-rh-entorhinal,ctx-rh-frontalpole,ctx-rh-fusiform,ctx-rh-inferiorparietal,ctx-rh-inferiortemporal,ctx-rh-insula,ctx-rh-isthmuscingulate,ctx-rh-lateraloccipital,ctx-rh-lateralorbitofrontal,ctx-rh-lingual,ctx-rh-medialorbitofrontal,ctx-rh-middletemporal,ctx-rh-paracentral,ctx-rh-parahippocampal,ctx-rh-parsopercularis,ctx-rh-parsorbitalis,ctx-rh-parstriangularis,ctx-rh-pericalcarine,ctx-rh-postcentral,ctx-rh-posteriorcingulate,ctx-rh-precentral,ctx-rh-precuneus,ctx-rh-rostralanteriorcingulate,ctx-rh-rostralmiddlefrontal,ctx-rh-superiorfrontal,ctx-rh-superiorparietal,ctx-rh-superiortemporal,ctx-rh-supramarginal,ctx-rh-temporalpole,ctx-rh-transversetemporal
ctx-lh-bankssts,587.0,0.0,1.0,0.0,2.0,0.0,113.0,267.0,266.0,53.0,17.0,36.0,0.0,28.0,0.0,518.0,3.0,15.0,0.0,0.0,0.0,1.0,12.0,3.0,5.0,8.0,0.0,1.0,1.0,27.0,924.0,237.0,2.0,61.0,0.0,0.0,0.0,0.0,0.0,0.0,1.0,3.0,0.0,0.0,5.0,0.0,0.0,0.0,0.0,0.0,0.0,0.0,0.0,0.0,0.0,0.0,0.0,0.0,0.0,2.0,0.0,0.0,0.0,2.0,0.0,1.0,0.0,1.0
ctx-lh-caudalanteriorcingulate,0.0,329.0,94.0,0.0,0.0,2.0,0.0,1.0,0.0,38.0,1.0,0.0,19.0,0.0,11.0,0.0,7.0,0.0,27.0,2.0,8.0,0.0,8.0,146.0,58.0,1.0,150.0,117.0,730.0,1.0,0.0,0.0,0.0,0.0,0.0,173.0,32.0,0.0,0.0,0.0,0.0,1.0,0.0,7.0,4.0,0.0,7.0,0.0,2.0,0.0,6.0,0.0,4.0,0.0,3.0,0.0,1.0,51.0,23.0,1.0,12.0,42.0,180.0,1.0,0.0,0.0,0.0,0.0
ctx-lh-caudalmiddlefrontal,1.0,94.0,2909.0,0.0,0.0,0.0,0.0,2.0,0.0,86.0,0.0,0.0,4.0,0.0,0.0,1.0,13.0,0.0,211.0,2.0,22.0,0.0,82.0,66.0,1346.0,0.0,2.0,773.0,871.0,13.0,1.0,18.0,0.0,1.0,0.0,32.0,9.0,0.0,0.0,0.0,0.0,2.0,0.0,0.0,2.0,0.0,0.0,0.0,0.0,0.0,3.0,0.0,3.0,0.0,0.0,0.0,1.0,40.0,11.0,0.0,1.0,4.0,40.0,2.0,0.0,0.0,0.0,0.0
ctx-lh-cuneus,0.0,0.0,0.0,1741.0,0.0,0.0,11.0,29.0,0.0,0.0,27.0,572.0,0.0,44.0,0.0,1.0,0.0,1.0,0.0,0.0,0.0,1533.0,0.0,0.0,0.0,208.0,0.0,0.0,0.0,1397.0,0.0,0.0,0.0,0.0,1.0,0.0,0.0,14.0,0.0,0.0,3.0,1.0,0.0,1.0,10.0,2.0,0.0,0.0,0.0,0.0,1.0,0.0,0.0,0.0,0.0,4.0,0.0,0.0,1.0,15.0,0.0,0.0,0.0,11.0,0.0,0.0,0.0,0.0
ctx-lh-entorhinal,2.0,0.0,0.0,0.0,90.0,0.0,90.0,2.0,67.0,4.0,0.0,1.0,0.0,0.0,0.0,17.0,0.0,89.0,0.0,0.0,0.0,0.0,0.0,0.0,0.0,0.0,0.0,0.0,0.0,0.0,17.0,0.0,110.0,0.0,0.0,0.0,0.0,0.0,0.0,0.0,0.0,0.0,0.0,0.0,0.0,0.0,0.0,0.0,0.0,0.0,0.0,0.0,0.0,0.0,0.0,0.0,0.0,0.0,0.0,0.0,0.0,0.0,0.0,0.0,0.0,0.0,0.0,0.0
ctx-lh-frontalpole,0.0,2.0,0.0,0.0,0.0,63.0,0.0,0.0,0.0,1.0,0.0,0.0,65.0,0.0,184.0,0.0,0.0,0.0,0.0,0.0,2.0,0.0,0.0,0.0,0.0,0.0,9.0,130.0,79.0,0.0,0.0,0.0,0.0,0.0,0.0,1.0,0.0,0.0,0.0,0.0,0.0,0.0,0.0,0.0,0.0,0.0,0.0,0.0,0.0,0.0,0.0,0.0,0.0,0.0,0.0,0.0,0.0,0.0,0.0,0.0,0.0,1.0,1.0,0.0,0.0,0.0,0.0,0.0
ctx-lh-fusiform,113.0,0.0,0.0,11.0,90.0,0.0,2435.0,180.0,1301.0,26.0,36.0,2004.0,0.0,667.0,0.0,399.0,0.0,127.0,0.0,0.0,0.0,135.0,2.0,1.0,0.0,38.0,0.0,0.0,1.0,35.0,101.0,5.0,97.0,6.0,1.0,0.0,0.0,1.0,0.0,0.0,0.0,1.0,0.0,0.0,13.0,0.0,0.0,1.0,0.0,0.0,0.0,0.0,0.0,0.0,0.0,2.0,0.0,0.0,0.0,12.0,0.0,0.0,0.0,5.0,3.0,1.0,0.0,1.0
ctx-lh-inferiorparietal,267.0,1.0,2.0,29.0,2.0,0.0,180.0,4851.0,155.0,61.0,128.0,670.0,0.0,75.0,0.0,265.0,7.0,16.0,0.0,0.0,0.0,90.0,36.0,54.0,17.0,270.0,0.0,0.0,6.0,926.0,146.0,614.0,4.0,42.0,0.0,0.0,0.0,1.0,0.0,0.0,1.0,8.0,1.0,4.0,50.0,3.0,0.0,9.0,0.0,1.0,1.0,1.0,0.0,0.0,0.0,3.0,2.0,7.0,1.0,59.0,0.0,0.0,1.0,19.0,5.0,4.0,0.0,3.0
ctx-lh-inferiortemporal,266.0,0.0,0.0,0.0,67.0,0.0,1301.0,155.0,2575.0,70.0,12.0,263.0,1.0,64.0,0.0,1872.0,0.0,63.0,0.0,0.0,0.0,0.0,2.0,1.0,2.0,14.0,0.0,0.0,0.0,14.0,315.0,18.0,139.0,13.0,0.0,0.0,0.0,0.0,0.0,0.0,0.0,0.0,0.0,1.0,7.0,1.0,0.0,0.0,0.0,0.0,0.0,0.0,0.0,0.0,0.0,0.0,0.0,2.0,0.0,8.0,0.0,0.0,0.0,2.0,0.0,0.0,0.0,0.0
ctx-lh-insula,53.0,38.0,86.0,0.0,4.0,1.0,26.0,61.0,70.0,1042.0,13.0,8.0,299.0,3.0,16.0,70.0,8.0,6.0,199.0,17.0,111.0,0.0,216.0,32.0,309.0,16.0,22.0,188.0,96.0,76.0,366.0,270.0,45.0,81.0,0.0,15.0,3.0,0.0,0.0,0.0,0.0,1.0,0.0,0.0,7.0,0.0,2.0,0.0,0.0,0.0,3.0,0.0,1.0,2.0,1.0,0.0,1.0,14.0,1.0,7.0,9.0,12.0,25.0,1.0,0.0,0.0,0.0,0.0
ctx-lh-isthmuscingulate,17.0,1.0,0.0,27.0,0.0,0.0,36.0,128.0,12.0,13.0,745.0,83.0,0.0,125.0,0.0,4.0,7.0,41.0,0.0,0.0,0.0,51.0,11.0,252.0,8.0,947.0,0.0,0.0,0.0,254.0,8.0,24.0,0.0,7.0,4.0,0.0,0.0,7.0,0.0,0.0,7.0,17.0,4.0,11.0,141.0,8.0,0.0,28.0,0.0,5.0,3.0,2.0,0.0,0.0,0.0,14.0,5.0,22.0,2.0,145.0,0.0,0.0,3.0,60.0,5.0,12.0,0.0,8.0
ctx-lh-lateraloccipital,36.0,0.0,0.0,572.0,1.0,0.0,2004.0,670.0,263.0,8.0,83.0,7832.0,0.0,1021.0,0.0,104.0,1.0,21.0,0.0,0.0,0.0,1425.0,1.0,8.0,0.0,209.0,0.0,0.0,0.0,544.0,8.0,3.0,0.0,1.0,1.0,0.0,0.0,5.0,0.0,0.0,2.0,10.0,0.0,1.0,37.0,5.0,0.0,10.0,0.0,1.0,0.0,0.0,0.0,0.0,0.0,5.0,1.0,1.0,0.0,45.0,0.0,0.0,0.0,11.0,1.0,1.0,0.0,0.0
ctx-lh-lateralorbitofrontal,0.0,19.0,4.0,0.0,0.0,65.0,0.0,0.0,1.0,299.0,0.0,0.0,2791.0,0.0,962.0,0.0,0.0,0.0,13.0,613.0,293.0,0.0,0.0,0.0,0.0,0.0,255.0,1135.0,130.0,0.0,3.0,0.0,1.0,0.0,0.0,18.0,1.0,0.0,0.0,1.0,0.0,0.0,0.0,1.0,0.0,0.0,12.0,0.0,11.0,0.0,0.0,0.0,0.0,1.0,3.0,0.0,0.0,0.0,0.0,0.0,33.0,33.0,33.0,0.0,0.0,0.0,0.0,0.0
ctx-lh-lingual,28.0,0.0,0.0,44.0,0.0,0.0,667.0,75.0,64.0,3.0,125.0,1021.0,0.0,5759.0,0.0,33.0,0.0,148.0,0.0,0.0,0.0,1178.0,1.0,5.0,0.0,78.0,0.0,0.0,0.0,62.0,4.0,2.0,0.0,1.0,1.0,0.0,0.0,1.0,0.0,0.0,1.0,6.0,2.0,2.0,26.0,5.0,0.0,8.0,0.0,3.0,0.0,2.0,0.0,0.0,0.0,2.0,1.0,2.0,0.0,31.0,0.0,0.0,0.0,10.0,1.0,3.0,0.0,0.0
ctx-lh-medialorbitofrontal,0.0,11.0,0.0,0.0,0.0,184.0,0.0,0.0,0.0,16.0,0.0,0.0,962.0,0.0,1430.0,0.0,0.0,0.0,2.0,5.0,9.0,0.0,0.0,0.0,0.0,0.0,493.0,297.0,205.0,0.0,0.0,0.0,0.0,0.0,0.0,14.0,0.0,0.0,0.0,0.0,0.0,0.0,0.0,2.0,0.0,0.0,21.0,0.0,39.0,0.0,0.0,0.0,0.0,4.0,4.0,0.0,0.0,0.0,0.0,0.0,24.0,34.0,21.0,0.0,0.0,0.0,0.0,0.0
ctx-lh-middletemporal,518.0,0.0,1.0,1.0,17.0,0.0,399.0,265.0,1872.0,70.0,4.0,104.0,0.0,33.0,0.0,2448.0,1.0,30.0,0.0,1.0,1.0,1.0,0.0,1.0,2.0,8.0,0.0,0.0,0.0,15.0,622.0,10.0,72.0,7.0,0.0,0.0,0.0,0.0,0.0,0.0,0.0,2.0,0.0,0.0,1.0,0.0,0.0,0.0,0.0,0.0,0.0,1.0,0.0,0.0,0.0,1.0,0.0,0.0,0.0,0.0,0.0,0.0,0.0,2.0,1.0,0.0,0.0,0.0
ctx-lh-paracentral,3.0,7.0,13.0,0.0,0.0,0.0,0.0,7.0,0.0,8.0,7.0,1.0,0.0,0.0,0.0,1.0,1070.0,0.0,0.0,0.0,0.0,1.0,518.0,198.0,726.0,161.0,0.0,0.0,380.0,298.0,1.0,8.0,0.0,0.0,0.0,1.0,1.0,0.0,0.0,0.0,0.0,2.0,0.0,0.0,3.0,0.0,0.0,0.0,0.0,1.0,3.0,0.0,0.0,0.0,0.0,0.0,2.0,30.0,8.0,3.0,0.0,0.0,6.0,2.0,1.0,1.0,0.0,0.0
ctx-lh-parahippocampal,15.0,0.0,0.0,1.0,89.0,0.0,127.0,16.0,63.0,6.0,41.0,21.0,0.0,148.0,0.0,30.0,0.0,201.0,0.0,0.0,0.0,0.0,0.0,1.0,0.0,2.0,0.0,0.0,0.0,3.0,6.0,2.0,0.0,0.0,0.0,0.0,0.0,1.0,0.0,0.0,0.0,3.0,0.0,1.0,2.0,1.0,0.0,1.0,0.0,0.0,0.0,0.0,0.0,0.0,0.0,0.0,0.0,0.0,0.0,5.0,0.0,0.0,0.0,2.0,0.0,1.0,0.0,0.0
ctx-lh-parsopercularis,0.0,27.0,211.0,0.0,0.0,0.0,0.0,0.0,0.0,199.0,0.0,0.0,13.0,0.0,2.0,0.0,0.0,0.0,1386.0,5.0,341.0,0.0,55.0,6.0,509.0,0.0,7.0,375.0,86.0,1.0,1.0,4.0,0.0,0.0,0.0,14.0,2.0,0.0,0.0,0.0,0.0,1.0,0.0,0.0,0.0,0.0,0.0,0.0,0.0,0.0,1.0,0.0,0.0,0.0,0.0,0.0,1.0,4.0,3.0,0.0,1.0,2.0,7.0,0.0,0.0,0.0,0.0,0.0
ctx-lh-parsorbitalis,0.0,2.0,2.0,0.0,0.0,0.0,0.0,0.0,0.0,17.0,0.0,0.0,613.0,0.0,5.0,1.0,0.0,0.0,5.0,447.0,221.0,0.0,0.0,0.0,0.0,0.0,12.0,304.0,24.0,0.0,0.0,0.0,0.0,0.0,0.0,1.0,0.0,0.0,0.0,0.0,0.0,0.0,0.0,0.0,0.0,0.0,3.0,0.0,1.0,0.0,0.0,0.0,1.0,0.0,0.0,0.0,0.0,0.0,0.0,0.0,2.0,5.0,6.0,0.0,0.0,0.0,0.0,0.0
ctx-lh-parstriangularis,0.0,8.0,22.0,0.0,0.0,2.0,0.0,0.0,0.0,111.0,0.0,0.0,293.0,0.0,9.0,1.0,0.0,0.0,341.0,221.0,958.0,0.0,0.0,0.0,7.0,0.0,14.0,642.0,51.0,0.0,0.0,0.0,0.0,0.0,0.0,8.0,0.0,0.0,0.0,0.0,0.0,0.0,0.0,0.0,0.0,0.0,2.0,0.0,2.0,0.0,0.0,0.0,1.0,0.0,1.0,0.0,0.0,1.0,0.0,0.0,3.0,4.0,6.0,0.0,0.0,0.0,0.0,0.0
ctx-lh-pericalcarine,1.0,0.0,0.0,1533.0,0.0,0.0,135.0,90.0,0.0,0.0,51.0,1425.0,0.0,1178.0,0.0,1.0,1.0,0.0,0.0,0.0,0.0,1171.0,0.0,4.0,0.0,181.0,0.0,0.0,0.0,261.0,1.0,0.0,0.0,0.0,1.0,0.0,0.0,16.0,0.0,0.0,1.0,4.0,1.0,0.0,14.0,3.0,0.0,5.0,0.0,1.0,1.0,2.0,0.0,0.0,0.0,9.0,0.0,0.0,1.0,19.0,0.0,0.0,0.0,9.0,1.0,3.0,0.0,0.0
ctx-lh-postcentral,12.0,8.0,82.0,0.0,0.0,0.0,2.0,36.0,2.0,216.0,11.0,1.0,0.0,1.0,0.0,0.0,518.0,0.0,55.0,0.0,0.0,0.0,4255.0,117.0,1959.0,88.0,0.0,4.0,76.0,911.0,22.0,1111.0,0.0,5.0,0.0,5.0,1.0,0.0,0.0,0.0,0.0,0.0,0.0,1.0,8.0,1.0,0.0,0.0,0.0,0.0,6.0,0.0,0.0,0.0,0.0,0.0,0.0,29.0,4.0,2.0,0.0,0.0,6.0,1.0,0.0,3.0,0.0,0.0
ctx-lh-posteriorcingulate,3.0,146.0,66.0,0.0,0.0,0.0,1.0,54.0,1.0,32.0,252.0,8.0,0.0,5.0,0.0,1.0,198.0,1.0,6.0,0.0,0.0,4.0,117.0,939.0,286.0,316.0,1.0,5.0,344.0,317.0,10.0,41.0,0.0,7.0,7.0,12.0,8.0,1.0,0.0,0.0,1.0,6.0,0.0,21.0,51.0,1.0,0.0,2.0,0.0,3.0,26.0,0.0,0.0,0.0,0.0,1.0,7.0,216.0,39.0,66.0,0.0,0.0,40.0,37.0,9.0,15.0,0.0,0.0
ctx-lh-precentral,5.0,58.0,1346.0,0.0,0.0,0.0,0.0,17.0,2.0,309.0,8.0,0.0,0.0,0.0,0.0,2.0,726.0,0.0,509.0,0.0,7.0,0.0,1959.0,286.0,6961.0,29.0,0.0,60.0,910.0,291.0,22.0,211.0,0.0,5.0,0.0,10.0,10.0,0.0,0.0,0.0,0.0,2.0,0.0,3.0,5.0,0.0,0.0,0.0,0.0,0.0,10.0,0.0,0.0,0.0,0.0,0.0,5.0,83.0,27.0,8.0,0.0,1.0,34.0,2.0,1.0,2.0,0.0,1.0
ctx-lh-precuneus,8.0,1.0,0.0,208.0,0.0,0.0,38.0,270.0,14.0,16.0,947.0,209.0,0.0,78.0,0.0,8.0,161.0,2.0,0.0,0.0,0.0,181.0,88.0,316.0,29.0,4044.0,0.0,0.0,7.0,2940.0,9.0,19.0,0.0,7.0,1.0,0.0,0.0,5.0,0.0,0.0,5.0,17.0,3.0,7.0,81.0,13.0,0.0,13.0,0.0,2.0,1.0,1.0,0.0,0.0,0.0,10.0,2.0,13.0,2.0,104.0,0.0,0.0,0.0,26.0,2.0,2.0,0.0,1.0
ctx-lh-rostralanteriorcingulate,0.0,150.0,2.0,0.0,0.0,9.0,0.0,0.0,0.0,22.0,0.0,0.0,255.0,0.0,493.0,0.0,0.0,0.0,7.0,12.0,14.0,0.0,0.0,1.0,0.0,0.0,904.0,168.0,463.0,0.0,2.0,0.0,0.0,0.0,0.0,62.0,3.0,0.0,0.0,1.0,0.0,0.0,0.0,1.0,0.0,0.0,33.0,0.0,22.0,0.0,0.0,0.0,2.0,5.0,5.0,0.0,0.0,0.0,1.0,0.0,80.0,84.0,84.0,0.0,0.0,0.0,0.0,0.0
ctx-lh-rostralmiddlefrontal,1.0,117.0,773.0,0.0,0.0,130.0,0.0,0.0,0.0,188.0,0.0,0.0,1135.0,0.0,297.0,0.0,0.0,0.0,375.0,304.0,642.0,0.0,4.0,5.0,60.0,0.0,168.0,6315.0,1703.0,0.0,0.0,1.0,1.0,0.0,0.0,62.0,8.0,0.0,0.0,1.0,0.0,0.0,0.0,3.0,0.0,0.0,12.0,0.0,7.0,0.0,0.0,0.0,2.0,1.0,3.0,0.0,0.0,7.0,1.0,0.0,21.0,39.0,76.0,0.0,0.0,0.0,0.0,0.0
ctx-lh-superiorfrontal,1.0,730.0,871.0,0.0,0.0,79.0,1.0,6.0,0.0,96.0,0.0,0.0,130.0,0.0,205.0,0.0,380.0,0.0,86.0,24.0,51.0,0.0,76.0,344.0,910.0,7.0,463.0,1703.0,9238.0,46.0,1.0,21.0,0.0,0.0,0.0,187.0,41.0,0.0,0.0,0.0,0.0,1.0,0.0,7.0,2.0,0.0,13.0,1.0,10.0,0.0,9.0,0.0,10.0,1.0,1.0,0.0,4.0,110.0,32.0,6.0,28.0,79.0,196.0,2.0,0.0,3.0,0.0,0.0
ctx-lh-superiorparietal,27.0,1.0,13.0,1397.0,0.0,0.0,35.0,926.0,14.0,76.0,254.0,544.0,0.0,62.0,0.0,15.0,298.0,3.0,1.0,0.0,0.0,261.0,911.0,317.0,291.0,2940.0,0.0,0.0,46.0,7346.0,33.0,532.0,1.0,24.0,2.0,1.0,1.0,4.0,0.0,0.0,7.0,13.0,3.0,7.0,89.0,2.0,0.0,13.0,0.0,2.0,4.0,3.0,0.0,0.0,0.0,7.0,9.0,25.0,4.0,87.0,0.0,1.0,1.0,28.0,8.0,5.0,0.0,2.0
ctx-lh-superiortemporal,924.0,0.0,1.0,0.0,17.0,0.0,101.0,146.0,315.0,366.0,8.0,8.0,3.0,4.0,0.0,622.0,1.0,6.0,1.0,0.0,0.0,1.0,22.0,10.0,22.0,9.0,2.0,0.0,1.0,33.0,4872.0,340.0,245.0,653.0,0.0,0.0,0.0,0.0,0.0,0.0,0.0,0.0,0.0,0.0,4.0,1.0,0.0,0.0,0.0,0.0,0.0,0.0,0.0,0.0,0.0,1.0,0.0,1.0,0.0,4.0,0.0,0.0,0.0,2.0,0.0,0.0,0.0,0.0
ctx-lh-supramarginal,237.0,0.0,18.0,0.0,0.0,0.0,5.0,614.0,18.0,270.0,24.0,3.0,0.0,2.0,0.0,10.0,8.0,2.0,4.0,0.0,0.0,0.0,1111.0,41.0,211.0,19.0,0.0,1.0,21.0,532.0,340.0,5081.0,1.0,37.0,0.0,0.0,0.0,0.0,0.0,0.0,0.0,1.0,1.0,0.0,14.0,0.0,0.0,1.0,0.0,1.0,1.0,0.0,0.0,0.0,0.0,0.0,1.0,6.0,0.0,8.0,0.0,0.0,0.0,1.0,1.0,1.0,0.0,2.0
ctx-lh-temporalpole,2.0,0.0,0.0,0.0,110.0,0.0,97.0,4.0,139.0,45.0,0.0,0.0,1.0,0.0,0.0,72.0,0.0,0.0,0.0,0.0,0.0,0.0,0.0,0.0,0.0,0.0,0.0,1.0,0.0,1.0,245.0,1.0,418.0,1.0,0.0,0.0,0.0,0.0,0.0,0.0,0.0,0.0,0.0,0.0,0.0,0.0,0.0,0.0,0.0,0.0,0.0,0.0,0.0,0.0,0.0,0.0,0.0,0.0,0.0,0.0,0.0,0.0,0.0,0.0,0.0,0.0,0.0,0.0
ctx-lh-transversetemporal,61.0,0.0,1.0,0.0,0.0,0.0,6.0,42.0,13.0,81.0,7.0,1.0,0.0,1.0,0.0,7.0,0.0,0.0,0.0,0.0,0.0,0.0,5.0,7.0,5.0,7.0,0.0,0.0,0.0,24.0,653.0,37.0,1.0,281.0,0.0,0.0,0.0,0.0,0.0,0.0,0.0,0.0,0.0,0.0,1.0,1.0,0.0,0.0,0.0,0.0,0.0,0.0,0.0,0.0,0.0,0.0,0.0,0.0,0.0,2.0,0.0,0.0,0.0,1.0,0.0,1.0,0.0,0.0
ctx-rh-bankssts,0.0,0.0,0.0,1.0,0.0,0.0,1.0,0.0,0.0,0.0,4.0,1.0,0.0,1.0,0.0,0.0,0.0,0.0,0.0,0.0,0.0,1.0,0.0,7.0,0.0,1.0,0.0,0.0,0.0,2.0,0.0,0.0,0.0,0.0,533.0,0.0,3.0,1.0,1.0,0.0,33.0,300.0,85.0,52.0,11.0,20.0,0.0,13.0,0.0,629.0,2.0,4.0,0.0,0.0,0.0,1.0,17.0,8.0,12.0,19.0,0.0,0.0,1.0,34.0,710.0,389.0,0.0,35.0
ctx-rh-caudalanteriorcingulate,0.0,173.0,32.0,0.0,0.0,1.0,0.0,0.0,0.0,15.0,0.0,0.0,18.0,0.0,14.0,0.0,1.0,0.0,14.0,1.0,8.0,0.0,5.0,12.0,10.0,0.0,62.0,62.0,187.0,1.0,0.0,0.0,0.0,0.0,0.0,572.0,106.0,0.0,0.0,0.0,0.0,0.0,0.0,18.0,2.0,0.0,9.0,0.0,8.0,0.0,12.0,1.0,18.0,1.0,9.0,0.0,10.0,257.0,37.0,1.0,99.0,152.0,821.0,1.0,0.0,1.0,0.0,0.0
ctx-rh-caudalmiddlefrontal,0.0,32.0,9.0,0.0,0.0,0.0,0.0,0.0,0.0,3.0,0.0,0.0,1.0,0.0,0.0,0.0,1.0,0.0,2.0,0.0,0.0,0.0,1.0,8.0,10.0,0.0,3.0,8.0,41.0,1.0,0.0,0.0,0.0,0.0,3.0,106.0,2639.0,0.0,0.0,0.0,0.0,4.0,0.0,77.0,0.0,0.0,3.0,0.0,1.0,0.0,15.0,0.0,241.0,0.0,17.0,0.0,58.0,48.0,1365.0,2.0,1.0,673.0,794.0,15.0,1.0,19.0,0.0,0.0
ctx-rh-cuneus,0.0,0.0,0.0,14.0,0.0,0.0,1.0,1.0,0.0,0.0,7.0,5.0,0.0,1.0,0.0,0.0,0.0,1.0,0.0,0.0,0.0,16.0,0.0,1.0,0.0,5.0,0.0,0.0,0.0,4.0,0.0,0.0,0.0,0.0,1.0,0.0,0.0,2003.0,0.0,0.0,16.0,6.0,0.0,2.0,46.0,426.0,0.0,116.0,0.0,1.0,0.0,2.0,0.0,0.0,0.0,1996.0,0.0,0.0,0.0,253.0,0.0,0.0,0.0,873.0,1.0,0.0,0.0,2.0
ctx-rh-entorhinal,0.0,0.0,0.0,0.0,0.0,0.0,0.0,0.0,0.0,0.0,0.0,0.0,0.0,0.0,0.0,0.0,0.0,0.0,0.0,0.0,0.0,0.0,0.0,0.0,0.0,0.0,0.0,0.0,0.0,0.0,0.0,0.0,0.0,0.0,1.0,0.0,0.0,0.0,189.0,0.0,261.0,0.0,60.0,18.0,0.0,0.0,0.0,1.0,0.0,21.0,0.0,114.0,0.0,0.0,0.0,0.0,0.0,0.0,0.0,0.0,0.0,1.0,0.0,0.0,26.0,0.0,103.0,0.0
ctx-rh-frontalpole,0.0,0.0,0.0,0.0,0.0,0.0,0.0,0.0,0.0,0.0,0.0,0.0,1.0,0.0,0.0,0.0,0.0,0.0,0.0,0.0,0.0,0.0,0.0,0.0,0.0,0.0,1.0,1.0,0.0,0.0,0.0,0.0,0.0,0.0,0.0,0.0,0.0,0.0,0.0,81.0,0.0,0.0,0.0,0.0,0.0,0.0,64.0,0.0,367.0,0.0,0.0,0.0,0.0,1.0,0.0,0.0,0.0,0.0,0.0,0.0,11.0,102.0,129.0,0.0,0.0,0.0,0.0,0.0
ctx-rh-fusiform,1.0,0.0,0.0,3.0,0.0,0.0,0.0,1.0,0.0,0.0,7.0,2.0,0.0,1.0,0.0,0.0,0.0,0.0,0.0,0.0,0.0,1.0,0.0,1.0,0.0,5.0,0.0,0.0,0.0,7.0,0.0,0.0,0.0,0.0,33.0,0.0,0.0,16.0,261.0,0.0,3043.0,71.0,873.0,70.0,57.0,1618.0,1.0,804.0,0.0,250.0,0.0,248.0,0.0,0.0,0.0,123.0,4.0,0.0,1.0,48.0,0.0,0.0,0.0,77.0,117.0,5.0,63.0,4.0
ctx-rh-inferiorparietal,3.0,1.0,2.0,1.0,0.0,0.0,1.0,8.0,0.0,1.0,17.0,10.0,0.0,6.0,0.0,2.0,2.0,3.0,1.0,0.0,0.0,4.0,0.0,6.0,2.0,17.0,0.0,0.0,1.0,13.0,0.0,1.0,0.0,0.0,300.0,0.0,4.0,6.0,0.0,0.0,71.0,6245.0,155.0,50.0,74.0,710.0,0.0,49.0,0.0,420.0,2.0,4.0,1.0,1.0,0.0,33.0,69.0,9.0,35.0,160.0,0.0,1.0,1.0,992.0,112.0,1103.0,1.0,11.0
ctx-rh-inferiortemporal,0.0,0.0,0.0,0.0,0.0,0.0,0.0,1.0,0.0,0.0,4.0,0.0,0.0,2.0,0.0,0.0,0.0,0.0,0.0,0.0,0.0,1.0,0.0,0.0,0.0,3.0,0.0,0.0,0.0,3.0,0.0,1.0,0.0,0.0,85.0,0.0,0.0,0.0,60.0,0.0,873.0,155.0,2959.0,96.0,13.0,293.0,1.0,62.0,0.0,1978.0,0.0,33.0,0.0,0.0,0.0,8.0,0.0,2.0,1.0,18.0,0.0,0.0,1.0,30.0,259.0,22.0,115.0,5.0
ctx-rh-insula,0.0,7.0,0.0,1.0,0.0,0.0,0.0,4.0,1.0,0.0,11.0,1.0,1.0,2.0,2.0,0.0,0.0,1.0,0.0,0.0,0.0,0.0,1.0,21.0,3.0,7.0,1.0,3.0,7.0,7.0,0.0,0.0,0.0,0.0,52.0,18.0,77.0,2.0,18.0,0.0,70.0,50.0,96.0,806.0,33.0,4.0,306.0,9.0,6.0,84.0,31.0,7.0,188.0,16.0,92.0,2.0,172.0,67.0,287.0,62.0,7.0,167.0,92.0,101.0,356.0,188.0,48.0,128.0
ctx-rh-isthmuscingulate,5.0,4.0,2.0,10.0,0.0,0.0,13.0,50.0,7.0,7.0,141.0,37.0,0.0,26.0,0.0,1.0,3.0,2.0,0.0,0.0,0.0,14.0,8.0,51.0,5.0,81.0,0.0,0.0,2.0,89.0,4.0,14.0,0.0,1.0,11.0,2.0,0.0,46.0,0.0,0.0,57.0,74.0,13.0,33.0,639.0,45.0,0.0,168.0,0.0,16.0,12.0,57.0,0.0,0.0,0.0,59.0,16.0,175.0,6.0,1087.0,0.0,0.0,1.0,146.0,25.0,31.0,0.0,11.0
ctx-rh-lateraloccipital,0.0,0.0,0.0,2.0,0.0,0.0,0.0,3.0,1.0,0.0,8.0,5.0,0.0,5.0,0.0,0.0,0.0,1.0,0.0,0.0,0.0,3.0,1.0,1.0,0.0,13.0,0.0,0.0,0.0,2.0,1.0,0.0,0.0,1.0,20.0,0.0,0.0,426.0,0.0,0.0,1618.0,710.0,293.0,4.0,45.0,8283.0,0.0,824.0,0.0,132.0,1.0,10.0,0.0,0.0,0.0,863.0,4.0,1.0,1.0,98.0,0.0,0.0,0.0,725.0,28.0,16.0,2.0,3.0
ctx-rh-lateralorbitofrontal,0.0,7.0,0.0,0.0,0.0,0.0,0.0,0.0,0.0,2.0,0.0,0.0,12.0,0.0,21.0,0.0,0.0,0.0,0.0,3.0,2.0,0.0,0.0,0.0,0.0,0.0,33.0,12.0,13.0,0.0,0.0,0.0,0.0,0.0,0.0,9.0,3.0,0.0,0.0,64.0,1.0,0.0,1.0,306.0,0.0,0.0,2232.0,0.0,955.0,1.0,0.0,0.0,15.0,474.0,241.0,0.0,0.0,0.0,0.0,1.0,139.0,768.0,107.0,0.0,0.0,0.0,1.0,0.0
ctx-rh-lingual,0.0,0.0,0.0,0.0,0.0,0.0,1.0,9.0,0.0,0.0,28.0,10.0,0.0,8.0,0.0,0.0,0.0,1.0,0.0,0.0,0.0,5.0,0.0,2.0,0.0,13.0,0.0,0.0,1.0,13.0,0.0,1.0,0.0,0.0,13.0,0.0,0.0,116.0,1.0,0.0,804.0,49.0,62.0,9.0,168.0,824.0,0.0,4767.0,0.0,37.0,0.0,279.0,0.0,0.0,0.0,1675.0,0.0,4.0,0.0,202.0,0.0,0.0,0.0,88.0,18.0,2.0,0.0,2.0
ctx-rh-medialorbitofrontal,0.0,2.0,0.0,0.0,0.0,0.0,0.0,0.0,0.0,0.0,0.0,0.0,11.0,0.0,39.0,0.0,0.0,0.0,0.0,1.0,2.0,0.0,0.0,0.0,0.0,0.0,22.0,7.0,10.0,0.0,0.0,0.0,0.0,0.0,0.0,8.0,1.0,0.0,0.0,367.0,0.0,0.0,0.0,6.0,0.0,0.0,955.0,0.0,1555.0,0.0,0.0,0.0,0.0,17.0,6.0,0.0,0.0,0.0,0.0,0.0,287.0,380.0,396.0,0.0,0.0,0.0,0.0,0.0
ctx-rh-middletemporal,0.0,0.0,0.0,0.0,0.0,0.0,0.0,1.0,0.0,0.0,5.0,1.0,0.0,3.0,0.0,0.0,1.0,0.0,0.0,0.0,0.0,1.0,0.0,3.0,0.0,2.0,0.0,0.0,0.0,2.0,0.0,1.0,0.0,0.0,629.0,0.0,0.0,1.0,21.0,0.0,250.0,420.0,1978.0,84.0,16.0,132.0,1.0,37.0,0.0,2979.0,0.0,24.0,1.0,0.0,0.0,14.0,5.0,5.0,6.0,20.0,0.0,0.0,0.0,40.0,560.0,41.0,97.0,8.0
ctx-rh-paracentral,0.0,6.0,3.0,1.0,0.0,0.0,0.0,1.0,0.0,3.0,3.0,0.0,0.0,0.0,0.0,0.0,3.0,0.0,1.0,0.0,0.0,1.0,6.0,26.0,10.0,1.0,0.0,0.0,9.0,4.0,0.0,1.0,0.0,0.0,2.0,12.0,15.0,0.0,0.0,0.0,0.0,2.0,0.0,31.0,12.0,1.0,0.0,0.0,0.0,0.0,1772.0,0.0,2.0,0.0,1.0,0.0,378.0,362.0,676.0,187.0,0.0,0.0,348.0,195.0,2.0,12.0,0.0,1.0
ctx-rh-parahippocampal,0.0,0.0,0.0,0.0,0.0,0.0,0.0,1.0,0.0,0.0,2.0,0.0,0.0,2.0,0.0,1.0,0.0,0.0,0.0,0.0,0.0,2.0,0.0,0.0,0.0,1.0,0.0,0.0,0.0,3.0,0.0,0.0,0.0,0.0,4.0,1.0,0.0,2.0,114.0,0.0,248.0,4.0,33.0,7.0,57.0,10.0,0.0,279.0,0.0,24.0,0.0,313.0,0.0,0.0,0.0,6.0,0.0,4.0,0.0,3.0,0.0,0.0,1.0,8.0,20.0,1.0,2.0,0.0
ctx-rh-parsopercularis,0.0,4.0,3.0,0.0,0.0,0.0,0.0,0.0,0.0,1.0,0.0,0.0,0.0,0.0,0.0,0.0,0.0,0.0,0.0,1.0,1.0,0.0,0.0,0.0,0.0,0.0,2.0,2.0,10.0,0.0,0.0,0.0,0.0,0.0,0.0,18.0,241.0,0.0,0.0,0.0,0.0,1.0,0.0,188.0,0.0,0.0,15.0,0.0,0.0,1.0,2.0,0.0,1220.0,5.0,371.0,0.0,39.0,7.0,641.0,0.0,3.0,345.0,57.0,5.0,1.0,16.0,0.0,0.0
ctx-rh-parsorbitalis,0.0,0.0,0.0,0.0,0.0,0.0,0.0,0.0,0.0,2.0,0.0,0.0,1.0,0.0,4.0,0.0,0.0,0.0,0.0,0.0,0.0,0.0,0.0,0.0,0.0,0.0,5.0,1.0,1.0,0.0,0.0,0.0,0.0,0.0,0.0,1.0,0.0,0.0,0.0,1.0,0.0,1.0,0.0,16.0,0.0,0.0,474.0,0.0,17.0,0.0,0.0,0.0,5.0,560.0,308.0,0.0,0.0,0.0,0.0,0.0,9.0,529.0,24.0,0.0,0.0,1.0,0.0,0.0
ctx-rh-parstriangularis,0.0,3.0,0.0,0.0,0.0,0.0,0.0,0.0,0.0,1.0,0.0,0.0,3.0,0.0,4.0,0.0,0.0,0.0,0.0,0.0,1.0,0.0,0.0,0.0,0.0,0.0,5.0,3.0,1.0,0.0,0.0,0.0,0.0,0.0,0.0,9.0,17.0,0.0,0.0,0.0,0.0,0.0,0.0,92.0,0.0,0.0,241.0,0.0,6.0,0.0,1.0,0.0,371.0,308.0,1050.0,0.0,0.0,0.0,6.0,0.0,14.0,784.0,43.0,0.0,1.0,0.0,0.0,0.0
ctx-rh-pericalcarine,0.0,0.0,0.0,4.0,0.0,0.0,2.0,3.0,0.0,0.0,14.0,5.0,0.0,2.0,0.0,1.0,0.0,0.0,0.0,0.0,0.0,9.0,0.0,1.0,0.0,10.0,0.0,0.0,0.0,7.0,1.0,0.0,0.0,0.0,1.0,0.0,0.0,1996.0,0.0,0.0,123.0,33.0,8.0,2.0,59.0,863.0,0.0,1675.0,0.0,14.0,0.0,6.0,0.0,0.0,0.0,1189.0,2.0,3.0,0.0,287.0,0.0,0.0,1.0,256.0,7.0,2.0,0.0,2.0
ctx-rh-postcentral,0.0,1.0,1.0,0.0,0.0,0.0,0.0,2.0,0.0,1.0,5.0,1.0,0.0,1.0,0.0,0.0,2.0,0.0,1.0,0.0,0.0,0.0,0.0,7.0,5.0,2.0,0.0,0.0,4.0,9.0,0.0,1.0,0.0,0.0,17.0,10.0,58.0,0.0,0.0,0.0,4.0,69.0,0.0,172.0,16.0,4.0,0.0,0.0,0.0,5.0,378.0,0.0,39.0,0.0,0.0,2.0,4500.0,64.0,1864.0,180.0,0.0,1.0,36.0,540.0,21.0,1499.0,0.0,7.0
ctx-rh-posteriorcingulate,0.0,51.0,40.0,0.0,0.0,0.0,0.0,7.0,2.0,14.0,22.0,1.0,0.0,2.0,0.0,0.0,30.0,0.0,4.0,0.0,1.0,0.0,29.0,216.0,83.0,13.0,0.0,7.0,110.0,25.0,1.0,6.0,0.0,0.0,8.0,257.0,48.0,0.0,0.0,0.0,0.0,9.0,2.0,67.0,175.0,1.0,0.0,4.0,0.0,5.0,362.0,4.0,7.0,0.0,0.0,3.0,64.0,1408.0,235.0,447.0,1.0,1.0,468.0,93.0,8.0,36.0,0.0,6.0
ctx-rh-precentral,0.0,23.0,11.0,1.0,0.0,0.0,0.0,1.0,0.0,1.0,2.0,0.0,0.0,0.0,0.0,0.0,8.0,0.0,3.0,0.0,0.0,1.0,4.0,39.0,27.0,2.0,1.0,1.0,32.0,4.0,0.0,0.0,0.0,0.0,12.0,37.0,1365.0,0.0,0.0,0.0,1.0,35.0,1.0,287.0,6.0,1.0,0.0,0.0,0.0,6.0,676.0,0.0,641.0,0.0,6.0,0.0,1864.0,235.0,7033.0,64.0,1.0,33.0,631.0,211.0,20.0,372.0,0.0,5.0
ctx-rh-precuneus,2.0,1.0,0.0,15.0,0.0,0.0,12.0,59.0,8.0,7.0,145.0,45.0,0.0,31.0,0.0,0.0,3.0,5.0,0.0,0.0,0.0,19.0,2.0,66.0,8.0,104.0,0.0,0.0,6.0,87.0,4.0,8.0,0.0,2.0,19.0,1.0,2.0,253.0,0.0,0.0,48.0,160.0,18.0,62.0,1087.0,98.0,1.0,202.0,0.0,20.0,187.0,3.0,0.0,0.0,0.0,287.0,180.0,447.0,64.0,4444.0,0.0,0.0,14.0,2237.0,43.0,66.0,1.0,10.0
ctx-rh-rostralanteriorcingulate,0.0,12.0,1.0,0.0,0.0,0.0,0.0,0.0,0.0,9.0,0.0,0.0,33.0,0.0,24.0,0.0,0.0,0.0,1.0,2.0,3.0,0.0,0.0,0.0,0.0,0.0,80.0,21.0,28.0,0.0,0.0,0.0,0.0,0.0,0.0,99.0,1.0,0.0,0.0,11.0,0.0,0.0,0.0,7.0,0.0,0.0,139.0,0.0,287.0,0.0,0.0,0.0,3.0,9.0,14.0,0.0,0.0,1.0,1.0,0.0,294.0,219.0,365.0,0.0,0.0,0.0,0.0,0.0
ctx-rh-rostralmiddlefrontal,0.0,42.0,4.0,0.0,0.0,1.0,0.0,0.0,0.0,12.0,0.0,0.0,33.0,0.0,34.0,0.0,0.0,0.0,2.0,5.0,4.0,0.0,0.0,0.0,1.0,0.0,84.0,39.0,79.0,1.0,0.0,0.0,0.0,0.0,0.0,152.0,673.0,0.0,1.0,102.0,0.0,1.0,0.0,167.0,0.0,0.0,768.0,0.0,380.0,0.0,0.0,0.0,345.0,529.0,784.0,0.0,1.0,1.0,33.0,0.0,219.0,5783.0,1474.0,1.0,1.0,0.0,0.0,0.0
ctx-rh-superiorfrontal,0.0,180.0,40.0,0.0,0.0,1.0,0.0,1.0,0.0,25.0,3.0,0.0,33.0,0.0,21.0,0.0,6.0,0.0,7.0,6.0,6.0,0.0,6.0,40.0,34.0,0.0,84.0,76.0,196.0,1.0,0.0,0.0,0.0,0.0,1.0,821.0,794.0,0.0,0.0,129.0,0.0,1.0,1.0,92.0,1.0,0.0,107.0,0.0,396.0,0.0,348.0,1.0,57.0,24.0,43.0,1.0,36.0,468.0,631.0,14.0,365.0,1474.0,8473.0,8.0,0.0,12.0,0.0,0.0
ctx-rh-superiorparietal,2.0,1.0,2.0,11.0,0.0,0.0,5.0,19.0,2.0,1.0,60.0,11.0,0.0,10.0,0.0,2.0,2.0,2.0,0.0,0.0,0.0,9.0,1.0,37.0,2.0,26.0,0.0,0.0,2.0,28.0,2.0,1.0,0.0,1.0,34.0,1.0,15.0,873.0,0.0,0.0,77.0,992.0,30.0,101.0,146.0,725.0,0.0,88.0,0.0,40.0,195.0,8.0,5.0,0.0,0.0,256.0,540.0,93.0,211.0,2237.0,0.0,1.0,8.0,6885.0,61.0,488.0,0.0,12.0
ctx-rh-superiortemporal,0.0,0.0,0.0,0.0,0.0,0.0,3.0,5.0,0.0,0.0,5.0,1.0,0.0,1.0,0.0,1.0,1.0,0.0,0.0,0.0,0.0,1.0,0.0,9.0,1.0,2.0,0.0,0.0,0.0,8.0,0.0,1.0,0.0,0.0,710.0,0.0,1.0,1.0,26.0,0.0,117.0,112.0,259.0,356.0,25.0,28.0,0.0,18.0,0.0,560.0,2.0,20.0,1.0,0.0,1.0,7.0,21.0,8.0,20.0,43.0,0.0,1.0,0.0,61.0,4326.0,340.0,115.0,656.0
ctx-rh-supramarginal,1.0,0.0,0.0,0.0,0.0,0.0,1.0,4.0,0.0,0.0,12.0,1.0,0.0,3.0,0.0,0.0,1.0,1.0,0.0,0.0,0.0,3.0,3.0,15.0,2.0,2.0,0.0,0.0,3.0,5.0,0.0,1.0,0.0,1.0,389.0,1.0,19.0,0.0,0.0,0.0,5.0,1103.0,22.0,188.0,31.0,16.0,0.0,2.0,0.0,41.0,12.0,1.0,16.0,1.0,0.0,2.0,1499.0,36.0,372.0,66.0,0.0,0.0,12.0,488.0,340.0,5452.0,0.0,23.0
ctx-rh-temporalpole,0.0,0.0,0.0,0.0,0.0,0.0,0.0,0.0,0.0,0.0,0.0,0.0,0.0,0.0,0.0,0.0,0.0,0.0,0.0,0.0,0.0,0.0,0.0,0.0,0.0,0.0,0.0,0.0,0.0,0.0,0.0,0.0,0.0,0.0,0.0,0.0,0.0,0.0,103.0,0.0,63.0,1.0,115.0,48.0,0.0,2.0,1.0,0.0,0.0,97.0,0.0,2.0,0.0,0.0,0.0,0.0,0.0,0.0,0.0,1.0,0.0,0.0,0.0,0.0,115.0,0.0,308.0,3.0
ctx-rh-transversetemporal,1.0,0.0,0.0,0.0,0.0,0.0,1.0,3.0,0.0,0.0,8.0,0.0,0.0,0.0,0.0,0.0,0.0,0.0,0.0,0.0,0.0,0.0,0.0,0.0,1.0,1.0,0.0,0.0,0.0,2.0,0.0,2.0,0.0,0.0,35.0,0.0,0.0,2.0,0.0,0.0,4.0,11.0,5.0,128.0,11.0,3.0,0.0,2.0,0.0,8.0,1.0,0.0,0.0,0.0,0.0,2.0,7.0,6.0,5.0,10.0,0.0,0.0,0.0,12.0,656.0,23.0,3.0,236.0
