,ctx-lh-bankssts,ctx-lh-caudalanteriorcingulate,ctx-lh-caudalmiddlefrontal,ctx-lh-cuneus,ctx-lh-entorhinal,ctx-lh-frontalpole,ctx-lh-fusiform,ctx-lh-inferiorparietal,ctx-lh-inferiortemporal,ctx-lh-insula,ctx-lh-isthmuscingulate,ctx-lh-lateraloccipital,ctx-lh-lateralorbitofrontal,ctx-lh-lingual,ctx-lh-medialorbitofrontal,ctx-lh-middletemporal,ctx-lh-paracentral,ctx-lh-parahippocampal,ctx-lh-parsopercularis,ctx-lh-parsorbitalis,ctx-lh-parstriangularis,ctx-lh-pericalcarine,ctx-lh-postcentral,ctx-lh-posteriorcingulate,ctx-lh-precentral,ctx-lh-precuneus,ctx-lh-rostralanteriorcingulate,ctx-lh-rostralmiddlefrontal,ctx-lh-superiorfrontal,ctx-lh-superiorparietal,ctx-lh-superiortemporal,ctx-lh-supramarginal,ctx-lh-temporalpole,ctx-lh-transversetemporal,ctx-rh-bankssts,ctx-rh-caudalanteriorcingulate,ctx-rh-caudalmiddlefrontal,ctx-rh-cuneus,ctx-rh-entorhinal,ctx-rh-frontalpole,ctx-rh-fusiform,ctx-rh-inferiorparietal,ctx-rh-inferiortemporal,ctx-rh-insula,ctx-rh-isthmuscingulate,ctx-rh-lateraloccipital,ctx-rh-lateralorbitofrontal,ctx-rh-lingual,ctx-rh-medialorbitofrontal,ctx-rh-middletemporal,ctx-rh-paracentral,ctx-rh-parahippocampal,ctx-rh-parsopercularis,ctx-rh-parsorbitalis,ctx-rh-parstriangularis,ctx-rh-pericalcarine,ctx-rh-postcentral,ctx-rh-posteriorcingulate,ctx-rh-precentral,ctx-rh-precuneus,ctx-rh-rostralanteriorcingulate,ctx-rh-rostralmiddlefrontal,ctx-rh-superiorfrontal,ctx-rh-superiorparietal,ctx-rh-superiortemporal,ctx-rh-supramarginal,ctx-rh-temporalpole,ctx-rh-transversetemporal
ctx-lh-bankssts,1166.0,0.0,0.0,1.0,1.0,0.0,58.0,674.0,327.0,38.0,13.0,18.0,0.0,15.0,0.0,998.0,3.0,12.0,1.0,0.0,0.0,3.0,13.0,2.0,5.0,41.0,0.0,0.0,0.0,49.0,1088.0,337.0,0.0,64.0,0.0,0.0,0.0,1.0,0.0,0.0,1.0,12.0,1.0,0.0,5.0,3.0,0.0,1.0,0.0,3.0,1.0,0.0,0.0,0.0,0.0,0.0,4.0,2.0,0.0,17.0,0.0,0.0,0.0,5.0,0.0,3.0,0.0,1.0
ctx-lh-caudalanteriorcingulate,0.0,507.0,36.0,0.0,0.0,1.0,0.0,0.0,1.0,7.0,18.0,0.0,18.0,0.0,21.0,0.0,12.0,0.0,16.0,4.0,20.0,0.0,1.0,376.0,16.0,6.0,307.0,91.0,667.0,3.0,0.0,0.0,0.0,0.0,0.0,138.0,20.0,0.0,0.0,0.0,0.0,0.0,0.0,4.0,0.0,0.0,5.0,0.0,12.0,1.0,15.0,0.0,7.0,10.0,12.0,0.0,3.0,36.0,13.0,3.0,45.0,48.0,184.0,1.0,0.0,0.0,0.0,0.0
ctx-lh-caudalmiddlefrontal,0.0,36.0,3151.0,0.0,0.0,0.0,0.0,0.0,0.0,61.0,1.0,1.0,3.0,0.0,0.0,0.0,22.0,0.0,470.0,1.0,40.0,0.0,45.0,11.0,983.0,4.0,1.0,985.0,1217.0,10.0,0.0,6.0,0.0,0.0,0.0,30.0,11.0,0.0,0.0,0.0,0.0,0.0,0.0,0.0,0.0,0.0,0.0,0.0,0.0,0.0,4.0,0.0,7.0,1.0,0.0,0.0,2.0,7.0,9.0,1.0,1.0,11.0,64.0,0.0,0.0,0.0,0.0,0.0
ctx-lh-cuneus,1.0,0.0,0.0,738.0,0.0,0.0,10.0,38.0,4.0,2.0,15.0,297.0,0.0,181.0,0.0,2.0,0.0,3.0,0.0,0.0,0.0,1144.0,0.0,0.0,0.0,109.0,0.0,0.0,0.0,702.0,0.0,0.0,0.0,1.0,0.0,0.0,0.0,2.0,0.0,0.0,1.0,1.0,2.0,1.0,1.0,0.0,0.0,3.0,0.0,2.0,0.0,0.0,0.0,0.0,0.0,0.0,0.0,0.0,0.0,3.0,0.0,0.0,0.0,1.0,0.0,0.0,0.0,0.0
ctx-lh-entorhinal,1.0,0.0,0.0,0.0,233.0,0.0,337.0,1.0,205.0,6.0,0.0,1.0,0.0,2.0,0.0,55.0,0.0,125.0,0.0,0.0,0.0,0.0,0.0,0.0,0.0,0.0,0.0,0.0,0.0,0.0,37.0,0.0,237.0,0.0,0.0,0.0,0.0,0.0,0.0,0.0,0.0,0.0,0.0,0.0,0.0,0.0,0.0,0.0,0.0,0.0,0.0,0.0,0.0,0.0,0.0,0.0,0.0,0.0,0.0,0.0,0.0,0.0,0.0,0.0,1.0,0.0,0.0,0.0
ctx-lh-frontalpole,0.0,1.0,0.0,0.0,0.0,67.0,0.0,0.0,0.0,1.0,0.0,0.0,66.0,0.0,226.0,0.0,0.0,0.0,0.0,9.0,1.0,0.0,0.0,0.0,0.0,0.0,6.0,240.0,83.0,0.0,0.0,0.0,0.0,0.0,0.0,0.0,0.0,0.0,0.0,0.0,0.0,0.0,0.0,0.0,0.0,0.0,0.0,0.0,0.0,0.0,0.0,0.0,0.0,0.0,2.0,0.0,0.0,0.0,0.0,0.0,1.0,0.0,1.0,0.0,0.0,0.0,0.0,0.0
ctx-lh-fusiform,58.0,0.0,0.0,10.0,337.0,0.0,4308.0,142.0,1646.0,31.0,10.0,1237.0,1.0,728.0,0.0,405.0,0.0,308.0,0.0,0.0,0.0,63.0,2.0,2.0,1.0,38.0,0.0,0.0,1.0,28.0,118.0,5.0,143.0,5.0,2.0,0.0,0.0,1.0,0.0,0.0,0.0,8.0,0.0,0.0,2.0,0.0,0.0,3.0,0.0,1.0,1.0,0.0,0.0,0.0,0.0,0.0,0.0,4.0,0.0,10.0,0.0,0.0,0.0,5.0,3.0,1.0,0.0,1.0
ctx-lh-inferiorparietal,674.0,0.0,0.0,38.0,1.0,0.0,142.0,7117.0,315.0,37.0,83.0,1054.0,0.0,64.0,0.0,385.0,4.0,22.0,1.0,0.0,0.0,42.0,57.0,12.0,27.0,396.0,0.0,0.0,0.0,1206.0,178.0,1215.0,3.0,29.0,3.0,1.0,0.0,2.0,0.0,0.0,10.0,22.0,10.0,4.0,23.0,6.0,0.0,7.0,0.0,4.0,4.0,1.0,0.0,0.0,0.0,2.0,1.0,8.0,2.0,54.0,0.0,0.0,0.0,32.0,3.0,6.0,0.0,0.0
ctx-lh-inferiortemporal,327.0,1.0,0.0,4.0,205.0,0.0,1646.0,315.0,3604.0,64.0,15.0,269.0,3.0,98.0,0.0,2137.0,1.0,124.0,0.0,0.0,0.0,12.0,1.0,3.0,1.0,36.0,0.0,1.0,0.0,37.0,253.0,19.0,204.0,7.0,1.0,0.0,0.0,2.0,0.0,0.0,0.0,6.0,4.0,0.0,7.0,5.0,0.0,1.0,0.0,0.0,0.0,1.0,0.0,0.0,0.0,1.0,2.0,1.0,0.0,21.0,0.0,0.0,0.0,7.0,1.0,0.0,0.0,0.0
ctx-lh-insula,38.0,7.0,61.0,2.0,6.0,1.0,31.0,37.0,64.0,1771.0,5.0,2.0,347.0,6.0,10.0,84.0,24.0,17.0,216.0,11.0,96.0,0.0,317.0,8.0,360.0,38.0,11.0,83.0,104.0,92.0,227.0,317.0,3.0,78.0,0.0,11.0,4.0,1.0,0.0,0.0,0.0,5.0,0.0,2.0,2.0,0.0,0.0,1.0,2.0,2.0,6.0,0.0,3.0,0.0,0.0,0.0,8.0,7.0,1.0,9.0,1.0,4.0,17.0,2.0,2.0,2.0,0.0,1.0
ctx-lh-isthmuscingulate,13.0,18.0,1.0,15.0,0.0,0.0,10.0,83.0,15.0,5.0,832.0,37.0,0.0,121.0,0.0,10.0,11.0,47.0,0.0,0.0,0.0,35.0,7.0,354.0,8.0,951.0,1.0,2.0,13.0,109.0,17.0,24.0,1.0,6.0,9.0,1.0,0.0,5.0,0.0,0.0,4.0,42.0,9.0,5.0,106.0,14.0,0.0,5.0,0.0,12.0,10.0,4.0,0.0,0.0,0.0,6.0,6.0,45.0,4.0,133.0,0.0,0.0,6.0,61.0,16.0,18.0,0.0,3.0
ctx-lh-lateraloccipital,18.0,0.0,1.0,297.0,1.0,0.0,1237.0,1054.0,269.0,2.0,37.0,5187.0,0.0,771.0,0.0,153.0,0.0,11.0,0.0,0.0,0.0,811.0,0.0,0.0,1.0,104.0,0.0,0.0,0.0,463.0,17.0,5.0,0.0,2.0,0.0,0.0,0.0,0.0,0.0,0.0,0.0,4.0,3.0,1.0,7.0,5.0,0.0,3.0,0.0,1.0,0.0,0.0,0.0,0.0,0.0,2.0,0.0,1.0,0.0,20.0,0.0,0.0,0.0,6.0,2.0,0.0,0.0,0.0
ctx-lh-lateralorbitofrontal,0.0,18.0,3.0,0.0,0.0,66.0,1.0,0.0,3.0,347.0,0.0,0.0,3598.0,1.0,1587.0,2.0,0.0,1.0,8.0,665.0,312.0,0.0,1.0,1.0,2.0,1.0,215.0,702.0,129.0,0.0,9.0,0.0,1.0,0.0,0.0,8.0,0.0,0.0,0.0,0.0,0.0,0.0,0.0,0.0,0.0,0.0,6.0,0.0,6.0,0.0,1.0,0.0,0.0,3.0,2.0,0.0,0.0,0.0,1.0,0.0,14.0,11.0,14.0,0.0,0.0,0.0,0.0,0.0
ctx-lh-lingual,15.0,0.0,0.0,181.0,2.0,0.0,728.0,64.0,98.0,6.0,121.0,771.0,1.0,3810.0,0.0,33.0,0.0,192.0,0.0,0.0,0.0,1020.0,0.0,1.0,0.0,246.0,0.0,0.0,1.0,100.0,11.0,3.0,0.0,0.0,3.0,0.0,0.0,4.0,0.0,0.0,3.0,9.0,3.0,0.0,7.0,8.0,0.0,55.0,0.0,2.0,0.0,1.0,0.0,0.0,0.0,14.0,0.0,1.0,0.0,22.0,0.0,0.0,0.0,11.0,2.0,1.0,0.0,0.0
ctx-lh-medialorbitofrontal,0.0,21.0,0.0,0.0,0.0,226.0,0.0,0.0,0.0,10.0,0.0,0.0,1587.0,0.0,1674.0,0.0,0.0,0.0,4.0,74.0,31.0,0.0,0.0,1.0,1.0,0.0,668.0,636.0,309.0,0.0,0.0,0.0,0.0,0.0,0.0,16.0,0.0,0.0,0.0,2.0,0.0,0.0,0.0,0.0,0.0,0.0,6.0,0.0,8.0,0.0,1.0,0.0,0.0,7.0,2.0,0.0,0.0,0.0,0.0,0.0,17.0,9.0,20.0,0.0,0.0,0.0,0.0,0.0
ctx-lh-middletemporal,998.0,0.0,0.0,2.0,55.0,0.0,405.0,385.0,2137.0,84.0,10.0,153.0,2.0,33.0,0.0,3533.0,0.0,72.0,1.0,0.0,0.0,3.0,1.0,1.0,1.0,29.0,0.0,0.0,0.0,34.0,1015.0,35.0,172.0,19.0,0.0,0.0,0.0,1.0,0.0,0.0,0.0,1.0,0.0,0.0,4.0,1.0,0.0,1.0,0.0,0.0,3.0,0.0,0.0,0.0,0.0,0.0,0.0,3.0,1.0,13.0,0.0,0.0,0.0,3.0,0.0,2.0,0.0,0.0
ctx-lh-paracentral,3.0,12.0,22.0,0.0,0.0,0.0,0.0,4.0,1.0,24.0,11.0,0.0,0.0,0.0,0.0,0.0,2237.0,0.0,5.0,0.0,0.0,0.0,406.0,328.0,1146.0,177.0,0.0,0.0,405.0,137.0,2.0,9.0,0.0,0.0,0.0,5.0,2.0,0.0,0.0,0.0,0.0,3.0,0.0,2.0,3.0,0.0,0.0,1.0,0.0,0.0,35.0,0.0,0.0,0.0,0.0,0.0,14.0,47.0,43.0,11.0,0.0,2.0,62.0,8.0,0.0,6.0,0.0,0.0
ctx-lh-parahippocampal,12.0,0.0,0.0,3.0,125.0,0.0,308.0,22.0,124.0,17.0,47.0,11.0,1.0,192.0,0.0,72.0,0.0,451.0,0.0,0.0,0.0,9.0,1.0,1.0,0.0,21.0,0.0,0.0,0.0,6.0,32.0,7.0,15.0,5.0,1.0,0.0,0.0,0.0,0.0,0.0,1.0,1.0,0.0,0.0,1.0,2.0,0.0,2.0,0.0,0.0,0.0,0.0,0.0,0.0,0.0,0.0,0.0,1.0,0.0,5.0,0.0,0.0,0.0,0.0,0.0,1.0,0.0,0.0
ctx-lh-parsopercularis,1.0,16.0,470.0,0.0,0.0,0.0,0.0,1.0,0.0,216.0,0.0,0.0,8.0,0.0,4.0,1.0,5.0,0.0,1946.0,2.0,518.0,0.0,67.0,3.0,725.0,2.0,6.0,551.0,217.0,5.0,2.0,26.0,0.0,1.0,0.0,17.0,11.0,0.0,0.0,1.0,0.0,1.0,0.0,1.0,1.0,0.0,0.0,0.0,0.0,1.0,5.0,0.0,4.0,0.0,1.0,0.0,0.0,7.0,7.0,0.0,3.0,5.0,41.0,0.0,0.0,0.0,0.0,0.0
ctx-lh-parsorbitalis,0.0,4.0,1.0,0.0,0.0,9.0,0.0,0.0,0.0,11.0,0.0,0.0,665.0,0.0,74.0,0.0,0.0,0.0,2.0,558.0,410.0,0.0,0.0,0.0,0.0,0.0,28.0,466.0,47.0,0.0,0.0,0.0,0.0,0.0,0.0,2.0,0.0,0.0,0.0,0.0,0.0,0.0,0.0,0.0,0.0,0.0,1.0,0.0,0.0,0.0,0.0,0.0,1.0,0.0,1.0,0.0,0.0,1.0,0.0,0.0,5.0,2.0,2.0,0.0,0.0,0.0,0.0,0.0
ctx-lh-parstriangularis,0.0,20.0,40.0,0.0,0.0,1.0,0.0,0.0,0.0,96.0,0.0,0.0,312.0,0.0,31.0,0.0,0.0,0.0,518.0,410.0,1399.0,0.0,5.0,0.0,15.0,0.0,61.0,1013.0,164.0,0.0,0.0,2.0,0.0,0.0,0.0,13.0,2.0,0.0,0.0,0.0,0.0,0.0,0.0,3.0,0.0,0.0,3.0,0.0,0.0,0.0,0.0,0.0,2.0,1.0,2.0,0.0,0.0,2.0,1.0,0.0,13.0,18.0,28.0,0.0,0.0,0.0,0.0,0.0
ctx-lh-pericalcarine,3.0,0.0,0.0,1144.0,0.0,0.0,63.0,42.0,12.0,0.0,35.0,811.0,0.0,1020.0,0.0,3.0,0.0,9.0,0.0,0.0,0.0,585.0,0.0,0.0,0.0,171.0,0.0,0.0,0.0,287.0,1.0,0.0,0.0,2.0,0.0,0.0,0.0,1.0,0.0,0.0,0.0,1.0,1.0,0.0,3.0,3.0,0.0,1.0,0.0,0.0,0.0,0.0,0.0,0.0,0.0,2.0,0.0,0.0,0.0,9.0,0.0,0.0,0.0,1.0,0.0,0.0,0.0,0.0
ctx-lh-postcentral,13.0,1.0,45.0,0.0,0.0,0.0,2.0,57.0,1.0,317.0,7.0,0.0,1.0,0.0,0.0,1.0,406.0,1.0,67.0,0.0,5.0,0.0,5701.0,37.0,2192.0,105.0,1.0,2.0,27.0,649.0,34.0,1101.0,0.0,6.0,0.0,2.0,1.0,0.0,0.0,0.0,1.0,0.0,0.0,3.0,2.0,0.0,0.0,1.0,0.0,0.0,12.0,0.0,0.0,0.0,0.0,0.0,8.0,14.0,4.0,7.0,0.0,1.0,10.0,8.0,0.0,4.0,0.0,0.0
ctx-lh-posteriorcingulate,2.0,376.0,11.0,0.0,0.0,0.0,2.0,12.0,3.0,8.0,354.0,0.0,1.0,1.0,1.0,1.0,328.0,1.0,3.0,0.0,0.0,0.0,37.0,1299.0,60.0,390.0,17.0,6.0,401.0,46.0,7.0,13.0,0.0,4.0,1.0,20.0,7.0,1.0,0.0,0.0,1.0,9.0,1.0,12.0,24.0,1.0,0.0,0.0,1.0,2.0,114.0,0.0,1.0,0.0,0.0,0.0,22.0,156.0,69.0,57.0,2.0,4.0,73.0,33.0,4.0,13.0,0.0,2.0
ctx-lh-precentral,5.0,16.0,983.0,0.0,0.0,0.0,1.0,27.0,1.0,360.0,8.0,1.0,2.0,0.0,1.0,1.0,1146.0,0.0,725.0,0.0,15.0,0.0,2192.0,60.0,8785.0,67.0,2.0,63.0,730.0,234.0,9.0,221.0,0.0,1.0,0.0,10.0,13.0,0.0,0.0,0.0,0.0,0.0,0.0,1.0,2.0,0.0,0.0,1.0,0.0,0.0,40.0,0.0,2.0,1.0,1.0,0.0,5.0,39.0,42.0,7.0,0.0,2.0,72.0,11.0,2.0,2.0,0.0,0.0
ctx-lh-precuneus,41.0,6.0,4.0,109.0,0.0,0.0,38.0,396.0,36.0,38.0,951.0,104.0,1.0,246.0,0.0,29.0,177.0,21.0,2.0,0.0,0.0,171.0,105.0,390.0,67.0,3914.0,2.0,0.0,22.0,2374.0,47.0,80.0,1.0,13.0,12.0,1.0,0.0,9.0,0.0,0.0,11.0,52.0,14.0,5.0,74.0,25.0,0.0,15.0,0.0,6.0,18.0,2.0,0.0,0.0,0.0,15.0,10.0,63.0,8.0,195.0,0.0,0.0,4.0,83.0,22.0,21.0,0.0,7.0
ctx-lh-rostralanteriorcingulate,0.0,307.0,1.0,0.0,0.0,6.0,0.0,0.0,0.0,11.0,1.0,0.0,215.0,0.0,668.0,0.0,0.0,0.0,6.0,28.0,61.0,0.0,1.0,17.0,2.0,2.0,1067.0,238.0,453.0,0.0,0.0,1.0,0.0,0.0,0.0,52.0,6.0,0.0,0.0,2.0,0.0,0.0,0.0,11.0,0.0,0.0,11.0,0.0,27.0,0.0,0.0,0.0,3.0,7.0,7.0,0.0,0.0,0.0,1.0,0.0,89.0,37.0,98.0,0.0,0.0,0.0,0.0,0.0
ctx-lh-rostralmiddlefrontal,0.0,91.0,985.0,0.0,0.0,240.0,0.0,0.0,1.0,83.0,2.0,0.0,702.0,0.0,636.0,0.0,0.0,0.0,551.0,466.0,1013.0,0.0,2.0,6.0,63.0,0.0,238.0,8143.0,3132.0,1.0,0.0,1.0,0.0,0.0,0.0,62.0,14.0,0.0,0.0,0.0,0.0,0.0,0.0,4.0,0.0,0.0,6.0,0.0,9.0,0.0,2.0,0.0,10.0,5.0,17.0,0.0,2.0,8.0,5.0,1.0,26.0,50.0,114.0,0.0,0.0,1.0,0.0,0.0
ctx-lh-superiorfrontal,0.0,667.0,1217.0,0.0,0.0,83.0,1.0,0.0,0.0,104.0,13.0,0.0,129.0,1.0,309.0,0.0,405.0,0.0,217.0,47.0,164.0,0.0,27.0,401.0,730.0,22.0,453.0,3132.0,11106.0,10.0,1.0,4.0,0.0,0.0,0.0,200.0,64.0,0.0,0.0,1.0,0.0,1.0,0.0,21.0,2.0,0.0,7.0,0.0,5.0,0.0,39.0,0.0,27.0,6.0,19.0,0.0,14.0,89.0,73.0,4.0,40.0,99.0,497.0,6.0,0.0,2.0,0.0,0.0
ctx-lh-superiorparietal,49.0,3.0,10.0,702.0,0.0,0.0,28.0,1206.0,37.0,92.0,109.0,463.0,0.0,100.0,0.0,34.0,137.0,6.0,5.0,0.0,0.0,287.0,649.0,46.0,234.0,2374.0,0.0,1.0,10.0,4765.0,52.0,470.0,1.0,15.0,7.0,0.0,0.0,4.0,0.0,0.0,2.0,11.0,4.0,2.0,24.0,6.0,0.0,9.0,0.0,6.0,10.0,0.0,0.0,0.0,0.0,4.0,1.0,28.0,7.0,78.0,0.0,0.0,2.0,28.0,4.0,7.0,0.0,1.0
ctx-lh-superiortemporal,1088.0,0.0,0.0,0.0,37.0,0.0,118.0,178.0,253.0,227.0,17.0,17.0,9.0,11.0,0.0,1015.0,2.0,32.0,2.0,0.0,0.0,1.0,34.0,7.0,9.0,47.0,0.0,0.0,1.0,52.0,5597.0,550.0,175.0,693.0,1.0,0.0,0.0,0.0,0.0,0.0,2.0,1.0,1.0,0.0,1.0,3.0,0.0,0.0,0.0,1.0,2.0,1.0,0.0,0.0,0.0,0.0,1.0,5.0,0.0,8.0,0.0,0.0,0.0,6.0,5.0,2.0,0.0,3.0
ctx-lh-supramarginal,337.0,0.0,6.0,0.0,0.0,0.0,5.0,1215.0,19.0,317.0,24.0,5.0,0.0,3.0,0.0,35.0,9.0,7.0,26.0,0.0,2.0,0.0,1101.0,13.0,221.0,80.0,1.0,1.0,4.0,470.0,550.0,5035.0,0.0,59.0,1.0,0.0,0.0,1.0,0.0,0.0,1.0,8.0,0.0,2.0,7.0,2.0,0.0,3.0,0.0,0.0,1.0,0.0,0.0,0.0,0.0,2.0,2.0,12.0,0.0,27.0,0.0,0.0,1.0,4.0,3.0,3.0,0.0,0.0
ctx-lh-temporalpole,0.0,0.0,0.0,0.0,237.0,0.0,143.0,3.0,204.0,3.0,1.0,0.0,1.0,0.0,0.0,172.0,0.0,15.0,0.0,0.0,0.0,0.0,0.0,0.0,0.0,1.0,0.0,0.0,0.0,1.0,175.0,0.0,549.0,1.0,1.0,0.0,0.0,0.0,0.0,0.0,0.0,0.0,0.0,0.0,0.0,0.0,0.0,0.0,0.0,0.0,0.0,0.0,0.0,0.0,0.0,0.0,0.0,0.0,0.0,0.0,0.0,0.0,0.0,0.0,0.0,0.0,0.0,0.0
ctx-lh-transversetemporal,64.0,0.0,0.0,1.0,0.0,0.0,5.0,29.0,7.0,78.0,6.0,2.0,0.0,0.0,0.0,19.0,0.0,5.0,1.0,0.0,0.0,2.0,6.0,4.0,1.0,13.0,0.0,0.0,0.0,15.0,693.0,59.0,1.0,402.0,0.0,0.0,0.0,0.0,0.0,0.0,0.0,2.0,0.0,0.0,1.0,0.0,0.0,0.0,0.0,0.0,0.0,0.0,0.0,0.0,0.0,0.0,1.0,1.0,0.0,0.0,0.0,0.0,0.0,1.0,1.0,0.0,0.0,1.0
ctx-rh-bankssts,0.0,0.0,0.0,0.0,0.0,0.0,2.0,3.0,1.0,0.0,9.0,0.0,0.0,3.0,0.0,0.0,0.0,1.0,0.0,0.0,0.0,0.0,0.0,1.0,0.0,12.0,0.0,0.0,0.0,7.0,1.0,1.0,1.0,0.0,923.0,0.0,1.0,4.0,0.0,0.0,25.0,408.0,195.0,19.0,7.0,32.0,0.0,10.0,0.0,943.0,3.0,8.0,0.0,0.0,0.0,2.0,16.0,3.0,4.0,30.0,0.0,0.0,1.0,27.0,880.0,343.0,0.0,16.0
ctx-rh-caudalanteriorcingulate,0.0,138.0,30.0,0.0,0.0,0.0,0.0,1.0,0.0,11.0,1.0,0.0,8.0,0.0,16.0,0.0,5.0,0.0,17.0,2.0,13.0,0.0,2.0,20.0,10.0,1.0,52.0,62.0,200.0,0.0,0.0,0.0,0.0,0.0,0.0,727.0,36.0,0.0,1.0,2.0,0.0,0.0,0.0,19.0,10.0,0.0,10.0,0.0,21.0,0.0,18.0,0.0,20.0,12.0,21.0,0.0,2.0,361.0,33.0,7.0,270.0,105.0,724.0,1.0,0.0,1.0,0.0,0.0
ctx-rh-caudalmiddlefrontal,0.0,20.0,11.0,0.0,0.0,0.0,0.0,0.0,0.0,4.0,0.0,0.0,0.0,0.0,0.0,0.0,2.0,0.0,11.0,0.0,2.0,0.0,1.0,7.0,13.0,0.0,6.0,14.0,64.0,0.0,0.0,0.0,0.0,0.0,1.0,36.0,2983.0,0.0,0.0,0.0,0.0,1.0,0.0,39.0,0.0,0.0,3.0,0.0,1.0,1.0,9.0,0.0,318.0,10.0,47.0,0.0,37.0,8.0,1059.0,2.0,4.0,716.0,1075.0,4.0,1.0,5.0,0.0,1.0
ctx-rh-cuneus,1.0,0.0,0.0,2.0,0.0,0.0,1.0,2.0,2.0,1.0,5.0,0.0,0.0,4.0,0.0,1.0,0.0,0.0,0.0,0.0,0.0,1.0,0.0,1.0,0.0,9.0,0.0,0.0,0.0,4.0,0.0,1.0,0.0,0.0,4.0,0.0,0.0,760.0,0.0,0.0,35.0,34.0,19.0,1.0,22.0,421.0,0.0,155.0,0.0,6.0,2.0,3.0,0.0,0.0,0.0,1245.0,1.0,0.0,0.0,240.0,0.0,0.0,1.0,508.0,5.0,2.0,0.0,1.0
ctx-rh-entorhinal,0.0,0.0,0.0,0.0,0.0,0.0,0.0,0.0,0.0,0.0,0.0,0.0,0.0,0.0,0.0,0.0,0.0,0.0,0.0,0.0,0.0,0.0,0.0,0.0,0.0,0.0,0.0,0.0,0.0,0.0,0.0,0.0,0.0,0.0,0.0,1.0,0.0,0.0,292.0,0.0,271.0,0.0,220.0,11.0,0.0,0.0,1.0,0.0,0.0,35.0,0.0,86.0,0.0,0.0,0.0,1.0,0.0,0.0,0.0,0.0,0.0,0.0,0.0,0.0,26.0,0.0,253.0,0.0
ctx-rh-frontalpole,0.0,0.0,0.0,0.0,0.0,0.0,0.0,0.0,0.0,0.0,0.0,0.0,0.0,0.0,2.0,0.0,0.0,0.0,1.0,0.0,0.0,0.0,0.0,0.0,0.0,0.0,2.0,0.0,1.0,0.0,0.0,0.0,0.0,0.0,0.0,2.0,0.0,0.0,0.0,49.0,0.0,0.0,0.0,0.0,0.0,0.0,77.0,0.0,250.0,0.0,0.0,0.0,1.0,17.0,3.0,0.0,0.0,0.0,0.0,0.0,7.0,195.0,74.0,0.0,0.0,0.0,0.0,0.0
ctx-rh-fusiform,1.0,0.0,0.0,1.0,0.0,0.0,0.0,10.0,0.0,0.0,4.0,0.0,0.0,3.0,0.0,0.0,0.0,1.0,0.0,0.0,0.0,0.0,1.0,1.0,0.0,11.0,0.0,0.0,0.0,2.0,2.0,1.0,0.0,0.0,25.0,0.0,0.0,35.0,271.0,0.0,4997.0,86.0,1482.0,31.0,22.0,1019.0,7.0,624.0,0.0,306.0,0.0,252.0,0.0,0.0,0.0,83.0,0.0,1.0,1.0,35.0,1.0,0.0,2.0,39.0,104.0,7.0,119.0,3.0
ctx-rh-inferiorparietal,12.0,0.0,0.0,1.0,0.0,0.0,8.0,22.0,6.0,5.0,42.0,4.0,0.0,9.0,0.0,1.0,3.0,1.0,1.0,0.0,0.0,1.0,0.0,9.0,0.0,52.0,0.0,0.0,1.0,11.0,1.0,8.0,0.0,2.0,408.0,0.0,1.0,34.0,0.0,0.0,86.0,7407.0,234.0,39.0,45.0,739.0,1.0,19.0,0.0,700.0,17.0,12.0,2.0,0.0,0.0,36.0,90.0,13.0,38.0,270.0,0.0,1.0,3.0,1360.0,127.0,1081.0,1.0,26.0
ctx-rh-inferiortemporal,1.0,0.0,0.0,2.0,0.0,0.0,0.0,10.0,4.0,0.0,9.0,3.0,0.0,3.0,0.0,0.0,0.0,0.0,0.0,0.0,0.0,1.0,0.0,1.0,0.0,14.0,0.0,0.0,0.0,4.0,1.0,0.0,0.0,0.0,195.0,0.0,0.0,19.0,220.0,0.0,1482.0,234.0,4424.0,71.0,19.0,497.0,11.0,101.0,0.0,1736.0,1.0,106.0,0.0,0.0,0.0,36.0,1.0,1.0,0.0,44.0,0.0,0.0,0.0,63.0,256.0,23.0,251.0,8.0
ctx-rh-insula,0.0,4.0,0.0,1.0,0.0,0.0,0.0,4.0,0.0,2.0,5.0,1.0,0.0,0.0,0.0,0.0,2.0,0.0,1.0,0.0,3.0,0.0,3.0,12.0,1.0,5.0,11.0,4.0,21.0,2.0,0.0,2.0,0.0,0.0,19.0,19.0,39.0,1.0,11.0,0.0,31.0,39.0,71.0,1613.0,4.0,10.0,492.0,6.0,16.0,111.0,16.0,13.0,150.0,35.0,156.0,2.0,232.0,8.0,222.0,15.0,15.0,99.0,97.0,57.0,266.0,236.0,18.0,69.0
ctx-rh-isthmuscingulate,5.0,0.0,0.0,1.0,0.0,0.0,2.0,23.0,7.0,2.0,106.0,7.0,0.0,7.0,0.0,4.0,3.0,1.0,1.0,0.0,0.0,3.0,2.0,24.0,2.0,74.0,0.0,0.0,2.0,24.0,1.0,7.0,0.0,1.0,7.0,10.0,0.0,22.0,0.0,0.0,22.0,45.0,19.0,4.0,579.0,33.0,1.0,119.0,0.0,12.0,25.0,71.0,1.0,0.0,0.0,15.0,9.0,300.0,4.0,917.0,1.0,0.0,4.0,79.0,8.0,10.0,0.0,0.0
ctx-rh-lateraloccipital,3.0,0.0,0.0,0.0,0.0,0.0,0.0,6.0,5.0,0.0,14.0,5.0,0.0,8.0,0.0,1.0,0.0,2.0,0.0,0.0,0.0,3.0,0.0,1.0,0.0,25.0,0.0,0.0,0.0,6.0,3.0,2.0,0.0,0.0,32.0,0.0,0.0,421.0,0.0,0.0,1019.0,739.0,497.0,10.0,33.0,6219.0,1.0,966.0,0.0,149.0,1.0,13.0,0.0,0.0,0.0,1030.0,0.0,3.0,0.0,109.0,0.0,0.0,0.0,508.0,26.0,17.0,2.0,3.0
ctx-rh-lateralorbitofrontal,0.0,5.0,0.0,0.0,0.0,0.0,0.0,0.0,0.0,0.0,0.0,0.0,6.0,0.0,6.0,0.0,0.0,0.0,0.0,1.0,3.0,0.0,0.0,0.0,0.0,0.0,11.0,6.0,7.0,0.0,0.0,0.0,0.0,0.0,0.0,10.0,3.0,0.0,1.0,77.0,7.0,1.0,11.0,492.0,1.0,1.0,2775.0,0.0,1329.0,16.0,2.0,1.0,9.0,623.0,197.0,0.0,0.0,2.0,2.0,2.0,132.0,473.0,81.0,1.0,17.0,1.0,1.0,0.0
ctx-rh-lingual,1.0,0.0,0.0,3.0,0.0,0.0,3.0,7.0,1.0,1.0,5.0,3.0,0.0,55.0,0.0,1.0,1.0,2.0,0.0,0.0,0.0,1.0,1.0,0.0,1.0,15.0,0.0,0.0,0.0,9.0,0.0,3.0,0.0,0.0,10.0,0.0,0.0,155.0,0.0,0.0,624.0,19.0,101.0,6.0,119.0,966.0,0.0,4073.0,0.0,30.0,1.0,202.0,0.0,0.0,0.0,1219.0,2.0,1.0,0.0,177.0,0.0,0.0,0.0,53.0,15.0,1.0,3.0,0.0
ctx-rh-medialorbitofrontal,0.0,12.0,0.0,0.0,0.0,0.0,0.0,0.0,0.0,2.0,0.0,0.0,6.0,0.0,8.0,0.0,0.0,0.0,0.0,0.0,0.0,0.0,0.0,1.0,0.0,0.0,27.0,9.0,5.0,0.0,0.0,0.0,0.0,0.0,0.0,21.0,1.0,0.0,0.0,250.0,0.0,0.0,0.0,16.0,0.0,0.0,1329.0,0.0,1848.0,0.0,0.0,0.0,1.0,66.0,14.0,0.0,0.0,1.0,1.0,0.0,464.0,634.0,244.0,0.0,0.0,0.0,0.0,0.0
ctx-rh-middletemporal,3.0,1.0,0.0,2.0,0.0,0.0,1.0,4.0,0.0,2.0,12.0,1.0,0.0,2.0,0.0,0.0,0.0,0.0,1.0,0.0,0.0,0.0,0.0,2.0,0.0,6.0,0.0,0.0,0.0,6.0,1.0,0.0,0.0,0.0,943.0,0.0,1.0,6.0,35.0,0.0,306.0,700.0,1736.0,111.0,12.0,149.0,16.0,30.0,0.0,4017.0,1.0,47.0,0.0,2.0,0.0,12.0,7.0,5.0,2.0,36.0,0.0,1.0,0.0,54.0,803.0,65.0,200.0,5.0
ctx-rh-paracentral,1.0,15.0,4.0,0.0,0.0,0.0,1.0,4.0,0.0,6.0,10.0,0.0,1.0,0.0,1.0,3.0,35.0,0.0,5.0,0.0,0.0,0.0,12.0,114.0,40.0,18.0,0.0,2.0,39.0,10.0,2.0,1.0,0.0,0.0,3.0,18.0,9.0,2.0,0.0,0.0,0.0,17.0,1.0,16.0,25.0,1.0,2.0,1.0,0.0,1.0,2060.0,0.0,2.0,0.0,1.0,0.0,501.0,380.0,992.0,285.0,0.0,6.0,567.0,295.0,7.0,23.0,0.0,0.0
ctx-rh-parahippocampal,0.0,0.0,0.0,0.0,0.0,0.0,0.0,1.0,1.0,0.0,4.0,0.0,0.0,1.0,0.0,0.0,0.0,0.0,0.0,0.0,0.0,0.0,0.0,0.0,0.0,2.0,0.0,0.0,0.0,0.0,1.0,0.0,0.0,0.0,8.0,0.0,0.0,3.0,86.0,0.0,252.0,12.0,106.0,13.0,71.0,13.0,1.0,202.0,0.0,47.0,0.0,497.0,0.0,0.0,0.0,3.0,0.0,0.0,0.0,21.0,0.0,2.0,0.0,4.0,45.0,2.0,13.0,3.0
ctx-rh-parsopercularis,0.0,7.0,7.0,0.0,0.0,0.0,0.0,0.0,0.0,3.0,0.0,0.0,0.0,0.0,0.0,0.0,0.0,0.0,4.0,1.0,2.0,0.0,0.0,1.0,2.0,0.0,3.0,10.0,27.0,0.0,0.0,0.0,0.0,0.0,0.0,20.0,318.0,0.0,0.0,1.0,0.0,2.0,0.0,150.0,1.0,0.0,9.0,0.0,1.0,0.0,2.0,0.0,1049.0,10.0,309.0,0.0,40.0,0.0,520.0,0.0,0.0,507.0,164.0,4.0,0.0,15.0,0.0,0.0
ctx-rh-parsorbitalis,0.0,10.0,1.0,0.0,0.0,0.0,0.0,0.0,0.0,0.0,0.0,0.0,3.0,0.0,7.0,0.0,0.0,0.0,0.0,0.0,1.0,0.0,0.0,0.0,1.0,0.0,7.0,5.0,6.0,0.0,0.0,0.0,0.0,0.0,0.0,12.0,10.0,0.0,0.0,17.0,0.0,0.0,0.0,35.0,0.0,0.0,623.0,0.0,66.0,2.0,0.0,0.0,10.0,895.0,362.0,0.0,0.0,0.0,1.0,0.0,44.0,640.0,77.0,0.0,2.0,0.0,1.0,0.0
ctx-rh-parstriangularis,0.0,12.0,0.0,0.0,0.0,2.0,0.0,0.0,0.0,0.0,0.0,0.0,2.0,0.0,2.0,0.0,0.0,0.0,1.0,1.0,2.0,0.0,0.0,0.0,1.0,0.0,7.0,17.0,19.0,0.0,0.0,0.0,0.0,0.0,0.0,21.0,47.0,0.0,0.0,3.0,0.0,0.0,0.0,156.0,0.0,0.0,197.0,0.0,14.0,0.0,1.0,0.0,309.0,362.0,1185.0,0.0,1.0,1.0,26.0,0.0,28.0,720.0,138.0,0.0,3.0,1.0,0.0,0.0
ctx-rh-pericalcarine,0.0,0.0,0.0,0.0,0.0,0.0,0.0,2.0,1.0,0.0,6.0,2.0,0.0,14.0,0.0,0.0,0.0,0.0,0.0,0.0,0.0,2.0,0.0,0.0,0.0,15.0,0.0,0.0,0.0,4.0,0.0,2.0,0.0,0.0,2.0,0.0,0.0,1245.0,1.0,0.0,83.0,36.0,36.0,2.0,15.0,1030.0,0.0,1219.0,0.0,12.0,0.0,3.0,0.0,0.0,0.0,981.0,1.0,0.0,0.0,226.0,0.0,0.0,0.0,206.0,4.0,3.0,0.0,0.0
ctx-rh-postcentral,4.0,3.0,2.0,0.0,0.0,0.0,0.0,1.0,2.0,8.0,6.0,0.0,0.0,0.0,0.0,0.0,14.0,0.0,0.0,0.0,0.0,0.0,8.0,22.0,5.0,10.0,0.0,2.0,14.0,1.0,1.0,2.0,0.0,1.0,16.0,2.0,37.0,1.0,0.0,0.0,0.0,90.0,1.0,232.0,9.0,0.0,0.0,2.0,0.0,7.0,501.0,0.0,40.0,0.0,1.0,1.0,5627.0,47.0,2006.0,80.0,0.0,4.0,59.0,645.0,23.0,1356.0,0.0,6.0
ctx-rh-posteriorcingulate,2.0,36.0,7.0,0.0,0.0,0.0,4.0,8.0,1.0,7.0,45.0,1.0,0.0,1.0,0.0,3.0,47.0,1.0,7.0,1.0,2.0,0.0,14.0,156.0,39.0,63.0,0.0,8.0,89.0,28.0,5.0,12.0,0.0,1.0,3.0,361.0,8.0,0.0,0.0,0.0,1.0,13.0,1.0,8.0,300.0,3.0,2.0,1.0,1.0,5.0,380.0,0.0,0.0,0.0,1.0,0.0,47.0,1456.0,70.0,413.0,14.0,14.0,465.0,81.0,14.0,16.0,0.0,1.0
ctx-rh-precentral,0.0,13.0,9.0,0.0,0.0,0.0,0.0,2.0,0.0,1.0,4.0,0.0,1.0,0.0,0.0,1.0,43.0,0.0,7.0,0.0,1.0,0.0,4.0,69.0,42.0,8.0,1.0,5.0,73.0,7.0,0.0,0.0,0.0,0.0,4.0,33.0,1059.0,0.0,0.0,0.0,1.0,38.0,0.0,222.0,4.0,0.0,2.0,0.0,1.0,2.0,992.0,0.0,520.0,1.0,26.0,0.0,2006.0,70.0,9071.0,44.0,0.0,98.0,1145.0,174.0,7.0,291.0,0.0,4.0
ctx-rh-precuneus,17.0,3.0,1.0,3.0,0.0,0.0,10.0,54.0,21.0,9.0,133.0,20.0,0.0,22.0,0.0,13.0,11.0,5.0,0.0,0.0,0.0,9.0,7.0,57.0,7.0,195.0,0.0,1.0,4.0,78.0,8.0,27.0,0.0,0.0,30.0,7.0,2.0,240.0,0.0,0.0,35.0,270.0,44.0,15.0,917.0,109.0,2.0,177.0,0.0,36.0,285.0,21.0,0.0,0.0,0.0,226.0,80.0,413.0,44.0,4360.0,0.0,1.0,8.0,2149.0,48.0,42.0,0.0,9.0
ctx-rh-rostralanteriorcingulate,0.0,45.0,1.0,0.0,0.0,1.0,0.0,0.0,0.0,1.0,0.0,0.0,14.0,0.0,17.0,0.0,0.0,0.0,3.0,5.0,13.0,0.0,0.0,2.0,0.0,0.0,89.0,26.0,40.0,0.0,0.0,0.0,0.0,0.0,0.0,270.0,4.0,0.0,0.0,7.0,1.0,0.0,0.0,15.0,1.0,0.0,132.0,0.0,464.0,0.0,0.0,0.0,0.0,44.0,28.0,0.0,0.0,14.0,0.0,0.0,820.0,151.0,349.0,0.0,0.0,0.0,0.0,0.0
ctx-rh-rostralmiddlefrontal,0.0,48.0,11.0,0.0,0.0,0.0,0.0,0.0,0.0,4.0,0.0,0.0,11.0,0.0,9.0,0.0,2.0,0.0,5.0,2.0,18.0,0.0,1.0,4.0,2.0,0.0,37.0,50.0,99.0,0.0,0.0,0.0,0.0,0.0,0.0,105.0,716.0,0.0,0.0,195.0,0.0,1.0,0.0,99.0,0.0,0.0,473.0,0.0,634.0,1.0,6.0,2.0,507.0,640.0,720.0,0.0,4.0,14.0,98.0,1.0,151.0,7600.0,2518.0,0.0,1.0,5.0,0.0,0.0
ctx-rh-superiorfrontal,0.0,184.0,64.0,0.0,0.0,1.0,0.0,0.0,0.0,17.0,6.0,0.0,14.0,0.0,20.0,0.0,62.0,0.0,41.0,2.0,28.0,0.0,10.0,73.0,72.0,4.0,98.0,114.0,497.0,2.0,0.0,1.0,0.0,0.0,1.0,724.0,1075.0,1.0,0.0,74.0,2.0,3.0,0.0,97.0,4.0,0.0,81.0,0.0,244.0,0.0,567.0,0.0,164.0,77.0,138.0,0.0,59.0,465.0,1145.0,8.0,349.0,2518.0,11603.0,13.0,0.0,10.0,0.0,0.0
ctx-rh-superiorparietal,5.0,1.0,0.0,1.0,0.0,0.0,5.0,32.0,7.0,2.0,61.0,6.0,0.0,11.0,0.0,3.0,8.0,0.0,0.0,0.0,0.0,1.0,8.0,33.0,11.0,83.0,0.0,0.0,6.0,28.0,6.0,4.0,0.0,1.0,27.0,1.0,4.0,508.0,0.0,0.0,39.0,1360.0,63.0,57.0,79.0,508.0,1.0,53.0,0.0,54.0,295.0,4.0,4.0,0.0,0.0,206.0,645.0,81.0,174.0,2149.0,0.0,0.0,13.0,5178.0,61.0,332.0,0.0,14.0
ctx-rh-superiortemporal,0.0,0.0,0.0,0.0,1.0,0.0,3.0,3.0,1.0,2.0,16.0,2.0,0.0,2.0,0.0,0.0,0.0,0.0,0.0,0.0,0.0,0.0,0.0,4.0,2.0,22.0,0.0,0.0,0.0,4.0,5.0,3.0,0.0,1.0,880.0,0.0,1.0,5.0,26.0,0.0,104.0,127.0,256.0,266.0,8.0,26.0,17.0,15.0,0.0,803.0,7.0,45.0,0.0,2.0,3.0,4.0,23.0,14.0,7.0,48.0,0.0,1.0,0.0,61.0,5535.0,414.0,126.0,630.0
ctx-rh-supramarginal,3.0,0.0,0.0,0.0,0.0,0.0,1.0,6.0,0.0,2.0,18.0,0.0,0.0,1.0,0.0,2.0,6.0,1.0,0.0,0.0,0.0,0.0,4.0,13.0,2.0,21.0,0.0,1.0,2.0,7.0,2.0,3.0,0.0,0.0,343.0,1.0,5.0,2.0,0.0,0.0,7.0,1081.0,23.0,236.0,10.0,17.0,1.0,1.0,0.0,65.0,23.0,2.0,15.0,0.0,1.0,3.0,1356.0,16.0,291.0,42.0,0.0,5.0,10.0,332.0,414.0,4540.0,0.0,62.0
ctx-rh-temporalpole,0.0,0.0,0.0,0.0,0.0,0.0,0.0,0.0,0.0,0.0,0.0,0.0,0.0,0.0,0.0,0.0,0.0,0.0,0.0,0.0,0.0,0.0,0.0,0.0,0.0,0.0,0.0,0.0,0.0,0.0,0.0,0.0,0.0,0.0,0.0,0.0,0.0,0.0,253.0,0.0,119.0,1.0,251.0,18.0,0.0,2.0,1.0,3.0,0.0,200.0,0.0,13.0,0.0,1.0,0.0,0.0,0.0,0.0,0.0,0.0,0.0,0.0,0.0,0.0,126.0,0.0,365.0,0.0
ctx-rh-transversetemporal,1.0,0.0,0.0,0.0,0.0,0.0,1.0,0.0,0.0,1.0,3.0,0.0,0.0,0.0,0.0,0.0,0.0,0.0,0.0,0.0,0.0,0.0,0.0,2.0,0.0,7.0,0.0,0.0,0.0,1.0,3.0,0.0,0.0,1.0,16.0,0.0,1.0,1.0,0.0,0.0,3.0,26.0,8.0,69.0,0.0,3.0,0.0,0.0,0.0,5.0,0.0,3.0,0.0,0.0,0.0,0.0,6.0,1.0,4.0,9.0,0.0,0.0,0.0,14.0,630.0,62.0,0.0,272.0
