,ctx-lh-bankssts,ctx-lh-caudalanteriorcingulate,ctx-lh-caudalmiddlefrontal,ctx-lh-cuneus,ctx-lh-entorhinal,ctx-lh-frontalpole,ctx-lh-fusiform,ctx-lh-inferiorparietal,ctx-lh-inferiortemporal,ctx-lh-insula,ctx-lh-isthmuscingulate,ctx-lh-lateraloccipital,ctx-lh-lateralorbitofrontal,ctx-lh-lingual,ctx-lh-medialorbitofrontal,ctx-lh-middletemporal,ctx-lh-paracentral,ctx-lh-parahippocampal,ctx-lh-parsopercularis,ctx-lh-parsorbitalis,ctx-lh-parstriangularis,ctx-lh-pericalcarine,ctx-lh-postcentral,ctx-lh-posteriorcingulate,ctx-lh-precentral,ctx-lh-precuneus,ctx-lh-rostralanteriorcingulate,ctx-lh-rostralmiddlefrontal,ctx-lh-superiorfrontal,ctx-lh-superiorparietal,ctx-lh-superiortemporal,ctx-lh-supramarginal,ctx-lh-temporalpole,ctx-lh-transversetemporal,ctx-rh-bankssts,ctx-rh-caudalanteriorcingulate,ctx-rh-caudalmiddlefrontal,ctx-rh-cuneus,ctx-rh-entorhinal,ctx-rh-frontalpole,ctx-rh-fusiform,ctx-rh-inferiorparietal,ctx-rh-inferiortemporal,ctx-rh-insula,ctx-rh-isthmuscingulate,ctx-rh-lateraloccipital,ctx-rh-lateralorbitofrontal,ctx-rh-lingual,ctx-rh-medialorbitofrontal,ctx-rh-middletemporal,ctx-rh-paracentral,ctx-rh-parahippocampal,ctx-rh-parsopercularis,ctx-rh-parsorbitalis,ctx-rh-parstriangularis,ctx-rh-pericalcarine,ctx-rh-postcentral,ctx-rh-posteriorcingulate,ctx-rh-precentral,ctx-rh-precuneus,ctx-rh-rostralanteriorcingulate,ctx-rh-rostralmiddlefrontal,ctx-rh-superiorfrontal,ctx-rh-superiorparietal,ctx-rh-superiortemporal,ctx-rh-supramarginal,ctx-rh-temporalpole,ctx-rh-transversetemporal
ctx-lh-bankssts,885.0,0.0,5.0,0.0,12.0,0.0,153.0,430.0,243.0,42.0,14.0,87.0,0.0,31.0,0.0,1157.0,2.0,43.0,0.0,0.0,0.0,2.0,33.0,5.0,26.0,14.0,0.0,1.0,3.0,51.0,1072.0,242.0,0.0,94.0,0.0,0.0,0.0,0.0,0.0,0.0,2.0,2.0,1.0,1.0,9.0,1.0,0.0,1.0,0.0,0.0,0.0,1.0,0.0,0.0,0.0,0.0,0.0,3.0,0.0,8.0,0.0,0.0,0.0,1.0,0.0,0.0,0.0,0.0
ctx-lh-caudalanteriorcingulate,0.0,858.0,35.0,1.0,0.0,1.0,0.0,1.0,0.0,11.0,13.0,0.0,12.0,0.0,27.0,0.0,9.0,0.0,7.0,3.0,9.0,0.0,2.0,399.0,15.0,24.0,281.0,64.0,861.0,6.0,1.0,1.0,0.0,0.0,0.0,163.0,16.0,0.0,0.0,0.0,0.0,1.0,0.0,8.0,3.0,1.0,1.0,0.0,11.0,0.0,8.0,0.0,6.0,1.0,1.0,0.0,0.0,63.0,30.0,1.0,29.0,21.0,243.0,4.0,1.0,3.0,0.0,0.0
ctx-lh-caudalmiddlefrontal,5.0,35.0,2987.0,1.0,0.0,0.0,0.0,13.0,2.0,106.0,1.0,0.0,1.0,1.0,0.0,4.0,15.0,0.0,476.0,1.0,31.0,0.0,141.0,33.0,1248.0,4.0,4.0,851.0,1315.0,33.0,10.0,53.0,0.0,4.0,0.0,11.0,4.0,0.0,0.0,0.0,1.0,0.0,0.0,2.0,1.0,0.0,1.0,0.0,0.0,0.0,10.0,0.0,2.0,0.0,0.0,0.0,2.0,25.0,9.0,1.0,1.0,1.0,53.0,2.0,1.0,2.0,0.0,0.0
ctx-lh-cuneus,0.0,1.0,1.0,1004.0,0.0,0.0,8.0,7.0,1.0,0.0,21.0,188.0,0.0,250.0,0.0,0.0,0.0,4.0,0.0,0.0,0.0,1283.0,2.0,0.0,2.0,122.0,0.0,0.0,0.0,573.0,0.0,1.0,0.0,0.0,0.0,0.0,0.0,2.0,0.0,0.0,4.0,1.0,0.0,0.0,7.0,1.0,0.0,1.0,0.0,1.0,0.0,1.0,0.0,0.0,0.0,1.0,1.0,0.0,0.0,13.0,0.0,0.0,0.0,1.0,1.0,0.0,0.0,0.0
ctx-lh-entorhinal,12.0,0.0,0.0,0.0,191.0,0.0,108.0,2.0,187.0,29.0,0.0,3.0,1.0,1.0,0.0,144.0,0.0,82.0,0.0,0.0,0.0,0.0,1.0,0.0,0.0,1.0,0.0,0.0,0.0,2.0,119.0,3.0,330.0,2.0,0.0,0.0,0.0,0.0,0.0,0.0,0.0,0.0,0.0,0.0,0.0,0.0,0.0,0.0,0.0,0.0,0.0,0.0,0.0,0.0,0.0,0.0,0.0,0.0,0.0,0.0,0.0,0.0,0.0,0.0,0.0,0.0,0.0,0.0
ctx-lh-frontalpole,0.0,1.0,0.0,0.0,0.0,56.0,0.0,0.0,0.0,2.0,0.0,0.0,131.0,0.0,177.0,0.0,0.0,0.0,0.0,3.0,5.0,0.0,0.0,0.0,0.0,0.0,6.0,155.0,92.0,0.0,0.0,0.0,0.0,0.0,0.0,0.0,0.0,0.0,0.0,0.0,0.0,0.0,0.0,0.0,0.0,0.0,1.0,0.0,0.0,0.0,0.0,0.0,0.0,0.0,0.0,0.0,0.0,0.0,0.0,0.0,1.0,0.0,0.0,0.0,0.0,0.0,0.0,0.0
ctx-lh-fusiform,153.0,0.0,0.0,8.0,108.0,0.0,2491.0,217.0,1362.0,85.0,18.0,1340.0,2.0,430.0,0.0,585.0,0.0,83.0,0.0,0.0,0.0,33.0,7.0,2.0,3.0,40.0,0.0,0.0,3.0,88.0,162.0,15.0,92.0,23.0,1.0,0.0,0.0,4.0,0.0,0.0,5.0,8.0,0.0,0.0,13.0,3.0,0.0,4.0,0.0,0.0,0.0,0.0,0.0,0.0,0.0,2.0,0.0,0.0,0.0,21.0,0.0,0.0,0.0,4.0,1.0,0.0,0.0,0.0
ctx-lh-inferiorparietal,430.0,1.0,13.0,7.0,2.0,0.0,217.0,6378.0,177.0,39.0,109.0,1282.0,0.0,148.0,0.0,352.0,6.0,19.0,1.0,0.0,0.0,26.0,109.0,24.0,73.0,370.0,0.0,0.0,4.0,1438.0,243.0,1254.0,1.0,39.0,4.0,0.0,0.0,5.0,0.0,0.0,15.0,5.0,5.0,4.0,41.0,16.0,0.0,17.0,0.0,8.0,0.0,2.0,0.0,0.0,0.0,4.0,1.0,5.0,1.0,68.0,0.0,0.0,1.0,17.0,7.0,1.0,0.0,1.0
ctx-lh-inferiortemporal,243.0,0.0,2.0,1.0,187.0,0.0,1362.0,177.0,3669.0,89.0,14.0,483.0,2.0,51.0,0.0,1955.0,1.0,45.0,0.0,0.0,0.0,1.0,6.0,3.0,7.0,22.0,0.0,0.0,0.0,37.0,235.0,32.0,108.0,22.0,1.0,0.0,0.0,0.0,0.0,0.0,1.0,2.0,1.0,0.0,9.0,2.0,0.0,0.0,0.0,1.0,1.0,1.0,0.0,0.0,0.0,0.0,0.0,0.0,0.0,12.0,0.0,0.0,0.0,1.0,1.0,0.0,0.0,0.0
ctx-lh-insula,42.0,11.0,106.0,0.0,29.0,2.0,85.0,39.0,89.0,1776.0,8.0,11.0,546.0,4.0,20.0,116.0,6.0,9.0,451.0,14.0,94.0,0.0,263.0,11.0,389.0,19.0,7.0,180.0,146.0,38.0,331.0,268.0,34.0,168.0,0.0,6.0,1.0,0.0,0.0,0.0,1.0,1.0,0.0,2.0,9.0,2.0,0.0,0.0,1.0,0.0,1.0,0.0,0.0,0.0,0.0,0.0,0.0,8.0,2.0,6.0,2.0,1.0,11.0,1.0,0.0,2.0,0.0,0.0
ctx-lh-isthmuscingulate,14.0,13.0,1.0,21.0,0.0,0.0,18.0,109.0,14.0,8.0,739.0,70.0,0.0,125.0,0.0,12.0,7.0,71.0,0.0,0.0,0.0,24.0,17.0,356.0,14.0,965.0,0.0,0.0,15.0,283.0,22.0,37.0,2.0,7.0,9.0,1.0,1.0,3.0,0.0,0.0,26.0,12.0,10.0,5.0,117.0,21.0,0.0,27.0,0.0,14.0,4.0,3.0,0.0,0.0,0.0,13.0,3.0,30.0,4.0,135.0,0.0,0.0,5.0,25.0,12.0,3.0,1.0,3.0
ctx-lh-lateraloccipital,87.0,0.0,0.0,188.0,3.0,0.0,1340.0,1282.0,483.0,11.0,70.0,5385.0,0.0,968.0,0.0,140.0,1.0,34.0,0.0,0.0,0.0,546.0,8.0,8.0,9.0,95.0,0.0,0.0,1.0,484.0,49.0,27.0,3.0,17.0,1.0,0.0,0.0,2.0,0.0,0.0,7.0,2.0,1.0,1.0,27.0,9.0,0.0,16.0,0.0,1.0,0.0,2.0,0.0,0.0,0.0,3.0,0.0,6.0,1.0,49.0,0.0,0.0,0.0,18.0,2.0,2.0,0.0,0.0
ctx-lh-lateralorbitofrontal,0.0,12.0,1.0,0.0,1.0,131.0,2.0,0.0,2.0,546.0,0.0,0.0,2813.0,0.0,774.0,5.0,0.0,0.0,11.0,602.0,391.0,0.0,0.0,1.0,0.0,0.0,105.0,1094.0,225.0,0.0,4.0,0.0,2.0,0.0,0.0,8.0,0.0,0.0,0.0,0.0,0.0,0.0,0.0,0.0,0.0,0.0,0.0,0.0,3.0,0.0,0.0,0.0,0.0,0.0,0.0,0.0,0.0,0.0,0.0,0.0,4.0,2.0,15.0,0.0,0.0,0.0,0.0,0.0
ctx-lh-lingual,31.0,0.0,1.0,250.0,1.0,0.0,430.0,148.0,51.0,4.0,125.0,968.0,0.0,3416.0,0.0,59.0,0.0,146.0,0.0,0.0,0.0,1070.0,4.0,2.0,2.0,140.0,0.0,0.0,0.0,347.0,11.0,5.0,0.0,3.0,1.0,0.0,0.0,5.0,0.0,0.0,6.0,2.0,2.0,2.0,32.0,12.0,0.0,26.0,0.0,5.0,0.0,0.0,0.0,0.0,0.0,3.0,1.0,1.0,0.0,44.0,0.0,0.0,0.0,6.0,2.0,2.0,0.0,0.0
ctx-lh-medialorbitofrontal,0.0,27.0,0.0,0.0,0.0,177.0,0.0,0.0,0.0,20.0,0.0,0.0,774.0,0.0,1749.0,0.0,0.0,0.0,4.0,34.0,32.0,0.0,0.0,0.0,0.0,0.0,639.0,350.0,425.0,0.0,0.0,0.0,0.0,0.0,0.0,21.0,0.0,0.0,0.0,1.0,0.0,0.0,0.0,2.0,0.0,0.0,4.0,0.0,5.0,0.0,0.0,0.0,0.0,1.0,0.0,0.0,0.0,1.0,0.0,0.0,11.0,6.0,25.0,0.0,0.0,0.0,0.0,0.0
ctx-lh-middletemporal,1157.0,0.0,4.0,0.0,144.0,0.0,585.0,352.0,1955.0,116.0,12.0,140.0,5.0,59.0,0.0,3414.0,2.0,45.0,1.0,0.0,0.0,2.0,11.0,0.0,14.0,16.0,0.0,0.0,0.0,45.0,809.0,79.0,171.0,53.0,0.0,0.0,0.0,1.0,0.0,0.0,0.0,2.0,1.0,0.0,3.0,1.0,0.0,1.0,0.0,0.0,0.0,0.0,0.0,0.0,0.0,0.0,0.0,1.0,1.0,8.0,0.0,0.0,0.0,4.0,0.0,0.0,0.0,0.0
ctx-lh-paracentral,2.0,9.0,15.0,0.0,0.0,0.0,0.0,6.0,1.0,6.0,7.0,1.0,0.0,0.0,0.0,2.0,1475.0,0.0,3.0,0.0,0.0,1.0,609.0,160.0,959.0,210.0,0.0,0.0,485.0,267.0,5.0,9.0,0.0,1.0,0.0,1.0,2.0,0.0,0.0,0.0,2.0,5.0,1.0,3.0,3.0,1.0,0.0,1.0,0.0,1.0,25.0,0.0,0.0,0.0,0.0,0.0,4.0,28.0,9.0,15.0,0.0,0.0,15.0,7.0,3.0,2.0,0.0,0.0
ctx-lh-parahippocampal,43.0,0.0,0.0,4.0,82.0,0.0,83.0,19.0,45.0,9.0,71.0,34.0,0.0,146.0,0.0,45.0,0.0,370.0,0.0,0.0,0.0,4.0,3.0,0.0,1.0,19.0,0.0,0.0,0.0,22.0,23.0,14.0,8.0,6.0,1.0,0.0,0.0,1.0,0.0,0.0,5.0,5.0,0.0,0.0,4.0,4.0,0.0,8.0,0.0,0.0,0.0,1.0,0.0,0.0,0.0,1.0,0.0,0.0,0.0,13.0,0.0,0.0,0.0,3.0,3.0,1.0,0.0,0.0
ctx-lh-parsopercularis,0.0,7.0,476.0,0.0,0.0,0.0,0.0,1.0,0.0,451.0,0.0,0.0,11.0,0.0,4.0,1.0,3.0,0.0,1787.0,1.0,481.0,0.0,71.0,10.0,621.0,2.0,2.0,636.0,159.0,7.0,3.0,20.0,0.0,2.0,1.0,8.0,0.0,0.0,0.0,0.0,0.0,0.0,0.0,1.0,0.0,0.0,0.0,0.0,0.0,0.0,2.0,0.0,0.0,0.0,0.0,0.0,0.0,7.0,1.0,2.0,1.0,2.0,19.0,0.0,1.0,0.0,0.0,0.0
ctx-lh-parsorbitalis,0.0,3.0,1.0,0.0,0.0,3.0,0.0,0.0,0.0,14.0,0.0,0.0,602.0,0.0,34.0,0.0,0.0,0.0,1.0,411.0,244.0,0.0,0.0,0.0,0.0,0.0,15.0,440.0,31.0,0.0,0.0,0.0,0.0,0.0,0.0,2.0,0.0,0.0,0.0,0.0,0.0,0.0,0.0,0.0,0.0,0.0,0.0,0.0,0.0,0.0,0.0,0.0,0.0,0.0,0.0,0.0,0.0,0.0,0.0,0.0,4.0,0.0,0.0,0.0,0.0,0.0,0.0,0.0
ctx-lh-parstriangularis,0.0,9.0,31.0,0.0,0.0,5.0,0.0,0.0,0.0,94.0,0.0,0.0,391.0,0.0,32.0,0.0,0.0,0.0,481.0,244.0,1150.0,0.0,0.0,1.0,8.0,0.0,22.0,1077.0,126.0,0.0,0.0,0.0,0.0,0.0,0.0,6.0,0.0,0.0,0.0,0.0,0.0,0.0,0.0,0.0,0.0,0.0,0.0,0.0,0.0,0.0,0.0,0.0,0.0,0.0,0.0,0.0,0.0,1.0,0.0,0.0,1.0,0.0,11.0,0.0,0.0,0.0,0.0,0.0
ctx-lh-pericalcarine,2.0,0.0,0.0,1283.0,0.0,0.0,33.0,26.0,1.0,0.0,24.0,546.0,0.0,1070.0,0.0,2.0,1.0,4.0,0.0,0.0,0.0,448.0,1.0,2.0,1.0,139.0,0.0,0.0,0.0,388.0,2.0,1.0,0.0,1.0,0.0,0.0,0.0,3.0,0.0,0.0,0.0,1.0,2.0,0.0,1.0,2.0,0.0,2.0,0.0,2.0,0.0,1.0,0.0,0.0,0.0,1.0,0.0,0.0,0.0,8.0,0.0,0.0,0.0,1.0,0.0,0.0,0.0,0.0
ctx-lh-postcentral,33.0,2.0,141.0,2.0,1.0,0.0,7.0,109.0,6.0,263.0,17.0,8.0,0.0,4.0,0.0,11.0,609.0,3.0,71.0,0.0,0.0,1.0,6436.0,51.0,2571.0,131.0,0.0,2.0,157.0,685.0,103.0,1445.0,0.0,23.0,0.0,2.0,1.0,1.0,0.0,0.0,6.0,2.0,0.0,2.0,7.0,4.0,0.0,2.0,0.0,1.0,8.0,3.0,0.0,0.0,0.0,0.0,1.0,18.0,6.0,23.0,0.0,0.0,9.0,8.0,4.0,3.0,0.0,1.0
ctx-lh-posteriorcingulate,5.0,399.0,33.0,0.0,0.0,0.0,2.0,24.0,3.0,11.0,356.0,8.0,1.0,2.0,0.0,0.0,160.0,0.0,10.0,0.0,1.0,2.0,51.0,1264.0,99.0,584.0,10.0,9.0,475.0,153.0,8.0,13.0,0.0,5.0,5.0,24.0,7.0,4.0,0.0,0.0,6.0,9.0,8.0,14.0,27.0,3.0,0.0,3.0,0.0,5.0,71.0,1.0,4.0,0.0,0.0,0.0,13.0,163.0,65.0,61.0,0.0,0.0,140.0,31.0,7.0,9.0,0.0,1.0
ctx-lh-precentral,26.0,15.0,1248.0,2.0,0.0,0.0,3.0,73.0,7.0,389.0,14.0,9.0,0.0,2.0,0.0,14.0,959.0,1.0,621.0,0.0,8.0,1.0,2571.0,99.0,6558.0,71.0,0.0,28.0,1031.0,339.0,58.0,498.0,0.0,20.0,0.0,1.0,3.0,0.0,0.0,0.0,3.0,2.0,2.0,2.0,6.0,2.0,0.0,2.0,0.0,1.0,20.0,0.0,1.0,0.0,0.0,1.0,2.0,35.0,9.0,10.0,0.0,0.0,31.0,5.0,0.0,3.0,0.0,0.0
ctx-lh-precuneus,14.0,24.0,4.0,122.0,1.0,0.0,40.0,370.0,22.0,19.0,965.0,95.0,0.0,140.0,0.0,16.0,210.0,19.0,2.0,0.0,0.0,139.0,131.0,584.0,71.0,4027.0,0.0,1.0,57.0,3059.0,48.0,70.0,0.0,21.0,8.0,4.0,0.0,10.0,0.0,0.0,35.0,16.0,14.0,11.0,84.0,25.0,0.0,44.0,0.0,18.0,13.0,6.0,0.0,0.0,0.0,11.0,3.0,51.0,10.0,159.0,0.0,0.0,6.0,43.0,15.0,7.0,0.0,4.0
ctx-lh-rostralanteriorcingulate,0.0,281.0,4.0,0.0,0.0,6.0,0.0,0.0,0.0,7.0,0.0,0.0,105.0,0.0,639.0,0.0,0.0,0.0,2.0,15.0,22.0,0.0,0.0,10.0,0.0,0.0,913.0,90.0,579.0,0.0,0.0,0.0,0.0,0.0,0.0,77.0,2.0,0.0,0.0,2.0,0.0,0.0,0.0,0.0,0.0,0.0,3.0,0.0,14.0,0.0,0.0,0.0,4.0,2.0,3.0,0.0,0.0,2.0,6.0,0.0,60.0,24.0,69.0,0.0,0.0,0.0,0.0,0.0
ctx-lh-rostralmiddlefrontal,1.0,64.0,851.0,0.0,0.0,155.0,0.0,0.0,0.0,180.0,0.0,0.0,1094.0,0.0,350.0,0.0,0.0,0.0,636.0,440.0,1077.0,0.0,2.0,9.0,28.0,1.0,90.0,6772.0,2128.0,0.0,0.0,0.0,0.0,0.0,0.0,47.0,4.0,0.0,0.0,0.0,0.0,0.0,0.0,0.0,0.0,0.0,0.0,0.0,3.0,0.0,1.0,0.0,1.0,1.0,1.0,0.0,1.0,8.0,2.0,0.0,5.0,10.0,79.0,0.0,0.0,0.0,0.0,0.0
ctx-lh-superiorfrontal,3.0,861.0,1315.0,0.0,0.0,92.0,3.0,4.0,0.0,146.0,15.0,1.0,225.0,0.0,425.0,0.0,485.0,0.0,159.0,31.0,126.0,0.0,157.0,475.0,1031.0,57.0,579.0,2128.0,10757.0,93.0,4.0,20.0,0.0,3.0,2.0,180.0,34.0,0.0,0.0,0.0,1.0,4.0,2.0,11.0,7.0,0.0,3.0,2.0,7.0,2.0,75.0,0.0,9.0,1.0,4.0,0.0,11.0,166.0,91.0,18.0,31.0,22.0,420.0,10.0,1.0,10.0,0.0,1.0
ctx-lh-superiorparietal,51.0,6.0,33.0,573.0,2.0,0.0,88.0,1438.0,37.0,38.0,283.0,484.0,0.0,347.0,0.0,45.0,267.0,22.0,7.0,0.0,0.0,388.0,685.0,153.0,339.0,3059.0,0.0,0.0,93.0,5556.0,109.0,435.0,0.0,39.0,10.0,0.0,0.0,14.0,0.0,0.0,28.0,21.0,22.0,8.0,102.0,18.0,1.0,27.0,0.0,9.0,13.0,6.0,1.0,0.0,0.0,12.0,8.0,45.0,8.0,160.0,0.0,0.0,4.0,41.0,16.0,4.0,0.0,5.0
ctx-lh-superiortemporal,1072.0,1.0,10.0,0.0,119.0,0.0,162.0,243.0,235.0,331.0,22.0,49.0,4.0,11.0,0.0,809.0,5.0,23.0,3.0,0.0,0.0,2.0,103.0,8.0,58.0,48.0,0.0,0.0,4.0,109.0,5301.0,668.0,153.0,798.0,3.0,0.0,0.0,2.0,0.0,0.0,5.0,3.0,3.0,3.0,18.0,7.0,0.0,3.0,0.0,1.0,0.0,1.0,0.0,0.0,0.0,1.0,0.0,5.0,0.0,15.0,0.0,0.0,0.0,2.0,2.0,1.0,0.0,0.0
ctx-lh-supramarginal,242.0,1.0,53.0,1.0,3.0,0.0,15.0,1254.0,32.0,268.0,37.0,27.0,0.0,5.0,0.0,79.0,9.0,14.0,20.0,0.0,0.0,1.0,1445.0,13.0,498.0,70.0,0.0,0.0,20.0,435.0,668.0,4414.0,0.0,60.0,0.0,0.0,0.0,1.0,0.0,0.0,6.0,3.0,1.0,4.0,17.0,3.0,0.0,11.0,0.0,8.0,1.0,2.0,0.0,0.0,0.0,1.0,1.0,4.0,1.0,27.0,0.0,0.0,2.0,6.0,3.0,2.0,0.0,1.0
ctx-lh-temporalpole,0.0,0.0,0.0,0.0,330.0,0.0,92.0,1.0,108.0,34.0,2.0,3.0,2.0,0.0,0.0,171.0,0.0,8.0,0.0,0.0,0.0,0.0,0.0,0.0,0.0,0.0,0.0,0.0,0.0,0.0,153.0,0.0,241.0,4.0,0.0,0.0,0.0,0.0,0.0,0.0,0.0,0.0,0.0,0.0,0.0,0.0,0.0,0.0,0.0,0.0,0.0,0.0,0.0,0.0,0.0,0.0,0.0,0.0,0.0,0.0,0.0,0.0,0.0,0.0,0.0,0.0,0.0,0.0
ctx-lh-transversetemporal,94.0,0.0,4.0,0.0,2.0,0.0,23.0,39.0,22.0,168.0,7.0,17.0,0.0,3.0,0.0,53.0,1.0,6.0,2.0,0.0,0.0,1.0,23.0,5.0,20.0,21.0,0.0,0.0,3.0,39.0,798.0,60.0,4.0,397.0,0.0,0.0,0.0,0.0,0.0,0.0,0.0,0.0,1.0,0.0,3.0,3.0,0.0,3.0,0.0,0.0,0.0,3.0,0.0,0.0,0.0,0.0,1.0,1.0,0.0,6.0,0.0,0.0,0.0,3.0,0.0,0.0,0.0,0.0
ctx-rh-bankssts,0.0,0.0,0.0,0.0,0.0,0.0,1.0,4.0,1.0,0.0,9.0,1.0,0.0,1.0,0.0,0.0,0.0,1.0,1.0,0.0,0.0,0.0,0.0,5.0,0.0,8.0,0.0,0.0,2.0,10.0,3.0,0.0,0.0,0.0,819.0,0.0,1.0,1.0,0.0,0.0,42.0,573.0,201.0,36.0,9.0,21.0,0.0,12.0,0.0,996.0,5.0,1.0,0.0,0.0,0.0,2.0,41.0,12.0,40.0,41.0,0.0,0.0,0.0,77.0,820.0,318.0,0.0,33.0
ctx-rh-caudalanteriorcingulate,0.0,163.0,11.0,0.0,0.0,0.0,0.0,0.0,0.0,6.0,1.0,0.0,8.0,0.0,21.0,0.0,1.0,0.0,8.0,2.0,6.0,0.0,2.0,24.0,1.0,4.0,77.0,47.0,180.0,0.0,0.0,0.0,0.0,0.0,0.0,645.0,26.0,0.0,0.0,1.0,0.0,1.0,0.0,16.0,9.0,0.0,27.0,0.0,50.0,0.0,4.0,0.0,11.0,2.0,18.0,0.0,3.0,351.0,16.0,12.0,286.0,93.0,888.0,1.0,0.0,0.0,0.0,0.0
ctx-rh-caudalmiddlefrontal,0.0,16.0,4.0,0.0,0.0,0.0,0.0,0.0,0.0,1.0,1.0,0.0,0.0,0.0,0.0,0.0,2.0,0.0,0.0,0.0,0.0,0.0,1.0,7.0,3.0,0.0,2.0,4.0,34.0,0.0,0.0,0.0,0.0,0.0,1.0,26.0,2292.0,0.0,1.0,0.0,1.0,9.0,0.0,87.0,1.0,0.0,5.0,0.0,0.0,1.0,12.0,0.0,479.0,0.0,35.0,0.0,49.0,28.0,951.0,2.0,0.0,791.0,1044.0,14.0,6.0,19.0,0.0,1.0
ctx-rh-cuneus,0.0,0.0,0.0,2.0,0.0,0.0,4.0,5.0,0.0,0.0,3.0,2.0,0.0,5.0,0.0,1.0,0.0,1.0,0.0,0.0,0.0,3.0,1.0,4.0,0.0,10.0,0.0,0.0,0.0,14.0,2.0,1.0,0.0,0.0,1.0,0.0,0.0,1211.0,0.0,0.0,18.0,23.0,2.0,2.0,27.0,485.0,0.0,203.0,0.0,4.0,0.0,1.0,0.0,0.0,0.0,1289.0,1.0,1.0,2.0,265.0,0.0,0.0,0.0,446.0,1.0,1.0,0.0,1.0
ctx-rh-entorhinal,0.0,0.0,0.0,0.0,0.0,0.0,0.0,0.0,0.0,0.0,0.0,0.0,0.0,0.0,0.0,0.0,0.0,0.0,0.0,0.0,0.0,0.0,0.0,0.0,0.0,0.0,0.0,0.0,0.0,0.0,0.0,0.0,0.0,0.0,0.0,0.0,1.0,0.0,143.0,0.0,186.0,0.0,113.0,12.0,0.0,0.0,1.0,0.0,0.0,20.0,0.0,74.0,0.0,0.0,0.0,0.0,0.0,1.0,1.0,0.0,0.0,0.0,0.0,0.0,17.0,0.0,94.0,0.0
ctx-rh-frontalpole,0.0,0.0,0.0,0.0,0.0,0.0,0.0,0.0,0.0,0.0,0.0,0.0,0.0,0.0,1.0,0.0,0.0,0.0,0.0,0.0,0.0,0.0,0.0,0.0,0.0,0.0,2.0,0.0,0.0,0.0,0.0,0.0,0.0,0.0,0.0,1.0,0.0,0.0,0.0,102.0,0.0,0.0,0.0,0.0,0.0,0.0,107.0,0.0,255.0,0.0,0.0,0.0,0.0,7.0,5.0,0.0,0.0,0.0,0.0,0.0,19.0,239.0,142.0,0.0,0.0,0.0,0.0,0.0
ctx-rh-fusiform,2.0,0.0,1.0,4.0,0.0,0.0,5.0,15.0,1.0,1.0,26.0,7.0,0.0,6.0,0.0,0.0,2.0,5.0,0.0,0.0,0.0,0.0,6.0,6.0,3.0,35.0,0.0,0.0,1.0,28.0,5.0,6.0,0.0,0.0,42.0,0.0,1.0,18.0,186.0,0.0,2584.0,116.0,1064.0,90.0,50.0,636.0,4.0,606.0,0.0,411.0,0.0,180.0,0.0,0.0,0.0,54.0,6.0,11.0,4.0,107.0,0.0,2.0,0.0,100.0,186.0,6.0,107.0,7.0
ctx-rh-inferiorparietal,2.0,1.0,0.0,1.0,0.0,0.0,8.0,5.0,2.0,1.0,12.0,2.0,0.0,2.0,0.0,2.0,5.0,5.0,0.0,0.0,0.0,1.0,2.0,9.0,2.0,16.0,0.0,0.0,4.0,21.0,3.0,3.0,0.0,0.0,573.0,1.0,9.0,23.0,0.0,0.0,116.0,8883.0,363.0,51.0,44.0,1167.0,0.0,29.0,0.0,1111.0,10.0,4.0,4.0,0.0,0.0,21.0,194.0,21.0,173.0,176.0,0.0,1.0,16.0,1664.0,117.0,1145.0,1.0,22.0
ctx-rh-inferiortemporal,1.0,0.0,0.0,0.0,0.0,0.0,0.0,5.0,1.0,0.0,10.0,1.0,0.0,2.0,0.0,1.0,1.0,0.0,0.0,0.0,0.0,2.0,0.0,8.0,2.0,14.0,0.0,0.0,2.0,22.0,3.0,1.0,0.0,1.0,201.0,0.0,0.0,2.0,113.0,0.0,1064.0,363.0,3714.0,108.0,24.0,330.0,7.0,74.0,0.0,1772.0,1.0,28.0,1.0,0.0,2.0,5.0,10.0,6.0,7.0,55.0,0.0,0.0,0.0,80.0,292.0,25.0,228.0,16.0
ctx-rh-insula,1.0,8.0,2.0,0.0,0.0,0.0,0.0,4.0,0.0,2.0,5.0,1.0,0.0,2.0,2.0,0.0,3.0,0.0,1.0,0.0,0.0,0.0,2.0,14.0,2.0,11.0,0.0,0.0,11.0,8.0,3.0,4.0,0.0,0.0,36.0,16.0,87.0,2.0,12.0,0.0,90.0,51.0,108.0,1696.0,15.0,8.0,421.0,5.0,2.0,192.0,26.0,8.0,247.0,16.0,173.0,1.0,164.0,40.0,293.0,32.0,8.0,182.0,170.0,53.0,418.0,210.0,33.0,118.0
ctx-rh-isthmuscingulate,9.0,3.0,1.0,7.0,0.0,0.0,13.0,41.0,9.0,9.0,117.0,27.0,0.0,32.0,0.0,3.0,3.0,4.0,0.0,0.0,0.0,1.0,7.0,27.0,6.0,84.0,0.0,0.0,7.0,102.0,18.0,17.0,0.0,3.0,9.0,9.0,1.0,27.0,0.0,0.0,50.0,44.0,24.0,15.0,711.0,70.0,0.0,169.0,0.0,20.0,27.0,92.0,0.0,0.0,0.0,33.0,11.0,273.0,17.0,871.0,0.0,0.0,29.0,105.0,27.0,13.0,0.0,8.0
ctx-rh-lateraloccipital,1.0,1.0,0.0,1.0,0.0,0.0,3.0,16.0,2.0,2.0,21.0,9.0,0.0,12.0,0.0,1.0,1.0,4.0,0.0,0.0,0.0,2.0,4.0,3.0,2.0,25.0,0.0,0.0,0.0,18.0,7.0,3.0,0.0,3.0,21.0,0.0,0.0,485.0,0.0,0.0,636.0,1167.0,330.0,8.0,70.0,5841.0,0.0,664.0,0.0,168.0,1.0,8.0,0.0,0.0,0.0,464.0,4.0,7.0,1.0,128.0,0.0,0.0,0.0,715.0,24.0,8.0,0.0,3.0
ctx-rh-lateralorbitofrontal,0.0,1.0,1.0,0.0,0.0,1.0,0.0,0.0,0.0,0.0,0.0,0.0,0.0,0.0,4.0,0.0,0.0,0.0,0.0,0.0,0.0,0.0,0.0,0.0,0.0,0.0,3.0,0.0,3.0,1.0,0.0,0.0,0.0,0.0,0.0,27.0,5.0,0.0,1.0,107.0,4.0,0.0,7.0,421.0,0.0,0.0,2709.0,0.0,897.0,4.0,0.0,0.0,12.0,638.0,372.0,0.0,0.0,0.0,0.0,0.0,147.0,722.0,235.0,0.0,10.0,0.0,6.0,0.0
ctx-rh-lingual,1.0,0.0,0.0,1.0,0.0,0.0,4.0,17.0,0.0,0.0,27.0,16.0,0.0,26.0,0.0,1.0,1.0,8.0,0.0,0.0,0.0,2.0,2.0,3.0,2.0,44.0,0.0,0.0,2.0,27.0,3.0,11.0,0.0,3.0,12.0,0.0,0.0,203.0,0.0,0.0,606.0,29.0,74.0,5.0,169.0,664.0,0.0,3929.0,0.0,43.0,3.0,150.0,0.0,0.0,0.0,1095.0,2.0,5.0,2.0,257.0,0.0,0.0,1.0,109.0,13.0,3.0,0.0,2.0
ctx-rh-medialorbitofrontal,0.0,11.0,0.0,0.0,0.0,0.0,0.0,0.0,0.0,1.0,0.0,0.0,3.0,0.0,5.0,0.0,0.0,0.0,0.0,0.0,0.0,0.0,0.0,0.0,0.0,0.0,14.0,3.0,7.0,0.0,0.0,0.0,0.0,0.0,0.0,50.0,0.0,0.0,0.0,255.0,0.0,0.0,0.0,2.0,0.0,0.0,897.0,0.0,1644.0,1.0,0.0,0.0,1.0,23.0,7.0,0.0,0.0,0.0,0.0,0.0,316.0,326.0,504.0,0.0,0.0,0.0,0.0,0.0
ctx-rh-middletemporal,0.0,0.0,0.0,1.0,0.0,0.0,0.0,8.0,1.0,0.0,14.0,1.0,0.0,5.0,0.0,0.0,1.0,0.0,0.0,0.0,0.0,2.0,1.0,5.0,1.0,18.0,0.0,0.0,2.0,9.0,1.0,8.0,0.0,0.0,996.0,0.0,1.0,4.0,20.0,0.0,411.0,1111.0,1772.0,192.0,20.0,168.0,4.0,43.0,1.0,4383.0,4.0,22.0,1.0,0.0,0.0,6.0,23.0,10.0,15.0,47.0,0.0,0.0,1.0,106.0,867.0,66.0,112.0,26.0
ctx-rh-paracentral,0.0,8.0,10.0,0.0,0.0,0.0,0.0,0.0,1.0,1.0,4.0,0.0,0.0,0.0,0.0,0.0,25.0,0.0,2.0,0.0,0.0,0.0,8.0,71.0,20.0,13.0,0.0,1.0,75.0,13.0,0.0,1.0,0.0,0.0,5.0,4.0,12.0,0.0,0.0,0.0,0.0,10.0,1.0,26.0,27.0,1.0,0.0,3.0,0.0,4.0,1940.0,0.0,1.0,0.0,0.0,1.0,591.0,319.0,1362.0,348.0,0.0,0.0,499.0,283.0,9.0,29.0,0.0,3.0
ctx-rh-parahippocampal,1.0,0.0,0.0,1.0,0.0,0.0,0.0,2.0,1.0,0.0,3.0,2.0,0.0,0.0,0.0,0.0,0.0,1.0,0.0,0.0,0.0,1.0,3.0,1.0,0.0,6.0,0.0,0.0,0.0,6.0,1.0,2.0,0.0,3.0,1.0,0.0,0.0,1.0,74.0,0.0,180.0,4.0,28.0,8.0,92.0,8.0,0.0,150.0,0.0,22.0,0.0,348.0,0.0,0.0,0.0,8.0,0.0,1.0,0.0,29.0,0.0,0.0,0.0,12.0,11.0,2.0,1.0,3.0
ctx-rh-parsopercularis,0.0,6.0,2.0,0.0,0.0,0.0,0.0,0.0,0.0,0.0,0.0,0.0,0.0,0.0,0.0,0.0,0.0,0.0,0.0,0.0,0.0,0.0,0.0,4.0,1.0,0.0,4.0,1.0,9.0,1.0,0.0,0.0,0.0,0.0,0.0,11.0,479.0,0.0,0.0,0.0,0.0,4.0,1.0,247.0,0.0,0.0,12.0,0.0,1.0,1.0,1.0,0.0,1513.0,3.0,422.0,0.0,40.0,9.0,624.0,0.0,1.0,630.0,186.0,4.0,1.0,14.0,0.0,0.0
ctx-rh-parsorbitalis,0.0,1.0,0.0,0.0,0.0,0.0,0.0,0.0,0.0,0.0,0.0,0.0,0.0,0.0,1.0,0.0,0.0,0.0,0.0,0.0,0.0,0.0,0.0,0.0,0.0,0.0,2.0,1.0,1.0,0.0,0.0,0.0,0.0,0.0,0.0,2.0,0.0,0.0,0.0,7.0,0.0,0.0,0.0,16.0,0.0,0.0,638.0,0.0,23.0,0.0,0.0,0.0,3.0,459.0,363.0,0.0,0.0,0.0,0.0,0.0,11.0,592.0,51.0,0.0,1.0,0.0,0.0,0.0
ctx-rh-parstriangularis,0.0,1.0,0.0,0.0,0.0,0.0,0.0,0.0,0.0,0.0,0.0,0.0,0.0,0.0,0.0,0.0,0.0,0.0,0.0,0.0,0.0,0.0,0.0,0.0,0.0,0.0,3.0,1.0,4.0,0.0,0.0,0.0,0.0,0.0,0.0,18.0,35.0,0.0,0.0,5.0,0.0,0.0,2.0,173.0,0.0,0.0,372.0,0.0,7.0,0.0,0.0,0.0,422.0,363.0,1347.0,0.0,2.0,0.0,7.0,0.0,12.0,1168.0,118.0,1.0,0.0,2.0,0.0,0.0
ctx-rh-pericalcarine,0.0,0.0,0.0,1.0,0.0,0.0,2.0,4.0,0.0,0.0,13.0,3.0,0.0,3.0,0.0,0.0,0.0,1.0,0.0,0.0,0.0,1.0,0.0,0.0,1.0,11.0,0.0,0.0,0.0,12.0,1.0,1.0,0.0,0.0,2.0,0.0,0.0,1289.0,0.0,0.0,54.0,21.0,5.0,1.0,33.0,464.0,0.0,1095.0,0.0,6.0,1.0,8.0,0.0,0.0,0.0,491.0,1.0,1.0,0.0,202.0,0.0,0.0,0.0,107.0,4.0,0.0,0.0,0.0
ctx-rh-postcentral,0.0,0.0,2.0,1.0,0.0,0.0,0.0,1.0,0.0,0.0,3.0,0.0,0.0,1.0,0.0,0.0,4.0,0.0,0.0,0.0,0.0,0.0,1.0,13.0,2.0,3.0,0.0,1.0,11.0,8.0,0.0,1.0,0.0,1.0,41.0,3.0,49.0,1.0,0.0,0.0,6.0,194.0,10.0,164.0,11.0,4.0,0.0,2.0,0.0,23.0,591.0,0.0,40.0,0.0,2.0,1.0,5381.0,53.0,2335.0,212.0,0.0,4.0,80.0,752.0,35.0,1471.0,0.0,11.0
ctx-rh-posteriorcingulate,3.0,63.0,25.0,0.0,0.0,0.0,0.0,5.0,0.0,8.0,30.0,6.0,0.0,1.0,1.0,1.0,28.0,0.0,7.0,0.0,1.0,0.0,18.0,163.0,35.0,51.0,2.0,8.0,166.0,45.0,5.0,4.0,0.0,1.0,12.0,351.0,28.0,1.0,1.0,0.0,11.0,21.0,6.0,40.0,273.0,7.0,0.0,5.0,0.0,10.0,319.0,1.0,9.0,0.0,0.0,1.0,53.0,1194.0,186.0,488.0,1.0,6.0,624.0,91.0,20.0,49.0,0.0,5.0
ctx-rh-precentral,0.0,30.0,9.0,0.0,0.0,0.0,0.0,1.0,0.0,2.0,4.0,1.0,0.0,0.0,0.0,1.0,9.0,0.0,1.0,0.0,0.0,0.0,6.0,65.0,9.0,10.0,6.0,2.0,91.0,8.0,0.0,1.0,0.0,0.0,40.0,16.0,951.0,2.0,1.0,0.0,4.0,173.0,7.0,293.0,17.0,1.0,0.0,2.0,0.0,15.0,1362.0,0.0,624.0,0.0,7.0,0.0,2335.0,186.0,7679.0,138.0,0.0,60.0,1191.0,381.0,32.0,645.0,1.0,15.0
ctx-rh-precuneus,8.0,1.0,1.0,13.0,0.0,0.0,21.0,68.0,12.0,6.0,135.0,49.0,0.0,44.0,0.0,8.0,15.0,13.0,2.0,0.0,0.0,8.0,23.0,61.0,10.0,159.0,0.0,0.0,18.0,160.0,15.0,27.0,0.0,6.0,41.0,12.0,2.0,265.0,0.0,0.0,107.0,176.0,55.0,32.0,871.0,128.0,0.0,257.0,0.0,47.0,348.0,29.0,0.0,0.0,0.0,202.0,212.0,488.0,138.0,4024.0,0.0,0.0,38.0,2043.0,64.0,61.0,2.0,12.0
ctx-rh-rostralanteriorcingulate,0.0,29.0,1.0,0.0,0.0,1.0,0.0,0.0,0.0,2.0,0.0,0.0,4.0,0.0,11.0,0.0,0.0,0.0,1.0,4.0,1.0,0.0,0.0,0.0,0.0,0.0,60.0,5.0,31.0,0.0,0.0,0.0,0.0,0.0,0.0,286.0,0.0,0.0,0.0,19.0,0.0,0.0,0.0,8.0,0.0,0.0,147.0,0.0,316.0,0.0,0.0,0.0,1.0,11.0,12.0,0.0,0.0,1.0,0.0,0.0,565.0,142.0,400.0,0.0,0.0,0.0,0.0,0.0
ctx-rh-rostralmiddlefrontal,0.0,21.0,1.0,0.0,0.0,0.0,0.0,0.0,0.0,1.0,0.0,0.0,2.0,0.0,6.0,0.0,0.0,0.0,2.0,0.0,0.0,0.0,0.0,0.0,0.0,0.0,24.0,10.0,22.0,0.0,0.0,0.0,0.0,0.0,0.0,93.0,791.0,0.0,0.0,239.0,2.0,1.0,0.0,182.0,0.0,0.0,722.0,0.0,326.0,0.0,0.0,0.0,630.0,592.0,1168.0,0.0,4.0,6.0,60.0,0.0,142.0,6132.0,2190.0,0.0,1.0,1.0,0.0,0.0
ctx-rh-superiorfrontal,0.0,243.0,53.0,0.0,0.0,0.0,0.0,1.0,0.0,11.0,5.0,0.0,15.0,0.0,25.0,0.0,15.0,0.0,19.0,0.0,11.0,0.0,9.0,140.0,31.0,6.0,69.0,79.0,420.0,4.0,0.0,2.0,0.0,0.0,0.0,888.0,1044.0,0.0,0.0,142.0,0.0,16.0,0.0,170.0,29.0,0.0,235.0,1.0,504.0,1.0,499.0,0.0,186.0,51.0,118.0,0.0,80.0,624.0,1191.0,38.0,400.0,2190.0,9767.0,27.0,5.0,20.0,0.0,1.0
ctx-rh-superiorparietal,1.0,4.0,2.0,1.0,0.0,0.0,4.0,17.0,1.0,1.0,25.0,18.0,0.0,6.0,0.0,4.0,7.0,3.0,0.0,0.0,0.0,1.0,8.0,31.0,5.0,43.0,0.0,0.0,10.0,41.0,2.0,6.0,0.0,3.0,77.0,1.0,14.0,446.0,0.0,0.0,100.0,1664.0,80.0,53.0,105.0,715.0,0.0,109.0,0.0,106.0,283.0,12.0,4.0,0.0,1.0,107.0,752.0,91.0,381.0,2043.0,0.0,0.0,27.0,5801.0,69.0,257.0,2.0,16.0
ctx-rh-superiortemporal,0.0,1.0,1.0,1.0,0.0,0.0,1.0,7.0,1.0,0.0,12.0,2.0,0.0,2.0,0.0,0.0,3.0,3.0,1.0,0.0,0.0,0.0,4.0,7.0,0.0,15.0,0.0,0.0,1.0,16.0,2.0,3.0,0.0,0.0,820.0,0.0,6.0,1.0,17.0,0.0,186.0,117.0,292.0,418.0,27.0,24.0,10.0,13.0,0.0,867.0,9.0,11.0,1.0,1.0,0.0,4.0,35.0,20.0,32.0,64.0,0.0,1.0,5.0,69.0,4645.0,406.0,197.0,746.0
ctx-rh-supramarginal,0.0,3.0,2.0,0.0,0.0,0.0,0.0,1.0,0.0,2.0,3.0,2.0,0.0,2.0,0.0,0.0,2.0,1.0,0.0,0.0,0.0,0.0,3.0,9.0,3.0,7.0,0.0,0.0,10.0,4.0,1.0,2.0,0.0,0.0,318.0,0.0,19.0,1.0,0.0,0.0,6.0,1145.0,25.0,210.0,13.0,8.0,0.0,3.0,0.0,66.0,29.0,2.0,14.0,0.0,2.0,0.0,1471.0,49.0,645.0,61.0,0.0,1.0,20.0,257.0,406.0,4451.0,0.0,29.0
ctx-rh-temporalpole,0.0,0.0,0.0,0.0,0.0,0.0,0.0,0.0,0.0,0.0,1.0,0.0,0.0,0.0,0.0,0.0,0.0,0.0,0.0,0.0,0.0,0.0,0.0,0.0,0.0,0.0,0.0,0.0,0.0,0.0,0.0,0.0,0.0,0.0,0.0,0.0,0.0,0.0,94.0,0.0,107.0,1.0,228.0,33.0,0.0,0.0,6.0,0.0,0.0,112.0,0.0,1.0,0.0,0.0,0.0,0.0,0.0,0.0,1.0,2.0,0.0,0.0,0.0,2.0,197.0,0.0,140.0,0.0
ctx-rh-transversetemporal,0.0,0.0,0.0,0.0,0.0,0.0,0.0,1.0,0.0,0.0,3.0,0.0,0.0,0.0,0.0,0.0,0.0,0.0,0.0,0.0,0.0,0.0,1.0,1.0,0.0,4.0,0.0,0.0,1.0,5.0,0.0,1.0,0.0,0.0,33.0,0.0,1.0,1.0,0.0,0.0,7.0,22.0,16.0,118.0,8.0,3.0,0.0,2.0,0.0,26.0,3.0,3.0,0.0,0.0,0.0,0.0,11.0,5.0,15.0,12.0,0.0,0.0,1.0,16.0,746.0,29.0,0.0,215.0
