,ctx-lh-bankssts,ctx-lh-caudalanteriorcingulate,ctx-lh-caudalmiddlefrontal,ctx-lh-cuneus,ctx-lh-entorhinal,ctx-lh-frontalpole,ctx-lh-fusiform,ctx-lh-inferiorparietal,ctx-lh-inferiortemporal,ctx-lh-insula,ctx-lh-isthmuscingulate,ctx-lh-lateraloccipital,ctx-lh-lateralorbitofrontal,ctx-lh-lingual,ctx-lh-medialorbitofrontal,ctx-lh-middletemporal,ctx-lh-paracentral,ctx-lh-parahippocampal,ctx-lh-parsopercularis,ctx-lh-parsorbitalis,ctx-lh-parstriangularis,ctx-lh-pericalcarine,ctx-lh-postcentral,ctx-lh-posteriorcingulate,ctx-lh-precentral,ctx-lh-precuneus,ctx-lh-rostralanteriorcingulate,ctx-lh-rostralmiddlefrontal,ctx-lh-superiorfrontal,ctx-lh-superiorparietal,ctx-lh-superiortemporal,ctx-lh-supramarginal,ctx-lh-temporalpole,ctx-lh-transversetemporal,ctx-rh-bankssts,ctx-rh-caudalanteriorcingulate,ctx-rh-caudalmiddlefrontal,ctx-rh-cuneus,ctx-rh-entorhinal,ctx-rh-frontalpole,ctx-rh-fusiform,ctx-rh-inferiorparietal,ctx-rh-inferiortemporal,ctx-rh-insula,ctx-rh-isthmuscingulate,ctx-rh-lateraloccipital,ctx-rh-lateralorbitofrontal,ctx-rh-lingual,ctx-rh-medialorbitofrontal,ctx-rh-middletemporal,ctx-rh-paracentral,ctx-rh-parahippocampal,ctx-rh-parsopercularis,ctx-rh-parsorbitalis,ctx-rh-parstriangularis,ctx-rh-pericalcarine,ctx-rh-postcentral,ctx-rh-posteriorcingulate,ctx-rh-precentral,ctx-rh-precuneus,ctx-rh-rostralanteriorcingulate,ctx-rh-rostralmiddlefrontal,ctx-rh-superiorfrontal,ctx-rh-superiorparietal,ctx-rh-superiortemporal,ctx-rh-supramarginal,ctx-rh-temporalpole,ctx-rh-transversetemporal
ctx-lh-bankssts,880.0,0.0,0.0,1.0,0.0,0.0,44.0,423.0,274.0,50.0,10.0,25.0,0.0,7.0,0.0,831.0,1.0,5.0,2.0,0.0,0.0,2.0,25.0,6.0,15.0,22.0,0.0,0.0,0.0,35.0,1060.0,377.0,0.0,72.0,0.0,0.0,0.0,0.0,0.0,0.0,1.0,4.0,0.0,1.0,7.0,1.0,0.0,1.0,0.0,0.0,3.0,1.0,0.0,0.0,0.0,1.0,1.0,7.0,3.0,11.0,0.0,0.0,0.0,8.0,0.0,3.0,0.0,0.0
ctx-lh-caudalanteriorcingulate,0.0,383.0,61.0,0.0,0.0,1.0,1.0,1.0,0.0,22.0,7.0,0.0,14.0,0.0,25.0,0.0,13.0,0.0,29.0,2.0,11.0,0.0,3.0,269.0,43.0,6.0,266.0,132.0,784.0,3.0,0.0,0.0,0.0,0.0,0.0,169.0,20.0,0.0,0.0,0.0,0.0,2.0,1.0,6.0,2.0,0.0,3.0,0.0,9.0,0.0,3.0,0.0,14.0,4.0,8.0,0.0,1.0,20.0,18.0,1.0,28.0,65.0,172.0,2.0,0.0,0.0,0.0,0.0
ctx-lh-caudalmiddlefrontal,0.0,61.0,2358.0,0.0,0.0,0.0,0.0,0.0,0.0,61.0,1.0,0.0,2.0,0.0,0.0,1.0,11.0,0.0,295.0,0.0,13.0,1.0,71.0,20.0,1172.0,2.0,5.0,604.0,1132.0,3.0,0.0,12.0,0.0,0.0,0.0,52.0,17.0,0.0,0.0,0.0,0.0,0.0,0.0,3.0,0.0,0.0,1.0,0.0,0.0,0.0,4.0,0.0,4.0,0.0,2.0,0.0,1.0,19.0,16.0,0.0,3.0,13.0,78.0,1.0,0.0,0.0,0.0,0.0
ctx-lh-cuneus,1.0,0.0,0.0,1034.0,0.0,0.0,31.0,48.0,7.0,2.0,38.0,341.0,0.0,297.0,0.0,3.0,0.0,7.0,0.0,0.0,0.0,1130.0,0.0,0.0,0.0,228.0,0.0,0.0,0.0,888.0,2.0,1.0,0.0,0.0,2.0,0.0,0.0,7.0,0.0,0.0,5.0,3.0,0.0,1.0,1.0,2.0,0.0,48.0,0.0,1.0,0.0,0.0,0.0,0.0,0.0,10.0,0.0,0.0,0.0,16.0,0.0,0.0,0.0,7.0,0.0,0.0,0.0,0.0
ctx-lh-entorhinal,0.0,0.0,0.0,0.0,259.0,0.0,356.0,0.0,99.0,6.0,1.0,0.0,0.0,1.0,0.0,15.0,0.0,204.0,0.0,0.0,0.0,0.0,0.0,0.0,0.0,1.0,0.0,0.0,0.0,0.0,20.0,0.0,170.0,0.0,0.0,0.0,0.0,0.0,0.0,0.0,0.0,0.0,1.0,0.0,0.0,0.0,0.0,0.0,0.0,0.0,0.0,0.0,0.0,0.0,0.0,0.0,0.0,0.0,0.0,0.0,0.0,0.0,0.0,0.0,0.0,0.0,0.0,0.0
ctx-lh-frontalpole,0.0,1.0,0.0,0.0,0.0,110.0,0.0,0.0,0.0,1.0,0.0,0.0,55.0,0.0,252.0,0.0,0.0,0.0,1.0,5.0,3.0,0.0,0.0,0.0,0.0,0.0,17.0,356.0,204.0,0.0,0.0,0.0,0.0,0.0,0.0,1.0,0.0,0.0,0.0,0.0,0.0,0.0,0.0,0.0,0.0,0.0,0.0,0.0,0.0,0.0,0.0,0.0,0.0,0.0,0.0,0.0,0.0,0.0,0.0,0.0,2.0,0.0,2.0,0.0,0.0,0.0,0.0,0.0
ctx-lh-fusiform,44.0,1.0,0.0,31.0,356.0,0.0,3716.0,167.0,2063.0,62.0,17.0,1279.0,2.0,522.0,0.0,298.0,0.0,215.0,1.0,0.0,0.0,65.0,1.0,3.0,1.0,39.0,0.0,0.0,2.0,57.0,128.0,11.0,135.0,21.0,5.0,0.0,0.0,5.0,0.0,0.0,4.0,8.0,1.0,1.0,6.0,8.0,0.0,5.0,0.0,1.0,1.0,6.0,0.0,0.0,0.0,2.0,1.0,0.0,0.0,20.0,0.0,0.0,0.0,13.0,3.0,4.0,0.0,0.0
ctx-lh-inferiorparietal,423.0,1.0,0.0,48.0,0.0,0.0,167.0,5774.0,388.0,48.0,96.0,1070.0,1.0,66.0,0.0,444.0,10.0,6.0,1.0,0.0,0.0,21.0,139.0,12.0,34.0,322.0,0.0,0.0,3.0,1344.0,129.0,1171.0,2.0,36.0,5.0,0.0,0.0,11.0,0.0,0.0,9.0,35.0,7.0,0.0,48.0,12.0,0.0,18.0,0.0,7.0,4.0,6.0,0.0,0.0,0.0,5.0,13.0,5.0,4.0,73.0,0.0,0.0,1.0,31.0,7.0,10.0,0.0,4.0
ctx-lh-inferiortemporal,274.0,0.0,0.0,7.0,99.0,0.0,2063.0,388.0,3902.0,151.0,5.0,326.0,3.0,79.0,0.0,2124.0,1.0,57.0,0.0,0.0,2.0,14.0,2.0,4.0,3.0,19.0,0.0,0.0,0.0,35.0,470.0,42.0,181.0,24.0,3.0,0.0,0.0,1.0,0.0,0.0,1.0,7.0,0.0,1.0,3.0,3.0,0.0,4.0,0.0,1.0,0.0,0.0,0.0,0.0,0.0,2.0,1.0,2.0,1.0,11.0,0.0,0.0,1.0,9.0,2.0,2.0,0.0,0.0
ctx-lh-insula,50.0,22.0,61.0,2.0,6.0,1.0,62.0,48.0,151.0,1624.0,9.0,6.0,468.0,3.0,8.0,110.0,52.0,4.0,273.0,14.0,159.0,1.0,360.0,58.0,419.0,41.0,10.0,171.0,118.0,75.0,267.0,435.0,45.0,123.0,0.0,18.0,4.0,0.0,0.0,0.0,0.0,5.0,0.0,2.0,5.0,2.0,1.0,3.0,1.0,0.0,6.0,0.0,1.0,0.0,1.0,1.0,4.0,23.0,9.0,10.0,5.0,4.0,17.0,5.0,3.0,4.0,0.0,0.0
ctx-lh-isthmuscingulate,10.0,7.0,1.0,38.0,1.0,0.0,17.0,96.0,5.0,9.0,696.0,39.0,0.0,131.0,0.0,4.0,20.0,65.0,0.0,0.0,0.0,30.0,17.0,391.0,4.0,1121.0,0.0,1.0,13.0,133.0,8.0,19.0,0.0,1.0,12.0,0.0,0.0,7.0,0.0,0.0,4.0,66.0,8.0,7.0,115.0,13.0,0.0,21.0,0.0,8.0,10.0,4.0,0.0,0.0,0.0,4.0,22.0,51.0,10.0,147.0,0.0,0.0,7.0,101.0,6.0,22.0,1.0,3.0
ctx-lh-lateraloccipital,25.0,0.0,0.0,341.0,0.0,0.0,1279.0,1070.0,326.0,6.0,39.0,6398.0,0.0,837.0,0.0,69.0,0.0,13.0,0.0,0.0,0.0,545.0,3.0,3.0,2.0,77.0,0.0,0.0,0.0,442.0,15.0,10.0,1.0,6.0,0.0,0.0,0.0,4.0,0.0,0.0,8.0,8.0,0.0,0.0,15.0,8.0,0.0,7.0,0.0,7.0,0.0,5.0,0.0,0.0,0.0,2.0,1.0,1.0,1.0,21.0,0.0,0.0,0.0,13.0,2.0,0.0,0.0,1.0
ctx-lh-lateralorbitofrontal,0.0,14.0,2.0,0.0,0.0,55.0,2.0,1.0,3.0,468.0,0.0,0.0,2697.0,0.0,853.0,1.0,0.0,0.0,26.0,454.0,445.0,0.0,0.0,0.0,1.0,0.0,190.0,807.0,96.0,0.0,5.0,0.0,1.0,0.0,0.0,12.0,0.0,0.0,0.0,0.0,0.0,0.0,0.0,0.0,0.0,0.0,4.0,0.0,9.0,0.0,0.0,0.0,0.0,3.0,2.0,0.0,0.0,1.0,0.0,0.0,16.0,11.0,15.0,0.0,0.0,0.0,0.0,0.0
ctx-lh-lingual,7.0,0.0,0.0,297.0,1.0,0.0,522.0,66.0,79.0,3.0,131.0,837.0,0.0,3981.0,0.0,13.0,0.0,195.0,0.0,0.0,0.0,960.0,1.0,2.0,0.0,197.0,0.0,0.0,0.0,127.0,9.0,5.0,0.0,3.0,2.0,0.0,0.0,5.0,0.0,0.0,4.0,9.0,6.0,0.0,16.0,10.0,0.0,104.0,0.0,2.0,0.0,8.0,0.0,0.0,0.0,10.0,1.0,1.0,0.0,20.0,0.0,0.0,1.0,14.0,4.0,2.0,0.0,1.0
ctx-lh-medialorbitofrontal,0.0,25.0,0.0,0.0,0.0,252.0,0.0,0.0,0.0,8.0,0.0,0.0,853.0,0.0,1509.0,0.0,0.0,0.0,2.0,55.0,25.0,0.0,0.0,1.0,1.0,0.0,646.0,630.0,403.0,0.0,0.0,0.0,0.0,0.0,0.0,12.0,0.0,0.0,0.0,0.0,0.0,0.0,0.0,1.0,0.0,0.0,4.0,0.0,15.0,0.0,0.0,0.0,0.0,3.0,3.0,0.0,0.0,0.0,0.0,0.0,32.0,12.0,9.0,0.0,0.0,0.0,0.0,0.0
ctx-lh-middletemporal,831.0,0.0,1.0,3.0,15.0,0.0,298.0,444.0,2124.0,110.0,4.0,69.0,1.0,13.0,0.0,3370.0,0.0,16.0,0.0,0.0,0.0,2.0,6.0,0.0,4.0,19.0,0.0,2.0,1.0,25.0,1018.0,46.0,156.0,21.0,0.0,0.0,0.0,1.0,0.0,0.0,1.0,1.0,1.0,0.0,4.0,0.0,0.0,1.0,0.0,1.0,0.0,1.0,0.0,0.0,0.0,0.0,0.0,0.0,0.0,6.0,0.0,0.0,0.0,4.0,3.0,1.0,0.0,1.0
ctx-lh-paracentral,1.0,13.0,11.0,0.0,0.0,0.0,0.0,10.0,1.0,52.0,20.0,0.0,0.0,0.0,0.0,0.0,1770.0,0.0,3.0,0.0,0.0,0.0,483.0,344.0,811.0,180.0,1.0,0.0,528.0,132.0,3.0,19.0,0.0,2.0,0.0,2.0,6.0,0.0,0.0,0.0,0.0,4.0,0.0,5.0,5.0,0.0,0.0,0.0,0.0,0.0,26.0,0.0,0.0,0.0,0.0,1.0,4.0,39.0,24.0,8.0,0.0,0.0,24.0,8.0,0.0,6.0,0.0,1.0
ctx-lh-parahippocampal,5.0,0.0,0.0,7.0,204.0,0.0,215.0,6.0,57.0,4.0,65.0,13.0,0.0,195.0,0.0,16.0,0.0,460.0,0.0,0.0,0.0,8.0,1.0,0.0,0.0,16.0,0.0,0.0,0.0,5.0,13.0,5.0,1.0,3.0,1.0,0.0,0.0,0.0,0.0,0.0,0.0,2.0,0.0,0.0,2.0,2.0,0.0,2.0,0.0,1.0,0.0,0.0,0.0,0.0,0.0,1.0,0.0,1.0,0.0,4.0,0.0,0.0,0.0,2.0,0.0,1.0,0.0,0.0
ctx-lh-parsopercularis,2.0,29.0,295.0,0.0,0.0,1.0,1.0,1.0,0.0,273.0,0.0,0.0,26.0,0.0,2.0,0.0,3.0,0.0,1729.0,4.0,676.0,0.0,52.0,10.0,684.0,1.0,3.0,675.0,187.0,3.0,2.0,9.0,0.0,0.0,0.0,35.0,6.0,0.0,0.0,0.0,0.0,0.0,0.0,5.0,0.0,0.0,0.0,0.0,1.0,0.0,0.0,0.0,3.0,0.0,2.0,0.0,2.0,7.0,4.0,0.0,4.0,11.0,24.0,0.0,0.0,0.0,0.0,0.0
ctx-lh-parsorbitalis,0.0,2.0,0.0,0.0,0.0,5.0,0.0,0.0,0.0,14.0,0.0,0.0,454.0,0.0,55.0,0.0,0.0,0.0,4.0,380.0,344.0,0.0,0.0,0.0,0.0,0.0,20.0,413.0,40.0,0.0,0.0,0.0,0.0,0.0,0.0,2.0,0.0,0.0,0.0,0.0,0.0,0.0,0.0,0.0,0.0,0.0,2.0,0.0,1.0,0.0,0.0,0.0,0.0,2.0,0.0,0.0,0.0,0.0,0.0,0.0,4.0,6.0,1.0,0.0,0.0,0.0,0.0,0.0
ctx-lh-parstriangularis,0.0,11.0,13.0,0.0,0.0,3.0,0.0,0.0,2.0,159.0,0.0,0.0,445.0,0.0,25.0,0.0,0.0,0.0,676.0,344.0,1402.0,0.0,1.0,0.0,10.0,0.0,26.0,1133.0,106.0,0.0,0.0,0.0,0.0,0.0,0.0,6.0,1.0,0.0,0.0,0.0,0.0,0.0,0.0,2.0,0.0,0.0,0.0,0.0,2.0,0.0,0.0,0.0,0.0,1.0,3.0,0.0,0.0,1.0,0.0,0.0,7.0,11.0,9.0,0.0,0.0,0.0,0.0,0.0
ctx-lh-pericalcarine,2.0,0.0,1.0,1130.0,0.0,0.0,65.0,21.0,14.0,1.0,30.0,545.0,0.0,960.0,0.0,2.0,0.0,8.0,0.0,0.0,0.0,549.0,1.0,1.0,1.0,82.0,0.0,0.0,0.0,243.0,3.0,0.0,0.0,0.0,1.0,0.0,0.0,5.0,0.0,0.0,2.0,2.0,1.0,0.0,3.0,0.0,0.0,45.0,0.0,0.0,0.0,0.0,0.0,0.0,0.0,11.0,0.0,0.0,0.0,8.0,0.0,0.0,0.0,2.0,0.0,0.0,0.0,0.0
ctx-lh-postcentral,25.0,3.0,71.0,0.0,0.0,0.0,1.0,139.0,2.0,360.0,17.0,3.0,0.0,1.0,0.0,6.0,483.0,1.0,52.0,0.0,1.0,1.0,6636.0,70.0,2346.0,142.0,0.0,2.0,68.0,851.0,47.0,1200.0,0.0,8.0,0.0,5.0,5.0,0.0,0.0,0.0,2.0,6.0,0.0,2.0,1.0,1.0,0.0,1.0,0.0,1.0,8.0,2.0,0.0,0.0,0.0,0.0,8.0,28.0,16.0,10.0,0.0,2.0,21.0,9.0,1.0,2.0,0.0,1.0
ctx-lh-posteriorcingulate,6.0,269.0,20.0,0.0,0.0,0.0,3.0,12.0,4.0,58.0,391.0,3.0,0.0,2.0,1.0,0.0,344.0,0.0,10.0,0.0,0.0,1.0,70.0,1336.0,193.0,463.0,9.0,6.0,488.0,73.0,9.0,31.0,0.0,0.0,4.0,33.0,27.0,1.0,0.0,0.0,1.0,13.0,2.0,8.0,21.0,4.0,0.0,1.0,0.0,1.0,45.0,1.0,7.0,0.0,0.0,1.0,28.0,137.0,74.0,38.0,1.0,7.0,90.0,45.0,3.0,11.0,0.0,2.0
ctx-lh-precentral,15.0,43.0,1172.0,0.0,0.0,0.0,1.0,34.0,3.0,419.0,4.0,2.0,1.0,0.0,1.0,4.0,811.0,0.0,684.0,0.0,10.0,1.0,2346.0,193.0,7368.0,53.0,0.0,44.0,1061.0,179.0,24.0,260.0,0.0,1.0,2.0,27.0,32.0,0.0,0.0,0.0,0.0,2.0,0.0,3.0,1.0,0.0,0.0,0.0,0.0,0.0,24.0,0.0,12.0,0.0,2.0,1.0,12.0,83.0,52.0,5.0,0.0,14.0,97.0,4.0,1.0,4.0,0.0,0.0
ctx-lh-precuneus,22.0,6.0,2.0,228.0,1.0,0.0,39.0,322.0,19.0,41.0,1121.0,77.0,0.0,197.0,0.0,19.0,180.0,16.0,1.0,0.0,0.0,82.0,142.0,463.0,53.0,4237.0,0.0,0.0,26.0,1824.0,24.0,68.0,0.0,8.0,6.0,4.0,2.0,15.0,1.0,0.0,13.0,69.0,2.0,6.0,118.0,17.0,0.0,31.0,0.0,8.0,18.0,6.0,1.0,0.0,0.0,3.0,14.0,72.0,18.0,179.0,0.0,0.0,12.0,106.0,20.0,43.0,1.0,7.0
ctx-lh-rostralanteriorcingulate,0.0,266.0,5.0,0.0,0.0,17.0,0.0,0.0,0.0,10.0,0.0,0.0,190.0,0.0,646.0,0.0,1.0,0.0,3.0,20.0,26.0,0.0,0.0,9.0,0.0,0.0,1067.0,293.0,560.0,0.0,0.0,0.0,0.0,0.0,0.0,60.0,2.0,0.0,0.0,2.0,0.0,0.0,0.0,3.0,0.0,0.0,11.0,0.0,35.0,0.0,1.0,0.0,4.0,4.0,13.0,0.0,0.0,0.0,1.0,0.0,97.0,32.0,64.0,0.0,0.0,0.0,0.0,0.0
ctx-lh-rostralmiddlefrontal,0.0,132.0,604.0,0.0,0.0,356.0,0.0,0.0,0.0,171.0,1.0,0.0,807.0,0.0,630.0,2.0,0.0,0.0,675.0,413.0,1133.0,0.0,2.0,6.0,44.0,0.0,293.0,5056.0,2028.0,0.0,0.0,0.0,0.0,0.0,0.0,103.0,4.0,0.0,0.0,4.0,0.0,0.0,0.0,13.0,0.0,0.0,14.0,0.0,33.0,0.0,2.0,0.0,9.0,6.0,15.0,0.0,1.0,6.0,3.0,0.0,53.0,61.0,141.0,0.0,1.0,1.0,0.0,0.0
ctx-lh-superiorfrontal,0.0,784.0,1132.0,0.0,0.0,204.0,2.0,3.0,0.0,118.0,13.0,0.0,96.0,0.0,403.0,1.0,528.0,0.0,187.0,40.0,106.0,0.0,68.0,488.0,1061.0,26.0,560.0,2028.0,10670.0,10.0,3.0,21.0,0.0,0.0,0.0,346.0,102.0,0.0,0.0,0.0,1.0,0.0,0.0,22.0,1.0,0.0,15.0,0.0,19.0,0.0,27.0,0.0,31.0,9.0,18.0,0.0,12.0,120.0,95.0,3.0,60.0,119.0,390.0,6.0,0.0,4.0,0.0,0.0
ctx-lh-superiorparietal,35.0,3.0,3.0,888.0,0.0,0.0,57.0,1344.0,35.0,75.0,133.0,442.0,0.0,127.0,0.0,25.0,132.0,5.0,3.0,0.0,0.0,243.0,851.0,73.0,179.0,1824.0,0.0,0.0,10.0,5907.0,29.0,534.0,1.0,11.0,12.0,1.0,0.0,8.0,0.0,0.0,14.0,37.0,5.0,7.0,41.0,13.0,0.0,12.0,0.0,7.0,6.0,5.0,0.0,0.0,0.0,5.0,14.0,28.0,12.0,91.0,0.0,1.0,6.0,44.0,16.0,8.0,0.0,2.0
ctx-lh-superiortemporal,1060.0,0.0,0.0,2.0,20.0,0.0,128.0,129.0,470.0,267.0,8.0,15.0,5.0,9.0,0.0,1018.0,3.0,13.0,2.0,0.0,0.0,3.0,47.0,9.0,24.0,24.0,0.0,0.0,3.0,29.0,4006.0,446.0,317.0,705.0,1.0,0.0,0.0,0.0,0.0,0.0,1.0,8.0,0.0,1.0,4.0,3.0,0.0,1.0,0.0,0.0,2.0,1.0,0.0,0.0,0.0,0.0,3.0,5.0,5.0,15.0,0.0,0.0,0.0,11.0,2.0,2.0,0.0,0.0
ctx-lh-supramarginal,377.0,0.0,12.0,1.0,0.0,0.0,11.0,1171.0,42.0,435.0,19.0,10.0,0.0,5.0,0.0,46.0,19.0,5.0,9.0,0.0,0.0,0.0,1200.0,31.0,260.0,68.0,0.0,0.0,21.0,534.0,446.0,5676.0,0.0,37.0,0.0,1.0,0.0,2.0,0.0,0.0,0.0,9.0,2.0,3.0,10.0,2.0,0.0,2.0,0.0,2.0,4.0,0.0,0.0,0.0,0.0,0.0,1.0,12.0,4.0,19.0,0.0,1.0,3.0,30.0,4.0,8.0,0.0,0.0
ctx-lh-temporalpole,0.0,0.0,0.0,0.0,170.0,0.0,135.0,2.0,181.0,45.0,0.0,1.0,1.0,0.0,0.0,156.0,0.0,1.0,0.0,0.0,0.0,0.0,0.0,0.0,0.0,0.0,0.0,0.0,0.0,1.0,317.0,0.0,441.0,4.0,0.0,0.0,0.0,0.0,0.0,0.0,0.0,0.0,0.0,0.0,0.0,0.0,0.0,0.0,0.0,0.0,0.0,0.0,0.0,0.0,0.0,0.0,0.0,0.0,0.0,0.0,0.0,0.0,0.0,0.0,0.0,0.0,0.0,0.0
ctx-lh-transversetemporal,72.0,0.0,0.0,0.0,0.0,0.0,21.0,36.0,24.0,123.0,1.0,6.0,0.0,3.0,0.0,21.0,2.0,3.0,0.0,0.0,0.0,0.0,8.0,0.0,1.0,8.0,0.0,0.0,0.0,11.0,705.0,37.0,4.0,283.0,0.0,0.0,0.0,0.0,0.0,0.0,1.0,0.0,0.0,1.0,2.0,0.0,0.0,0.0,0.0,0.0,1.0,1.0,0.0,0.0,0.0,0.0,0.0,2.0,0.0,2.0,0.0,0.0,0.0,4.0,0.0,1.0,0.0,0.0
ctx-rh-bankssts,0.0,0.0,0.0,2.0,0.0,0.0,5.0,5.0,3.0,0.0,12.0,0.0,0.0,2.0,0.0,0.0,0.0,1.0,0.0,0.0,0.0,1.0,0.0,4.0,2.0,6.0,0.0,0.0,0.0,12.0,1.0,0.0,0.0,0.0,725.0,1.0,2.0,3.0,1.0,0.0,54.0,584.0,57.0,23.0,19.0,23.0,2.0,11.0,0.0,744.0,2.0,19.0,0.0,0.0,0.0,4.0,39.0,3.0,14.0,44.0,0.0,0.0,0.0,56.0,767.0,486.0,1.0,16.0
ctx-rh-caudalanteriorcingulate,0.0,169.0,52.0,0.0,0.0,1.0,0.0,0.0,0.0,18.0,0.0,0.0,12.0,0.0,12.0,0.0,2.0,0.0,35.0,2.0,6.0,0.0,5.0,33.0,27.0,4.0,60.0,103.0,346.0,1.0,0.0,1.0,0.0,0.0,1.0,585.0,58.0,0.0,0.0,1.0,0.0,0.0,0.0,23.0,3.0,0.0,11.0,0.0,21.0,0.0,8.0,0.0,21.0,10.0,17.0,0.0,5.0,303.0,31.0,4.0,244.0,146.0,817.0,3.0,0.0,0.0,0.0,0.0
ctx-rh-caudalmiddlefrontal,0.0,20.0,17.0,0.0,0.0,0.0,0.0,0.0,0.0,4.0,0.0,0.0,0.0,0.0,0.0,0.0,6.0,0.0,6.0,0.0,1.0,0.0,5.0,27.0,32.0,2.0,2.0,4.0,102.0,0.0,0.0,0.0,0.0,0.0,2.0,58.0,2515.0,0.0,0.0,0.0,0.0,1.0,0.0,25.0,1.0,0.0,0.0,0.0,0.0,0.0,29.0,0.0,264.0,0.0,22.0,0.0,46.0,65.0,1130.0,2.0,0.0,579.0,925.0,7.0,0.0,9.0,0.0,0.0
ctx-rh-cuneus,0.0,0.0,0.0,7.0,0.0,0.0,5.0,11.0,1.0,0.0,7.0,4.0,0.0,5.0,0.0,1.0,0.0,0.0,0.0,0.0,0.0,5.0,0.0,1.0,0.0,15.0,0.0,0.0,0.0,8.0,0.0,2.0,0.0,0.0,3.0,0.0,0.0,1576.0,0.0,0.0,60.0,28.0,13.0,0.0,34.0,358.0,0.0,285.0,0.0,6.0,0.0,11.0,0.0,0.0,0.0,1588.0,1.0,2.0,1.0,431.0,0.0,0.0,0.0,435.0,2.0,0.0,0.0,0.0
ctx-rh-entorhinal,0.0,0.0,0.0,0.0,0.0,0.0,0.0,0.0,0.0,0.0,0.0,0.0,0.0,0.0,0.0,0.0,0.0,0.0,0.0,0.0,0.0,0.0,0.0,0.0,0.0,1.0,0.0,0.0,0.0,0.0,0.0,0.0,0.0,0.0,1.0,0.0,0.0,0.0,205.0,0.0,330.0,1.0,173.0,6.0,0.0,0.0,2.0,1.0,0.0,13.0,0.0,187.0,0.0,0.0,1.0,0.0,0.0,0.0,0.0,0.0,0.0,0.0,0.0,0.0,21.0,0.0,102.0,0.0
ctx-rh-frontalpole,0.0,0.0,0.0,0.0,0.0,0.0,0.0,0.0,0.0,0.0,0.0,0.0,0.0,0.0,0.0,0.0,0.0,0.0,0.0,0.0,0.0,0.0,0.0,0.0,0.0,0.0,2.0,4.0,0.0,0.0,0.0,0.0,0.0,0.0,0.0,1.0,0.0,0.0,0.0,81.0,1.0,0.0,0.0,0.0,0.0,0.0,108.0,0.0,268.0,0.0,0.0,0.0,0.0,22.0,3.0,0.0,0.0,0.0,0.0,0.0,6.0,247.0,67.0,0.0,1.0,0.0,0.0,0.0
ctx-rh-fusiform,1.0,0.0,0.0,5.0,0.0,0.0,4.0,9.0,1.0,0.0,4.0,8.0,0.0,4.0,0.0,1.0,0.0,0.0,0.0,0.0,0.0,2.0,2.0,1.0,0.0,13.0,0.0,0.0,1.0,14.0,1.0,0.0,0.0,1.0,54.0,0.0,0.0,60.0,330.0,1.0,4115.0,137.0,1347.0,16.0,37.0,1525.0,3.0,635.0,2.0,359.0,0.0,276.0,0.0,0.0,0.0,90.0,0.0,2.0,0.0,71.0,0.0,0.0,0.0,83.0,66.0,8.0,64.0,5.0
ctx-rh-inferiorparietal,4.0,2.0,0.0,3.0,0.0,0.0,8.0,35.0,7.0,5.0,66.0,8.0,0.0,9.0,0.0,1.0,4.0,2.0,0.0,0.0,0.0,2.0,6.0,13.0,2.0,69.0,0.0,0.0,0.0,37.0,8.0,9.0,0.0,0.0,584.0,0.0,1.0,28.0,1.0,0.0,137.0,6569.0,312.0,32.0,95.0,824.0,0.0,52.0,1.0,662.0,4.0,10.0,2.0,0.0,1.0,38.0,136.0,16.0,40.0,504.0,0.0,0.0,2.0,1502.0,162.0,1139.0,0.0,17.0
ctx-rh-inferiortemporal,0.0,1.0,0.0,0.0,1.0,0.0,1.0,7.0,0.0,0.0,8.0,0.0,0.0,6.0,0.0,1.0,0.0,0.0,0.0,0.0,0.0,1.0,0.0,2.0,0.0,2.0,0.0,0.0,0.0,5.0,0.0,2.0,0.0,0.0,57.0,0.0,0.0,13.0,173.0,0.0,1347.0,312.0,3554.0,70.0,12.0,488.0,6.0,61.0,1.0,1943.0,0.0,86.0,1.0,2.0,0.0,14.0,4.0,3.0,2.0,30.0,0.0,0.0,0.0,40.0,326.0,17.0,232.0,15.0
ctx-rh-insula,1.0,6.0,3.0,1.0,0.0,0.0,1.0,0.0,1.0,2.0,7.0,0.0,0.0,0.0,1.0,0.0,5.0,0.0,5.0,0.0,2.0,0.0,2.0,8.0,3.0,6.0,3.0,13.0,22.0,7.0,1.0,3.0,0.0,1.0,23.0,23.0,25.0,0.0,6.0,0.0,16.0,32.0,70.0,1383.0,12.0,2.0,410.0,3.0,19.0,115.0,10.0,5.0,277.0,33.0,210.0,2.0,269.0,16.0,263.0,26.0,7.0,213.0,91.0,47.0,318.0,235.0,46.0,107.0
ctx-rh-isthmuscingulate,7.0,2.0,0.0,1.0,0.0,0.0,6.0,48.0,3.0,5.0,115.0,15.0,0.0,16.0,0.0,4.0,5.0,2.0,0.0,0.0,0.0,3.0,1.0,21.0,1.0,118.0,0.0,0.0,1.0,41.0,4.0,10.0,0.0,2.0,19.0,3.0,1.0,34.0,0.0,0.0,37.0,95.0,12.0,12.0,727.0,40.0,0.0,88.0,0.0,11.0,27.0,71.0,0.0,0.0,0.0,8.0,25.0,212.0,8.0,1106.0,0.0,1.0,3.0,236.0,21.0,30.0,1.0,4.0
ctx-rh-lateraloccipital,1.0,0.0,0.0,2.0,0.0,0.0,8.0,12.0,3.0,2.0,13.0,8.0,0.0,10.0,0.0,0.0,0.0,2.0,0.0,0.0,0.0,0.0,1.0,4.0,0.0,17.0,0.0,0.0,0.0,13.0,3.0,2.0,0.0,0.0,23.0,0.0,0.0,358.0,0.0,0.0,1525.0,824.0,488.0,2.0,40.0,6569.0,0.0,764.0,0.0,198.0,0.0,19.0,0.0,0.0,0.0,501.0,0.0,0.0,0.0,141.0,0.0,0.0,0.0,441.0,21.0,5.0,2.0,1.0
ctx-rh-lateralorbitofrontal,0.0,3.0,1.0,0.0,0.0,0.0,0.0,0.0,0.0,1.0,0.0,0.0,4.0,0.0,4.0,0.0,0.0,0.0,0.0,2.0,0.0,0.0,0.0,0.0,0.0,0.0,11.0,14.0,15.0,0.0,0.0,0.0,0.0,0.0,2.0,11.0,0.0,0.0,2.0,108.0,3.0,0.0,6.0,410.0,0.0,0.0,2384.0,0.0,604.0,8.0,0.0,0.0,6.0,574.0,282.0,0.0,0.0,0.0,3.0,0.0,60.0,571.0,91.0,0.0,14.0,1.0,6.0,0.0
ctx-rh-lingual,1.0,0.0,0.0,48.0,0.0,0.0,5.0,18.0,4.0,3.0,21.0,7.0,0.0,104.0,0.0,1.0,0.0,2.0,0.0,0.0,0.0,45.0,1.0,1.0,0.0,31.0,0.0,0.0,0.0,12.0,1.0,2.0,0.0,0.0,11.0,0.0,0.0,285.0,1.0,0.0,635.0,52.0,61.0,3.0,88.0,764.0,0.0,4280.0,0.0,34.0,0.0,194.0,0.0,0.0,0.0,1779.0,2.0,0.0,0.0,268.0,0.0,0.0,0.0,117.0,7.0,2.0,0.0,0.0
ctx-rh-medialorbitofrontal,0.0,9.0,0.0,0.0,0.0,0.0,0.0,0.0,0.0,1.0,0.0,0.0,9.0,0.0,15.0,0.0,0.0,0.0,1.0,1.0,2.0,0.0,0.0,0.0,0.0,0.0,35.0,33.0,19.0,0.0,0.0,0.0,0.0,0.0,0.0,21.0,0.0,0.0,0.0,268.0,2.0,1.0,1.0,19.0,0.0,0.0,604.0,0.0,1742.0,0.0,0.0,0.0,0.0,78.0,36.0,0.0,0.0,0.0,0.0,0.0,460.0,607.0,389.0,0.0,1.0,0.0,1.0,0.0
ctx-rh-middletemporal,0.0,0.0,0.0,1.0,0.0,0.0,1.0,7.0,1.0,0.0,8.0,7.0,0.0,2.0,0.0,1.0,0.0,1.0,0.0,0.0,0.0,0.0,1.0,1.0,0.0,8.0,0.0,0.0,0.0,7.0,0.0,2.0,0.0,0.0,744.0,0.0,0.0,6.0,13.0,0.0,359.0,662.0,1943.0,115.0,11.0,198.0,8.0,34.0,0.0,4255.0,0.0,110.0,0.0,0.0,0.0,8.0,5.0,1.0,3.0,54.0,0.0,0.0,0.0,63.0,1022.0,44.0,147.0,18.0
ctx-rh-paracentral,3.0,3.0,4.0,0.0,0.0,0.0,1.0,4.0,0.0,6.0,10.0,0.0,0.0,0.0,0.0,0.0,26.0,0.0,0.0,0.0,0.0,0.0,8.0,45.0,24.0,18.0,1.0,2.0,27.0,6.0,2.0,4.0,0.0,1.0,2.0,8.0,29.0,0.0,0.0,0.0,0.0,4.0,0.0,10.0,27.0,0.0,0.0,0.0,0.0,0.0,1592.0,0.0,3.0,0.0,1.0,0.0,680.0,334.0,1289.0,246.0,0.0,1.0,552.0,305.0,2.0,9.0,0.0,0.0
ctx-rh-parahippocampal,1.0,0.0,0.0,0.0,0.0,0.0,6.0,6.0,0.0,0.0,4.0,5.0,0.0,8.0,0.0,1.0,0.0,0.0,0.0,0.0,0.0,0.0,2.0,1.0,0.0,6.0,0.0,0.0,0.0,5.0,1.0,0.0,0.0,1.0,19.0,0.0,0.0,11.0,187.0,0.0,276.0,10.0,86.0,5.0,71.0,19.0,0.0,194.0,0.0,110.0,0.0,543.0,0.0,0.0,0.0,11.0,0.0,0.0,0.0,16.0,0.0,0.0,0.0,12.0,10.0,0.0,7.0,2.0
ctx-rh-parsopercularis,0.0,14.0,4.0,0.0,0.0,0.0,0.0,0.0,0.0,1.0,0.0,0.0,0.0,0.0,0.0,0.0,0.0,0.0,3.0,0.0,0.0,0.0,0.0,7.0,12.0,1.0,4.0,9.0,31.0,0.0,0.0,0.0,0.0,0.0,0.0,21.0,264.0,0.0,0.0,0.0,0.0,2.0,1.0,277.0,0.0,0.0,6.0,0.0,0.0,0.0,3.0,0.0,1426.0,4.0,543.0,0.0,86.0,9.0,590.0,1.0,1.0,506.0,189.0,1.0,1.0,22.0,0.0,0.0
ctx-rh-parsorbitalis,0.0,4.0,0.0,0.0,0.0,0.0,0.0,0.0,0.0,0.0,0.0,0.0,3.0,0.0,3.0,0.0,0.0,0.0,0.0,2.0,1.0,0.0,0.0,0.0,0.0,0.0,4.0,6.0,9.0,0.0,0.0,0.0,0.0,0.0,0.0,10.0,0.0,0.0,0.0,22.0,0.0,0.0,2.0,33.0,0.0,0.0,574.0,0.0,78.0,0.0,0.0,0.0,4.0,408.0,217.0,0.0,0.0,0.0,0.0,0.0,32.0,669.0,75.0,0.0,0.0,0.0,0.0,0.0
ctx-rh-parstriangularis,0.0,8.0,2.0,0.0,0.0,0.0,0.0,0.0,0.0,1.0,0.0,0.0,2.0,0.0,3.0,0.0,0.0,0.0,2.0,0.0,3.0,0.0,0.0,0.0,2.0,0.0,13.0,15.0,18.0,0.0,0.0,0.0,0.0,0.0,0.0,17.0,22.0,0.0,1.0,3.0,0.0,1.0,0.0,210.0,0.0,0.0,282.0,0.0,36.0,0.0,1.0,0.0,543.0,217.0,1193.0,0.0,3.0,1.0,20.0,0.0,25.0,1287.0,176.0,0.0,0.0,4.0,0.0,0.0
ctx-rh-pericalcarine,1.0,0.0,0.0,10.0,0.0,0.0,2.0,5.0,2.0,1.0,4.0,2.0,0.0,10.0,0.0,0.0,1.0,1.0,0.0,0.0,0.0,11.0,0.0,1.0,1.0,3.0,0.0,0.0,0.0,5.0,0.0,0.0,0.0,0.0,4.0,0.0,0.0,1588.0,0.0,0.0,90.0,38.0,14.0,2.0,8.0,501.0,0.0,1779.0,0.0,8.0,0.0,11.0,0.0,0.0,0.0,856.0,0.0,0.0,0.0,261.0,0.0,0.0,0.0,146.0,2.0,0.0,0.0,0.0
ctx-rh-postcentral,1.0,1.0,1.0,0.0,0.0,0.0,1.0,13.0,1.0,4.0,22.0,1.0,0.0,1.0,0.0,0.0,4.0,0.0,2.0,0.0,0.0,0.0,8.0,28.0,12.0,14.0,0.0,1.0,12.0,14.0,3.0,1.0,0.0,0.0,39.0,5.0,46.0,1.0,0.0,0.0,0.0,136.0,4.0,269.0,25.0,0.0,0.0,2.0,0.0,5.0,680.0,0.0,86.0,0.0,3.0,0.0,5524.0,102.0,2044.0,139.0,0.0,7.0,56.0,889.0,40.0,1617.0,0.0,11.0
ctx-rh-posteriorcingulate,7.0,20.0,19.0,0.0,0.0,0.0,0.0,5.0,2.0,23.0,51.0,1.0,1.0,1.0,0.0,0.0,39.0,1.0,7.0,0.0,1.0,0.0,28.0,137.0,83.0,72.0,0.0,6.0,120.0,28.0,5.0,12.0,0.0,2.0,3.0,303.0,65.0,2.0,0.0,0.0,2.0,16.0,3.0,16.0,212.0,0.0,0.0,0.0,0.0,1.0,334.0,0.0,9.0,0.0,1.0,0.0,102.0,1273.0,261.0,409.0,1.0,14.0,496.0,132.0,2.0,25.0,0.0,4.0
ctx-rh-precentral,3.0,18.0,16.0,0.0,0.0,0.0,0.0,4.0,1.0,9.0,10.0,1.0,0.0,0.0,0.0,0.0,24.0,0.0,4.0,0.0,0.0,0.0,16.0,74.0,52.0,18.0,1.0,3.0,95.0,12.0,5.0,4.0,0.0,0.0,14.0,31.0,1130.0,1.0,0.0,0.0,0.0,40.0,2.0,263.0,8.0,0.0,3.0,0.0,0.0,3.0,1289.0,0.0,590.0,0.0,20.0,0.0,2044.0,261.0,7317.0,69.0,2.0,75.0,1115.0,166.0,9.0,291.0,1.0,8.0
ctx-rh-precuneus,11.0,1.0,0.0,16.0,0.0,0.0,20.0,73.0,11.0,10.0,147.0,21.0,0.0,20.0,0.0,6.0,8.0,4.0,0.0,0.0,0.0,8.0,10.0,38.0,5.0,179.0,0.0,0.0,3.0,91.0,15.0,19.0,0.0,2.0,44.0,4.0,2.0,431.0,0.0,0.0,71.0,504.0,30.0,26.0,1106.0,141.0,0.0,268.0,0.0,54.0,246.0,16.0,1.0,0.0,0.0,261.0,139.0,409.0,69.0,4776.0,0.0,0.0,8.0,2887.0,50.0,78.0,1.0,12.0
ctx-rh-rostralanteriorcingulate,0.0,28.0,3.0,0.0,0.0,2.0,0.0,0.0,0.0,5.0,0.0,0.0,16.0,0.0,32.0,0.0,0.0,0.0,4.0,4.0,7.0,0.0,0.0,1.0,0.0,0.0,97.0,53.0,60.0,0.0,0.0,0.0,0.0,0.0,0.0,244.0,0.0,0.0,0.0,6.0,0.0,0.0,0.0,7.0,0.0,0.0,60.0,0.0,460.0,0.0,0.0,0.0,1.0,32.0,25.0,0.0,0.0,1.0,2.0,0.0,458.0,154.0,329.0,0.0,2.0,0.0,0.0,0.0
ctx-rh-rostralmiddlefrontal,0.0,65.0,13.0,0.0,0.0,0.0,0.0,0.0,0.0,4.0,0.0,0.0,11.0,0.0,12.0,0.0,0.0,0.0,11.0,6.0,11.0,0.0,2.0,7.0,14.0,0.0,32.0,61.0,119.0,1.0,0.0,1.0,0.0,0.0,0.0,146.0,579.0,0.0,0.0,247.0,0.0,0.0,0.0,213.0,1.0,0.0,571.0,0.0,607.0,0.0,1.0,0.0,506.0,669.0,1287.0,0.0,7.0,14.0,75.0,0.0,154.0,5253.0,2445.0,1.0,3.0,0.0,0.0,0.0
ctx-rh-superiorfrontal,0.0,172.0,78.0,0.0,0.0,2.0,0.0,1.0,1.0,17.0,7.0,0.0,15.0,1.0,9.0,0.0,24.0,0.0,24.0,1.0,9.0,0.0,21.0,90.0,97.0,12.0,64.0,141.0,390.0,6.0,0.0,3.0,0.0,0.0,0.0,817.0,925.0,0.0,0.0,67.0,0.0,2.0,0.0,91.0,3.0,0.0,91.0,0.0,389.0,0.0,552.0,0.0,189.0,75.0,176.0,0.0,56.0,496.0,1115.0,8.0,329.0,2445.0,10037.0,22.0,1.0,7.0,0.0,1.0
ctx-rh-superiorparietal,8.0,2.0,1.0,7.0,0.0,0.0,13.0,31.0,9.0,5.0,101.0,13.0,0.0,14.0,0.0,4.0,8.0,2.0,0.0,0.0,0.0,2.0,9.0,45.0,4.0,106.0,0.0,0.0,6.0,44.0,11.0,30.0,0.0,4.0,56.0,3.0,7.0,435.0,0.0,0.0,83.0,1502.0,40.0,47.0,236.0,441.0,0.0,117.0,0.0,63.0,305.0,12.0,1.0,0.0,0.0,146.0,889.0,132.0,166.0,2887.0,0.0,1.0,22.0,5093.0,64.0,291.0,1.0,19.0
ctx-rh-superiortemporal,0.0,0.0,0.0,0.0,0.0,0.0,3.0,7.0,2.0,3.0,6.0,2.0,0.0,4.0,0.0,3.0,0.0,0.0,0.0,0.0,0.0,0.0,1.0,3.0,1.0,20.0,0.0,1.0,0.0,16.0,2.0,4.0,0.0,0.0,767.0,0.0,0.0,2.0,21.0,1.0,66.0,162.0,326.0,318.0,21.0,21.0,14.0,7.0,1.0,1022.0,2.0,10.0,1.0,0.0,0.0,2.0,40.0,2.0,9.0,50.0,2.0,3.0,1.0,64.0,4485.0,407.0,237.0,764.0
ctx-rh-supramarginal,3.0,0.0,0.0,0.0,0.0,0.0,4.0,10.0,2.0,4.0,22.0,0.0,0.0,2.0,0.0,1.0,6.0,1.0,0.0,0.0,0.0,0.0,2.0,11.0,4.0,43.0,0.0,1.0,4.0,8.0,2.0,8.0,0.0,1.0,486.0,0.0,9.0,0.0,0.0,0.0,8.0,1139.0,17.0,235.0,30.0,5.0,1.0,2.0,0.0,44.0,9.0,0.0,22.0,0.0,4.0,0.0,1617.0,25.0,291.0,78.0,0.0,0.0,7.0,291.0,407.0,4333.0,0.0,62.0
ctx-rh-temporalpole,0.0,0.0,0.0,0.0,0.0,0.0,0.0,0.0,0.0,0.0,1.0,0.0,0.0,0.0,0.0,0.0,0.0,0.0,0.0,0.0,0.0,0.0,0.0,0.0,0.0,1.0,0.0,0.0,0.0,0.0,0.0,0.0,0.0,0.0,1.0,0.0,0.0,0.0,102.0,0.0,64.0,0.0,232.0,46.0,1.0,2.0,6.0,0.0,1.0,147.0,0.0,7.0,0.0,0.0,0.0,0.0,0.0,0.0,1.0,1.0,0.0,0.0,0.0,1.0,237.0,0.0,385.0,1.0
ctx-rh-transversetemporal,0.0,0.0,0.0,0.0,0.0,0.0,0.0,4.0,0.0,0.0,3.0,1.0,0.0,1.0,0.0,1.0,1.0,0.0,0.0,0.0,0.0,0.0,1.0,2.0,0.0,7.0,0.0,0.0,0.0,2.0,0.0,0.0,0.0,0.0,16.0,0.0,0.0,0.0,0.0,0.0,5.0,17.0,15.0,107.0,4.0,1.0,0.0,0.0,0.0,18.0,0.0,2.0,0.0,0.0,0.0,0.0,11.0,4.0,8.0,12.0,0.0,0.0,1.0,19.0,764.0,62.0,1.0,216.0
