,ctx-lh-bankssts,ctx-lh-caudalanteriorcingulate,ctx-lh-caudalmiddlefrontal,ctx-lh-cuneus,ctx-lh-entorhinal,ctx-lh-frontalpole,ctx-lh-fusiform,ctx-lh-inferiorparietal,ctx-lh-inferiortemporal,ctx-lh-insula,ctx-lh-isthmuscingulate,ctx-lh-lateraloccipital,ctx-lh-lateralorbitofrontal,ctx-lh-lingual,ctx-lh-medialorbitofrontal,ctx-lh-middletemporal,ctx-lh-paracentral,ctx-lh-parahippocampal,ctx-lh-parsopercularis,ctx-lh-parsorbitalis,ctx-lh-parstriangularis,ctx-lh-pericalcarine,ctx-lh-postcentral,ctx-lh-posteriorcingulate,ctx-lh-precentral,ctx-lh-precuneus,ctx-lh-rostralanteriorcingulate,ctx-lh-rostralmiddlefrontal,ctx-lh-superiorfrontal,ctx-lh-superiorparietal,ctx-lh-superiortemporal,ctx-lh-supramarginal,ctx-lh-temporalpole,ctx-lh-transversetemporal,ctx-rh-bankssts,ctx-rh-caudalanteriorcingulate,ctx-rh-caudalmiddlefrontal,ctx-rh-cuneus,ctx-rh-entorhinal,ctx-rh-frontalpole,ctx-rh-fusiform,ctx-rh-inferiorparietal,ctx-rh-inferiortemporal,ctx-rh-insula,ctx-rh-isthmuscingulate,ctx-rh-lateraloccipital,ctx-rh-lateralorbitofrontal,ctx-rh-lingual,ctx-rh-medialorbitofrontal,ctx-rh-middletemporal,ctx-rh-paracentral,ctx-rh-parahippocampal,ctx-rh-parsopercularis,ctx-rh-parsorbitalis,ctx-rh-parstriangularis,ctx-rh-pericalcarine,ctx-rh-postcentral,ctx-rh-posteriorcingulate,ctx-rh-precentral,ctx-rh-precuneus,ctx-rh-rostralanteriorcingulate,ctx-rh-rostralmiddlefrontal,ctx-rh-superiorfrontal,ctx-rh-superiorparietal,ctx-rh-superiortemporal,ctx-rh-supramarginal,ctx-rh-temporalpole,ctx-rh-transversetemporal
ctx-lh-bankssts,747.0,0.0,1.0,1.0,0.0,0.0,18.0,349.0,203.0,34.0,9.0,41.0,0.0,5.0,0.0,670.0,0.0,2.0,3.0,0.0,0.0,2.0,19.0,3.0,17.0,32.0,0.0,0.0,0.0,44.0,900.0,244.0,1.0,15.0,1.0,0.0,0.0,4.0,0.0,0.0,2.0,1.0,2.0,1.0,4.0,1.0,0.0,3.0,0.0,1.0,1.0,0.0,0.0,0.0,0.0,1.0,0.0,2.0,0.0,17.0,0.0,0.0,0.0,3.0,2.0,0.0,0.0,0.0
ctx-lh-caudalanteriorcingulate,0.0,413.0,41.0,0.0,0.0,1.0,0.0,0.0,0.0,11.0,16.0,0.0,10.0,0.0,22.0,1.0,22.0,0.0,15.0,1.0,23.0,0.0,3.0,282.0,22.0,13.0,182.0,124.0,627.0,6.0,1.0,0.0,0.0,1.0,0.0,97.0,33.0,0.0,0.0,0.0,0.0,0.0,0.0,9.0,2.0,0.0,1.0,0.0,3.0,0.0,9.0,0.0,8.0,2.0,10.0,0.0,0.0,27.0,27.0,5.0,25.0,45.0,196.0,2.0,0.0,0.0,0.0,0.0
ctx-lh-caudalmiddlefrontal,1.0,41.0,2644.0,0.0,0.0,0.0,0.0,2.0,0.0,36.0,1.0,1.0,1.0,0.0,2.0,0.0,20.0,0.0,281.0,2.0,24.0,0.0,45.0,17.0,1144.0,0.0,4.0,941.0,968.0,8.0,2.0,14.0,0.0,1.0,0.0,42.0,20.0,0.0,0.0,0.0,0.0,0.0,0.0,2.0,0.0,0.0,0.0,0.0,0.0,0.0,9.0,0.0,7.0,1.0,1.0,0.0,2.0,16.0,29.0,4.0,3.0,15.0,87.0,2.0,0.0,2.0,0.0,0.0
ctx-lh-cuneus,1.0,0.0,0.0,1716.0,0.0,0.0,33.0,37.0,28.0,0.0,76.0,512.0,0.0,223.0,0.0,10.0,1.0,5.0,0.0,0.0,0.0,1296.0,0.0,0.0,0.0,217.0,0.0,0.0,0.0,991.0,3.0,1.0,0.0,2.0,1.0,0.0,0.0,24.0,0.0,0.0,5.0,5.0,10.0,3.0,10.0,19.0,0.0,74.0,0.0,4.0,0.0,0.0,0.0,0.0,0.0,17.0,2.0,0.0,0.0,24.0,0.0,0.0,0.0,14.0,2.0,0.0,0.0,0.0
ctx-lh-entorhinal,0.0,0.0,0.0,0.0,173.0,0.0,226.0,0.0,151.0,5.0,1.0,0.0,0.0,1.0,1.0,12.0,0.0,106.0,0.0,0.0,0.0,0.0,0.0,0.0,0.0,0.0,0.0,0.0,0.0,0.0,23.0,0.0,198.0,0.0,0.0,0.0,0.0,0.0,0.0,0.0,0.0,0.0,0.0,0.0,0.0,0.0,0.0,0.0,0.0,0.0,0.0,0.0,0.0,0.0,0.0,0.0,0.0,0.0,0.0,3.0,0.0,0.0,0.0,0.0,0.0,1.0,0.0,0.0
ctx-lh-frontalpole,0.0,1.0,0.0,0.0,0.0,48.0,0.0,0.0,0.0,0.0,0.0,0.0,40.0,0.0,209.0,0.0,0.0,0.0,0.0,6.0,2.0,0.0,0.0,0.0,0.0,0.0,2.0,177.0,103.0,0.0,0.0,0.0,0.0,0.0,0.0,0.0,0.0,0.0,0.0,0.0,0.0,0.0,0.0,0.0,0.0,0.0,0.0,0.0,0.0,0.0,0.0,0.0,0.0,0.0,0.0,0.0,0.0,0.0,0.0,0.0,1.0,0.0,1.0,0.0,0.0,0.0,0.0,0.0
ctx-lh-fusiform,18.0,0.0,0.0,33.0,226.0,0.0,3440.0,54.0,1495.0,58.0,44.0,1449.0,1.0,941.0,1.0,135.0,0.0,185.0,0.0,0.0,0.0,67.0,2.0,3.0,1.0,46.0,0.0,1.0,0.0,53.0,137.0,6.0,195.0,6.0,1.0,0.0,0.0,12.0,0.0,0.0,3.0,8.0,5.0,1.0,8.0,13.0,0.0,10.0,0.0,3.0,2.0,1.0,0.0,0.0,0.0,4.0,0.0,0.0,0.0,41.0,1.0,0.0,0.0,20.0,2.0,2.0,0.0,0.0
ctx-lh-inferiorparietal,349.0,0.0,2.0,37.0,0.0,0.0,54.0,5112.0,209.0,45.0,28.0,1037.0,0.0,16.0,0.0,501.0,3.0,3.0,4.0,0.0,0.0,6.0,89.0,6.0,36.0,170.0,0.0,2.0,3.0,1166.0,180.0,992.0,0.0,29.0,4.0,0.0,0.0,8.0,0.0,0.0,4.0,11.0,6.0,1.0,23.0,7.0,0.0,5.0,0.0,5.0,0.0,1.0,0.0,0.0,0.0,1.0,1.0,2.0,2.0,42.0,0.0,0.0,1.0,13.0,9.0,3.0,0.0,1.0
ctx-lh-inferiortemporal,203.0,0.0,0.0,28.0,151.0,0.0,1495.0,209.0,3307.0,86.0,25.0,493.0,3.0,85.0,0.0,2023.0,2.0,54.0,0.0,0.0,0.0,17.0,8.0,2.0,5.0,62.0,0.0,1.0,0.0,108.0,473.0,26.0,179.0,27.0,0.0,0.0,0.0,4.0,0.0,0.0,6.0,11.0,6.0,4.0,15.0,6.0,1.0,8.0,0.0,4.0,1.0,2.0,0.0,0.0,0.0,6.0,1.0,3.0,1.0,48.0,0.0,0.0,0.0,19.0,9.0,2.0,0.0,2.0
ctx-lh-insula,34.0,11.0,36.0,0.0,5.0,0.0,58.0,45.0,86.0,1620.0,7.0,13.0,476.0,5.0,38.0,72.0,5.0,4.0,250.0,13.0,158.0,1.0,285.0,5.0,346.0,24.0,21.0,151.0,85.0,78.0,252.0,316.0,17.0,75.0,0.0,5.0,2.0,1.0,0.0,0.0,2.0,8.0,0.0,1.0,7.0,1.0,0.0,2.0,2.0,0.0,4.0,0.0,0.0,0.0,3.0,0.0,1.0,5.0,5.0,15.0,5.0,11.0,20.0,10.0,2.0,3.0,0.0,1.0
ctx-lh-isthmuscingulate,9.0,16.0,1.0,76.0,1.0,0.0,44.0,28.0,25.0,7.0,716.0,61.0,0.0,158.0,1.0,21.0,7.0,86.0,0.0,0.0,0.0,44.0,10.0,282.0,7.0,1069.0,3.0,0.0,5.0,128.0,21.0,16.0,0.0,3.0,3.0,0.0,1.0,17.0,1.0,0.0,10.0,14.0,12.0,9.0,88.0,7.0,0.0,14.0,0.0,6.0,4.0,0.0,0.0,0.0,0.0,4.0,8.0,14.0,4.0,115.0,0.0,0.0,4.0,42.0,13.0,6.0,0.0,3.0
ctx-lh-lateraloccipital,41.0,0.0,1.0,512.0,0.0,0.0,1449.0,1037.0,493.0,13.0,61.0,7026.0,0.0,962.0,0.0,284.0,0.0,15.0,0.0,0.0,0.0,743.0,0.0,3.0,0.0,119.0,0.0,0.0,1.0,633.0,20.0,11.0,1.0,8.0,1.0,0.0,0.0,20.0,0.0,0.0,12.0,7.0,7.0,5.0,22.0,16.0,0.0,18.0,0.0,3.0,0.0,2.0,0.0,0.0,0.0,3.0,1.0,0.0,0.0,57.0,0.0,0.0,0.0,15.0,6.0,1.0,1.0,4.0
ctx-lh-lateralorbitofrontal,0.0,10.0,1.0,0.0,0.0,40.0,1.0,0.0,3.0,476.0,0.0,0.0,3225.0,0.0,1120.0,1.0,0.0,0.0,9.0,495.0,367.0,0.0,0.0,1.0,1.0,2.0,112.0,656.0,68.0,0.0,2.0,0.0,0.0,1.0,0.0,7.0,0.0,0.0,0.0,0.0,0.0,0.0,0.0,1.0,0.0,0.0,2.0,0.0,4.0,0.0,0.0,0.0,2.0,1.0,0.0,0.0,0.0,0.0,0.0,1.0,13.0,10.0,11.0,0.0,0.0,0.0,0.0,0.0
ctx-lh-lingual,5.0,0.0,0.0,223.0,1.0,0.0,941.0,16.0,85.0,5.0,158.0,962.0,0.0,4686.0,0.0,20.0,0.0,175.0,0.0,0.0,0.0,1245.0,0.0,3.0,1.0,124.0,0.0,0.0,0.0,49.0,16.0,0.0,1.0,1.0,0.0,0.0,0.0,7.0,0.0,0.0,11.0,4.0,4.0,3.0,8.0,15.0,0.0,164.0,0.0,3.0,0.0,1.0,0.0,0.0,0.0,26.0,1.0,0.0,0.0,32.0,0.0,0.0,0.0,23.0,3.0,4.0,0.0,0.0
ctx-lh-medialorbitofrontal,0.0,22.0,2.0,0.0,1.0,209.0,1.0,0.0,0.0,38.0,1.0,0.0,1120.0,0.0,1611.0,0.0,0.0,0.0,1.0,52.0,31.0,0.0,0.0,2.0,0.0,0.0,487.0,882.0,235.0,0.0,0.0,0.0,0.0,0.0,0.0,11.0,2.0,0.0,0.0,0.0,0.0,0.0,0.0,1.0,0.0,0.0,0.0,0.0,11.0,0.0,0.0,0.0,0.0,1.0,3.0,0.0,0.0,1.0,1.0,0.0,28.0,10.0,21.0,0.0,0.0,0.0,0.0,0.0
ctx-lh-middletemporal,670.0,1.0,0.0,10.0,12.0,0.0,135.0,501.0,2023.0,72.0,21.0,284.0,1.0,20.0,0.0,2450.0,0.0,20.0,2.0,0.0,0.0,5.0,10.0,1.0,5.0,42.0,0.0,1.0,1.0,77.0,976.0,42.0,82.0,34.0,1.0,0.0,0.0,1.0,0.0,0.0,3.0,1.0,2.0,1.0,15.0,5.0,0.0,0.0,0.0,4.0,0.0,2.0,0.0,0.0,0.0,4.0,0.0,1.0,1.0,17.0,0.0,0.0,0.0,9.0,3.0,2.0,0.0,0.0
ctx-lh-paracentral,0.0,22.0,20.0,1.0,0.0,0.0,0.0,3.0,2.0,5.0,7.0,0.0,0.0,0.0,0.0,0.0,1714.0,0.0,2.0,0.0,0.0,0.0,451.0,317.0,771.0,124.0,1.0,2.0,558.0,152.0,2.0,2.0,0.0,1.0,1.0,7.0,4.0,1.0,0.0,0.0,0.0,2.0,0.0,2.0,4.0,0.0,0.0,0.0,0.0,0.0,51.0,0.0,2.0,0.0,1.0,1.0,24.0,61.0,66.0,32.0,0.0,2.0,52.0,19.0,1.0,1.0,0.0,1.0
ctx-lh-parahippocampal,2.0,0.0,0.0,5.0,106.0,0.0,185.0,3.0,54.0,4.0,86.0,15.0,0.0,175.0,0.0,20.0,0.0,508.0,0.0,0.0,0.0,7.0,0.0,0.0,0.0,8.0,0.0,0.0,0.0,5.0,9.0,0.0,4.0,1.0,0.0,0.0,0.0,4.0,0.0,0.0,0.0,0.0,1.0,1.0,2.0,0.0,0.0,3.0,0.0,0.0,2.0,1.0,0.0,0.0,0.0,3.0,0.0,0.0,0.0,6.0,0.0,0.0,0.0,4.0,0.0,0.0,0.0,0.0
ctx-lh-parsopercularis,3.0,15.0,281.0,0.0,0.0,0.0,0.0,4.0,0.0,250.0,0.0,0.0,9.0,0.0,1.0,2.0,2.0,0.0,1502.0,2.0,381.0,0.0,84.0,3.0,701.0,0.0,5.0,524.0,98.0,6.0,3.0,28.0,0.0,0.0,0.0,13.0,4.0,0.0,0.0,0.0,0.0,0.0,0.0,0.0,0.0,0.0,0.0,0.0,1.0,0.0,3.0,0.0,2.0,0.0,0.0,0.0,0.0,5.0,2.0,1.0,1.0,8.0,22.0,0.0,0.0,0.0,0.0,0.0
ctx-lh-parsorbitalis,0.0,1.0,2.0,0.0,0.0,6.0,0.0,0.0,0.0,13.0,0.0,0.0,495.0,0.0,52.0,0.0,0.0,0.0,2.0,356.0,306.0,0.0,0.0,2.0,1.0,0.0,18.0,394.0,36.0,1.0,0.0,0.0,0.0,0.0,0.0,2.0,0.0,0.0,0.0,0.0,0.0,0.0,0.0,0.0,0.0,0.0,0.0,0.0,1.0,0.0,0.0,0.0,0.0,0.0,0.0,0.0,0.0,0.0,0.0,0.0,1.0,3.0,4.0,0.0,0.0,0.0,0.0,0.0
ctx-lh-parstriangularis,0.0,23.0,24.0,0.0,0.0,2.0,0.0,0.0,0.0,158.0,0.0,0.0,367.0,0.0,31.0,0.0,0.0,0.0,381.0,306.0,1006.0,0.0,3.0,0.0,13.0,0.0,40.0,717.0,129.0,0.0,0.0,0.0,0.0,0.0,0.0,11.0,0.0,0.0,0.0,1.0,0.0,0.0,0.0,2.0,0.0,0.0,1.0,0.0,2.0,0.0,0.0,0.0,0.0,1.0,2.0,0.0,0.0,0.0,6.0,0.0,16.0,15.0,29.0,0.0,0.0,0.0,0.0,0.0
ctx-lh-pericalcarine,2.0,0.0,0.0,1296.0,0.0,0.0,67.0,6.0,17.0,1.0,44.0,743.0,0.0,1245.0,0.0,5.0,0.0,7.0,0.0,0.0,0.0,840.0,0.0,0.0,0.0,90.0,0.0,0.0,1.0,110.0,4.0,0.0,0.0,0.0,0.0,0.0,0.0,13.0,0.0,0.0,0.0,3.0,5.0,0.0,5.0,9.0,0.0,7.0,0.0,3.0,0.0,2.0,0.0,0.0,0.0,17.0,1.0,0.0,0.0,17.0,0.0,0.0,0.0,14.0,0.0,3.0,0.0,0.0
ctx-lh-postcentral,19.0,3.0,45.0,0.0,0.0,0.0,2.0,89.0,8.0,285.0,10.0,0.0,0.0,0.0,0.0,10.0,451.0,0.0,84.0,0.0,3.0,0.0,5572.0,35.0,2239.0,97.0,0.0,13.0,44.0,832.0,41.0,1414.0,0.0,27.0,2.0,1.0,1.0,0.0,0.0,0.0,1.0,3.0,1.0,4.0,10.0,0.0,0.0,0.0,0.0,2.0,16.0,0.0,0.0,0.0,0.0,0.0,13.0,23.0,15.0,28.0,0.0,1.0,16.0,24.0,4.0,3.0,0.0,2.0
ctx-lh-posteriorcingulate,3.0,282.0,17.0,0.0,0.0,0.0,3.0,6.0,2.0,5.0,282.0,3.0,1.0,3.0,2.0,1.0,317.0,0.0,3.0,2.0,0.0,0.0,35.0,1165.0,66.0,504.0,18.0,10.0,315.0,69.0,11.0,9.0,0.0,3.0,1.0,29.0,4.0,0.0,0.0,0.0,0.0,0.0,1.0,6.0,32.0,0.0,0.0,2.0,0.0,1.0,68.0,0.0,2.0,0.0,1.0,1.0,23.0,130.0,65.0,65.0,3.0,2.0,64.0,42.0,10.0,2.0,0.0,3.0
ctx-lh-precentral,17.0,22.0,1144.0,0.0,0.0,0.0,1.0,36.0,5.0,346.0,7.0,0.0,1.0,1.0,0.0,5.0,771.0,0.0,701.0,1.0,13.0,0.0,2239.0,66.0,6924.0,51.0,1.0,98.0,1007.0,272.0,19.0,211.0,0.0,3.0,0.0,26.0,9.0,0.0,1.0,0.0,0.0,0.0,0.0,3.0,4.0,0.0,0.0,0.0,0.0,0.0,48.0,0.0,3.0,0.0,0.0,0.0,12.0,66.0,82.0,16.0,1.0,6.0,92.0,19.0,1.0,3.0,0.0,2.0
ctx-lh-precuneus,32.0,13.0,0.0,217.0,0.0,0.0,46.0,170.0,62.0,24.0,1069.0,119.0,2.0,124.0,0.0,42.0,124.0,8.0,0.0,0.0,0.0,90.0,97.0,504.0,51.0,3691.0,1.0,1.0,14.0,1735.0,51.0,52.0,0.0,12.0,5.0,1.0,0.0,28.0,0.0,0.0,15.0,27.0,9.0,19.0,112.0,27.0,1.0,17.0,0.0,10.0,25.0,2.0,0.0,0.0,0.0,11.0,28.0,35.0,12.0,220.0,0.0,0.0,12.0,115.0,25.0,14.0,0.0,9.0
ctx-lh-rostralanteriorcingulate,0.0,182.0,4.0,0.0,0.0,2.0,0.0,0.0,0.0,21.0,3.0,0.0,112.0,0.0,487.0,0.0,1.0,0.0,5.0,18.0,40.0,0.0,0.0,18.0,1.0,1.0,943.0,98.0,425.0,0.0,0.0,0.0,0.0,0.0,0.0,52.0,3.0,0.0,0.0,2.0,0.0,1.0,0.0,2.0,0.0,0.0,11.0,0.0,33.0,0.0,0.0,0.0,2.0,3.0,12.0,0.0,1.0,2.0,4.0,0.0,157.0,53.0,66.0,0.0,0.0,0.0,0.0,0.0
ctx-lh-rostralmiddlefrontal,0.0,124.0,941.0,0.0,0.0,177.0,1.0,2.0,1.0,151.0,0.0,0.0,656.0,0.0,882.0,1.0,2.0,0.0,524.0,394.0,717.0,0.0,13.0,10.0,98.0,1.0,98.0,6005.0,2114.0,1.0,2.0,3.0,1.0,1.0,0.0,69.0,13.0,0.0,0.0,2.0,0.0,0.0,0.0,8.0,0.0,0.0,6.0,0.0,17.0,0.0,0.0,0.0,8.0,3.0,14.0,0.0,2.0,4.0,13.0,0.0,42.0,54.0,137.0,1.0,0.0,0.0,0.0,0.0
ctx-lh-superiorfrontal,0.0,627.0,968.0,0.0,0.0,103.0,0.0,3.0,0.0,85.0,5.0,1.0,68.0,0.0,235.0,1.0,558.0,0.0,98.0,36.0,129.0,1.0,44.0,315.0,1007.0,14.0,425.0,2114.0,8911.0,21.0,2.0,13.0,0.0,0.0,0.0,216.0,69.0,0.0,0.0,1.0,0.0,3.0,0.0,13.0,1.0,0.0,8.0,0.0,17.0,0.0,46.0,0.0,51.0,8.0,22.0,0.0,22.0,103.0,141.0,9.0,76.0,138.0,483.0,6.0,0.0,6.0,0.0,0.0
ctx-lh-superiorparietal,44.0,6.0,8.0,991.0,0.0,0.0,53.0,1166.0,108.0,78.0,128.0,633.0,0.0,49.0,0.0,77.0,152.0,5.0,6.0,1.0,0.0,110.0,832.0,69.0,272.0,1735.0,0.0,1.0,21.0,6510.0,83.0,548.0,3.0,25.0,6.0,2.0,0.0,12.0,0.0,0.0,8.0,11.0,8.0,10.0,42.0,14.0,0.0,7.0,0.0,11.0,15.0,2.0,1.0,0.0,0.0,10.0,26.0,29.0,18.0,118.0,0.0,0.0,6.0,66.0,18.0,8.0,1.0,3.0
ctx-lh-superiortemporal,900.0,1.0,2.0,3.0,23.0,0.0,137.0,180.0,473.0,252.0,21.0,20.0,2.0,16.0,0.0,976.0,2.0,9.0,3.0,0.0,0.0,4.0,41.0,11.0,19.0,51.0,0.0,2.0,2.0,83.0,4398.0,449.0,156.0,641.0,3.0,1.0,0.0,2.0,0.0,0.0,3.0,8.0,3.0,1.0,17.0,5.0,0.0,1.0,0.0,2.0,2.0,1.0,0.0,0.0,0.0,1.0,0.0,4.0,1.0,28.0,0.0,0.0,0.0,23.0,2.0,2.0,0.0,5.0
ctx-lh-supramarginal,244.0,0.0,14.0,1.0,0.0,0.0,6.0,992.0,26.0,316.0,16.0,11.0,0.0,0.0,0.0,42.0,2.0,0.0,28.0,0.0,0.0,0.0,1414.0,9.0,211.0,52.0,0.0,3.0,13.0,548.0,449.0,4154.0,0.0,22.0,0.0,1.0,1.0,1.0,0.0,0.0,0.0,7.0,1.0,1.0,9.0,1.0,0.0,2.0,0.0,1.0,1.0,0.0,0.0,0.0,0.0,1.0,2.0,6.0,5.0,14.0,0.0,0.0,5.0,8.0,3.0,1.0,0.0,3.0
ctx-lh-temporalpole,1.0,0.0,0.0,0.0,198.0,0.0,195.0,0.0,179.0,17.0,0.0,1.0,0.0,1.0,0.0,82.0,0.0,4.0,0.0,0.0,0.0,0.0,0.0,0.0,0.0,0.0,0.0,1.0,0.0,3.0,156.0,0.0,421.0,0.0,0.0,0.0,0.0,0.0,0.0,0.0,0.0,0.0,0.0,0.0,0.0,0.0,0.0,0.0,0.0,0.0,0.0,0.0,0.0,0.0,0.0,0.0,0.0,0.0,0.0,0.0,0.0,0.0,0.0,1.0,0.0,0.0,0.0,0.0
ctx-lh-transversetemporal,15.0,1.0,1.0,2.0,0.0,0.0,6.0,29.0,27.0,75.0,3.0,8.0,1.0,1.0,0.0,34.0,1.0,1.0,0.0,0.0,0.0,0.0,27.0,3.0,3.0,12.0,0.0,1.0,0.0,25.0,641.0,22.0,0.0,446.0,1.0,0.0,0.0,2.0,0.0,0.0,0.0,2.0,3.0,1.0,7.0,1.0,0.0,1.0,0.0,1.0,1.0,1.0,0.0,0.0,0.0,1.0,1.0,0.0,0.0,16.0,0.0,0.0,0.0,4.0,1.0,0.0,0.0,1.0
ctx-rh-bankssts,1.0,0.0,0.0,1.0,0.0,0.0,1.0,4.0,0.0,0.0,3.0,1.0,0.0,0.0,0.0,1.0,1.0,0.0,0.0,0.0,0.0,0.0,2.0,1.0,0.0,5.0,0.0,0.0,0.0,6.0,3.0,0.0,0.0,1.0,659.0,0.0,2.0,2.0,0.0,0.0,25.0,370.0,196.0,24.0,7.0,41.0,0.0,12.0,0.0,493.0,0.0,0.0,1.0,0.0,0.0,1.0,15.0,2.0,7.0,25.0,0.0,0.0,0.0,40.0,850.0,401.0,0.0,25.0
ctx-rh-caudalanteriorcingulate,0.0,97.0,42.0,0.0,0.0,0.0,0.0,0.0,0.0,5.0,0.0,0.0,7.0,0.0,11.0,0.0,7.0,0.0,13.0,2.0,11.0,0.0,1.0,29.0,26.0,1.0,52.0,69.0,216.0,2.0,1.0,1.0,0.0,0.0,0.0,645.0,37.0,0.0,0.0,1.0,0.0,0.0,0.0,11.0,4.0,0.0,5.0,0.0,29.0,0.0,20.0,0.0,30.0,7.0,24.0,0.0,4.0,318.0,15.0,7.0,278.0,166.0,748.0,1.0,0.0,4.0,0.0,0.0
ctx-rh-caudalmiddlefrontal,0.0,33.0,20.0,0.0,0.0,0.0,0.0,0.0,0.0,2.0,1.0,0.0,0.0,0.0,2.0,0.0,4.0,0.0,4.0,0.0,0.0,0.0,1.0,4.0,9.0,0.0,3.0,13.0,69.0,0.0,0.0,1.0,0.0,0.0,2.0,37.0,2096.0,0.0,0.0,0.0,0.0,4.0,0.0,14.0,0.0,0.0,2.0,0.0,0.0,1.0,8.0,0.0,266.0,1.0,35.0,0.0,32.0,10.0,1106.0,2.0,3.0,917.0,796.0,8.0,0.0,12.0,0.0,1.0
ctx-rh-cuneus,4.0,0.0,0.0,24.0,0.0,0.0,12.0,8.0,4.0,1.0,17.0,20.0,0.0,7.0,0.0,1.0,1.0,4.0,0.0,0.0,0.0,13.0,0.0,0.0,0.0,28.0,0.0,0.0,0.0,12.0,2.0,1.0,0.0,2.0,2.0,0.0,0.0,1859.0,0.0,0.0,49.0,35.0,22.0,3.0,68.0,799.0,0.0,251.0,0.0,8.0,0.0,13.0,0.0,0.0,0.0,1718.0,0.0,0.0,3.0,399.0,0.0,0.0,0.0,666.0,9.0,1.0,0.0,2.0
ctx-rh-entorhinal,0.0,0.0,0.0,0.0,0.0,0.0,0.0,0.0,0.0,0.0,1.0,0.0,0.0,0.0,0.0,0.0,0.0,0.0,0.0,0.0,0.0,0.0,0.0,0.0,1.0,0.0,0.0,0.0,0.0,0.0,0.0,0.0,0.0,0.0,0.0,0.0,0.0,0.0,155.0,0.0,238.0,1.0,217.0,6.0,1.0,0.0,0.0,2.0,0.0,9.0,0.0,116.0,0.0,0.0,0.0,1.0,0.0,0.0,0.0,0.0,0.0,0.0,0.0,1.0,13.0,0.0,220.0,0.0
ctx-rh-frontalpole,0.0,0.0,0.0,0.0,0.0,0.0,0.0,0.0,0.0,0.0,0.0,0.0,0.0,0.0,0.0,0.0,0.0,0.0,0.0,0.0,1.0,0.0,0.0,0.0,0.0,0.0,2.0,2.0,1.0,0.0,0.0,0.0,0.0,0.0,0.0,1.0,0.0,0.0,0.0,51.0,0.0,0.0,0.0,2.0,0.0,0.0,124.0,0.0,346.0,0.0,0.0,0.0,0.0,16.0,3.0,0.0,0.0,0.0,0.0,0.0,7.0,208.0,74.0,0.0,0.0,0.0,0.0,0.0
ctx-rh-fusiform,2.0,0.0,0.0,5.0,0.0,0.0,3.0,4.0,6.0,2.0,10.0,12.0,0.0,11.0,0.0,3.0,0.0,0.0,0.0,0.0,0.0,0.0,1.0,0.0,0.0,15.0,0.0,0.0,0.0,8.0,3.0,0.0,0.0,0.0,25.0,0.0,0.0,49.0,238.0,0.0,3180.0,57.0,1464.0,57.0,23.0,1214.0,8.0,856.0,0.0,193.0,0.0,175.0,0.0,0.0,0.0,133.0,1.0,0.0,1.0,37.0,0.0,0.0,0.0,40.0,95.0,8.0,125.0,1.0
ctx-rh-inferiorparietal,1.0,0.0,0.0,5.0,0.0,0.0,8.0,11.0,11.0,8.0,14.0,7.0,0.0,4.0,0.0,1.0,2.0,0.0,0.0,0.0,0.0,3.0,3.0,0.0,0.0,27.0,1.0,0.0,3.0,11.0,8.0,7.0,0.0,2.0,370.0,0.0,4.0,35.0,1.0,0.0,57.0,5657.0,149.0,72.0,28.0,645.0,1.0,24.0,0.0,583.0,5.0,3.0,14.0,0.0,2.0,10.0,116.0,2.0,52.0,182.0,0.0,2.0,1.0,1319.0,129.0,1322.0,1.0,24.0
ctx-rh-inferiortemporal,2.0,0.0,0.0,10.0,0.0,0.0,5.0,6.0,6.0,0.0,12.0,7.0,0.0,4.0,0.0,2.0,0.0,1.0,0.0,0.0,0.0,5.0,1.0,1.0,0.0,9.0,0.0,0.0,0.0,8.0,3.0,1.0,0.0,3.0,196.0,0.0,0.0,22.0,217.0,0.0,1464.0,149.0,2567.0,107.0,5.0,272.0,17.0,84.0,0.0,1626.0,0.0,54.0,0.0,2.0,0.0,26.0,4.0,0.0,2.0,33.0,0.0,1.0,0.0,46.0,347.0,25.0,221.0,8.0
ctx-rh-insula,1.0,9.0,2.0,3.0,0.0,0.0,1.0,1.0,4.0,1.0,9.0,5.0,1.0,3.0,1.0,1.0,2.0,1.0,0.0,0.0,2.0,0.0,4.0,6.0,3.0,19.0,2.0,8.0,13.0,10.0,1.0,1.0,0.0,1.0,24.0,11.0,14.0,3.0,6.0,2.0,57.0,72.0,107.0,1548.0,4.0,15.0,462.0,10.0,29.0,125.0,1.0,1.0,243.0,36.0,209.0,5.0,231.0,8.0,263.0,29.0,5.0,143.0,52.0,88.0,301.0,322.0,26.0,57.0
ctx-rh-isthmuscingulate,4.0,2.0,0.0,10.0,0.0,0.0,8.0,23.0,15.0,7.0,88.0,22.0,0.0,8.0,0.0,15.0,4.0,2.0,0.0,0.0,0.0,5.0,10.0,32.0,4.0,112.0,0.0,0.0,1.0,42.0,17.0,9.0,0.0,7.0,7.0,4.0,0.0,68.0,1.0,0.0,23.0,28.0,5.0,4.0,841.0,21.0,0.0,112.0,0.0,7.0,15.0,59.0,0.0,0.0,0.0,14.0,4.0,222.0,5.0,1072.0,0.0,0.0,7.0,84.0,12.0,2.0,0.0,7.0
ctx-rh-lateraloccipital,1.0,0.0,0.0,19.0,0.0,0.0,13.0,7.0,6.0,1.0,7.0,16.0,0.0,15.0,0.0,5.0,0.0,0.0,0.0,0.0,0.0,9.0,0.0,0.0,0.0,27.0,0.0,0.0,0.0,14.0,5.0,1.0,0.0,1.0,41.0,0.0,0.0,799.0,0.0,0.0,1214.0,645.0,272.0,15.0,21.0,7546.0,0.0,951.0,0.0,151.0,0.0,7.0,0.0,0.0,0.0,1077.0,2.0,0.0,1.0,128.0,0.0,0.0,0.0,809.0,25.0,7.0,0.0,3.0
ctx-rh-lateralorbitofrontal,0.0,1.0,0.0,0.0,0.0,0.0,0.0,0.0,1.0,0.0,0.0,0.0,2.0,0.0,0.0,0.0,0.0,0.0,0.0,0.0,1.0,0.0,0.0,0.0,0.0,1.0,11.0,6.0,8.0,0.0,0.0,0.0,0.0,0.0,0.0,5.0,2.0,0.0,0.0,124.0,8.0,1.0,17.0,462.0,0.0,0.0,2812.0,0.0,907.0,11.0,0.0,0.0,5.0,547.0,225.0,0.0,2.0,0.0,0.0,0.0,43.0,428.0,66.0,1.0,15.0,0.0,2.0,1.0
ctx-rh-lingual,3.0,0.0,0.0,74.0,0.0,0.0,10.0,5.0,8.0,2.0,14.0,18.0,0.0,164.0,0.0,0.0,0.0,3.0,0.0,0.0,0.0,7.0,0.0,2.0,0.0,17.0,0.0,0.0,0.0,7.0,1.0,2.0,0.0,1.0,12.0,0.0,0.0,251.0,2.0,0.0,856.0,24.0,84.0,10.0,112.0,951.0,0.0,4873.0,0.0,33.0,0.0,199.0,0.0,0.0,0.0,1195.0,2.0,0.0,0.0,170.0,0.0,0.0,0.0,35.0,19.0,2.0,3.0,2.0
ctx-rh-medialorbitofrontal,0.0,3.0,0.0,0.0,0.0,0.0,0.0,0.0,0.0,2.0,0.0,0.0,4.0,0.0,11.0,0.0,0.0,0.0,1.0,1.0,2.0,0.0,0.0,0.0,0.0,0.0,33.0,17.0,17.0,0.0,0.0,0.0,0.0,0.0,0.0,29.0,0.0,0.0,0.0,346.0,0.0,0.0,0.0,29.0,0.0,0.0,907.0,0.0,1892.0,1.0,0.0,0.0,1.0,58.0,31.0,0.0,0.0,1.0,2.0,0.0,387.0,528.0,211.0,0.0,0.0,0.0,0.0,0.0
ctx-rh-middletemporal,1.0,0.0,0.0,4.0,0.0,0.0,3.0,5.0,4.0,0.0,6.0,3.0,0.0,3.0,0.0,4.0,0.0,0.0,0.0,0.0,0.0,3.0,2.0,1.0,0.0,10.0,0.0,0.0,0.0,11.0,2.0,1.0,0.0,1.0,493.0,0.0,1.0,8.0,9.0,0.0,193.0,583.0,1626.0,125.0,7.0,151.0,11.0,33.0,1.0,2878.0,0.0,11.0,1.0,2.0,0.0,13.0,3.0,1.0,3.0,41.0,0.0,0.0,1.0,57.0,1087.0,38.0,129.0,17.0
ctx-rh-paracentral,1.0,9.0,9.0,0.0,0.0,0.0,2.0,0.0,1.0,4.0,4.0,0.0,0.0,0.0,0.0,0.0,51.0,2.0,3.0,0.0,0.0,0.0,16.0,68.0,48.0,25.0,0.0,0.0,46.0,15.0,2.0,1.0,0.0,1.0,0.0,20.0,8.0,0.0,0.0,0.0,0.0,5.0,0.0,1.0,15.0,0.0,0.0,0.0,0.0,0.0,1582.0,0.0,3.0,0.0,0.0,0.0,524.0,390.0,744.0,245.0,1.0,3.0,467.0,123.0,1.0,12.0,0.0,1.0
ctx-rh-parahippocampal,0.0,0.0,0.0,0.0,0.0,0.0,1.0,1.0,2.0,0.0,0.0,2.0,0.0,1.0,0.0,2.0,0.0,1.0,0.0,0.0,0.0,2.0,0.0,0.0,0.0,2.0,0.0,0.0,0.0,2.0,1.0,0.0,0.0,1.0,0.0,0.0,0.0,13.0,116.0,0.0,175.0,3.0,54.0,1.0,59.0,7.0,0.0,199.0,0.0,11.0,0.0,598.0,0.0,0.0,0.0,4.0,0.0,0.0,0.0,25.0,0.0,0.0,0.0,3.0,10.0,1.0,1.0,0.0
ctx-rh-parsopercularis,0.0,8.0,7.0,0.0,0.0,0.0,0.0,0.0,0.0,0.0,0.0,0.0,2.0,0.0,0.0,0.0,2.0,0.0,2.0,0.0,0.0,0.0,0.0,2.0,3.0,0.0,2.0,8.0,51.0,1.0,0.0,0.0,0.0,0.0,1.0,30.0,266.0,0.0,0.0,0.0,0.0,14.0,0.0,243.0,0.0,0.0,5.0,0.0,1.0,1.0,3.0,0.0,1630.0,7.0,476.0,0.0,64.0,2.0,558.0,2.0,2.0,450.0,120.0,16.0,2.0,30.0,0.0,1.0
ctx-rh-parsorbitalis,0.0,2.0,1.0,0.0,0.0,0.0,0.0,0.0,0.0,0.0,0.0,0.0,1.0,0.0,1.0,0.0,0.0,0.0,0.0,0.0,1.0,0.0,0.0,0.0,0.0,0.0,3.0,3.0,8.0,0.0,0.0,0.0,0.0,0.0,0.0,7.0,1.0,0.0,0.0,16.0,0.0,0.0,2.0,36.0,0.0,0.0,547.0,0.0,58.0,2.0,0.0,0.0,7.0,475.0,495.0,0.0,1.0,0.0,0.0,0.0,16.0,443.0,43.0,2.0,1.0,0.0,0.0,0.0
ctx-rh-parstriangularis,0.0,10.0,1.0,0.0,0.0,0.0,0.0,0.0,0.0,3.0,0.0,0.0,0.0,0.0,3.0,0.0,1.0,0.0,0.0,0.0,2.0,0.0,0.0,1.0,0.0,0.0,12.0,14.0,22.0,0.0,0.0,0.0,0.0,0.0,0.0,24.0,35.0,0.0,0.0,3.0,0.0,2.0,0.0,209.0,0.0,0.0,225.0,0.0,31.0,0.0,0.0,0.0,476.0,495.0,1690.0,0.0,6.0,2.0,30.0,1.0,32.0,1076.0,128.0,1.0,1.0,1.0,0.0,0.0
ctx-rh-pericalcarine,1.0,0.0,0.0,17.0,0.0,0.0,4.0,1.0,6.0,0.0,4.0,3.0,0.0,26.0,0.0,4.0,1.0,3.0,0.0,0.0,0.0,17.0,0.0,1.0,0.0,11.0,0.0,0.0,0.0,10.0,1.0,1.0,0.0,1.0,1.0,0.0,0.0,1718.0,1.0,0.0,133.0,10.0,26.0,5.0,14.0,1077.0,0.0,1195.0,0.0,13.0,0.0,4.0,0.0,0.0,0.0,1127.0,1.0,0.0,0.0,127.0,0.0,0.0,0.0,46.0,3.0,1.0,0.0,1.0
ctx-rh-postcentral,0.0,0.0,2.0,2.0,0.0,0.0,0.0,1.0,1.0,1.0,8.0,1.0,0.0,1.0,0.0,0.0,24.0,0.0,0.0,0.0,0.0,1.0,13.0,23.0,12.0,28.0,1.0,2.0,22.0,26.0,0.0,2.0,0.0,1.0,15.0,4.0,32.0,0.0,0.0,0.0,1.0,116.0,4.0,231.0,4.0,2.0,2.0,2.0,0.0,3.0,524.0,0.0,64.0,1.0,6.0,1.0,4255.0,53.0,2093.0,122.0,0.0,18.0,39.0,706.0,24.0,1544.0,0.0,10.0
ctx-rh-posteriorcingulate,2.0,27.0,16.0,0.0,0.0,0.0,0.0,2.0,3.0,5.0,14.0,0.0,0.0,0.0,1.0,1.0,61.0,0.0,5.0,0.0,0.0,0.0,23.0,130.0,66.0,35.0,2.0,4.0,103.0,29.0,4.0,6.0,0.0,0.0,2.0,318.0,10.0,0.0,0.0,0.0,0.0,2.0,0.0,8.0,222.0,0.0,0.0,0.0,1.0,1.0,390.0,0.0,2.0,0.0,2.0,0.0,53.0,1107.0,92.0,368.0,6.0,8.0,424.0,52.0,5.0,2.0,0.0,2.0
ctx-rh-precentral,0.0,27.0,29.0,0.0,0.0,0.0,0.0,2.0,1.0,5.0,4.0,0.0,0.0,0.0,1.0,1.0,66.0,0.0,2.0,0.0,6.0,0.0,15.0,65.0,82.0,12.0,4.0,13.0,141.0,18.0,1.0,5.0,0.0,0.0,7.0,15.0,1106.0,3.0,0.0,0.0,1.0,52.0,2.0,263.0,5.0,1.0,0.0,0.0,2.0,3.0,744.0,0.0,558.0,0.0,30.0,0.0,2093.0,92.0,7333.0,42.0,3.0,108.0,999.0,269.0,15.0,322.0,0.0,6.0
ctx-rh-precuneus,17.0,5.0,4.0,24.0,3.0,0.0,41.0,42.0,48.0,15.0,115.0,57.0,1.0,32.0,0.0,17.0,32.0,6.0,1.0,0.0,0.0,17.0,28.0,65.0,16.0,220.0,0.0,0.0,9.0,118.0,28.0,14.0,0.0,16.0,25.0,7.0,2.0,399.0,0.0,0.0,37.0,182.0,33.0,29.0,1072.0,128.0,0.0,170.0,0.0,41.0,245.0,25.0,2.0,0.0,1.0,127.0,122.0,368.0,42.0,4631.0,1.0,2.0,17.0,1964.0,65.0,41.0,1.0,21.0
ctx-rh-rostralanteriorcingulate,0.0,25.0,3.0,0.0,0.0,1.0,1.0,0.0,0.0,5.0,0.0,0.0,13.0,0.0,28.0,0.0,0.0,0.0,1.0,1.0,16.0,0.0,0.0,3.0,1.0,0.0,157.0,42.0,76.0,0.0,0.0,0.0,0.0,0.0,0.0,278.0,3.0,0.0,0.0,7.0,0.0,0.0,0.0,5.0,0.0,0.0,43.0,0.0,387.0,0.0,1.0,0.0,2.0,16.0,32.0,0.0,0.0,6.0,3.0,1.0,740.0,170.0,312.0,1.0,0.0,0.0,0.0,0.0
ctx-rh-rostralmiddlefrontal,0.0,45.0,15.0,0.0,0.0,0.0,0.0,0.0,0.0,11.0,0.0,0.0,10.0,0.0,10.0,0.0,2.0,0.0,8.0,3.0,15.0,0.0,1.0,2.0,6.0,0.0,53.0,54.0,138.0,0.0,0.0,0.0,0.0,0.0,0.0,166.0,917.0,0.0,0.0,208.0,0.0,2.0,1.0,143.0,0.0,0.0,428.0,0.0,528.0,0.0,3.0,0.0,450.0,443.0,1076.0,0.0,18.0,8.0,108.0,2.0,170.0,5420.0,2256.0,1.0,3.0,3.0,0.0,0.0
ctx-rh-superiorfrontal,0.0,196.0,87.0,0.0,0.0,1.0,0.0,1.0,0.0,20.0,4.0,0.0,11.0,0.0,21.0,0.0,52.0,0.0,22.0,4.0,29.0,0.0,16.0,64.0,92.0,12.0,66.0,137.0,483.0,6.0,0.0,5.0,0.0,0.0,0.0,748.0,796.0,0.0,0.0,74.0,0.0,1.0,0.0,52.0,7.0,0.0,66.0,0.0,211.0,1.0,467.0,0.0,120.0,43.0,128.0,0.0,39.0,424.0,999.0,17.0,312.0,2256.0,8901.0,20.0,2.0,2.0,0.0,1.0
ctx-rh-superiorparietal,3.0,2.0,2.0,14.0,0.0,0.0,20.0,13.0,19.0,10.0,42.0,15.0,0.0,23.0,0.0,9.0,19.0,4.0,0.0,0.0,0.0,14.0,24.0,42.0,19.0,115.0,0.0,1.0,6.0,66.0,23.0,8.0,1.0,4.0,40.0,1.0,8.0,666.0,1.0,0.0,40.0,1319.0,46.0,88.0,84.0,809.0,1.0,35.0,0.0,57.0,123.0,3.0,16.0,2.0,1.0,46.0,706.0,52.0,269.0,1964.0,1.0,1.0,20.0,6284.0,89.0,438.0,1.0,23.0
ctx-rh-superiortemporal,2.0,0.0,0.0,2.0,0.0,0.0,2.0,9.0,9.0,2.0,13.0,6.0,0.0,3.0,0.0,3.0,1.0,0.0,0.0,0.0,0.0,0.0,4.0,10.0,1.0,25.0,0.0,0.0,0.0,18.0,2.0,3.0,0.0,1.0,850.0,0.0,0.0,9.0,13.0,0.0,95.0,129.0,347.0,301.0,12.0,25.0,15.0,19.0,0.0,1087.0,1.0,10.0,2.0,1.0,1.0,3.0,24.0,5.0,15.0,65.0,0.0,3.0,2.0,89.0,5049.0,342.0,121.0,737.0
ctx-rh-supramarginal,0.0,0.0,2.0,0.0,1.0,0.0,2.0,3.0,2.0,3.0,6.0,1.0,0.0,4.0,0.0,2.0,1.0,0.0,0.0,0.0,0.0,3.0,3.0,2.0,3.0,14.0,0.0,0.0,6.0,8.0,2.0,1.0,0.0,0.0,401.0,4.0,12.0,1.0,0.0,0.0,8.0,1322.0,25.0,322.0,2.0,7.0,0.0,2.0,0.0,38.0,12.0,1.0,30.0,0.0,1.0,1.0,1544.0,2.0,322.0,41.0,0.0,3.0,2.0,438.0,342.0,5159.0,1.0,42.0
ctx-rh-temporalpole,0.0,0.0,0.0,0.0,0.0,0.0,0.0,0.0,0.0,0.0,0.0,1.0,0.0,0.0,0.0,0.0,0.0,0.0,0.0,0.0,0.0,0.0,0.0,0.0,0.0,0.0,0.0,0.0,0.0,1.0,0.0,0.0,0.0,0.0,0.0,0.0,0.0,0.0,220.0,0.0,125.0,1.0,221.0,26.0,0.0,0.0,2.0,3.0,0.0,129.0,0.0,1.0,0.0,0.0,0.0,0.0,0.0,0.0,0.0,1.0,0.0,0.0,0.0,1.0,121.0,1.0,335.0,0.0
ctx-rh-transversetemporal,0.0,0.0,0.0,0.0,0.0,0.0,0.0,1.0,2.0,1.0,3.0,4.0,0.0,0.0,0.0,0.0,1.0,0.0,0.0,0.0,0.0,0.0,2.0,3.0,2.0,9.0,0.0,0.0,0.0,3.0,5.0,3.0,0.0,1.0,25.0,0.0,1.0,2.0,0.0,0.0,1.0,24.0,8.0,57.0,7.0,3.0,1.0,2.0,0.0,17.0,1.0,0.0,1.0,0.0,0.0,1.0,10.0,2.0,6.0,21.0,0.0,0.0,1.0,23.0,737.0,42.0,0.0,254.0
