,ctx-lh-bankssts,ctx-lh-caudalanteriorcingulate,ctx-lh-caudalmiddlefrontal,ctx-lh-cuneus,ctx-lh-entorhinal,ctx-lh-frontalpole,ctx-lh-fusiform,ctx-lh-inferiorparietal,ctx-lh-inferiortemporal,ctx-lh-insula,ctx-lh-isthmuscingulate,ctx-lh-lateraloccipital,ctx-lh-lateralorbitofrontal,ctx-lh-lingual,ctx-lh-medialorbitofrontal,ctx-lh-middletemporal,ctx-lh-paracentral,ctx-lh-parahippocampal,ctx-lh-parsopercularis,ctx-lh-parsorbitalis,ctx-lh-parstriangularis,ctx-lh-pericalcarine,ctx-lh-postcentral,ctx-lh-posteriorcingulate,ctx-lh-precentral,ctx-lh-precuneus,ctx-lh-rostralanteriorcingulate,ctx-lh-rostralmiddlefrontal,ctx-lh-superiorfrontal,ctx-lh-superiorparietal,ctx-lh-superiortemporal,ctx-lh-supramarginal,ctx-lh-temporalpole,ctx-lh-transversetemporal,ctx-rh-bankssts,ctx-rh-caudalanteriorcingulate,ctx-rh-caudalmiddlefrontal,ctx-rh-cuneus,ctx-rh-entorhinal,ctx-rh-frontalpole,ctx-rh-fusiform,ctx-rh-inferiorparietal,ctx-rh-inferiortemporal,ctx-rh-insula,ctx-rh-isthmuscingulate,ctx-rh-lateraloccipital,ctx-rh-lateralorbitofrontal,ctx-rh-lingual,ctx-rh-medialorbitofrontal,ctx-rh-middletemporal,ctx-rh-paracentral,ctx-rh-parahippocampal,ctx-rh-parsopercularis,ctx-rh-parsorbitalis,ctx-rh-parstriangularis,ctx-rh-pericalcarine,ctx-rh-postcentral,ctx-rh-posteriorcingulate,ctx-rh-precentral,ctx-rh-precuneus,ctx-rh-rostralanteriorcingulate,ctx-rh-rostralmiddlefrontal,ctx-rh-superiorfrontal,ctx-rh-superiorparietal,ctx-rh-superiortemporal,ctx-rh-supramarginal,ctx-rh-temporalpole,ctx-rh-transversetemporal
ctx-lh-bankssts,828.0,0.0,1.0,0.0,4.0,0.0,104.0,441.0,480.0,26.0,7.0,22.0,1.0,12.0,0.0,800.0,2.0,8.0,0.0,1.0,1.0,0.0,31.0,5.0,19.0,10.0,0.0,0.0,1.0,38.0,820.0,170.0,3.0,31.0,0.0,0.0,0.0,1.0,0.0,0.0,0.0,1.0,0.0,0.0,1.0,0.0,0.0,1.0,0.0,0.0,0.0,0.0,0.0,0.0,0.0,0.0,0.0,1.0,1.0,2.0,0.0,0.0,0.0,2.0,0.0,0.0,0.0,0.0
ctx-lh-caudalanteriorcingulate,0.0,773.0,147.0,0.0,0.0,0.0,0.0,1.0,0.0,21.0,5.0,0.0,12.0,0.0,13.0,0.0,24.0,0.0,30.0,1.0,18.0,0.0,17.0,237.0,62.0,5.0,325.0,172.0,767.0,11.0,1.0,8.0,0.0,0.0,0.0,165.0,6.0,0.0,0.0,0.0,0.0,1.0,0.0,5.0,3.0,0.0,1.0,0.0,4.0,0.0,10.0,0.0,4.0,0.0,4.0,0.0,3.0,50.0,17.0,1.0,29.0,30.0,93.0,3.0,0.0,1.0,0.0,0.0
ctx-lh-caudalmiddlefrontal,1.0,147.0,3223.0,0.0,0.0,0.0,0.0,5.0,0.0,81.0,4.0,0.0,1.0,0.0,0.0,1.0,21.0,0.0,164.0,0.0,27.0,0.0,128.0,75.0,1062.0,4.0,2.0,941.0,1169.0,4.0,7.0,46.0,0.0,0.0,0.0,24.0,5.0,0.0,0.0,0.0,0.0,0.0,0.0,1.0,0.0,0.0,0.0,0.0,0.0,0.0,5.0,0.0,0.0,0.0,0.0,0.0,0.0,24.0,5.0,0.0,0.0,11.0,20.0,0.0,0.0,1.0,0.0,0.0
ctx-lh-cuneus,0.0,0.0,0.0,1702.0,0.0,0.0,17.0,51.0,6.0,0.0,20.0,497.0,0.0,126.0,0.0,4.0,0.0,1.0,0.0,0.0,0.0,1562.0,0.0,3.0,0.0,183.0,0.0,0.0,0.0,978.0,0.0,1.0,0.0,0.0,0.0,0.0,0.0,2.0,0.0,0.0,3.0,1.0,0.0,2.0,8.0,1.0,0.0,1.0,0.0,0.0,1.0,1.0,0.0,0.0,0.0,7.0,1.0,1.0,0.0,4.0,0.0,0.0,0.0,2.0,1.0,0.0,0.0,0.0
ctx-lh-entorhinal,4.0,0.0,0.0,0.0,549.0,0.0,317.0,2.0,34.0,7.0,0.0,4.0,2.0,3.0,0.0,21.0,0.0,219.0,0.0,0.0,0.0,0.0,0.0,0.0,0.0,0.0,0.0,0.0,0.0,1.0,24.0,2.0,207.0,1.0,0.0,0.0,0.0,0.0,0.0,0.0,0.0,0.0,0.0,0.0,0.0,0.0,0.0,0.0,0.0,0.0,0.0,0.0,0.0,0.0,0.0,0.0,0.0,0.0,0.0,0.0,0.0,0.0,0.0,0.0,0.0,0.0,0.0,1.0
ctx-lh-frontalpole,0.0,0.0,0.0,0.0,0.0,80.0,0.0,0.0,0.0,3.0,0.0,0.0,82.0,0.0,282.0,0.0,0.0,0.0,0.0,2.0,1.0,0.0,0.0,0.0,0.0,0.0,5.0,173.0,244.0,0.0,0.0,0.0,0.0,0.0,0.0,0.0,0.0,0.0,0.0,0.0,0.0,0.0,0.0,0.0,0.0,0.0,0.0,0.0,0.0,0.0,0.0,0.0,0.0,0.0,0.0,0.0,0.0,0.0,0.0,0.0,0.0,0.0,0.0,0.0,0.0,0.0,0.0,0.0
ctx-lh-fusiform,104.0,0.0,0.0,17.0,317.0,0.0,3018.0,239.0,1241.0,44.0,29.0,1418.0,1.0,871.0,0.0,289.0,0.0,269.0,1.0,0.0,0.0,90.0,7.0,4.0,4.0,31.0,0.0,0.0,0.0,63.0,180.0,25.0,174.0,11.0,0.0,0.0,0.0,0.0,0.0,0.0,0.0,3.0,2.0,0.0,8.0,0.0,0.0,3.0,0.0,2.0,0.0,0.0,0.0,0.0,0.0,1.0,2.0,3.0,1.0,5.0,0.0,0.0,0.0,2.0,1.0,0.0,0.0,0.0
ctx-lh-inferiorparietal,441.0,1.0,5.0,51.0,2.0,0.0,239.0,5659.0,398.0,44.0,113.0,1277.0,0.0,68.0,0.0,422.0,5.0,14.0,0.0,0.0,0.0,74.0,100.0,49.0,45.0,419.0,0.0,1.0,5.0,1377.0,203.0,1090.0,1.0,16.0,0.0,0.0,0.0,3.0,1.0,0.0,2.0,12.0,2.0,2.0,38.0,3.0,0.0,8.0,0.0,0.0,2.0,3.0,0.0,0.0,0.0,5.0,1.0,8.0,2.0,28.0,0.0,0.0,0.0,9.0,0.0,2.0,0.0,1.0
ctx-lh-inferiortemporal,480.0,0.0,0.0,6.0,34.0,0.0,1241.0,398.0,2973.0,50.0,19.0,342.0,2.0,120.0,1.0,2520.0,3.0,45.0,1.0,0.0,1.0,10.0,13.0,6.0,8.0,26.0,0.0,1.0,1.0,34.0,324.0,41.0,107.0,22.0,0.0,0.0,0.0,0.0,0.0,0.0,1.0,4.0,0.0,0.0,11.0,0.0,0.0,2.0,0.0,0.0,1.0,1.0,0.0,0.0,0.0,2.0,0.0,3.0,1.0,4.0,0.0,0.0,0.0,2.0,0.0,0.0,0.0,0.0
ctx-lh-insula,26.0,21.0,81.0,0.0,7.0,3.0,44.0,44.0,50.0,2089.0,9.0,1.0,506.0,2.0,22.0,76.0,20.0,1.0,301.0,31.0,148.0,0.0,401.0,43.0,479.0,21.0,14.0,250.0,114.0,57.0,249.0,307.0,35.0,133.0,0.0,6.0,1.0,0.0,0.0,0.0,0.0,3.0,0.0,0.0,11.0,0.0,0.0,0.0,0.0,0.0,1.0,0.0,0.0,0.0,0.0,1.0,1.0,7.0,2.0,0.0,0.0,0.0,2.0,5.0,0.0,1.0,0.0,0.0
ctx-lh-isthmuscingulate,7.0,5.0,4.0,20.0,0.0,0.0,29.0,113.0,19.0,9.0,717.0,34.0,0.0,108.0,0.0,11.0,10.0,82.0,0.0,0.0,0.0,39.0,22.0,480.0,6.0,881.0,0.0,0.0,6.0,216.0,13.0,26.0,0.0,6.0,4.0,0.0,1.0,2.0,0.0,0.0,8.0,24.0,3.0,5.0,81.0,4.0,0.0,21.0,0.0,5.0,10.0,9.0,0.0,0.0,0.0,10.0,5.0,29.0,9.0,78.0,0.0,0.0,1.0,21.0,7.0,5.0,0.0,3.0
ctx-lh-lateraloccipital,22.0,0.0,0.0,497.0,4.0,0.0,1418.0,1277.0,342.0,1.0,34.0,7550.0,0.0,871.0,0.0,98.0,1.0,8.0,0.0,0.0,0.0,1221.0,3.0,13.0,1.0,117.0,0.0,1.0,0.0,694.0,8.0,6.0,1.0,2.0,0.0,0.0,0.0,0.0,0.0,0.0,1.0,5.0,1.0,0.0,19.0,2.0,0.0,3.0,0.0,2.0,1.0,5.0,0.0,0.0,0.0,4.0,1.0,2.0,3.0,11.0,0.0,0.0,0.0,4.0,0.0,0.0,0.0,0.0
ctx-lh-lateralorbitofrontal,1.0,12.0,1.0,0.0,2.0,82.0,1.0,0.0,2.0,506.0,0.0,0.0,3460.0,0.0,1954.0,7.0,0.0,0.0,12.0,572.0,336.0,0.0,0.0,0.0,2.0,1.0,229.0,1129.0,198.0,1.0,11.0,0.0,5.0,0.0,0.0,4.0,0.0,0.0,0.0,0.0,0.0,0.0,0.0,0.0,0.0,0.0,0.0,0.0,0.0,0.0,0.0,0.0,0.0,0.0,0.0,0.0,0.0,0.0,0.0,0.0,1.0,3.0,1.0,0.0,0.0,0.0,0.0,0.0
ctx-lh-lingual,12.0,0.0,0.0,126.0,3.0,0.0,871.0,68.0,120.0,2.0,108.0,871.0,0.0,5218.0,0.0,21.0,1.0,194.0,0.0,0.0,0.0,1258.0,3.0,5.0,1.0,127.0,0.0,0.0,0.0,78.0,11.0,6.0,2.0,1.0,0.0,0.0,0.0,2.0,0.0,0.0,1.0,1.0,1.0,0.0,17.0,3.0,0.0,7.0,0.0,1.0,0.0,5.0,0.0,0.0,0.0,3.0,0.0,2.0,0.0,16.0,0.0,0.0,0.0,6.0,1.0,0.0,0.0,1.0
ctx-lh-medialorbitofrontal,0.0,13.0,0.0,0.0,0.0,282.0,0.0,0.0,1.0,22.0,0.0,0.0,1954.0,0.0,2144.0,1.0,0.0,0.0,0.0,20.0,18.0,0.0,0.0,1.0,0.0,0.0,682.0,608.0,401.0,0.0,0.0,0.0,0.0,0.0,0.0,6.0,0.0,0.0,0.0,0.0,0.0,0.0,0.0,0.0,0.0,0.0,0.0,0.0,1.0,0.0,0.0,0.0,0.0,0.0,0.0,0.0,0.0,0.0,0.0,0.0,5.0,1.0,0.0,0.0,0.0,0.0,0.0,0.0
ctx-lh-middletemporal,800.0,0.0,1.0,4.0,21.0,0.0,289.0,422.0,2520.0,76.0,11.0,98.0,7.0,21.0,1.0,3150.0,0.0,7.0,0.0,0.0,0.0,5.0,10.0,7.0,7.0,22.0,0.0,1.0,2.0,36.0,745.0,49.0,147.0,45.0,0.0,0.0,0.0,0.0,0.0,0.0,0.0,1.0,0.0,0.0,2.0,0.0,0.0,0.0,0.0,0.0,0.0,0.0,0.0,0.0,0.0,0.0,1.0,0.0,0.0,3.0,0.0,0.0,0.0,3.0,0.0,1.0,0.0,0.0
ctx-lh-paracentral,2.0,24.0,21.0,0.0,0.0,0.0,0.0,5.0,3.0,20.0,10.0,1.0,0.0,1.0,0.0,0.0,1674.0,0.0,5.0,0.0,1.0,0.0,850.0,218.0,1713.0,108.0,0.0,2.0,396.0,192.0,0.0,15.0,0.0,0.0,0.0,2.0,0.0,0.0,0.0,0.0,0.0,0.0,1.0,0.0,6.0,0.0,0.0,0.0,0.0,0.0,1.0,0.0,0.0,0.0,0.0,0.0,1.0,17.0,2.0,2.0,0.0,0.0,2.0,0.0,0.0,1.0,0.0,0.0
ctx-lh-parahippocampal,8.0,0.0,0.0,1.0,219.0,0.0,269.0,14.0,45.0,1.0,82.0,8.0,0.0,194.0,0.0,7.0,0.0,447.0,0.0,0.0,0.0,6.0,1.0,0.0,0.0,19.0,0.0,0.0,0.0,4.0,4.0,1.0,0.0,0.0,0.0,0.0,0.0,1.0,0.0,0.0,0.0,0.0,1.0,0.0,3.0,0.0,0.0,1.0,0.0,0.0,0.0,2.0,0.0,0.0,0.0,1.0,0.0,0.0,1.0,0.0,0.0,0.0,0.0,1.0,0.0,1.0,0.0,0.0
ctx-lh-parsopercularis,0.0,30.0,164.0,0.0,0.0,0.0,1.0,0.0,1.0,301.0,0.0,0.0,12.0,0.0,0.0,0.0,5.0,0.0,1375.0,1.0,316.0,0.0,62.0,0.0,666.0,1.0,4.0,606.0,109.0,3.0,1.0,20.0,0.0,0.0,0.0,5.0,1.0,0.0,0.0,0.0,0.0,0.0,0.0,0.0,0.0,0.0,0.0,0.0,0.0,0.0,1.0,0.0,0.0,0.0,0.0,0.0,0.0,4.0,0.0,0.0,0.0,4.0,4.0,0.0,0.0,0.0,0.0,0.0
ctx-lh-parsorbitalis,1.0,1.0,0.0,0.0,0.0,2.0,0.0,0.0,0.0,31.0,0.0,0.0,572.0,0.0,20.0,0.0,0.0,0.0,1.0,636.0,312.0,0.0,0.0,0.0,0.0,0.0,11.0,494.0,30.0,0.0,0.0,0.0,0.0,0.0,0.0,1.0,0.0,0.0,0.0,0.0,0.0,0.0,0.0,0.0,0.0,0.0,0.0,0.0,0.0,0.0,0.0,0.0,0.0,0.0,0.0,0.0,0.0,0.0,0.0,0.0,0.0,1.0,0.0,0.0,0.0,0.0,0.0,0.0
ctx-lh-parstriangularis,1.0,18.0,27.0,0.0,0.0,1.0,0.0,0.0,1.0,148.0,0.0,0.0,336.0,0.0,18.0,0.0,1.0,0.0,316.0,312.0,1171.0,0.0,1.0,3.0,17.0,0.0,29.0,1062.0,78.0,0.0,0.0,1.0,0.0,0.0,0.0,3.0,0.0,0.0,0.0,0.0,0.0,0.0,0.0,0.0,0.0,0.0,0.0,0.0,0.0,0.0,0.0,0.0,0.0,0.0,0.0,0.0,0.0,0.0,0.0,0.0,1.0,1.0,0.0,0.0,0.0,0.0,0.0,0.0
ctx-lh-pericalcarine,0.0,0.0,0.0,1562.0,0.0,0.0,90.0,74.0,10.0,0.0,39.0,1221.0,0.0,1258.0,0.0,5.0,0.0,6.0,0.0,0.0,0.0,1404.0,1.0,3.0,0.0,162.0,0.0,0.0,0.0,347.0,3.0,1.0,0.0,0.0,0.0,0.0,0.0,6.0,0.0,0.0,3.0,3.0,0.0,0.0,6.0,2.0,0.0,7.0,0.0,0.0,1.0,2.0,0.0,0.0,0.0,6.0,0.0,3.0,0.0,10.0,0.0,0.0,0.0,5.0,1.0,1.0,0.0,0.0
ctx-lh-postcentral,31.0,17.0,128.0,0.0,0.0,0.0,7.0,100.0,13.0,401.0,22.0,3.0,0.0,3.0,0.0,10.0,850.0,1.0,62.0,0.0,1.0,1.0,7586.0,151.0,2199.0,153.0,0.0,25.0,96.0,776.0,62.0,1332.0,0.0,9.0,0.0,3.0,0.0,0.0,0.0,0.0,0.0,2.0,1.0,0.0,13.0,0.0,0.0,1.0,0.0,0.0,3.0,0.0,0.0,0.0,0.0,1.0,2.0,17.0,4.0,7.0,0.0,0.0,4.0,3.0,0.0,4.0,0.0,0.0
ctx-lh-posteriorcingulate,5.0,237.0,75.0,3.0,0.0,0.0,4.0,49.0,6.0,43.0,480.0,13.0,0.0,5.0,1.0,7.0,218.0,0.0,0.0,0.0,3.0,3.0,151.0,1296.0,197.0,564.0,4.0,15.0,327.0,264.0,12.0,44.0,1.0,7.0,0.0,14.0,11.0,1.0,0.0,0.0,2.0,12.0,4.0,3.0,41.0,1.0,0.0,8.0,0.0,2.0,18.0,0.0,0.0,0.0,0.0,1.0,6.0,139.0,20.0,19.0,0.0,5.0,42.0,25.0,2.0,5.0,0.0,1.0
ctx-lh-precentral,19.0,62.0,1062.0,0.0,0.0,0.0,4.0,45.0,8.0,479.0,6.0,1.0,2.0,1.0,0.0,7.0,1713.0,0.0,666.0,0.0,17.0,0.0,2199.0,197.0,7715.0,38.0,1.0,177.0,1006.0,135.0,27.0,345.0,0.0,8.0,0.0,5.0,4.0,2.0,0.0,0.0,1.0,3.0,0.0,0.0,14.0,0.0,0.0,0.0,0.0,0.0,9.0,0.0,0.0,0.0,0.0,0.0,2.0,26.0,9.0,1.0,0.0,4.0,11.0,1.0,1.0,1.0,0.0,0.0
ctx-lh-precuneus,10.0,5.0,4.0,183.0,0.0,0.0,31.0,419.0,26.0,21.0,881.0,117.0,1.0,127.0,0.0,22.0,108.0,19.0,1.0,0.0,0.0,162.0,153.0,564.0,38.0,4060.0,0.0,0.0,11.0,2970.0,18.0,44.0,1.0,6.0,1.0,0.0,1.0,4.0,0.0,0.0,6.0,23.0,7.0,0.0,70.0,6.0,0.0,25.0,0.0,2.0,3.0,7.0,0.0,0.0,0.0,10.0,4.0,14.0,2.0,53.0,0.0,0.0,1.0,16.0,4.0,6.0,0.0,0.0
ctx-lh-rostralanteriorcingulate,0.0,325.0,2.0,0.0,0.0,5.0,0.0,0.0,0.0,14.0,0.0,0.0,229.0,0.0,682.0,0.0,0.0,0.0,4.0,11.0,29.0,0.0,0.0,4.0,1.0,0.0,1319.0,131.0,401.0,0.0,2.0,0.0,1.0,0.0,0.0,52.0,0.0,0.0,0.0,0.0,0.0,0.0,0.0,0.0,0.0,0.0,5.0,0.0,16.0,0.0,0.0,0.0,0.0,0.0,0.0,0.0,0.0,1.0,0.0,0.0,65.0,8.0,21.0,0.0,0.0,0.0,0.0,0.0
ctx-lh-rostralmiddlefrontal,0.0,172.0,941.0,0.0,0.0,173.0,0.0,1.0,1.0,250.0,0.0,1.0,1129.0,0.0,608.0,1.0,2.0,0.0,606.0,494.0,1062.0,0.0,25.0,15.0,177.0,0.0,131.0,8159.0,2570.0,2.0,1.0,13.0,0.0,0.0,0.0,40.0,1.0,0.0,0.0,0.0,0.0,0.0,0.0,1.0,0.0,0.0,0.0,0.0,0.0,0.0,2.0,0.0,0.0,0.0,0.0,0.0,0.0,1.0,0.0,0.0,6.0,5.0,19.0,0.0,1.0,0.0,0.0,0.0
ctx-lh-superiorfrontal,1.0,767.0,1169.0,0.0,0.0,244.0,0.0,5.0,1.0,114.0,6.0,0.0,198.0,0.0,401.0,2.0,396.0,0.0,109.0,30.0,78.0,0.0,96.0,327.0,1006.0,11.0,401.0,2570.0,11843.0,18.0,2.0,19.0,0.0,0.0,0.0,122.0,10.0,0.0,0.0,0.0,0.0,0.0,0.0,2.0,2.0,1.0,1.0,0.0,1.0,0.0,11.0,0.0,3.0,0.0,1.0,0.0,2.0,45.0,5.0,7.0,14.0,25.0,87.0,2.0,0.0,1.0,0.0,0.0
ctx-lh-superiorparietal,38.0,11.0,4.0,978.0,1.0,0.0,63.0,1377.0,34.0,57.0,216.0,694.0,1.0,78.0,0.0,36.0,192.0,4.0,3.0,0.0,0.0,347.0,776.0,264.0,135.0,2970.0,0.0,2.0,18.0,5595.0,59.0,413.0,1.0,22.0,2.0,0.0,0.0,0.0,0.0,0.0,2.0,11.0,4.0,3.0,43.0,3.0,0.0,7.0,0.0,2.0,4.0,2.0,0.0,0.0,0.0,4.0,6.0,17.0,2.0,30.0,0.0,0.0,4.0,16.0,3.0,5.0,0.0,0.0
ctx-lh-superiortemporal,820.0,1.0,7.0,0.0,24.0,0.0,180.0,203.0,324.0,249.0,13.0,8.0,11.0,11.0,0.0,745.0,0.0,4.0,1.0,0.0,0.0,3.0,62.0,12.0,27.0,18.0,2.0,1.0,2.0,59.0,5703.0,484.0,327.0,827.0,0.0,0.0,0.0,1.0,0.0,0.0,0.0,4.0,0.0,0.0,2.0,1.0,0.0,2.0,0.0,1.0,1.0,0.0,0.0,0.0,0.0,1.0,0.0,4.0,0.0,2.0,0.0,0.0,0.0,1.0,0.0,1.0,0.0,0.0
ctx-lh-supramarginal,170.0,8.0,46.0,1.0,2.0,0.0,25.0,1090.0,41.0,307.0,26.0,6.0,0.0,6.0,0.0,49.0,15.0,1.0,20.0,0.0,1.0,1.0,1332.0,44.0,345.0,44.0,0.0,13.0,19.0,413.0,484.0,5613.0,1.0,50.0,0.0,0.0,2.0,0.0,0.0,0.0,1.0,2.0,1.0,4.0,16.0,1.0,0.0,1.0,0.0,0.0,0.0,0.0,0.0,0.0,0.0,0.0,2.0,4.0,1.0,4.0,0.0,0.0,1.0,5.0,1.0,0.0,0.0,0.0
ctx-lh-temporalpole,3.0,0.0,0.0,0.0,207.0,0.0,174.0,1.0,107.0,35.0,0.0,1.0,5.0,2.0,0.0,147.0,0.0,0.0,0.0,0.0,0.0,0.0,0.0,1.0,0.0,1.0,1.0,0.0,0.0,1.0,327.0,1.0,547.0,0.0,0.0,0.0,0.0,0.0,0.0,0.0,0.0,0.0,0.0,0.0,0.0,0.0,0.0,0.0,0.0,0.0,0.0,0.0,0.0,0.0,0.0,0.0,0.0,0.0,0.0,0.0,0.0,0.0,0.0,0.0,0.0,0.0,0.0,0.0
ctx-lh-transversetemporal,31.0,0.0,0.0,0.0,1.0,0.0,11.0,16.0,22.0,133.0,6.0,2.0,0.0,1.0,0.0,45.0,0.0,0.0,0.0,0.0,0.0,0.0,9.0,7.0,8.0,6.0,0.0,0.0,0.0,22.0,827.0,50.0,0.0,502.0,0.0,0.0,0.0,0.0,0.0,0.0,0.0,1.0,0.0,0.0,0.0,0.0,0.0,0.0,0.0,0.0,0.0,0.0,0.0,0.0,0.0,0.0,0.0,1.0,1.0,0.0,0.0,0.0,0.0,1.0,0.0,0.0,0.0,0.0
ctx-rh-bankssts,0.0,0.0,0.0,0.0,0.0,0.0,0.0,0.0,0.0,0.0,4.0,0.0,0.0,0.0,0.0,0.0,0.0,0.0,0.0,0.0,0.0,0.0,0.0,0.0,0.0,1.0,0.0,0.0,0.0,2.0,0.0,0.0,0.0,0.0,740.0,0.0,2.0,1.0,0.0,0.0,35.0,409.0,183.0,34.0,10.0,15.0,0.0,16.0,0.0,918.0,2.0,3.0,3.0,0.0,0.0,7.0,19.0,9.0,25.0,13.0,0.0,1.0,1.0,16.0,851.0,381.0,1.0,37.0
ctx-rh-caudalanteriorcingulate,0.0,165.0,24.0,0.0,0.0,0.0,0.0,0.0,0.0,6.0,0.0,0.0,4.0,0.0,6.0,0.0,2.0,0.0,5.0,1.0,3.0,0.0,3.0,14.0,5.0,0.0,52.0,40.0,122.0,0.0,0.0,0.0,0.0,0.0,0.0,680.0,46.0,0.0,0.0,2.0,0.0,0.0,0.0,13.0,8.0,0.0,5.0,0.0,10.0,0.0,15.0,0.0,21.0,2.0,12.0,0.0,3.0,314.0,34.0,3.0,193.0,232.0,797.0,3.0,0.0,2.0,0.0,0.0
ctx-rh-caudalmiddlefrontal,0.0,6.0,5.0,0.0,0.0,0.0,0.0,0.0,0.0,1.0,1.0,0.0,0.0,0.0,0.0,0.0,0.0,0.0,1.0,0.0,0.0,0.0,0.0,11.0,4.0,1.0,0.0,1.0,10.0,0.0,0.0,2.0,0.0,0.0,2.0,46.0,2243.0,0.0,0.0,0.0,0.0,10.0,0.0,63.0,1.0,0.0,0.0,0.0,0.0,2.0,27.0,0.0,183.0,0.0,7.0,0.0,106.0,75.0,984.0,5.0,0.0,1210.0,771.0,14.0,3.0,61.0,0.0,3.0
ctx-rh-cuneus,1.0,0.0,0.0,2.0,0.0,0.0,0.0,3.0,0.0,0.0,2.0,0.0,0.0,2.0,0.0,0.0,0.0,1.0,0.0,0.0,0.0,6.0,0.0,1.0,2.0,4.0,0.0,0.0,0.0,0.0,1.0,0.0,0.0,0.0,1.0,0.0,0.0,1957.0,0.0,0.0,11.0,41.0,9.0,2.0,43.0,481.0,0.0,118.0,0.0,2.0,0.0,2.0,0.0,0.0,0.0,1683.0,2.0,1.0,1.0,473.0,0.0,0.0,0.0,872.0,0.0,2.0,0.0,0.0
ctx-rh-entorhinal,0.0,0.0,0.0,0.0,0.0,0.0,0.0,1.0,0.0,0.0,0.0,0.0,0.0,0.0,0.0,0.0,0.0,0.0,0.0,0.0,0.0,0.0,0.0,0.0,0.0,0.0,0.0,0.0,0.0,0.0,0.0,0.0,0.0,0.0,0.0,0.0,0.0,0.0,272.0,0.0,288.0,1.0,207.0,15.0,0.0,0.0,0.0,0.0,0.0,16.0,0.0,211.0,0.0,0.0,0.0,0.0,0.0,0.0,0.0,0.0,0.0,0.0,1.0,0.0,16.0,2.0,172.0,0.0
ctx-rh-frontalpole,0.0,0.0,0.0,0.0,0.0,0.0,0.0,0.0,0.0,0.0,0.0,0.0,0.0,0.0,0.0,0.0,0.0,0.0,0.0,0.0,0.0,0.0,0.0,0.0,0.0,0.0,0.0,0.0,0.0,0.0,0.0,0.0,0.0,0.0,0.0,2.0,0.0,0.0,0.0,106.0,0.0,0.0,0.0,1.0,0.0,0.0,133.0,0.0,390.0,0.0,0.0,0.0,0.0,4.0,2.0,0.0,0.0,0.0,0.0,0.0,5.0,262.0,227.0,0.0,0.0,0.0,0.0,0.0
ctx-rh-fusiform,0.0,0.0,0.0,3.0,0.0,0.0,0.0,2.0,1.0,0.0,8.0,1.0,0.0,1.0,0.0,0.0,0.0,0.0,0.0,0.0,0.0,3.0,0.0,2.0,1.0,6.0,0.0,0.0,0.0,2.0,0.0,1.0,0.0,0.0,35.0,0.0,0.0,11.0,288.0,0.0,3478.0,215.0,1317.0,86.0,32.0,1226.0,3.0,630.0,0.0,237.0,1.0,272.0,0.0,1.0,0.0,101.0,7.0,3.0,2.0,38.0,0.0,0.0,1.0,40.0,107.0,14.0,95.0,12.0
ctx-rh-inferiorparietal,1.0,1.0,0.0,1.0,0.0,0.0,3.0,12.0,4.0,3.0,24.0,5.0,0.0,1.0,0.0,1.0,0.0,0.0,0.0,0.0,0.0,3.0,2.0,12.0,3.0,23.0,0.0,0.0,0.0,11.0,4.0,2.0,0.0,1.0,409.0,0.0,10.0,41.0,1.0,0.0,215.0,8627.0,454.0,53.0,86.0,1055.0,1.0,93.0,0.0,698.0,13.0,8.0,10.0,0.0,0.0,87.0,207.0,40.0,126.0,267.0,0.0,14.0,8.0,1629.0,76.0,1652.0,1.0,8.0
ctx-rh-inferiortemporal,0.0,0.0,0.0,0.0,0.0,0.0,2.0,2.0,0.0,0.0,3.0,1.0,0.0,1.0,0.0,0.0,1.0,1.0,0.0,0.0,0.0,0.0,1.0,4.0,0.0,7.0,0.0,0.0,0.0,4.0,0.0,1.0,0.0,0.0,183.0,0.0,0.0,9.0,207.0,0.0,1317.0,454.0,3742.0,171.0,25.0,281.0,5.0,81.0,0.0,2194.0,3.0,32.0,1.0,0.0,0.0,16.0,13.0,8.0,6.0,27.0,0.0,1.0,1.0,37.0,421.0,35.0,191.0,16.0
ctx-rh-insula,0.0,5.0,1.0,2.0,0.0,0.0,0.0,2.0,0.0,0.0,5.0,0.0,0.0,0.0,0.0,0.0,0.0,0.0,0.0,0.0,0.0,0.0,0.0,3.0,0.0,0.0,0.0,1.0,2.0,3.0,0.0,4.0,0.0,0.0,34.0,13.0,63.0,2.0,15.0,1.0,86.0,53.0,171.0,1733.0,24.0,3.0,334.0,6.0,12.0,117.0,24.0,4.0,216.0,17.0,121.0,0.0,224.0,36.0,244.0,22.0,5.0,247.0,95.0,43.0,350.0,254.0,29.0,108.0
ctx-rh-isthmuscingulate,1.0,3.0,0.0,8.0,0.0,0.0,8.0,38.0,11.0,11.0,81.0,19.0,0.0,17.0,0.0,2.0,6.0,3.0,0.0,0.0,0.0,6.0,13.0,41.0,14.0,70.0,0.0,0.0,2.0,43.0,2.0,16.0,0.0,0.0,10.0,8.0,1.0,43.0,0.0,0.0,32.0,86.0,25.0,24.0,895.0,50.0,0.0,180.0,0.0,11.0,45.0,107.0,0.0,0.0,0.0,63.0,20.0,424.0,25.0,1119.0,1.0,1.0,12.0,143.0,14.0,18.0,0.0,1.0
ctx-rh-lateraloccipital,0.0,0.0,0.0,1.0,0.0,0.0,0.0,3.0,0.0,0.0,4.0,2.0,0.0,3.0,0.0,0.0,0.0,0.0,0.0,0.0,0.0,2.0,0.0,1.0,0.0,6.0,0.0,0.0,1.0,3.0,1.0,1.0,0.0,0.0,15.0,0.0,0.0,481.0,0.0,0.0,1226.0,1055.0,281.0,3.0,50.0,7302.0,0.0,736.0,0.0,70.0,0.0,9.0,0.0,0.0,0.0,1289.0,7.0,2.0,2.0,127.0,0.0,0.0,0.0,490.0,6.0,18.0,0.0,1.0
ctx-rh-lateralorbitofrontal,0.0,1.0,0.0,0.0,0.0,0.0,0.0,0.0,0.0,0.0,0.0,0.0,0.0,0.0,0.0,0.0,0.0,0.0,0.0,0.0,0.0,0.0,0.0,0.0,0.0,0.0,5.0,0.0,1.0,0.0,0.0,0.0,0.0,0.0,0.0,5.0,0.0,0.0,0.0,133.0,3.0,1.0,5.0,334.0,0.0,0.0,3574.0,0.0,1804.0,1.0,0.0,0.0,7.0,672.0,341.0,0.0,0.0,0.0,1.0,0.0,396.0,954.0,207.0,0.0,3.0,0.0,2.0,0.0
ctx-rh-lingual,1.0,0.0,0.0,1.0,0.0,0.0,3.0,8.0,2.0,0.0,21.0,3.0,0.0,7.0,0.0,0.0,0.0,1.0,0.0,0.0,0.0,7.0,1.0,8.0,0.0,25.0,0.0,0.0,0.0,7.0,2.0,1.0,0.0,0.0,16.0,0.0,0.0,118.0,0.0,0.0,630.0,93.0,81.0,6.0,180.0,736.0,0.0,4992.0,0.0,36.0,2.0,271.0,0.0,0.0,0.0,1569.0,4.0,9.0,2.0,209.0,0.0,0.0,2.0,71.0,12.0,7.0,0.0,2.0
ctx-rh-medialorbitofrontal,0.0,4.0,0.0,0.0,0.0,0.0,0.0,0.0,0.0,0.0,0.0,0.0,0.0,0.0,1.0,0.0,0.0,0.0,0.0,0.0,0.0,0.0,0.0,0.0,0.0,0.0,16.0,0.0,1.0,0.0,0.0,0.0,0.0,0.0,0.0,10.0,0.0,0.0,0.0,390.0,0.0,0.0,0.0,12.0,0.0,0.0,1804.0,0.0,1689.0,0.0,0.0,0.0,1.0,20.0,13.0,0.0,0.0,0.0,0.0,0.0,505.0,524.0,218.0,0.0,0.0,0.0,0.0,0.0
ctx-rh-middletemporal,0.0,0.0,0.0,0.0,0.0,0.0,2.0,0.0,0.0,0.0,5.0,2.0,0.0,1.0,0.0,0.0,0.0,0.0,0.0,0.0,0.0,0.0,0.0,2.0,0.0,2.0,0.0,0.0,0.0,2.0,1.0,0.0,0.0,0.0,918.0,0.0,2.0,2.0,16.0,0.0,237.0,698.0,2194.0,117.0,11.0,70.0,1.0,36.0,0.0,4525.0,4.0,5.0,1.0,0.0,0.0,15.0,21.0,11.0,16.0,22.0,0.0,0.0,1.0,34.0,785.0,64.0,109.0,14.0
ctx-rh-paracentral,0.0,10.0,5.0,1.0,0.0,0.0,0.0,2.0,1.0,1.0,10.0,1.0,0.0,0.0,0.0,0.0,1.0,0.0,1.0,0.0,0.0,1.0,3.0,18.0,9.0,3.0,0.0,2.0,11.0,4.0,1.0,0.0,0.0,0.0,2.0,15.0,27.0,0.0,0.0,0.0,1.0,13.0,3.0,24.0,45.0,0.0,0.0,2.0,0.0,4.0,2010.0,0.0,2.0,0.0,1.0,2.0,581.0,412.0,1183.0,230.0,0.0,4.0,519.0,260.0,3.0,17.0,0.0,1.0
ctx-rh-parahippocampal,0.0,0.0,0.0,1.0,0.0,0.0,0.0,3.0,1.0,0.0,9.0,5.0,0.0,5.0,0.0,0.0,0.0,2.0,0.0,0.0,0.0,2.0,0.0,0.0,0.0,7.0,0.0,0.0,0.0,2.0,0.0,0.0,0.0,0.0,3.0,0.0,0.0,2.0,211.0,0.0,272.0,8.0,32.0,4.0,107.0,9.0,0.0,271.0,0.0,5.0,0.0,551.0,0.0,0.0,0.0,3.0,0.0,0.0,0.0,15.0,0.0,0.0,0.0,0.0,6.0,0.0,4.0,1.0
ctx-rh-parsopercularis,0.0,4.0,0.0,0.0,0.0,0.0,0.0,0.0,0.0,0.0,0.0,0.0,0.0,0.0,0.0,0.0,0.0,0.0,0.0,0.0,0.0,0.0,0.0,0.0,0.0,0.0,0.0,0.0,3.0,0.0,0.0,0.0,0.0,0.0,3.0,21.0,183.0,0.0,0.0,0.0,0.0,10.0,1.0,216.0,0.0,0.0,7.0,0.0,1.0,1.0,2.0,0.0,1507.0,7.0,539.0,0.0,131.0,8.0,1022.0,1.0,2.0,802.0,91.0,6.0,1.0,46.0,0.0,2.0
ctx-rh-parsorbitalis,0.0,0.0,0.0,0.0,0.0,0.0,0.0,0.0,0.0,0.0,0.0,0.0,0.0,0.0,0.0,0.0,0.0,0.0,0.0,0.0,0.0,0.0,0.0,0.0,0.0,0.0,0.0,0.0,0.0,0.0,0.0,0.0,0.0,0.0,0.0,2.0,0.0,0.0,0.0,4.0,1.0,0.0,0.0,17.0,0.0,0.0,672.0,0.0,20.0,0.0,0.0,0.0,7.0,758.0,435.0,0.0,0.0,0.0,0.0,0.0,9.0,617.0,24.0,0.0,2.0,0.0,0.0,0.0
ctx-rh-parstriangularis,0.0,4.0,0.0,0.0,0.0,0.0,0.0,0.0,0.0,0.0,0.0,0.0,0.0,0.0,0.0,0.0,0.0,0.0,0.0,0.0,0.0,0.0,0.0,0.0,0.0,0.0,0.0,0.0,1.0,0.0,0.0,0.0,0.0,0.0,0.0,12.0,7.0,0.0,0.0,2.0,0.0,0.0,0.0,121.0,0.0,0.0,341.0,0.0,13.0,0.0,1.0,0.0,539.0,435.0,1961.0,0.0,1.0,1.0,22.0,0.0,10.0,1225.0,69.0,0.0,1.0,2.0,0.0,0.0
ctx-rh-pericalcarine,0.0,0.0,0.0,7.0,0.0,0.0,1.0,5.0,2.0,1.0,10.0,4.0,0.0,3.0,0.0,0.0,0.0,1.0,0.0,0.0,0.0,6.0,1.0,1.0,0.0,10.0,0.0,0.0,0.0,4.0,1.0,0.0,0.0,0.0,7.0,0.0,0.0,1683.0,0.0,0.0,101.0,87.0,16.0,0.0,63.0,1289.0,0.0,1569.0,0.0,15.0,2.0,3.0,0.0,0.0,0.0,1446.0,2.0,5.0,3.0,285.0,0.0,0.0,0.0,232.0,1.0,9.0,0.0,0.0
ctx-rh-postcentral,0.0,3.0,0.0,1.0,0.0,0.0,2.0,1.0,0.0,1.0,5.0,1.0,0.0,0.0,0.0,1.0,1.0,0.0,0.0,0.0,0.0,0.0,2.0,6.0,2.0,4.0,0.0,0.0,2.0,6.0,0.0,2.0,0.0,0.0,19.0,3.0,106.0,2.0,0.0,0.0,7.0,207.0,13.0,224.0,20.0,7.0,0.0,4.0,0.0,21.0,581.0,0.0,131.0,0.0,1.0,2.0,6714.0,71.0,2356.0,123.0,0.0,59.0,56.0,622.0,26.0,1555.0,0.0,42.0
ctx-rh-posteriorcingulate,1.0,50.0,24.0,1.0,0.0,0.0,3.0,8.0,3.0,7.0,29.0,2.0,0.0,2.0,0.0,0.0,17.0,0.0,4.0,0.0,0.0,3.0,17.0,139.0,26.0,14.0,1.0,1.0,45.0,17.0,4.0,4.0,0.0,1.0,9.0,314.0,75.0,1.0,0.0,0.0,3.0,40.0,8.0,36.0,424.0,2.0,0.0,9.0,0.0,11.0,412.0,0.0,8.0,0.0,1.0,5.0,71.0,1362.0,188.0,444.0,0.0,39.0,553.0,112.0,9.0,33.0,0.0,2.0
ctx-rh-precentral,1.0,17.0,5.0,0.0,0.0,0.0,1.0,2.0,1.0,2.0,9.0,3.0,0.0,0.0,0.0,0.0,2.0,1.0,0.0,0.0,0.0,0.0,4.0,20.0,9.0,2.0,0.0,0.0,5.0,2.0,0.0,1.0,0.0,1.0,25.0,34.0,984.0,1.0,0.0,0.0,2.0,126.0,6.0,244.0,25.0,2.0,1.0,2.0,0.0,16.0,1183.0,0.0,1022.0,0.0,22.0,3.0,2356.0,188.0,7474.0,63.0,1.0,237.0,824.0,223.0,26.0,531.0,0.0,8.0
ctx-rh-precuneus,2.0,1.0,0.0,4.0,0.0,0.0,5.0,28.0,4.0,0.0,78.0,11.0,0.0,16.0,0.0,3.0,2.0,0.0,0.0,0.0,0.0,10.0,7.0,19.0,1.0,53.0,0.0,0.0,7.0,30.0,2.0,4.0,0.0,0.0,13.0,3.0,5.0,473.0,0.0,0.0,38.0,267.0,27.0,22.0,1119.0,127.0,0.0,209.0,0.0,22.0,230.0,15.0,1.0,0.0,0.0,285.0,123.0,444.0,63.0,4047.0,0.0,5.0,13.0,1946.0,14.0,44.0,0.0,4.0
ctx-rh-rostralanteriorcingulate,0.0,29.0,0.0,0.0,0.0,0.0,0.0,0.0,0.0,0.0,0.0,0.0,1.0,0.0,5.0,0.0,0.0,0.0,0.0,0.0,1.0,0.0,0.0,0.0,0.0,0.0,65.0,6.0,14.0,0.0,0.0,0.0,0.0,0.0,0.0,193.0,0.0,0.0,0.0,5.0,0.0,0.0,0.0,5.0,1.0,0.0,396.0,0.0,505.0,0.0,0.0,0.0,2.0,9.0,10.0,0.0,0.0,0.0,1.0,0.0,898.0,158.0,275.0,0.0,0.0,0.0,0.0,0.0
ctx-rh-rostralmiddlefrontal,0.0,30.0,11.0,0.0,0.0,0.0,0.0,0.0,0.0,0.0,0.0,0.0,3.0,0.0,1.0,0.0,0.0,0.0,4.0,1.0,1.0,0.0,0.0,5.0,4.0,0.0,8.0,5.0,25.0,0.0,0.0,0.0,0.0,0.0,1.0,232.0,1210.0,0.0,0.0,262.0,0.0,14.0,1.0,247.0,1.0,0.0,954.0,0.0,524.0,0.0,4.0,0.0,802.0,617.0,1225.0,0.0,59.0,39.0,237.0,5.0,158.0,8317.0,3009.0,2.0,4.0,48.0,0.0,0.0
ctx-rh-superiorfrontal,0.0,93.0,20.0,0.0,0.0,0.0,0.0,0.0,0.0,2.0,1.0,0.0,1.0,0.0,0.0,0.0,2.0,0.0,4.0,0.0,0.0,0.0,4.0,42.0,11.0,1.0,21.0,19.0,87.0,4.0,0.0,1.0,0.0,0.0,1.0,797.0,771.0,0.0,1.0,227.0,1.0,8.0,1.0,95.0,12.0,0.0,207.0,2.0,218.0,1.0,519.0,0.0,91.0,24.0,69.0,0.0,56.0,553.0,824.0,13.0,275.0,3009.0,12157.0,22.0,3.0,26.0,0.0,0.0
ctx-rh-superiorparietal,2.0,3.0,0.0,2.0,0.0,0.0,2.0,9.0,2.0,5.0,21.0,4.0,0.0,6.0,0.0,3.0,0.0,1.0,0.0,0.0,0.0,5.0,3.0,25.0,1.0,16.0,0.0,0.0,2.0,16.0,1.0,5.0,0.0,1.0,16.0,3.0,14.0,872.0,0.0,0.0,40.0,1629.0,37.0,43.0,143.0,490.0,0.0,71.0,0.0,34.0,260.0,0.0,6.0,0.0,0.0,232.0,622.0,112.0,223.0,1946.0,0.0,2.0,22.0,6520.0,21.0,404.0,0.0,4.0
ctx-rh-superiortemporal,0.0,0.0,0.0,1.0,0.0,0.0,1.0,0.0,0.0,0.0,7.0,0.0,0.0,1.0,0.0,0.0,0.0,0.0,0.0,0.0,0.0,1.0,0.0,2.0,1.0,4.0,0.0,1.0,0.0,3.0,0.0,1.0,0.0,0.0,851.0,0.0,3.0,0.0,16.0,0.0,107.0,76.0,421.0,350.0,14.0,6.0,3.0,12.0,0.0,785.0,3.0,6.0,1.0,2.0,1.0,1.0,26.0,9.0,26.0,14.0,0.0,4.0,3.0,21.0,4379.0,247.0,137.0,642.0
ctx-rh-supramarginal,0.0,1.0,1.0,0.0,0.0,0.0,0.0,2.0,0.0,1.0,5.0,0.0,0.0,0.0,0.0,1.0,1.0,1.0,0.0,0.0,0.0,1.0,4.0,5.0,1.0,6.0,0.0,0.0,1.0,5.0,1.0,0.0,0.0,0.0,381.0,2.0,61.0,2.0,2.0,0.0,14.0,1652.0,35.0,254.0,18.0,18.0,0.0,7.0,0.0,64.0,17.0,0.0,46.0,0.0,2.0,9.0,1555.0,33.0,531.0,44.0,0.0,48.0,26.0,404.0,247.0,5213.0,0.0,48.0
ctx-rh-temporalpole,0.0,0.0,0.0,0.0,0.0,0.0,0.0,0.0,0.0,0.0,0.0,0.0,0.0,0.0,0.0,0.0,0.0,0.0,0.0,0.0,0.0,0.0,0.0,0.0,0.0,0.0,0.0,0.0,0.0,0.0,0.0,0.0,0.0,0.0,1.0,0.0,0.0,0.0,172.0,0.0,95.0,1.0,191.0,29.0,0.0,0.0,2.0,0.0,0.0,109.0,0.0,4.0,0.0,0.0,0.0,0.0,0.0,0.0,0.0,0.0,0.0,0.0,0.0,0.0,137.0,0.0,246.0,1.0
ctx-rh-transversetemporal,0.0,0.0,0.0,0.0,1.0,0.0,0.0,1.0,0.0,0.0,3.0,0.0,0.0,1.0,0.0,0.0,0.0,0.0,0.0,0.0,0.0,0.0,0.0,1.0,0.0,0.0,0.0,0.0,0.0,0.0,0.0,0.0,0.0,0.0,37.0,0.0,3.0,0.0,0.0,0.0,12.0,8.0,16.0,108.0,1.0,1.0,0.0,2.0,0.0,14.0,1.0,1.0,2.0,0.0,0.0,0.0,42.0,2.0,8.0,4.0,0.0,0.0,0.0,4.0,642.0,48.0,1.0,265.0
