,ctx-lh-bankssts,ctx-lh-caudalanteriorcingulate,ctx-lh-caudalmiddlefrontal,ctx-lh-cuneus,ctx-lh-entorhinal,ctx-lh-frontalpole,ctx-lh-fusiform,ctx-lh-inferiorparietal,ctx-lh-inferiortemporal,ctx-lh-insula,ctx-lh-isthmuscingulate,ctx-lh-lateraloccipital,ctx-lh-lateralorbitofrontal,ctx-lh-lingual,ctx-lh-medialorbitofrontal,ctx-lh-middletemporal,ctx-lh-paracentral,ctx-lh-parahippocampal,ctx-lh-parsopercularis,ctx-lh-parsorbitalis,ctx-lh-parstriangularis,ctx-lh-pericalcarine,ctx-lh-postcentral,ctx-lh-posteriorcingulate,ctx-lh-precentral,ctx-lh-precuneus,ctx-lh-rostralanteriorcingulate,ctx-lh-rostralmiddlefrontal,ctx-lh-superiorfrontal,ctx-lh-superiorparietal,ctx-lh-superiortemporal,ctx-lh-supramarginal,ctx-lh-temporalpole,ctx-lh-transversetemporal,ctx-rh-bankssts,ctx-rh-caudalanteriorcingulate,ctx-rh-caudalmiddlefrontal,ctx-rh-cuneus,ctx-rh-entorhinal,ctx-rh-frontalpole,ctx-rh-fusiform,ctx-rh-inferiorparietal,ctx-rh-inferiortemporal,ctx-rh-insula,ctx-rh-isthmuscingulate,ctx-rh-lateraloccipital,ctx-rh-lateralorbitofrontal,ctx-rh-lingual,ctx-rh-medialorbitofrontal,ctx-rh-middletemporal,ctx-rh-paracentral,ctx-rh-parahippocampal,ctx-rh-parsopercularis,ctx-rh-parsorbitalis,ctx-rh-parstriangularis,ctx-rh-pericalcarine,ctx-rh-postcentral,ctx-rh-posteriorcingulate,ctx-rh-precentral,ctx-rh-precuneus,ctx-rh-rostralanteriorcingulate,ctx-rh-rostralmiddlefrontal,ctx-rh-superiorfrontal,ctx-rh-superiorparietal,ctx-rh-superiortemporal,ctx-rh-supramarginal,ctx-rh-temporalpole,ctx-rh-transversetemporal
ctx-lh-bankssts,707.0,0.0,0.0,3.0,0.0,0.0,15.0,311.0,160.0,19.0,11.0,13.0,0.0,8.0,0.0,779.0,0.0,1.0,1.0,0.0,0.0,1.0,15.0,3.0,10.0,15.0,0.0,0.0,0.0,25.0,871.0,401.0,0.0,15.0,2.0,0.0,0.0,0.0,0.0,0.0,1.0,1.0,0.0,0.0,4.0,1.0,0.0,0.0,0.0,0.0,0.0,0.0,0.0,0.0,0.0,0.0,0.0,2.0,0.0,4.0,0.0,0.0,0.0,0.0,0.0,2.0,0.0,0.0
ctx-lh-caudalanteriorcingulate,0.0,297.0,78.0,0.0,0.0,0.0,0.0,0.0,0.0,8.0,14.0,0.0,11.0,0.0,3.0,0.0,18.0,0.0,42.0,2.0,15.0,0.0,5.0,261.0,36.0,17.0,139.0,92.0,484.0,5.0,0.0,1.0,0.0,0.0,0.0,75.0,21.0,0.0,0.0,1.0,0.0,0.0,0.0,15.0,0.0,0.0,1.0,0.0,0.0,0.0,6.0,0.0,14.0,0.0,5.0,0.0,4.0,16.0,17.0,2.0,10.0,26.0,99.0,0.0,0.0,0.0,0.0,0.0
ctx-lh-caudalmiddlefrontal,0.0,78.0,2763.0,0.0,0.0,0.0,0.0,3.0,1.0,65.0,1.0,0.0,1.0,0.0,1.0,0.0,25.0,0.0,272.0,0.0,15.0,1.0,90.0,29.0,1116.0,5.0,14.0,786.0,1157.0,11.0,0.0,24.0,0.0,1.0,0.0,49.0,38.0,0.0,0.0,0.0,0.0,0.0,0.0,6.0,1.0,0.0,0.0,0.0,1.0,0.0,7.0,0.0,17.0,1.0,4.0,0.0,0.0,16.0,17.0,3.0,3.0,16.0,103.0,5.0,0.0,0.0,0.0,0.0
ctx-lh-cuneus,3.0,0.0,0.0,1605.0,0.0,0.0,30.0,100.0,16.0,4.0,42.0,366.0,0.0,176.0,0.0,14.0,0.0,11.0,0.0,0.0,0.0,1383.0,1.0,2.0,1.0,259.0,0.0,0.0,0.0,800.0,5.0,9.0,0.0,4.0,1.0,0.0,0.0,24.0,0.0,0.0,8.0,7.0,3.0,2.0,9.0,14.0,0.0,158.0,0.0,3.0,0.0,1.0,0.0,0.0,0.0,34.0,0.0,1.0,1.0,16.0,0.0,0.0,0.0,7.0,2.0,0.0,0.0,2.0
ctx-lh-entorhinal,0.0,0.0,0.0,0.0,317.0,0.0,191.0,0.0,149.0,16.0,0.0,2.0,0.0,2.0,0.0,37.0,0.0,164.0,0.0,0.0,0.0,0.0,0.0,0.0,0.0,0.0,0.0,0.0,0.0,1.0,30.0,0.0,152.0,1.0,0.0,0.0,0.0,0.0,0.0,0.0,0.0,0.0,0.0,0.0,0.0,0.0,0.0,0.0,0.0,0.0,0.0,0.0,0.0,0.0,0.0,0.0,0.0,0.0,0.0,0.0,0.0,0.0,0.0,0.0,0.0,0.0,0.0,0.0
ctx-lh-frontalpole,0.0,0.0,0.0,0.0,0.0,75.0,0.0,0.0,0.0,0.0,0.0,0.0,56.0,0.0,276.0,0.0,0.0,0.0,0.0,3.0,3.0,0.0,0.0,0.0,0.0,0.0,6.0,221.0,81.0,0.0,0.0,0.0,0.0,0.0,0.0,0.0,0.0,0.0,0.0,0.0,0.0,0.0,0.0,0.0,0.0,0.0,0.0,0.0,0.0,0.0,0.0,0.0,0.0,0.0,0.0,0.0,0.0,0.0,0.0,0.0,0.0,0.0,0.0,0.0,0.0,0.0,0.0,0.0
ctx-lh-fusiform,15.0,0.0,0.0,30.0,191.0,0.0,2953.0,139.0,1721.0,47.0,22.0,1273.0,0.0,595.0,0.0,369.0,0.0,267.0,0.0,0.0,0.0,61.0,5.0,0.0,1.0,17.0,0.0,0.0,0.0,31.0,108.0,18.0,83.0,6.0,1.0,1.0,0.0,0.0,0.0,0.0,2.0,3.0,1.0,0.0,9.0,1.0,0.0,2.0,0.0,2.0,1.0,0.0,0.0,0.0,0.0,1.0,1.0,1.0,0.0,10.0,0.0,0.0,0.0,4.0,0.0,0.0,0.0,0.0
ctx-lh-inferiorparietal,311.0,0.0,3.0,100.0,0.0,0.0,139.0,5967.0,313.0,25.0,92.0,1459.0,0.0,52.0,0.0,405.0,2.0,4.0,0.0,0.0,0.0,52.0,42.0,12.0,19.0,586.0,0.0,0.0,1.0,1221.0,122.0,1129.0,0.0,19.0,8.0,0.0,1.0,4.0,0.0,0.0,5.0,15.0,3.0,1.0,20.0,5.0,0.0,1.0,0.0,10.0,0.0,2.0,0.0,0.0,0.0,2.0,1.0,6.0,1.0,54.0,0.0,0.0,0.0,18.0,7.0,6.0,0.0,2.0
ctx-lh-inferiortemporal,160.0,0.0,1.0,16.0,149.0,0.0,1721.0,313.0,3550.0,71.0,14.0,309.0,1.0,107.0,1.0,2101.0,0.0,45.0,1.0,0.0,0.0,18.0,11.0,4.0,11.0,39.0,0.0,0.0,0.0,37.0,238.0,86.0,157.0,16.0,3.0,0.0,0.0,2.0,0.0,0.0,1.0,3.0,1.0,1.0,7.0,0.0,0.0,2.0,0.0,2.0,0.0,0.0,0.0,0.0,0.0,0.0,0.0,3.0,0.0,17.0,0.0,0.0,0.0,2.0,6.0,0.0,0.0,0.0
ctx-lh-insula,19.0,8.0,65.0,4.0,16.0,0.0,47.0,25.0,71.0,1794.0,20.0,7.0,534.0,6.0,81.0,162.0,7.0,8.0,264.0,10.0,104.0,0.0,316.0,21.0,352.0,40.0,63.0,141.0,95.0,43.0,263.0,347.0,20.0,77.0,0.0,16.0,4.0,1.0,0.0,0.0,1.0,3.0,1.0,5.0,13.0,1.0,1.0,0.0,0.0,1.0,3.0,0.0,2.0,0.0,2.0,0.0,4.0,14.0,8.0,22.0,2.0,2.0,24.0,3.0,3.0,5.0,0.0,0.0
ctx-lh-isthmuscingulate,11.0,14.0,1.0,42.0,0.0,0.0,22.0,92.0,14.0,20.0,966.0,35.0,0.0,178.0,0.0,12.0,17.0,95.0,2.0,0.0,0.0,46.0,16.0,347.0,18.0,1053.0,3.0,1.0,17.0,119.0,19.0,46.0,1.0,9.0,11.0,3.0,0.0,8.0,0.0,0.0,3.0,20.0,3.0,9.0,92.0,19.0,0.0,4.0,0.0,13.0,6.0,1.0,0.0,0.0,0.0,6.0,1.0,38.0,3.0,111.0,0.0,1.0,2.0,29.0,13.0,10.0,1.0,4.0
ctx-lh-lateraloccipital,13.0,0.0,0.0,366.0,2.0,0.0,1273.0,1459.0,309.0,7.0,35.0,7276.0,0.0,750.0,0.0,148.0,1.0,13.0,0.0,0.0,0.0,586.0,0.0,1.0,1.0,110.0,0.0,0.0,0.0,472.0,24.0,9.0,0.0,5.0,2.0,0.0,0.0,4.0,0.0,0.0,1.0,4.0,0.0,1.0,9.0,8.0,0.0,4.0,0.0,4.0,0.0,2.0,0.0,0.0,0.0,5.0,0.0,2.0,0.0,17.0,0.0,0.0,0.0,7.0,2.0,2.0,0.0,2.0
ctx-lh-lateralorbitofrontal,0.0,11.0,1.0,0.0,0.0,56.0,0.0,0.0,1.0,534.0,0.0,0.0,3543.0,0.0,1707.0,1.0,1.0,0.0,17.0,415.0,309.0,1.0,0.0,1.0,1.0,0.0,408.0,903.0,87.0,0.0,1.0,1.0,2.0,0.0,0.0,5.0,2.0,0.0,0.0,0.0,0.0,0.0,0.0,1.0,0.0,0.0,0.0,0.0,2.0,0.0,0.0,0.0,2.0,1.0,2.0,0.0,0.0,0.0,1.0,0.0,9.0,0.0,8.0,0.0,0.0,0.0,0.0,0.0
ctx-lh-lingual,8.0,0.0,0.0,176.0,2.0,0.0,595.0,52.0,107.0,6.0,178.0,750.0,0.0,3899.0,0.0,51.0,1.0,239.0,0.0,0.0,0.0,1118.0,1.0,2.0,2.0,110.0,0.0,0.0,2.0,40.0,17.0,5.0,3.0,3.0,3.0,0.0,0.0,5.0,0.0,0.0,2.0,4.0,2.0,0.0,3.0,5.0,0.0,33.0,0.0,2.0,0.0,0.0,0.0,0.0,0.0,5.0,0.0,1.0,0.0,15.0,0.0,0.0,0.0,5.0,4.0,1.0,0.0,0.0
ctx-lh-medialorbitofrontal,0.0,3.0,1.0,0.0,0.0,276.0,0.0,0.0,1.0,81.0,0.0,0.0,1707.0,0.0,1662.0,0.0,0.0,0.0,4.0,60.0,79.0,0.0,0.0,1.0,0.0,0.0,588.0,1118.0,211.0,0.0,0.0,0.0,0.0,0.0,0.0,3.0,0.0,0.0,0.0,1.0,0.0,0.0,0.0,0.0,0.0,0.0,1.0,0.0,13.0,0.0,0.0,0.0,0.0,0.0,0.0,0.0,0.0,0.0,0.0,0.0,8.0,6.0,6.0,0.0,0.0,0.0,0.0,0.0
ctx-lh-middletemporal,779.0,0.0,0.0,14.0,37.0,0.0,369.0,405.0,2101.0,162.0,12.0,148.0,1.0,51.0,0.0,3601.0,2.0,16.0,1.0,0.0,0.0,13.0,9.0,2.0,7.0,39.0,0.0,0.0,0.0,20.0,892.0,183.0,209.0,30.0,2.0,0.0,0.0,0.0,0.0,0.0,3.0,4.0,1.0,4.0,9.0,1.0,0.0,0.0,0.0,1.0,0.0,0.0,0.0,0.0,0.0,2.0,0.0,1.0,1.0,18.0,0.0,0.0,0.0,5.0,6.0,1.0,0.0,1.0
ctx-lh-paracentral,0.0,18.0,25.0,0.0,0.0,0.0,0.0,2.0,0.0,7.0,17.0,1.0,1.0,1.0,0.0,2.0,1479.0,0.0,5.0,0.0,0.0,0.0,457.0,226.0,855.0,243.0,2.0,0.0,486.0,263.0,1.0,12.0,0.0,1.0,2.0,7.0,4.0,0.0,0.0,0.0,0.0,1.0,0.0,1.0,4.0,0.0,0.0,0.0,0.0,0.0,16.0,0.0,1.0,0.0,0.0,0.0,2.0,47.0,21.0,5.0,0.0,0.0,20.0,7.0,1.0,4.0,0.0,0.0
ctx-lh-parahippocampal,1.0,0.0,0.0,11.0,164.0,0.0,267.0,4.0,45.0,8.0,95.0,13.0,0.0,239.0,0.0,16.0,0.0,686.0,0.0,0.0,0.0,10.0,0.0,0.0,0.0,13.0,0.0,0.0,0.0,4.0,9.0,4.0,1.0,1.0,1.0,0.0,0.0,0.0,0.0,0.0,0.0,1.0,0.0,0.0,2.0,2.0,0.0,0.0,0.0,2.0,0.0,0.0,0.0,0.0,0.0,0.0,0.0,0.0,0.0,1.0,0.0,0.0,0.0,2.0,0.0,1.0,0.0,0.0
ctx-lh-parsopercularis,1.0,42.0,272.0,0.0,0.0,0.0,0.0,0.0,1.0,264.0,2.0,0.0,17.0,0.0,4.0,1.0,5.0,0.0,2029.0,7.0,600.0,0.0,44.0,2.0,599.0,2.0,37.0,541.0,234.0,2.0,0.0,16.0,0.0,0.0,0.0,33.0,9.0,0.0,0.0,0.0,0.0,0.0,0.0,5.0,1.0,0.0,1.0,0.0,0.0,0.0,3.0,0.0,3.0,1.0,3.0,0.0,3.0,2.0,5.0,1.0,8.0,15.0,27.0,0.0,0.0,1.0,0.0,0.0
ctx-lh-parsorbitalis,0.0,2.0,0.0,0.0,0.0,3.0,0.0,0.0,0.0,10.0,0.0,0.0,415.0,0.0,60.0,0.0,0.0,0.0,7.0,396.0,375.0,0.0,0.0,2.0,0.0,0.0,48.0,301.0,19.0,0.0,0.0,0.0,0.0,0.0,0.0,1.0,0.0,0.0,0.0,0.0,0.0,0.0,0.0,1.0,0.0,0.0,0.0,0.0,0.0,0.0,0.0,0.0,0.0,0.0,0.0,0.0,0.0,0.0,0.0,0.0,2.0,1.0,1.0,0.0,0.0,0.0,0.0,0.0
ctx-lh-parstriangularis,0.0,15.0,15.0,0.0,0.0,3.0,0.0,0.0,0.0,104.0,0.0,0.0,309.0,0.0,79.0,0.0,0.0,0.0,600.0,375.0,1156.0,0.0,0.0,3.0,0.0,0.0,148.0,723.0,108.0,0.0,0.0,0.0,0.0,0.0,0.0,7.0,0.0,0.0,0.0,0.0,0.0,0.0,0.0,2.0,0.0,0.0,0.0,0.0,2.0,0.0,0.0,0.0,5.0,0.0,3.0,0.0,0.0,0.0,0.0,0.0,7.0,6.0,11.0,0.0,0.0,0.0,0.0,0.0
ctx-lh-pericalcarine,1.0,0.0,1.0,1383.0,0.0,0.0,61.0,52.0,18.0,0.0,46.0,586.0,1.0,1118.0,0.0,13.0,0.0,10.0,0.0,0.0,0.0,1098.0,0.0,0.0,0.0,155.0,0.0,0.0,0.0,159.0,4.0,5.0,0.0,1.0,1.0,0.0,0.0,2.0,0.0,0.0,4.0,1.0,2.0,3.0,6.0,9.0,0.0,90.0,0.0,2.0,1.0,0.0,0.0,0.0,0.0,25.0,0.0,0.0,0.0,12.0,0.0,0.0,0.0,6.0,2.0,0.0,0.0,1.0
ctx-lh-postcentral,15.0,5.0,90.0,1.0,0.0,0.0,5.0,42.0,11.0,316.0,16.0,0.0,0.0,1.0,0.0,9.0,457.0,0.0,44.0,0.0,0.0,0.0,5468.0,36.0,2154.0,118.0,0.0,2.0,40.0,570.0,49.0,1161.0,0.0,12.0,4.0,2.0,5.0,1.0,0.0,0.0,0.0,5.0,0.0,3.0,7.0,0.0,0.0,0.0,0.0,0.0,8.0,0.0,1.0,0.0,0.0,0.0,2.0,25.0,6.0,17.0,0.0,1.0,8.0,6.0,4.0,2.0,0.0,1.0
ctx-lh-posteriorcingulate,3.0,261.0,29.0,2.0,0.0,0.0,0.0,12.0,4.0,21.0,347.0,1.0,1.0,2.0,1.0,2.0,226.0,0.0,2.0,2.0,3.0,0.0,36.0,1023.0,93.0,524.0,13.0,7.0,401.0,74.0,2.0,20.0,0.0,1.0,3.0,22.0,22.0,0.0,0.0,0.0,0.0,6.0,1.0,7.0,11.0,0.0,1.0,1.0,0.0,1.0,37.0,0.0,1.0,0.0,0.0,0.0,8.0,110.0,36.0,24.0,1.0,8.0,70.0,10.0,9.0,7.0,0.0,3.0
ctx-lh-precentral,10.0,36.0,1116.0,1.0,0.0,0.0,1.0,19.0,11.0,352.0,18.0,1.0,1.0,2.0,0.0,7.0,855.0,0.0,599.0,0.0,0.0,0.0,2154.0,93.0,7342.0,90.0,4.0,16.0,744.0,228.0,31.0,296.0,0.0,6.0,2.0,21.0,21.0,0.0,0.0,0.0,0.0,3.0,1.0,1.0,6.0,0.0,1.0,0.0,0.0,0.0,28.0,0.0,3.0,0.0,0.0,0.0,5.0,63.0,37.0,15.0,2.0,2.0,85.0,9.0,1.0,4.0,0.0,2.0
ctx-lh-precuneus,15.0,17.0,5.0,259.0,0.0,0.0,17.0,586.0,39.0,40.0,1053.0,110.0,0.0,110.0,0.0,39.0,243.0,13.0,2.0,0.0,0.0,155.0,118.0,524.0,90.0,4607.0,1.0,0.0,40.0,2702.0,33.0,154.0,0.0,26.0,29.0,0.0,5.0,6.0,0.0,0.0,6.0,40.0,10.0,14.0,84.0,18.0,0.0,13.0,0.0,25.0,15.0,2.0,0.0,0.0,0.0,8.0,5.0,54.0,6.0,168.0,0.0,0.0,6.0,33.0,23.0,19.0,0.0,7.0
ctx-lh-rostralanteriorcingulate,0.0,139.0,14.0,0.0,0.0,6.0,0.0,0.0,0.0,63.0,3.0,0.0,408.0,0.0,588.0,0.0,2.0,0.0,37.0,48.0,148.0,0.0,0.0,13.0,4.0,1.0,1000.0,549.0,780.0,0.0,0.0,0.0,0.0,0.0,0.0,64.0,3.0,0.0,0.0,2.0,0.0,0.0,0.0,12.0,0.0,0.0,10.0,0.0,24.0,0.0,0.0,0.0,9.0,3.0,13.0,0.0,0.0,5.0,1.0,0.0,144.0,47.0,64.0,0.0,0.0,0.0,0.0,0.0
ctx-lh-rostralmiddlefrontal,0.0,92.0,786.0,0.0,0.0,221.0,0.0,0.0,0.0,141.0,1.0,0.0,903.0,0.0,1118.0,0.0,0.0,0.0,541.0,301.0,723.0,0.0,2.0,7.0,16.0,0.0,549.0,6428.0,2988.0,0.0,0.0,0.0,0.0,0.0,0.0,69.0,20.0,0.0,0.0,0.0,0.0,0.0,0.0,13.0,0.0,0.0,2.0,0.0,4.0,0.0,1.0,0.0,17.0,1.0,8.0,0.0,2.0,2.0,4.0,0.0,27.0,40.0,63.0,0.0,0.0,1.0,0.0,0.0
ctx-lh-superiorfrontal,0.0,484.0,1157.0,0.0,0.0,81.0,0.0,1.0,0.0,95.0,17.0,0.0,87.0,2.0,211.0,0.0,486.0,0.0,234.0,19.0,108.0,0.0,40.0,401.0,744.0,40.0,780.0,2988.0,10246.0,13.0,0.0,12.0,0.0,0.0,1.0,166.0,78.0,0.0,0.0,0.0,0.0,2.0,0.0,18.0,5.0,0.0,4.0,0.0,4.0,0.0,31.0,0.0,40.0,1.0,14.0,0.0,9.0,76.0,59.0,8.0,31.0,65.0,238.0,8.0,2.0,3.0,0.0,2.0
ctx-lh-superiorparietal,25.0,5.0,11.0,800.0,1.0,0.0,31.0,1221.0,37.0,43.0,119.0,472.0,0.0,40.0,0.0,20.0,263.0,4.0,2.0,0.0,0.0,159.0,570.0,74.0,228.0,2702.0,0.0,0.0,13.0,6428.0,46.0,794.0,0.0,15.0,6.0,2.0,1.0,4.0,0.0,0.0,4.0,15.0,6.0,6.0,34.0,8.0,0.0,4.0,0.0,8.0,11.0,1.0,0.0,0.0,0.0,1.0,5.0,27.0,4.0,53.0,0.0,0.0,5.0,20.0,13.0,7.0,0.0,3.0
ctx-lh-superiortemporal,871.0,0.0,0.0,5.0,30.0,0.0,108.0,122.0,238.0,263.0,19.0,24.0,1.0,17.0,0.0,892.0,1.0,9.0,0.0,0.0,0.0,4.0,49.0,2.0,31.0,33.0,0.0,0.0,0.0,46.0,4226.0,566.0,211.0,710.0,1.0,0.0,0.0,1.0,0.0,0.0,0.0,4.0,1.0,0.0,9.0,0.0,0.0,3.0,0.0,4.0,2.0,0.0,0.0,0.0,0.0,1.0,2.0,8.0,0.0,20.0,0.0,0.0,0.0,10.0,6.0,4.0,0.0,1.0
ctx-lh-supramarginal,401.0,1.0,24.0,9.0,0.0,0.0,18.0,1129.0,86.0,347.0,46.0,9.0,1.0,5.0,0.0,183.0,12.0,4.0,16.0,0.0,0.0,5.0,1161.0,20.0,296.0,154.0,0.0,0.0,12.0,794.0,566.0,6059.0,0.0,54.0,10.0,1.0,0.0,0.0,0.0,0.0,1.0,8.0,6.0,4.0,27.0,3.0,0.0,4.0,0.0,5.0,3.0,0.0,0.0,0.0,0.0,0.0,4.0,14.0,2.0,42.0,0.0,0.0,3.0,15.0,9.0,7.0,0.0,5.0
ctx-lh-temporalpole,0.0,0.0,0.0,0.0,152.0,0.0,83.0,0.0,157.0,20.0,1.0,0.0,2.0,3.0,0.0,209.0,0.0,1.0,0.0,0.0,0.0,0.0,0.0,0.0,0.0,0.0,0.0,0.0,0.0,0.0,211.0,0.0,413.0,0.0,0.0,0.0,0.0,0.0,0.0,0.0,0.0,0.0,0.0,0.0,0.0,0.0,0.0,0.0,0.0,0.0,0.0,0.0,0.0,0.0,0.0,0.0,0.0,0.0,0.0,0.0,0.0,0.0,0.0,1.0,0.0,0.0,0.0,0.0
ctx-lh-transversetemporal,15.0,0.0,1.0,4.0,1.0,0.0,6.0,19.0,16.0,77.0,9.0,5.0,0.0,3.0,0.0,30.0,1.0,1.0,0.0,0.0,0.0,1.0,12.0,1.0,6.0,26.0,0.0,0.0,0.0,15.0,710.0,54.0,0.0,442.0,2.0,0.0,0.0,0.0,0.0,0.0,0.0,4.0,0.0,0.0,4.0,1.0,0.0,1.0,0.0,2.0,0.0,0.0,0.0,0.0,0.0,0.0,1.0,8.0,0.0,9.0,0.0,1.0,0.0,2.0,3.0,1.0,0.0,0.0
ctx-rh-bankssts,2.0,0.0,0.0,1.0,0.0,0.0,1.0,8.0,3.0,0.0,11.0,2.0,0.0,3.0,0.0,2.0,2.0,1.0,0.0,0.0,0.0,1.0,4.0,3.0,2.0,29.0,0.0,0.0,1.0,6.0,1.0,10.0,0.0,2.0,805.0,0.0,5.0,9.0,0.0,0.0,13.0,372.0,58.0,24.0,14.0,28.0,0.0,5.0,0.0,759.0,6.0,2.0,2.0,0.0,0.0,7.0,25.0,8.0,23.0,65.0,0.0,0.0,2.0,54.0,756.0,374.0,0.0,23.0
ctx-rh-caudalanteriorcingulate,0.0,75.0,49.0,0.0,0.0,0.0,1.0,0.0,0.0,16.0,3.0,0.0,5.0,0.0,3.0,0.0,7.0,0.0,33.0,1.0,7.0,0.0,2.0,22.0,21.0,0.0,64.0,69.0,166.0,2.0,0.0,1.0,0.0,0.0,0.0,531.0,78.0,1.0,0.0,2.0,0.0,2.0,0.0,48.0,15.0,0.0,8.0,0.0,9.0,0.0,23.0,0.0,72.0,9.0,44.0,0.0,8.0,312.0,60.0,10.0,209.0,223.0,773.0,5.0,0.0,5.0,0.0,0.0
ctx-rh-caudalmiddlefrontal,0.0,21.0,38.0,0.0,0.0,0.0,0.0,1.0,0.0,4.0,0.0,0.0,2.0,0.0,0.0,0.0,4.0,0.0,9.0,0.0,0.0,0.0,5.0,22.0,21.0,5.0,3.0,20.0,78.0,1.0,0.0,0.0,0.0,0.0,5.0,78.0,2463.0,0.0,0.0,0.0,0.0,7.0,0.0,42.0,2.0,0.0,1.0,0.0,0.0,4.0,56.0,0.0,179.0,0.0,18.0,0.0,73.0,35.0,1309.0,1.0,5.0,728.0,920.0,18.0,2.0,32.0,0.0,0.0
ctx-rh-cuneus,0.0,0.0,0.0,24.0,0.0,0.0,0.0,4.0,2.0,1.0,8.0,4.0,0.0,5.0,0.0,0.0,0.0,0.0,0.0,0.0,0.0,2.0,1.0,0.0,0.0,6.0,0.0,0.0,0.0,4.0,1.0,0.0,0.0,0.0,9.0,1.0,0.0,1640.0,0.0,0.0,22.0,38.0,18.0,2.0,46.0,495.0,0.0,220.0,0.0,26.0,0.0,2.0,0.0,0.0,0.0,1437.0,1.0,0.0,0.0,324.0,0.0,0.0,0.0,606.0,10.0,2.0,0.0,1.0
ctx-rh-entorhinal,0.0,0.0,0.0,0.0,0.0,0.0,0.0,0.0,0.0,0.0,0.0,0.0,0.0,0.0,0.0,0.0,0.0,0.0,0.0,0.0,0.0,0.0,0.0,0.0,0.0,0.0,0.0,0.0,0.0,0.0,0.0,0.0,0.0,0.0,0.0,0.0,0.0,0.0,222.0,0.0,363.0,0.0,245.0,1.0,0.0,0.0,0.0,0.0,0.0,23.0,0.0,151.0,0.0,0.0,0.0,0.0,0.0,0.0,0.0,0.0,0.0,0.0,0.0,0.0,30.0,0.0,132.0,1.0
ctx-rh-frontalpole,0.0,1.0,0.0,0.0,0.0,0.0,0.0,0.0,0.0,0.0,0.0,0.0,0.0,0.0,1.0,0.0,0.0,0.0,0.0,0.0,0.0,0.0,0.0,0.0,0.0,0.0,2.0,0.0,0.0,0.0,0.0,0.0,0.0,0.0,0.0,2.0,0.0,0.0,0.0,76.0,0.0,0.0,0.0,2.0,0.0,0.0,127.0,0.0,321.0,0.0,0.0,0.0,0.0,12.0,4.0,0.0,0.0,0.0,0.0,0.0,13.0,239.0,76.0,0.0,0.0,0.0,0.0,0.0
ctx-rh-fusiform,1.0,0.0,0.0,8.0,0.0,0.0,2.0,5.0,1.0,1.0,3.0,1.0,0.0,2.0,0.0,3.0,0.0,0.0,0.0,0.0,0.0,4.0,0.0,0.0,0.0,6.0,0.0,0.0,0.0,4.0,0.0,1.0,0.0,0.0,13.0,0.0,0.0,22.0,363.0,0.0,3625.0,34.0,1304.0,23.0,35.0,1064.0,2.0,946.0,0.0,202.0,1.0,263.0,0.0,0.0,1.0,113.0,0.0,1.0,0.0,28.0,0.0,0.0,0.0,36.0,55.0,0.0,86.0,3.0
ctx-rh-inferiorparietal,1.0,0.0,0.0,7.0,0.0,0.0,3.0,15.0,3.0,3.0,20.0,4.0,0.0,4.0,0.0,4.0,1.0,1.0,0.0,0.0,0.0,1.0,5.0,6.0,3.0,40.0,0.0,0.0,2.0,15.0,4.0,8.0,0.0,4.0,372.0,2.0,7.0,38.0,0.0,0.0,34.0,7599.0,156.0,37.0,65.0,669.0,1.0,14.0,0.0,727.0,13.0,5.0,3.0,0.0,1.0,10.0,105.0,14.0,121.0,563.0,0.0,4.0,7.0,1642.0,109.0,855.0,0.0,19.0
ctx-rh-inferiortemporal,0.0,0.0,0.0,3.0,0.0,0.0,1.0,3.0,1.0,1.0,3.0,0.0,0.0,2.0,0.0,1.0,0.0,0.0,0.0,0.0,0.0,2.0,0.0,1.0,1.0,10.0,0.0,0.0,0.0,6.0,1.0,6.0,0.0,0.0,58.0,0.0,0.0,18.0,245.0,0.0,1304.0,156.0,3869.0,61.0,12.0,343.0,5.0,112.0,1.0,1733.0,0.0,48.0,0.0,0.0,0.0,19.0,5.0,2.0,1.0,60.0,0.0,0.0,0.0,59.0,320.0,7.0,245.0,3.0
ctx-rh-insula,0.0,15.0,6.0,2.0,0.0,0.0,0.0,1.0,1.0,5.0,9.0,1.0,1.0,0.0,0.0,4.0,1.0,0.0,5.0,1.0,2.0,3.0,3.0,7.0,1.0,14.0,12.0,13.0,18.0,6.0,0.0,4.0,0.0,0.0,24.0,48.0,42.0,2.0,1.0,2.0,23.0,37.0,61.0,1963.0,9.0,3.0,553.0,4.0,59.0,145.0,33.0,2.0,193.0,37.0,219.0,3.0,211.0,25.0,242.0,46.0,44.0,179.0,124.0,42.0,355.0,341.0,15.0,76.0
ctx-rh-isthmuscingulate,4.0,0.0,1.0,9.0,0.0,0.0,9.0,20.0,7.0,13.0,92.0,9.0,0.0,3.0,0.0,9.0,4.0,2.0,1.0,0.0,0.0,6.0,7.0,11.0,6.0,84.0,0.0,0.0,5.0,34.0,9.0,27.0,0.0,4.0,14.0,15.0,2.0,46.0,0.0,0.0,35.0,65.0,12.0,9.0,656.0,35.0,0.0,161.0,0.0,30.0,2.0,159.0,1.0,0.0,0.0,36.0,2.0,286.0,6.0,986.0,0.0,3.0,6.0,74.0,24.0,22.0,0.0,8.0
ctx-rh-lateraloccipital,1.0,0.0,0.0,14.0,0.0,0.0,1.0,5.0,0.0,1.0,19.0,8.0,0.0,5.0,0.0,1.0,0.0,2.0,0.0,0.0,0.0,9.0,0.0,0.0,0.0,18.0,0.0,0.0,0.0,8.0,0.0,3.0,0.0,1.0,28.0,0.0,0.0,495.0,0.0,0.0,1064.0,669.0,343.0,3.0,35.0,7914.0,0.0,936.0,0.0,198.0,1.0,4.0,0.0,0.0,0.0,821.0,1.0,0.0,2.0,182.0,0.0,0.0,0.0,643.0,43.0,6.0,0.0,6.0
ctx-rh-lateralorbitofrontal,0.0,1.0,0.0,0.0,0.0,0.0,0.0,0.0,0.0,1.0,0.0,0.0,0.0,0.0,1.0,0.0,0.0,0.0,1.0,0.0,0.0,0.0,0.0,1.0,1.0,0.0,10.0,2.0,4.0,0.0,0.0,0.0,0.0,0.0,0.0,8.0,1.0,0.0,0.0,127.0,2.0,1.0,5.0,553.0,0.0,0.0,2697.0,0.0,1309.0,10.0,0.0,1.0,7.0,607.0,316.0,0.0,0.0,0.0,0.0,0.0,215.0,511.0,100.0,0.0,13.0,0.0,1.0,0.0
ctx-rh-lingual,0.0,0.0,0.0,158.0,0.0,0.0,2.0,1.0,2.0,0.0,4.0,4.0,0.0,33.0,0.0,0.0,0.0,0.0,0.0,0.0,0.0,90.0,0.0,1.0,0.0,13.0,0.0,0.0,0.0,4.0,3.0,4.0,0.0,1.0,5.0,0.0,0.0,220.0,0.0,0.0,946.0,14.0,112.0,4.0,161.0,936.0,0.0,4614.0,0.0,58.0,0.0,190.0,0.0,0.0,0.0,1428.0,1.0,0.0,1.0,164.0,0.0,0.0,1.0,44.0,17.0,1.0,0.0,2.0
ctx-rh-medialorbitofrontal,0.0,0.0,1.0,0.0,0.0,0.0,0.0,0.0,0.0,0.0,0.0,0.0,2.0,0.0,13.0,0.0,0.0,0.0,0.0,0.0,2.0,0.0,0.0,0.0,0.0,0.0,24.0,4.0,4.0,0.0,0.0,0.0,0.0,0.0,0.0,9.0,0.0,0.0,0.0,321.0,0.0,0.0,1.0,59.0,0.0,0.0,1309.0,0.0,1978.0,3.0,0.0,0.0,4.0,89.0,36.0,0.0,0.0,0.0,1.0,0.0,412.0,602.0,362.0,0.0,1.0,0.0,0.0,0.0
ctx-rh-middletemporal,0.0,0.0,0.0,3.0,0.0,0.0,2.0,10.0,2.0,1.0,13.0,4.0,0.0,2.0,0.0,1.0,0.0,2.0,0.0,0.0,0.0,2.0,0.0,1.0,0.0,25.0,0.0,0.0,0.0,8.0,4.0,5.0,0.0,2.0,759.0,0.0,4.0,26.0,23.0,0.0,202.0,727.0,1733.0,145.0,30.0,198.0,10.0,58.0,3.0,4743.0,3.0,15.0,1.0,1.0,1.0,14.0,17.0,9.0,27.0,98.0,1.0,0.0,2.0,89.0,957.0,59.0,108.0,14.0
ctx-rh-paracentral,0.0,6.0,7.0,0.0,0.0,0.0,1.0,0.0,0.0,3.0,6.0,0.0,0.0,0.0,0.0,0.0,16.0,0.0,3.0,0.0,0.0,1.0,8.0,37.0,28.0,15.0,0.0,1.0,31.0,11.0,2.0,3.0,0.0,0.0,6.0,23.0,56.0,0.0,0.0,0.0,1.0,13.0,0.0,33.0,2.0,1.0,0.0,0.0,0.0,3.0,1715.0,0.0,6.0,0.0,0.0,0.0,474.0,329.0,836.0,269.0,1.0,2.0,530.0,290.0,4.0,20.0,0.0,2.0
ctx-rh-parahippocampal,0.0,0.0,0.0,1.0,0.0,0.0,0.0,2.0,0.0,0.0,1.0,2.0,0.0,0.0,0.0,0.0,0.0,0.0,0.0,0.0,0.0,0.0,0.0,0.0,0.0,2.0,0.0,0.0,0.0,1.0,0.0,0.0,0.0,0.0,2.0,0.0,0.0,2.0,151.0,0.0,263.0,5.0,48.0,2.0,159.0,4.0,1.0,190.0,0.0,15.0,0.0,517.0,0.0,0.0,0.0,5.0,0.0,0.0,0.0,26.0,0.0,0.0,0.0,2.0,4.0,0.0,2.0,0.0
ctx-rh-parsopercularis,0.0,14.0,17.0,0.0,0.0,0.0,0.0,0.0,0.0,2.0,0.0,0.0,2.0,0.0,0.0,0.0,1.0,0.0,3.0,0.0,5.0,0.0,1.0,1.0,3.0,0.0,9.0,17.0,40.0,0.0,0.0,0.0,0.0,0.0,2.0,72.0,179.0,0.0,0.0,0.0,0.0,3.0,0.0,193.0,1.0,0.0,7.0,0.0,4.0,1.0,6.0,0.0,1311.0,5.0,664.0,0.0,65.0,12.0,587.0,0.0,16.0,389.0,194.0,0.0,1.0,23.0,0.0,1.0
ctx-rh-parsorbitalis,0.0,0.0,1.0,0.0,0.0,0.0,0.0,0.0,0.0,0.0,0.0,0.0,1.0,0.0,0.0,0.0,0.0,0.0,1.0,0.0,0.0,0.0,0.0,0.0,0.0,0.0,3.0,1.0,1.0,0.0,0.0,0.0,0.0,0.0,0.0,9.0,0.0,0.0,0.0,12.0,0.0,0.0,0.0,37.0,0.0,0.0,607.0,0.0,89.0,1.0,0.0,0.0,5.0,550.0,430.0,0.0,0.0,0.0,0.0,0.0,48.0,433.0,73.0,0.0,2.0,0.0,0.0,0.0
ctx-rh-parstriangularis,0.0,5.0,4.0,0.0,0.0,0.0,0.0,0.0,0.0,2.0,0.0,0.0,2.0,0.0,0.0,0.0,0.0,0.0,3.0,0.0,3.0,0.0,0.0,0.0,0.0,0.0,13.0,8.0,14.0,0.0,0.0,0.0,0.0,0.0,0.0,44.0,18.0,0.0,0.0,4.0,1.0,1.0,0.0,219.0,0.0,0.0,316.0,0.0,36.0,1.0,0.0,0.0,664.0,430.0,1214.0,0.0,2.0,4.0,31.0,1.0,84.0,697.0,186.0,1.0,0.0,1.0,0.0,0.0
ctx-rh-pericalcarine,0.0,0.0,0.0,34.0,0.0,0.0,1.0,2.0,0.0,0.0,6.0,5.0,0.0,5.0,0.0,2.0,0.0,0.0,0.0,0.0,0.0,25.0,0.0,0.0,0.0,8.0,0.0,0.0,0.0,1.0,1.0,0.0,0.0,0.0,7.0,0.0,0.0,1437.0,0.0,0.0,113.0,10.0,19.0,3.0,36.0,821.0,0.0,1428.0,0.0,14.0,0.0,5.0,0.0,0.0,0.0,987.0,0.0,0.0,1.0,175.0,0.0,0.0,0.0,111.0,6.0,1.0,0.0,0.0
ctx-rh-postcentral,0.0,4.0,0.0,0.0,0.0,0.0,1.0,1.0,0.0,4.0,1.0,0.0,0.0,0.0,0.0,0.0,2.0,0.0,3.0,0.0,0.0,0.0,2.0,8.0,5.0,5.0,0.0,2.0,9.0,5.0,2.0,4.0,0.0,1.0,25.0,8.0,73.0,1.0,0.0,0.0,0.0,105.0,5.0,211.0,2.0,1.0,0.0,1.0,0.0,17.0,474.0,0.0,65.0,0.0,2.0,0.0,5521.0,32.0,1742.0,84.0,0.0,11.0,49.0,627.0,14.0,1482.0,0.0,5.0
ctx-rh-posteriorcingulate,2.0,16.0,16.0,1.0,0.0,0.0,1.0,6.0,3.0,14.0,38.0,2.0,0.0,1.0,0.0,1.0,47.0,0.0,2.0,0.0,0.0,0.0,25.0,110.0,63.0,54.0,5.0,2.0,76.0,27.0,8.0,14.0,0.0,8.0,8.0,312.0,35.0,0.0,0.0,0.0,1.0,14.0,2.0,25.0,286.0,0.0,0.0,0.0,0.0,9.0,329.0,0.0,12.0,0.0,4.0,0.0,32.0,998.0,132.0,462.0,10.0,21.0,260.0,76.0,25.0,43.0,0.0,6.0
ctx-rh-precentral,0.0,17.0,17.0,1.0,0.0,0.0,0.0,1.0,0.0,8.0,3.0,0.0,1.0,0.0,0.0,1.0,21.0,0.0,5.0,0.0,0.0,0.0,6.0,36.0,37.0,6.0,1.0,4.0,59.0,4.0,0.0,2.0,0.0,0.0,23.0,60.0,1309.0,0.0,0.0,0.0,0.0,121.0,1.0,242.0,6.0,2.0,0.0,1.0,1.0,27.0,836.0,0.0,587.0,0.0,31.0,1.0,1742.0,132.0,7387.0,65.0,3.0,83.0,661.0,273.0,21.0,440.0,0.0,5.0
ctx-rh-precuneus,4.0,2.0,3.0,16.0,0.0,0.0,10.0,54.0,17.0,22.0,111.0,17.0,0.0,15.0,0.0,18.0,5.0,1.0,1.0,0.0,0.0,12.0,17.0,24.0,15.0,168.0,0.0,0.0,8.0,53.0,20.0,42.0,0.0,9.0,65.0,10.0,1.0,324.0,0.0,0.0,28.0,563.0,60.0,46.0,986.0,182.0,0.0,164.0,0.0,98.0,269.0,26.0,0.0,0.0,1.0,175.0,84.0,462.0,65.0,4653.0,0.0,0.0,24.0,2803.0,88.0,86.0,0.0,23.0
ctx-rh-rostralanteriorcingulate,0.0,10.0,3.0,0.0,0.0,0.0,0.0,0.0,0.0,2.0,0.0,0.0,9.0,0.0,8.0,0.0,0.0,0.0,8.0,2.0,7.0,0.0,0.0,1.0,2.0,0.0,144.0,27.0,31.0,0.0,0.0,0.0,0.0,0.0,0.0,209.0,5.0,0.0,0.0,13.0,0.0,0.0,0.0,44.0,0.0,0.0,215.0,0.0,412.0,1.0,1.0,0.0,16.0,48.0,84.0,0.0,0.0,10.0,3.0,0.0,723.0,271.0,419.0,0.0,0.0,0.0,0.0,0.0
ctx-rh-rostralmiddlefrontal,0.0,26.0,16.0,0.0,0.0,0.0,0.0,0.0,0.0,2.0,1.0,0.0,0.0,0.0,6.0,0.0,0.0,0.0,15.0,1.0,6.0,0.0,1.0,8.0,2.0,0.0,47.0,40.0,65.0,0.0,0.0,0.0,0.0,1.0,0.0,223.0,728.0,0.0,0.0,239.0,0.0,4.0,0.0,179.0,3.0,0.0,511.0,0.0,602.0,0.0,2.0,0.0,389.0,433.0,697.0,0.0,11.0,21.0,83.0,0.0,271.0,6545.0,2910.0,0.0,0.0,5.0,0.0,0.0
ctx-rh-superiorfrontal,0.0,99.0,103.0,0.0,0.0,0.0,0.0,0.0,0.0,24.0,2.0,0.0,8.0,0.0,6.0,0.0,20.0,0.0,27.0,1.0,11.0,0.0,8.0,70.0,85.0,6.0,64.0,63.0,238.0,5.0,0.0,3.0,0.0,0.0,2.0,773.0,920.0,0.0,0.0,76.0,0.0,7.0,0.0,124.0,6.0,0.0,100.0,1.0,362.0,2.0,530.0,0.0,194.0,73.0,186.0,0.0,49.0,260.0,661.0,24.0,419.0,2910.0,9086.0,22.0,2.0,28.0,0.0,0.0
ctx-rh-superiorparietal,0.0,0.0,5.0,7.0,0.0,0.0,4.0,18.0,2.0,3.0,29.0,7.0,0.0,5.0,0.0,5.0,7.0,2.0,0.0,0.0,0.0,6.0,6.0,10.0,9.0,33.0,0.0,0.0,8.0,20.0,10.0,15.0,1.0,2.0,54.0,5.0,18.0,606.0,0.0,0.0,36.0,1642.0,59.0,42.0,74.0,643.0,0.0,44.0,0.0,89.0,290.0,2.0,0.0,0.0,1.0,111.0,627.0,76.0,273.0,2803.0,0.0,0.0,22.0,6397.0,69.0,509.0,0.0,9.0
ctx-rh-superiortemporal,0.0,0.0,0.0,2.0,0.0,0.0,0.0,7.0,6.0,3.0,13.0,2.0,0.0,4.0,0.0,6.0,1.0,0.0,0.0,0.0,0.0,2.0,4.0,9.0,1.0,23.0,0.0,0.0,2.0,13.0,6.0,9.0,0.0,3.0,756.0,0.0,2.0,10.0,30.0,0.0,55.0,109.0,320.0,355.0,24.0,43.0,13.0,17.0,1.0,957.0,4.0,4.0,1.0,2.0,0.0,6.0,14.0,25.0,21.0,88.0,0.0,0.0,2.0,69.0,4207.0,326.0,272.0,603.0
ctx-rh-supramarginal,2.0,0.0,0.0,0.0,0.0,0.0,0.0,6.0,0.0,5.0,10.0,2.0,0.0,1.0,0.0,1.0,4.0,1.0,1.0,0.0,0.0,0.0,2.0,7.0,4.0,19.0,0.0,1.0,3.0,7.0,4.0,7.0,0.0,1.0,374.0,5.0,32.0,2.0,0.0,0.0,0.0,855.0,7.0,341.0,22.0,6.0,0.0,1.0,0.0,59.0,20.0,0.0,23.0,0.0,1.0,1.0,1482.0,43.0,440.0,86.0,0.0,5.0,28.0,509.0,326.0,5587.0,0.0,33.0
ctx-rh-temporalpole,0.0,0.0,0.0,0.0,0.0,0.0,0.0,0.0,0.0,0.0,1.0,0.0,0.0,0.0,0.0,0.0,0.0,0.0,0.0,0.0,0.0,0.0,0.0,0.0,0.0,0.0,0.0,0.0,0.0,0.0,0.0,0.0,0.0,0.0,0.0,0.0,0.0,0.0,132.0,0.0,86.0,0.0,245.0,15.0,0.0,0.0,1.0,0.0,0.0,108.0,0.0,2.0,0.0,0.0,0.0,0.0,0.0,0.0,0.0,0.0,0.0,0.0,0.0,0.0,272.0,0.0,333.0,0.0
ctx-rh-transversetemporal,0.0,0.0,0.0,2.0,0.0,0.0,0.0,2.0,0.0,0.0,4.0,2.0,0.0,0.0,0.0,1.0,0.0,0.0,0.0,0.0,0.0,1.0,1.0,3.0,2.0,7.0,0.0,0.0,2.0,3.0,1.0,5.0,0.0,0.0,23.0,0.0,0.0,1.0,1.0,0.0,3.0,19.0,3.0,76.0,8.0,6.0,0.0,2.0,0.0,14.0,2.0,0.0,1.0,0.0,0.0,0.0,5.0,6.0,5.0,23.0,0.0,0.0,0.0,9.0,603.0,33.0,0.0,215.0
