,ctx-lh-bankssts,ctx-lh-caudalanteriorcingulate,ctx-lh-caudalmiddlefrontal,ctx-lh-cuneus,ctx-lh-entorhinal,ctx-lh-frontalpole,ctx-lh-fusiform,ctx-lh-inferiorparietal,ctx-lh-inferiortemporal,ctx-lh-insula,ctx-lh-isthmuscingulate,ctx-lh-lateraloccipital,ctx-lh-lateralorbitofrontal,ctx-lh-lingual,ctx-lh-medialorbitofrontal,ctx-lh-middletemporal,ctx-lh-paracentral,ctx-lh-parahippocampal,ctx-lh-parsopercularis,ctx-lh-parsorbitalis,ctx-lh-parstriangularis,ctx-lh-pericalcarine,ctx-lh-postcentral,ctx-lh-posteriorcingulate,ctx-lh-precentral,ctx-lh-precuneus,ctx-lh-rostralanteriorcingulate,ctx-lh-rostralmiddlefrontal,ctx-lh-superiorfrontal,ctx-lh-superiorparietal,ctx-lh-superiortemporal,ctx-lh-supramarginal,ctx-lh-temporalpole,ctx-lh-transversetemporal,ctx-rh-bankssts,ctx-rh-caudalanteriorcingulate,ctx-rh-caudalmiddlefrontal,ctx-rh-cuneus,ctx-rh-entorhinal,ctx-rh-frontalpole,ctx-rh-fusiform,ctx-rh-inferiorparietal,ctx-rh-inferiortemporal,ctx-rh-insula,ctx-rh-isthmuscingulate,ctx-rh-lateraloccipital,ctx-rh-lateralorbitofrontal,ctx-rh-lingual,ctx-rh-medialorbitofrontal,ctx-rh-middletemporal,ctx-rh-paracentral,ctx-rh-parahippocampal,ctx-rh-parsopercularis,ctx-rh-parsorbitalis,ctx-rh-parstriangularis,ctx-rh-pericalcarine,ctx-rh-postcentral,ctx-rh-posteriorcingulate,ctx-rh-precentral,ctx-rh-precuneus,ctx-rh-rostralanteriorcingulate,ctx-rh-rostralmiddlefrontal,ctx-rh-superiorfrontal,ctx-rh-superiorparietal,ctx-rh-superiortemporal,ctx-rh-supramarginal,ctx-rh-temporalpole,ctx-rh-transversetemporal
ctx-lh-bankssts,744.0,0.0,2.0,1.0,1.0,0.0,47.0,339.0,131.0,42.0,12.0,23.0,0.0,4.0,0.0,875.0,1.0,4.0,4.0,0.0,0.0,1.0,25.0,10.0,12.0,27.0,0.0,0.0,1.0,29.0,1082.0,202.0,0.0,50.0,0.0,0.0,0.0,0.0,0.0,0.0,0.0,1.0,0.0,4.0,5.0,0.0,0.0,3.0,0.0,3.0,0.0,0.0,0.0,0.0,0.0,0.0,0.0,4.0,4.0,8.0,0.0,0.0,0.0,5.0,0.0,0.0,0.0,0.0
ctx-lh-caudalanteriorcingulate,0.0,595.0,77.0,0.0,0.0,0.0,1.0,0.0,0.0,21.0,6.0,0.0,21.0,0.0,16.0,1.0,11.0,0.0,19.0,2.0,14.0,0.0,3.0,284.0,21.0,8.0,332.0,117.0,656.0,2.0,0.0,4.0,0.0,0.0,0.0,200.0,13.0,0.0,0.0,1.0,0.0,2.0,0.0,6.0,1.0,0.0,1.0,0.0,3.0,0.0,6.0,0.0,4.0,2.0,4.0,0.0,4.0,34.0,16.0,2.0,22.0,16.0,130.0,4.0,0.0,1.0,0.0,0.0
ctx-lh-caudalmiddlefrontal,2.0,77.0,3595.0,0.0,0.0,1.0,0.0,7.0,2.0,65.0,2.0,1.0,4.0,0.0,0.0,4.0,35.0,0.0,330.0,2.0,22.0,0.0,98.0,28.0,1188.0,2.0,12.0,805.0,1116.0,16.0,7.0,65.0,0.0,5.0,0.0,19.0,1.0,0.0,0.0,0.0,0.0,3.0,0.0,1.0,1.0,0.0,0.0,0.0,0.0,0.0,1.0,0.0,1.0,0.0,0.0,0.0,1.0,10.0,4.0,3.0,1.0,0.0,12.0,2.0,0.0,1.0,0.0,0.0
ctx-lh-cuneus,1.0,0.0,0.0,1053.0,0.0,0.0,34.0,40.0,7.0,2.0,16.0,429.0,0.0,191.0,0.0,7.0,0.0,2.0,0.0,0.0,0.0,1349.0,0.0,2.0,1.0,145.0,0.0,0.0,0.0,849.0,1.0,0.0,0.0,0.0,1.0,0.0,0.0,0.0,0.0,0.0,1.0,1.0,0.0,2.0,7.0,4.0,0.0,38.0,0.0,0.0,0.0,0.0,0.0,0.0,0.0,5.0,0.0,1.0,0.0,5.0,0.0,0.0,1.0,1.0,0.0,1.0,0.0,0.0
ctx-lh-entorhinal,1.0,0.0,0.0,0.0,490.0,0.0,521.0,0.0,90.0,0.0,1.0,0.0,0.0,0.0,0.0,18.0,0.0,135.0,0.0,0.0,0.0,0.0,0.0,0.0,0.0,0.0,0.0,0.0,0.0,0.0,42.0,0.0,321.0,1.0,0.0,0.0,0.0,0.0,0.0,0.0,0.0,0.0,0.0,0.0,0.0,0.0,0.0,0.0,0.0,0.0,0.0,0.0,0.0,0.0,0.0,0.0,0.0,0.0,0.0,0.0,0.0,0.0,0.0,0.0,0.0,0.0,0.0,0.0
ctx-lh-frontalpole,0.0,0.0,1.0,0.0,0.0,37.0,0.0,0.0,0.0,1.0,0.0,0.0,74.0,0.0,298.0,0.0,0.0,0.0,0.0,2.0,2.0,0.0,0.0,0.0,0.0,0.0,2.0,144.0,121.0,0.0,0.0,0.0,0.0,0.0,0.0,0.0,0.0,0.0,0.0,0.0,0.0,0.0,0.0,0.0,0.0,0.0,0.0,0.0,0.0,0.0,0.0,0.0,0.0,0.0,0.0,0.0,0.0,0.0,0.0,0.0,0.0,0.0,0.0,0.0,0.0,0.0,0.0,0.0
ctx-lh-fusiform,47.0,1.0,0.0,34.0,521.0,0.0,3797.0,98.0,1208.0,52.0,27.0,1202.0,1.0,877.0,0.0,280.0,1.0,324.0,0.0,0.0,0.0,78.0,2.0,0.0,4.0,32.0,0.0,0.0,0.0,34.0,240.0,5.0,164.0,4.0,1.0,0.0,0.0,1.0,0.0,0.0,2.0,3.0,1.0,0.0,10.0,0.0,0.0,7.0,0.0,3.0,0.0,1.0,0.0,0.0,0.0,2.0,1.0,1.0,1.0,9.0,0.0,0.0,0.0,8.0,1.0,0.0,0.0,0.0
ctx-lh-inferiorparietal,339.0,0.0,7.0,40.0,0.0,0.0,98.0,7592.0,252.0,38.0,68.0,953.0,0.0,17.0,0.0,637.0,4.0,2.0,4.0,0.0,0.0,19.0,120.0,13.0,74.0,445.0,0.0,0.0,5.0,1475.0,116.0,1143.0,0.0,14.0,3.0,0.0,0.0,2.0,0.0,0.0,4.0,9.0,3.0,1.0,21.0,5.0,0.0,6.0,0.0,3.0,3.0,1.0,0.0,0.0,0.0,3.0,6.0,4.0,2.0,38.0,0.0,0.0,0.0,31.0,5.0,3.0,0.0,1.0
ctx-lh-inferiortemporal,131.0,0.0,2.0,7.0,90.0,0.0,1208.0,252.0,3945.0,79.0,11.0,496.0,0.0,50.0,0.0,2001.0,1.0,52.0,2.0,0.0,0.0,10.0,8.0,4.0,6.0,32.0,0.0,0.0,0.0,37.0,392.0,21.0,213.0,13.0,0.0,0.0,0.0,1.0,0.0,0.0,1.0,1.0,2.0,0.0,8.0,4.0,0.0,3.0,0.0,2.0,0.0,0.0,0.0,0.0,0.0,1.0,2.0,1.0,0.0,7.0,0.0,1.0,0.0,8.0,3.0,0.0,0.0,0.0
ctx-lh-insula,42.0,21.0,65.0,2.0,0.0,1.0,52.0,38.0,79.0,1621.0,9.0,6.0,371.0,1.0,17.0,121.0,18.0,7.0,258.0,6.0,90.0,1.0,194.0,16.0,354.0,13.0,21.0,144.0,108.0,24.0,259.0,204.0,6.0,118.0,0.0,5.0,1.0,0.0,0.0,0.0,0.0,2.0,0.0,0.0,6.0,0.0,0.0,0.0,0.0,0.0,1.0,0.0,1.0,0.0,0.0,0.0,1.0,8.0,1.0,3.0,2.0,0.0,6.0,5.0,1.0,1.0,0.0,0.0
ctx-lh-isthmuscingulate,12.0,6.0,2.0,16.0,1.0,0.0,27.0,68.0,11.0,9.0,549.0,51.0,0.0,107.0,0.0,19.0,10.0,39.0,2.0,0.0,0.0,23.0,19.0,404.0,11.0,761.0,1.0,1.0,11.0,90.0,9.0,8.0,0.0,6.0,7.0,2.0,0.0,6.0,0.0,0.0,10.0,24.0,9.0,7.0,103.0,13.0,0.0,9.0,0.0,11.0,8.0,2.0,0.0,0.0,0.0,5.0,7.0,30.0,4.0,103.0,0.0,0.0,2.0,56.0,13.0,8.0,0.0,3.0
ctx-lh-lateraloccipital,23.0,0.0,1.0,429.0,0.0,0.0,1202.0,953.0,496.0,6.0,51.0,6882.0,0.0,792.0,0.0,151.0,1.0,8.0,0.0,0.0,0.0,720.0,2.0,5.0,0.0,145.0,0.0,0.0,0.0,562.0,17.0,8.0,0.0,2.0,4.0,0.0,0.0,4.0,0.0,0.0,3.0,6.0,3.0,0.0,17.0,8.0,0.0,9.0,0.0,3.0,0.0,2.0,0.0,0.0,0.0,1.0,2.0,2.0,2.0,32.0,0.0,0.0,0.0,17.0,2.0,4.0,0.0,0.0
ctx-lh-lateralorbitofrontal,0.0,21.0,4.0,0.0,0.0,74.0,1.0,0.0,0.0,371.0,0.0,0.0,3359.0,0.0,1433.0,1.0,0.0,0.0,24.0,376.0,352.0,0.0,0.0,1.0,4.0,1.0,269.0,799.0,145.0,0.0,6.0,1.0,0.0,0.0,0.0,6.0,0.0,0.0,0.0,0.0,0.0,0.0,0.0,0.0,0.0,0.0,0.0,0.0,0.0,0.0,0.0,0.0,0.0,0.0,0.0,0.0,0.0,0.0,0.0,0.0,3.0,0.0,2.0,0.0,0.0,0.0,0.0,0.0
ctx-lh-lingual,4.0,0.0,0.0,191.0,0.0,0.0,877.0,17.0,50.0,1.0,107.0,792.0,0.0,2692.0,0.0,11.0,2.0,135.0,0.0,0.0,0.0,909.0,2.0,0.0,1.0,82.0,0.0,0.0,0.0,72.0,10.0,4.0,0.0,1.0,1.0,0.0,0.0,1.0,0.0,0.0,7.0,3.0,3.0,2.0,12.0,7.0,0.0,8.0,0.0,2.0,0.0,3.0,0.0,0.0,0.0,3.0,1.0,2.0,0.0,21.0,0.0,0.0,0.0,10.0,1.0,0.0,0.0,0.0
ctx-lh-medialorbitofrontal,0.0,16.0,0.0,0.0,0.0,298.0,0.0,0.0,0.0,17.0,0.0,0.0,1433.0,0.0,1531.0,0.0,0.0,0.0,3.0,40.0,25.0,0.0,0.0,1.0,0.0,0.0,519.0,878.0,367.0,0.0,0.0,0.0,0.0,0.0,0.0,4.0,0.0,0.0,0.0,0.0,0.0,0.0,0.0,0.0,0.0,0.0,0.0,0.0,0.0,0.0,1.0,0.0,0.0,0.0,0.0,0.0,0.0,0.0,0.0,0.0,4.0,1.0,3.0,0.0,0.0,0.0,0.0,0.0
ctx-lh-middletemporal,875.0,1.0,4.0,7.0,18.0,0.0,280.0,637.0,2001.0,121.0,19.0,151.0,1.0,11.0,0.0,3416.0,1.0,21.0,0.0,0.0,1.0,7.0,15.0,6.0,9.0,39.0,0.0,0.0,3.0,47.0,854.0,65.0,102.0,15.0,3.0,0.0,0.0,0.0,0.0,0.0,1.0,0.0,1.0,1.0,14.0,2.0,0.0,3.0,0.0,3.0,1.0,0.0,0.0,0.0,0.0,1.0,3.0,3.0,3.0,11.0,0.0,0.0,0.0,10.0,3.0,2.0,0.0,0.0
ctx-lh-paracentral,1.0,11.0,35.0,0.0,0.0,0.0,1.0,4.0,1.0,18.0,10.0,1.0,0.0,2.0,0.0,1.0,1893.0,0.0,6.0,0.0,0.0,0.0,438.0,280.0,918.0,141.0,0.0,4.0,406.0,117.0,8.0,13.0,0.0,1.0,0.0,8.0,4.0,1.0,0.0,0.0,0.0,1.0,0.0,2.0,7.0,1.0,0.0,0.0,0.0,1.0,12.0,0.0,0.0,0.0,0.0,0.0,4.0,43.0,15.0,10.0,1.0,1.0,11.0,5.0,2.0,3.0,0.0,0.0
ctx-lh-parahippocampal,4.0,0.0,0.0,2.0,135.0,0.0,324.0,2.0,52.0,7.0,39.0,8.0,0.0,135.0,0.0,21.0,0.0,354.0,0.0,0.0,0.0,5.0,0.0,0.0,0.0,4.0,0.0,0.0,0.0,1.0,4.0,0.0,2.0,0.0,0.0,0.0,0.0,0.0,0.0,0.0,0.0,1.0,0.0,0.0,0.0,0.0,0.0,0.0,0.0,0.0,0.0,1.0,0.0,0.0,0.0,0.0,0.0,1.0,0.0,6.0,0.0,0.0,0.0,0.0,0.0,0.0,0.0,0.0
ctx-lh-parsopercularis,4.0,19.0,330.0,0.0,0.0,0.0,0.0,4.0,2.0,258.0,2.0,0.0,24.0,0.0,3.0,0.0,6.0,0.0,2659.0,4.0,781.0,0.0,103.0,10.0,708.0,1.0,10.0,622.0,117.0,5.0,5.0,34.0,0.0,2.0,1.0,9.0,1.0,0.0,0.0,0.0,0.0,0.0,0.0,0.0,0.0,0.0,0.0,0.0,0.0,0.0,2.0,0.0,0.0,0.0,0.0,0.0,0.0,5.0,2.0,1.0,0.0,2.0,5.0,0.0,1.0,0.0,0.0,0.0
ctx-lh-parsorbitalis,0.0,2.0,2.0,0.0,0.0,2.0,0.0,0.0,0.0,6.0,0.0,0.0,376.0,0.0,40.0,0.0,0.0,0.0,4.0,501.0,265.0,0.0,0.0,0.0,2.0,0.0,23.0,409.0,37.0,0.0,0.0,0.0,0.0,0.0,0.0,0.0,0.0,0.0,0.0,0.0,0.0,0.0,0.0,0.0,0.0,0.0,0.0,0.0,0.0,0.0,0.0,0.0,0.0,0.0,0.0,0.0,0.0,0.0,0.0,0.0,0.0,0.0,0.0,0.0,0.0,0.0,0.0,0.0
ctx-lh-parstriangularis,0.0,14.0,22.0,0.0,0.0,2.0,0.0,0.0,0.0,90.0,0.0,0.0,352.0,0.0,25.0,1.0,0.0,0.0,781.0,265.0,1394.0,0.0,2.0,0.0,15.0,0.0,53.0,923.0,105.0,0.0,0.0,0.0,0.0,0.0,0.0,1.0,0.0,0.0,0.0,0.0,0.0,0.0,0.0,0.0,0.0,0.0,0.0,0.0,1.0,0.0,1.0,0.0,1.0,0.0,0.0,0.0,0.0,0.0,0.0,0.0,3.0,0.0,2.0,0.0,0.0,0.0,0.0,0.0
ctx-lh-pericalcarine,1.0,0.0,0.0,1349.0,0.0,0.0,78.0,19.0,10.0,1.0,23.0,720.0,0.0,909.0,0.0,7.0,0.0,5.0,0.0,0.0,0.0,572.0,0.0,1.0,0.0,87.0,0.0,0.0,0.0,186.0,2.0,3.0,0.0,0.0,0.0,0.0,0.0,1.0,0.0,0.0,1.0,0.0,1.0,0.0,5.0,0.0,0.0,14.0,0.0,3.0,0.0,0.0,0.0,0.0,0.0,1.0,0.0,0.0,1.0,9.0,0.0,0.0,0.0,2.0,1.0,0.0,0.0,0.0
ctx-lh-postcentral,25.0,3.0,98.0,0.0,0.0,0.0,2.0,120.0,8.0,194.0,19.0,2.0,0.0,2.0,0.0,15.0,438.0,0.0,103.0,0.0,2.0,0.0,6276.0,36.0,2074.0,121.0,0.0,5.0,62.0,821.0,35.0,1419.0,0.0,10.0,1.0,4.0,0.0,1.0,0.0,0.0,0.0,1.0,2.0,1.0,11.0,1.0,0.0,0.0,0.0,1.0,5.0,1.0,0.0,0.0,1.0,0.0,2.0,25.0,1.0,12.0,0.0,0.0,4.0,12.0,1.0,2.0,0.0,0.0
ctx-lh-posteriorcingulate,10.0,284.0,28.0,2.0,0.0,0.0,0.0,13.0,4.0,16.0,404.0,5.0,1.0,0.0,1.0,6.0,280.0,0.0,10.0,0.0,0.0,1.0,36.0,1371.0,101.0,572.0,2.0,13.0,312.0,78.0,9.0,21.0,0.0,5.0,1.0,58.0,9.0,0.0,0.0,0.0,3.0,8.0,3.0,6.0,26.0,3.0,0.0,1.0,0.0,1.0,44.0,0.0,3.0,0.0,0.0,0.0,25.0,167.0,49.0,42.0,2.0,2.0,53.0,39.0,8.0,8.0,0.0,5.0
ctx-lh-precentral,12.0,21.0,1188.0,1.0,0.0,0.0,4.0,74.0,6.0,354.0,11.0,0.0,4.0,1.0,0.0,9.0,918.0,0.0,708.0,2.0,15.0,0.0,2074.0,101.0,7329.0,61.0,1.0,58.0,624.0,236.0,36.0,487.0,1.0,11.0,0.0,10.0,0.0,0.0,0.0,0.0,0.0,3.0,0.0,0.0,9.0,0.0,0.0,0.0,0.0,1.0,7.0,1.0,2.0,0.0,0.0,0.0,4.0,24.0,9.0,9.0,0.0,0.0,13.0,5.0,2.0,1.0,0.0,1.0
ctx-lh-precuneus,27.0,8.0,2.0,145.0,0.0,0.0,32.0,445.0,32.0,13.0,761.0,145.0,1.0,82.0,0.0,39.0,141.0,4.0,1.0,0.0,0.0,87.0,121.0,572.0,61.0,3923.0,0.0,0.0,10.0,2221.0,27.0,28.0,0.0,14.0,7.0,2.0,0.0,5.0,0.0,0.0,9.0,30.0,6.0,9.0,80.0,14.0,0.0,9.0,0.0,9.0,8.0,3.0,0.0,0.0,0.0,6.0,10.0,34.0,11.0,95.0,0.0,0.0,2.0,57.0,18.0,9.0,0.0,4.0
ctx-lh-rostralanteriorcingulate,0.0,332.0,12.0,0.0,0.0,2.0,0.0,0.0,0.0,21.0,1.0,0.0,269.0,0.0,519.0,0.0,0.0,0.0,10.0,23.0,53.0,0.0,0.0,2.0,1.0,0.0,1240.0,322.0,473.0,0.0,0.0,0.0,0.0,0.0,0.0,67.0,1.0,0.0,0.0,0.0,0.0,0.0,0.0,0.0,0.0,0.0,1.0,0.0,3.0,0.0,0.0,0.0,2.0,1.0,0.0,0.0,0.0,2.0,1.0,0.0,56.0,9.0,21.0,1.0,0.0,0.0,0.0,0.0
ctx-lh-rostralmiddlefrontal,0.0,117.0,805.0,0.0,0.0,144.0,0.0,0.0,0.0,144.0,1.0,0.0,799.0,0.0,878.0,0.0,4.0,0.0,622.0,409.0,923.0,0.0,5.0,13.0,58.0,0.0,322.0,7597.0,2714.0,1.0,1.0,2.0,0.0,0.0,0.0,27.0,1.0,0.0,0.0,0.0,0.0,0.0,0.0,1.0,0.0,0.0,1.0,0.0,1.0,0.0,0.0,0.0,0.0,0.0,2.0,0.0,0.0,1.0,3.0,0.0,2.0,3.0,11.0,0.0,0.0,0.0,0.0,0.0
ctx-lh-superiorfrontal,1.0,656.0,1116.0,0.0,0.0,121.0,0.0,5.0,0.0,108.0,11.0,0.0,145.0,0.0,367.0,3.0,406.0,0.0,117.0,37.0,105.0,0.0,62.0,312.0,624.0,10.0,473.0,2714.0,11363.0,16.0,4.0,20.0,0.0,1.0,0.0,155.0,12.0,0.0,0.0,0.0,0.0,1.0,0.0,1.0,1.0,0.0,0.0,0.0,3.0,0.0,18.0,0.0,2.0,0.0,2.0,0.0,1.0,44.0,27.0,2.0,14.0,10.0,117.0,7.0,1.0,0.0,0.0,1.0
ctx-lh-superiorparietal,29.0,2.0,16.0,849.0,0.0,0.0,34.0,1475.0,37.0,24.0,90.0,562.0,0.0,72.0,0.0,47.0,117.0,1.0,5.0,0.0,0.0,186.0,821.0,78.0,236.0,2221.0,0.0,1.0,16.0,5752.0,45.0,415.0,0.0,18.0,7.0,0.0,0.0,1.0,0.0,0.0,6.0,8.0,3.0,1.0,34.0,6.0,0.0,12.0,0.0,2.0,8.0,1.0,0.0,0.0,0.0,0.0,6.0,25.0,2.0,51.0,0.0,0.0,3.0,23.0,5.0,6.0,0.0,2.0
ctx-lh-superiortemporal,1082.0,0.0,7.0,1.0,42.0,0.0,240.0,116.0,392.0,259.0,9.0,17.0,6.0,10.0,0.0,854.0,8.0,4.0,5.0,0.0,0.0,2.0,35.0,9.0,36.0,27.0,0.0,1.0,4.0,45.0,4971.0,298.0,274.0,578.0,1.0,1.0,0.0,0.0,0.0,0.0,0.0,2.0,1.0,2.0,12.0,1.0,0.0,0.0,0.0,1.0,1.0,1.0,0.0,0.0,0.0,0.0,2.0,4.0,3.0,16.0,0.0,0.0,1.0,16.0,1.0,0.0,0.0,2.0
ctx-lh-supramarginal,202.0,4.0,65.0,0.0,0.0,0.0,5.0,1143.0,21.0,204.0,8.0,8.0,1.0,4.0,0.0,65.0,13.0,0.0,34.0,0.0,0.0,3.0,1419.0,21.0,487.0,28.0,0.0,2.0,20.0,415.0,298.0,5257.0,0.0,37.0,2.0,0.0,0.0,0.0,0.0,0.0,0.0,4.0,0.0,3.0,11.0,2.0,0.0,0.0,0.0,2.0,2.0,0.0,0.0,0.0,0.0,0.0,3.0,7.0,2.0,12.0,0.0,0.0,1.0,16.0,2.0,2.0,0.0,0.0
ctx-lh-temporalpole,0.0,0.0,0.0,0.0,321.0,0.0,164.0,0.0,213.0,6.0,0.0,0.0,0.0,0.0,0.0,102.0,0.0,2.0,0.0,0.0,0.0,0.0,0.0,0.0,1.0,0.0,0.0,0.0,0.0,0.0,274.0,0.0,543.0,0.0,0.0,0.0,0.0,0.0,0.0,0.0,0.0,0.0,0.0,0.0,0.0,0.0,0.0,0.0,0.0,0.0,0.0,0.0,0.0,0.0,0.0,0.0,0.0,0.0,0.0,0.0,0.0,0.0,0.0,0.0,0.0,0.0,0.0,0.0
ctx-lh-transversetemporal,50.0,0.0,5.0,0.0,1.0,0.0,4.0,14.0,13.0,118.0,6.0,2.0,0.0,1.0,0.0,15.0,1.0,0.0,2.0,0.0,0.0,0.0,10.0,5.0,11.0,14.0,0.0,0.0,1.0,18.0,578.0,37.0,0.0,352.0,1.0,0.0,0.0,0.0,0.0,0.0,0.0,1.0,0.0,0.0,3.0,0.0,0.0,0.0,0.0,0.0,2.0,0.0,0.0,0.0,0.0,0.0,0.0,2.0,0.0,5.0,0.0,0.0,0.0,5.0,1.0,0.0,0.0,0.0
ctx-rh-bankssts,0.0,0.0,0.0,1.0,0.0,0.0,1.0,3.0,0.0,0.0,7.0,4.0,0.0,1.0,0.0,3.0,0.0,0.0,1.0,0.0,0.0,0.0,1.0,1.0,0.0,7.0,0.0,0.0,0.0,7.0,1.0,2.0,0.0,1.0,638.0,1.0,1.0,2.0,0.0,0.0,31.0,541.0,79.0,31.0,16.0,16.0,0.0,4.0,0.0,653.0,5.0,1.0,1.0,0.0,0.0,3.0,26.0,5.0,21.0,43.0,0.0,0.0,1.0,36.0,735.0,339.0,0.0,25.0
ctx-rh-caudalanteriorcingulate,0.0,200.0,19.0,0.0,0.0,0.0,0.0,0.0,0.0,5.0,2.0,0.0,6.0,0.0,4.0,0.0,8.0,0.0,9.0,0.0,1.0,0.0,4.0,58.0,10.0,2.0,67.0,27.0,155.0,0.0,1.0,0.0,0.0,0.0,1.0,700.0,54.0,0.0,0.0,2.0,0.0,1.0,1.0,25.0,14.0,0.0,15.0,0.0,10.0,0.0,28.0,0.0,22.0,4.0,31.0,0.0,7.0,366.0,47.0,9.0,320.0,140.0,815.0,6.0,3.0,2.0,0.0,0.0
ctx-rh-caudalmiddlefrontal,0.0,13.0,1.0,0.0,0.0,0.0,0.0,0.0,0.0,1.0,0.0,0.0,0.0,0.0,0.0,0.0,4.0,0.0,1.0,0.0,0.0,0.0,0.0,9.0,0.0,0.0,1.0,1.0,12.0,0.0,0.0,0.0,0.0,0.0,1.0,54.0,2154.0,0.0,0.0,0.0,1.0,15.0,0.0,95.0,1.0,0.0,1.0,0.0,1.0,1.0,16.0,0.0,433.0,0.0,42.0,0.0,88.0,14.0,1169.0,3.0,2.0,761.0,741.0,22.0,3.0,40.0,0.0,0.0
ctx-rh-cuneus,0.0,0.0,0.0,0.0,0.0,0.0,1.0,2.0,1.0,0.0,6.0,4.0,0.0,1.0,0.0,0.0,1.0,0.0,0.0,0.0,0.0,1.0,1.0,0.0,0.0,5.0,0.0,0.0,0.0,1.0,0.0,0.0,0.0,0.0,2.0,0.0,0.0,1086.0,0.0,0.0,31.0,36.0,11.0,1.0,7.0,277.0,0.0,225.0,0.0,3.0,0.0,2.0,0.0,0.0,0.0,1050.0,1.0,0.0,0.0,229.0,0.0,0.0,0.0,538.0,3.0,2.0,0.0,0.0
ctx-rh-entorhinal,0.0,0.0,0.0,0.0,0.0,0.0,0.0,0.0,0.0,0.0,0.0,0.0,0.0,0.0,0.0,0.0,0.0,0.0,0.0,0.0,0.0,0.0,0.0,0.0,0.0,0.0,0.0,0.0,0.0,0.0,0.0,0.0,0.0,0.0,0.0,0.0,0.0,0.0,247.0,0.0,400.0,0.0,153.0,14.0,0.0,0.0,1.0,0.0,0.0,44.0,0.0,157.0,0.0,0.0,0.0,0.0,1.0,0.0,0.0,0.0,0.0,0.0,0.0,0.0,21.0,0.0,188.0,0.0
ctx-rh-frontalpole,0.0,1.0,0.0,0.0,0.0,0.0,0.0,0.0,0.0,0.0,0.0,0.0,0.0,0.0,0.0,0.0,0.0,0.0,0.0,0.0,0.0,0.0,0.0,0.0,0.0,0.0,0.0,0.0,0.0,0.0,0.0,0.0,0.0,0.0,0.0,2.0,0.0,0.0,0.0,50.0,0.0,0.0,0.0,3.0,0.0,0.0,82.0,0.0,446.0,0.0,0.0,0.0,0.0,9.0,2.0,0.0,0.0,0.0,0.0,0.0,3.0,255.0,119.0,0.0,0.0,0.0,0.0,0.0
ctx-rh-fusiform,0.0,0.0,0.0,1.0,0.0,0.0,2.0,4.0,1.0,0.0,10.0,3.0,0.0,7.0,0.0,1.0,0.0,0.0,0.0,0.0,0.0,1.0,0.0,3.0,0.0,9.0,0.0,0.0,0.0,6.0,0.0,0.0,0.0,0.0,31.0,0.0,1.0,31.0,400.0,0.0,3511.0,158.0,1090.0,68.0,23.0,1211.0,1.0,620.0,0.0,286.0,1.0,341.0,0.0,0.0,0.0,93.0,0.0,1.0,0.0,89.0,0.0,0.0,1.0,64.0,122.0,5.0,99.0,6.0
ctx-rh-inferiorparietal,1.0,2.0,3.0,1.0,0.0,0.0,3.0,9.0,1.0,2.0,24.0,6.0,0.0,3.0,0.0,0.0,1.0,1.0,0.0,0.0,0.0,0.0,1.0,8.0,3.0,30.0,0.0,0.0,1.0,8.0,2.0,4.0,0.0,1.0,541.0,1.0,15.0,36.0,0.0,0.0,158.0,9548.0,295.0,43.0,44.0,933.0,0.0,41.0,0.0,690.0,7.0,2.0,8.0,0.0,0.0,22.0,163.0,15.0,115.0,230.0,0.0,2.0,5.0,1943.0,140.0,1340.0,0.0,25.0
ctx-rh-inferiortemporal,0.0,0.0,0.0,0.0,0.0,0.0,1.0,3.0,2.0,0.0,9.0,3.0,0.0,3.0,0.0,1.0,0.0,0.0,0.0,0.0,0.0,1.0,2.0,3.0,0.0,6.0,0.0,0.0,0.0,3.0,1.0,0.0,0.0,0.0,79.0,1.0,0.0,11.0,153.0,0.0,1090.0,295.0,3863.0,104.0,15.0,408.0,0.0,41.0,0.0,2188.0,1.0,47.0,0.0,0.0,0.0,10.0,2.0,2.0,3.0,38.0,0.0,0.0,0.0,46.0,304.0,16.0,242.0,5.0
ctx-rh-insula,4.0,6.0,1.0,2.0,0.0,0.0,0.0,1.0,0.0,0.0,7.0,0.0,0.0,2.0,0.0,1.0,2.0,0.0,0.0,0.0,0.0,0.0,1.0,6.0,0.0,9.0,0.0,1.0,1.0,1.0,2.0,3.0,0.0,0.0,31.0,25.0,95.0,1.0,14.0,3.0,68.0,43.0,104.0,1205.0,7.0,8.0,342.0,5.0,26.0,156.0,12.0,11.0,226.0,17.0,141.0,1.0,166.0,11.0,226.0,19.0,18.0,136.0,120.0,57.0,264.0,181.0,21.0,60.0
ctx-rh-isthmuscingulate,5.0,1.0,1.0,7.0,0.0,0.0,10.0,21.0,8.0,6.0,103.0,17.0,0.0,12.0,0.0,14.0,7.0,0.0,0.0,0.0,0.0,5.0,11.0,26.0,9.0,80.0,0.0,0.0,1.0,34.0,12.0,11.0,0.0,3.0,16.0,14.0,1.0,7.0,0.0,0.0,23.0,44.0,15.0,7.0,359.0,15.0,0.0,66.0,0.0,13.0,21.0,57.0,1.0,0.0,0.0,13.0,4.0,332.0,8.0,756.0,1.0,0.0,6.0,116.0,17.0,11.0,0.0,5.0
ctx-rh-lateraloccipital,0.0,0.0,0.0,4.0,0.0,0.0,0.0,5.0,4.0,0.0,13.0,8.0,0.0,7.0,0.0,2.0,1.0,0.0,0.0,0.0,0.0,0.0,1.0,3.0,0.0,14.0,0.0,0.0,0.0,6.0,1.0,2.0,0.0,0.0,16.0,0.0,0.0,277.0,0.0,0.0,1211.0,933.0,408.0,8.0,15.0,5984.0,0.0,735.0,0.0,176.0,1.0,15.0,1.0,0.0,0.0,567.0,2.0,0.0,0.0,157.0,0.0,0.0,0.0,464.0,24.0,4.0,0.0,4.0
ctx-rh-lateralorbitofrontal,0.0,1.0,0.0,0.0,0.0,0.0,0.0,0.0,0.0,0.0,0.0,0.0,0.0,0.0,0.0,0.0,0.0,0.0,0.0,0.0,0.0,0.0,0.0,0.0,0.0,0.0,1.0,1.0,0.0,0.0,0.0,0.0,0.0,0.0,0.0,15.0,1.0,0.0,1.0,82.0,1.0,0.0,0.0,342.0,0.0,0.0,2658.0,0.0,1441.0,2.0,0.0,0.0,6.0,601.0,234.0,0.0,2.0,0.0,2.0,0.0,206.0,706.0,97.0,0.0,4.0,0.0,0.0,0.0
ctx-rh-lingual,3.0,0.0,0.0,38.0,0.0,0.0,7.0,6.0,3.0,0.0,9.0,9.0,0.0,8.0,0.0,3.0,0.0,0.0,0.0,0.0,0.0,14.0,0.0,1.0,0.0,9.0,0.0,0.0,0.0,12.0,0.0,0.0,0.0,0.0,4.0,0.0,0.0,225.0,0.0,0.0,620.0,41.0,41.0,5.0,66.0,735.0,0.0,2832.0,0.0,26.0,0.0,206.0,0.0,0.0,0.0,1183.0,1.0,2.0,0.0,324.0,0.0,0.0,0.0,99.0,8.0,0.0,0.0,1.0
ctx-rh-medialorbitofrontal,0.0,3.0,0.0,0.0,0.0,0.0,0.0,0.0,0.0,0.0,0.0,0.0,0.0,0.0,0.0,0.0,0.0,0.0,0.0,0.0,1.0,0.0,0.0,0.0,0.0,0.0,3.0,1.0,3.0,0.0,0.0,0.0,0.0,0.0,0.0,10.0,1.0,0.0,0.0,446.0,0.0,0.0,0.0,26.0,0.0,0.0,1441.0,0.0,1608.0,0.0,1.0,0.0,2.0,84.0,34.0,0.0,0.0,0.0,0.0,0.0,413.0,1108.0,274.0,0.0,0.0,0.0,0.0,0.0
ctx-rh-middletemporal,3.0,0.0,0.0,0.0,0.0,0.0,3.0,3.0,2.0,0.0,11.0,3.0,0.0,2.0,0.0,3.0,1.0,0.0,0.0,0.0,0.0,3.0,1.0,1.0,1.0,9.0,0.0,0.0,0.0,2.0,1.0,2.0,0.0,0.0,653.0,0.0,1.0,3.0,44.0,0.0,286.0,690.0,2188.0,156.0,13.0,176.0,2.0,26.0,0.0,4312.0,2.0,26.0,0.0,0.0,0.0,7.0,6.0,4.0,12.0,35.0,0.0,0.0,0.0,70.0,573.0,44.0,134.0,11.0
ctx-rh-paracentral,0.0,6.0,1.0,0.0,0.0,0.0,0.0,3.0,0.0,1.0,8.0,0.0,0.0,0.0,1.0,1.0,12.0,0.0,2.0,0.0,1.0,0.0,5.0,44.0,7.0,8.0,0.0,0.0,18.0,8.0,1.0,2.0,0.0,2.0,5.0,28.0,16.0,0.0,0.0,0.0,1.0,7.0,1.0,12.0,21.0,1.0,0.0,0.0,1.0,2.0,2032.0,0.0,1.0,0.0,0.0,0.0,468.0,363.0,1113.0,191.0,0.0,2.0,401.0,253.0,7.0,9.0,0.0,2.0
ctx-rh-parahippocampal,0.0,0.0,0.0,0.0,0.0,0.0,1.0,1.0,0.0,0.0,2.0,2.0,0.0,3.0,0.0,0.0,0.0,1.0,0.0,0.0,0.0,0.0,1.0,0.0,1.0,3.0,0.0,0.0,0.0,1.0,1.0,0.0,0.0,0.0,1.0,0.0,0.0,2.0,157.0,0.0,341.0,2.0,47.0,11.0,57.0,15.0,0.0,206.0,0.0,26.0,0.0,388.0,0.0,0.0,0.0,7.0,0.0,0.0,0.0,22.0,0.0,0.0,0.0,5.0,11.0,0.0,4.0,1.0
ctx-rh-parsopercularis,0.0,4.0,1.0,0.0,0.0,0.0,0.0,0.0,0.0,1.0,0.0,0.0,0.0,0.0,0.0,0.0,0.0,0.0,0.0,0.0,1.0,0.0,0.0,3.0,2.0,0.0,2.0,0.0,2.0,0.0,0.0,0.0,0.0,0.0,1.0,22.0,433.0,0.0,0.0,0.0,0.0,8.0,0.0,226.0,1.0,1.0,6.0,0.0,2.0,0.0,1.0,0.0,2075.0,5.0,600.0,0.0,98.0,1.0,625.0,2.0,5.0,532.0,114.0,3.0,1.0,36.0,0.0,0.0
ctx-rh-parsorbitalis,0.0,2.0,0.0,0.0,0.0,0.0,0.0,0.0,0.0,0.0,0.0,0.0,0.0,0.0,0.0,0.0,0.0,0.0,0.0,0.0,0.0,0.0,0.0,0.0,0.0,0.0,1.0,0.0,0.0,0.0,0.0,0.0,0.0,0.0,0.0,4.0,0.0,0.0,0.0,9.0,0.0,0.0,0.0,17.0,0.0,0.0,601.0,0.0,84.0,0.0,0.0,0.0,5.0,911.0,354.0,0.0,0.0,0.0,0.0,0.0,32.0,632.0,59.0,0.0,0.0,0.0,0.0,0.0
ctx-rh-parstriangularis,0.0,4.0,0.0,0.0,0.0,0.0,0.0,0.0,0.0,0.0,0.0,0.0,0.0,0.0,0.0,0.0,0.0,0.0,0.0,0.0,0.0,0.0,1.0,0.0,0.0,0.0,0.0,2.0,2.0,0.0,0.0,0.0,0.0,0.0,0.0,31.0,42.0,0.0,0.0,2.0,0.0,0.0,0.0,141.0,0.0,0.0,234.0,0.0,34.0,0.0,0.0,0.0,600.0,354.0,1634.0,0.0,1.0,0.0,18.0,0.0,49.0,1058.0,160.0,0.0,0.0,3.0,0.0,0.0
ctx-rh-pericalcarine,0.0,0.0,0.0,5.0,0.0,0.0,2.0,3.0,1.0,0.0,5.0,1.0,0.0,3.0,0.0,1.0,0.0,0.0,0.0,0.0,0.0,1.0,0.0,0.0,0.0,6.0,0.0,0.0,0.0,0.0,0.0,0.0,0.0,0.0,3.0,0.0,0.0,1050.0,0.0,0.0,93.0,22.0,10.0,1.0,13.0,567.0,0.0,1183.0,0.0,7.0,0.0,7.0,0.0,0.0,0.0,660.0,0.0,0.0,0.0,240.0,0.0,0.0,0.0,147.0,1.0,1.0,0.0,0.0
ctx-rh-postcentral,0.0,4.0,1.0,0.0,0.0,0.0,1.0,6.0,2.0,1.0,7.0,2.0,0.0,1.0,0.0,3.0,4.0,0.0,0.0,0.0,0.0,0.0,2.0,25.0,4.0,10.0,0.0,0.0,1.0,6.0,2.0,3.0,0.0,0.0,26.0,7.0,88.0,1.0,1.0,0.0,0.0,163.0,2.0,166.0,4.0,2.0,2.0,1.0,0.0,6.0,468.0,0.0,98.0,0.0,1.0,0.0,4695.0,32.0,1807.0,96.0,0.0,19.0,36.0,710.0,25.0,1398.0,0.0,8.0
ctx-rh-posteriorcingulate,4.0,34.0,10.0,1.0,0.0,0.0,1.0,4.0,1.0,8.0,30.0,2.0,0.0,2.0,0.0,3.0,43.0,1.0,5.0,0.0,0.0,0.0,25.0,167.0,24.0,34.0,2.0,1.0,44.0,25.0,4.0,7.0,0.0,2.0,5.0,366.0,14.0,0.0,0.0,0.0,1.0,15.0,2.0,11.0,332.0,0.0,0.0,2.0,0.0,4.0,363.0,0.0,1.0,0.0,0.0,0.0,32.0,1175.0,125.0,483.0,1.0,6.0,358.0,107.0,3.0,7.0,0.0,0.0
ctx-rh-precentral,4.0,16.0,4.0,0.0,0.0,0.0,1.0,2.0,0.0,1.0,4.0,2.0,0.0,0.0,0.0,3.0,15.0,0.0,2.0,0.0,0.0,1.0,1.0,49.0,9.0,11.0,1.0,3.0,27.0,2.0,3.0,2.0,0.0,0.0,21.0,47.0,1169.0,0.0,0.0,0.0,0.0,115.0,3.0,226.0,8.0,0.0,2.0,0.0,0.0,12.0,1113.0,0.0,625.0,0.0,18.0,0.0,1807.0,125.0,6651.0,66.0,1.0,67.0,753.0,295.0,28.0,477.0,0.0,8.0
ctx-rh-precuneus,8.0,2.0,3.0,5.0,0.0,0.0,9.0,38.0,7.0,3.0,103.0,32.0,0.0,21.0,0.0,11.0,10.0,6.0,1.0,0.0,0.0,9.0,12.0,42.0,9.0,95.0,0.0,0.0,2.0,51.0,16.0,12.0,0.0,5.0,43.0,9.0,3.0,229.0,0.0,0.0,89.0,230.0,38.0,19.0,756.0,157.0,0.0,324.0,0.0,35.0,191.0,22.0,2.0,0.0,0.0,240.0,96.0,483.0,66.0,4230.0,1.0,0.0,7.0,2293.0,46.0,23.0,0.0,13.0
ctx-rh-rostralanteriorcingulate,0.0,22.0,1.0,0.0,0.0,0.0,0.0,0.0,0.0,2.0,0.0,0.0,3.0,0.0,4.0,0.0,1.0,0.0,0.0,0.0,3.0,0.0,0.0,2.0,0.0,0.0,56.0,2.0,14.0,0.0,0.0,0.0,0.0,0.0,0.0,320.0,2.0,0.0,0.0,3.0,0.0,0.0,0.0,18.0,1.0,0.0,206.0,0.0,413.0,0.0,0.0,0.0,5.0,32.0,49.0,0.0,0.0,1.0,1.0,1.0,1045.0,167.0,455.0,0.0,0.0,0.0,0.0,0.0
ctx-rh-rostralmiddlefrontal,0.0,16.0,0.0,0.0,0.0,0.0,0.0,0.0,1.0,0.0,0.0,0.0,0.0,0.0,1.0,0.0,1.0,0.0,2.0,0.0,0.0,0.0,0.0,2.0,0.0,0.0,9.0,3.0,10.0,0.0,0.0,0.0,0.0,0.0,0.0,140.0,761.0,0.0,0.0,255.0,0.0,2.0,0.0,136.0,0.0,0.0,706.0,0.0,1108.0,0.0,2.0,0.0,532.0,632.0,1058.0,0.0,19.0,6.0,67.0,0.0,167.0,7198.0,2595.0,3.0,0.0,13.0,0.0,0.0
ctx-rh-superiorfrontal,0.0,130.0,12.0,1.0,0.0,0.0,0.0,0.0,0.0,6.0,2.0,0.0,2.0,0.0,3.0,0.0,11.0,0.0,5.0,0.0,2.0,0.0,4.0,53.0,13.0,2.0,21.0,11.0,117.0,3.0,1.0,1.0,0.0,0.0,1.0,815.0,741.0,0.0,0.0,119.0,1.0,5.0,0.0,120.0,6.0,0.0,97.0,0.0,274.0,0.0,401.0,0.0,114.0,59.0,160.0,0.0,36.0,358.0,753.0,7.0,455.0,2595.0,10675.0,23.0,1.0,20.0,0.0,1.0
ctx-rh-superiorparietal,5.0,4.0,2.0,1.0,0.0,0.0,8.0,31.0,8.0,5.0,56.0,17.0,0.0,10.0,0.0,10.0,5.0,0.0,0.0,0.0,0.0,2.0,12.0,39.0,5.0,57.0,1.0,0.0,7.0,23.0,16.0,16.0,0.0,5.0,36.0,6.0,22.0,538.0,0.0,0.0,64.0,1943.0,46.0,57.0,116.0,464.0,0.0,99.0,0.0,70.0,253.0,5.0,3.0,0.0,0.0,147.0,710.0,107.0,295.0,2293.0,0.0,3.0,23.0,6746.0,72.0,389.0,0.0,14.0
ctx-rh-superiortemporal,0.0,0.0,0.0,0.0,0.0,0.0,1.0,5.0,3.0,1.0,13.0,2.0,0.0,1.0,0.0,3.0,2.0,0.0,1.0,0.0,0.0,1.0,1.0,8.0,2.0,18.0,0.0,0.0,1.0,5.0,1.0,2.0,0.0,1.0,735.0,3.0,3.0,3.0,21.0,0.0,122.0,140.0,304.0,264.0,17.0,24.0,4.0,8.0,0.0,573.0,7.0,11.0,1.0,0.0,0.0,1.0,25.0,3.0,28.0,46.0,0.0,0.0,1.0,72.0,4091.0,295.0,77.0,507.0
ctx-rh-supramarginal,0.0,1.0,1.0,1.0,0.0,0.0,0.0,3.0,0.0,1.0,8.0,4.0,0.0,0.0,0.0,2.0,3.0,0.0,0.0,0.0,0.0,0.0,2.0,8.0,1.0,9.0,0.0,0.0,0.0,6.0,0.0,2.0,0.0,0.0,339.0,2.0,40.0,2.0,0.0,0.0,5.0,1340.0,16.0,181.0,11.0,4.0,0.0,0.0,0.0,44.0,9.0,0.0,36.0,0.0,3.0,1.0,1398.0,7.0,477.0,23.0,0.0,13.0,20.0,389.0,295.0,4825.0,0.0,34.0
ctx-rh-temporalpole,0.0,0.0,0.0,0.0,0.0,0.0,0.0,0.0,0.0,0.0,0.0,0.0,0.0,0.0,0.0,0.0,0.0,0.0,0.0,0.0,0.0,0.0,0.0,0.0,0.0,0.0,0.0,0.0,0.0,0.0,0.0,0.0,0.0,0.0,0.0,0.0,0.0,0.0,188.0,0.0,99.0,0.0,242.0,21.0,0.0,0.0,0.0,0.0,0.0,134.0,0.0,4.0,0.0,0.0,0.0,0.0,0.0,0.0,0.0,0.0,0.0,0.0,0.0,0.0,77.0,0.0,347.0,0.0
ctx-rh-transversetemporal,0.0,0.0,0.0,0.0,0.0,0.0,0.0,1.0,0.0,0.0,3.0,0.0,0.0,0.0,0.0,0.0,0.0,0.0,0.0,0.0,0.0,0.0,0.0,5.0,1.0,4.0,0.0,0.0,1.0,2.0,2.0,0.0,0.0,0.0,25.0,0.0,0.0,0.0,0.0,0.0,6.0,25.0,5.0,60.0,5.0,4.0,0.0,1.0,0.0,11.0,2.0,1.0,0.0,0.0,0.0,0.0,8.0,0.0,8.0,13.0,0.0,0.0,1.0,14.0,507.0,34.0,0.0,188.0
