,ctx-lh-bankssts,ctx-lh-caudalanteriorcingulate,ctx-lh-caudalmiddlefrontal,ctx-lh-cuneus,ctx-lh-entorhinal,ctx-lh-frontalpole,ctx-lh-fusiform,ctx-lh-inferiorparietal,ctx-lh-inferiortemporal,ctx-lh-insula,ctx-lh-isthmuscingulate,ctx-lh-lateraloccipital,ctx-lh-lateralorbitofrontal,ctx-lh-lingual,ctx-lh-medialorbitofrontal,ctx-lh-middletemporal,ctx-lh-paracentral,ctx-lh-parahippocampal,ctx-lh-parsopercularis,ctx-lh-parsorbitalis,ctx-lh-parstriangularis,ctx-lh-pericalcarine,ctx-lh-postcentral,ctx-lh-posteriorcingulate,ctx-lh-precentral,ctx-lh-precuneus,ctx-lh-rostralanteriorcingulate,ctx-lh-rostralmiddlefrontal,ctx-lh-superiorfrontal,ctx-lh-superiorparietal,ctx-lh-superiortemporal,ctx-lh-supramarginal,ctx-lh-temporalpole,ctx-lh-transversetemporal,ctx-rh-bankssts,ctx-rh-caudalanteriorcingulate,ctx-rh-caudalmiddlefrontal,ctx-rh-cuneus,ctx-rh-entorhinal,ctx-rh-frontalpole,ctx-rh-fusiform,ctx-rh-inferiorparietal,ctx-rh-inferiortemporal,ctx-rh-insula,ctx-rh-isthmuscingulate,ctx-rh-lateraloccipital,ctx-rh-lateralorbitofrontal,ctx-rh-lingual,ctx-rh-medialorbitofrontal,ctx-rh-middletemporal,ctx-rh-paracentral,ctx-rh-parahippocampal,ctx-rh-parsopercularis,ctx-rh-parsorbitalis,ctx-rh-parstriangularis,ctx-rh-pericalcarine,ctx-rh-postcentral,ctx-rh-posteriorcingulate,ctx-rh-precentral,ctx-rh-precuneus,ctx-rh-rostralanteriorcingulate,ctx-rh-rostralmiddlefrontal,ctx-rh-superiorfrontal,ctx-rh-superiorparietal,ctx-rh-superiortemporal,ctx-rh-supramarginal,ctx-rh-temporalpole,ctx-rh-transversetemporal
ctx-lh-bankssts,709.0,0.0,0.0,1.0,2.0,0.0,29.0,412.0,145.0,26.0,4.0,15.0,1.0,5.0,0.0,1008.0,0.0,2.0,0.0,0.0,1.0,1.0,8.0,1.0,3.0,11.0,0.0,0.0,0.0,25.0,962.0,272.0,4.0,32.0,0.0,0.0,0.0,0.0,0.0,0.0,0.0,2.0,0.0,0.0,4.0,0.0,0.0,0.0,0.0,0.0,0.0,0.0,0.0,0.0,0.0,0.0,0.0,1.0,0.0,7.0,0.0,0.0,0.0,2.0,3.0,0.0,0.0,0.0
ctx-lh-caudalanteriorcingulate,0.0,524.0,44.0,0.0,0.0,1.0,0.0,1.0,0.0,11.0,6.0,0.0,6.0,0.0,17.0,0.0,15.0,0.0,28.0,2.0,6.0,0.0,1.0,266.0,14.0,5.0,337.0,146.0,697.0,0.0,0.0,0.0,0.0,0.0,0.0,93.0,29.0,0.0,0.0,0.0,0.0,0.0,0.0,12.0,2.0,0.0,10.0,0.0,6.0,0.0,8.0,0.0,12.0,2.0,15.0,0.0,0.0,21.0,23.0,0.0,28.0,65.0,139.0,3.0,0.0,1.0,0.0,0.0
ctx-lh-caudalmiddlefrontal,0.0,44.0,3035.0,0.0,0.0,0.0,0.0,0.0,0.0,46.0,1.0,0.0,1.0,0.0,1.0,0.0,21.0,0.0,331.0,2.0,14.0,0.0,59.0,34.0,1015.0,1.0,7.0,1053.0,1041.0,4.0,0.0,10.0,0.0,0.0,0.0,23.0,13.0,0.0,0.0,0.0,0.0,0.0,0.0,4.0,0.0,0.0,0.0,0.0,0.0,0.0,4.0,0.0,6.0,0.0,2.0,0.0,1.0,8.0,16.0,0.0,1.0,12.0,49.0,3.0,0.0,2.0,0.0,0.0
ctx-lh-cuneus,1.0,0.0,0.0,1115.0,0.0,0.0,38.0,42.0,6.0,3.0,20.0,335.0,0.0,277.0,0.0,6.0,0.0,3.0,0.0,0.0,0.0,1058.0,0.0,0.0,0.0,172.0,0.0,0.0,0.0,708.0,3.0,0.0,0.0,0.0,1.0,0.0,0.0,43.0,0.0,0.0,2.0,1.0,1.0,0.0,4.0,4.0,0.0,71.0,0.0,0.0,1.0,0.0,0.0,0.0,0.0,12.0,0.0,1.0,0.0,16.0,0.0,0.0,0.0,1.0,1.0,1.0,0.0,0.0
ctx-lh-entorhinal,2.0,0.0,0.0,0.0,173.0,0.0,79.0,2.0,47.0,5.0,0.0,2.0,0.0,0.0,0.0,27.0,0.0,77.0,0.0,0.0,0.0,0.0,0.0,0.0,0.0,0.0,0.0,0.0,0.0,0.0,17.0,0.0,303.0,1.0,0.0,0.0,0.0,0.0,0.0,0.0,0.0,0.0,0.0,0.0,0.0,0.0,0.0,0.0,0.0,0.0,0.0,0.0,0.0,0.0,0.0,0.0,0.0,0.0,0.0,0.0,0.0,0.0,0.0,0.0,0.0,0.0,0.0,0.0
ctx-lh-frontalpole,0.0,1.0,0.0,0.0,0.0,36.0,0.0,0.0,0.0,1.0,0.0,0.0,63.0,0.0,220.0,0.0,0.0,0.0,0.0,0.0,0.0,0.0,0.0,0.0,0.0,0.0,7.0,160.0,79.0,0.0,0.0,0.0,0.0,0.0,0.0,0.0,0.0,0.0,0.0,0.0,0.0,0.0,0.0,0.0,0.0,0.0,0.0,0.0,2.0,0.0,0.0,0.0,0.0,0.0,0.0,0.0,0.0,0.0,0.0,0.0,1.0,0.0,0.0,0.0,0.0,0.0,0.0,0.0
ctx-lh-fusiform,29.0,0.0,0.0,38.0,79.0,0.0,3222.0,129.0,1349.0,31.0,35.0,1437.0,1.0,827.0,0.0,337.0,1.0,175.0,0.0,0.0,0.0,110.0,3.0,0.0,0.0,51.0,0.0,0.0,0.0,72.0,113.0,10.0,231.0,8.0,0.0,0.0,0.0,2.0,0.0,0.0,0.0,2.0,0.0,0.0,6.0,1.0,0.0,2.0,0.0,0.0,0.0,1.0,0.0,0.0,0.0,1.0,0.0,1.0,1.0,9.0,0.0,0.0,0.0,2.0,2.0,0.0,0.0,1.0
ctx-lh-inferiorparietal,412.0,1.0,0.0,42.0,2.0,0.0,129.0,4715.0,327.0,54.0,66.0,890.0,2.0,25.0,0.0,542.0,4.0,10.0,1.0,0.0,1.0,16.0,31.0,12.0,7.0,266.0,0.0,0.0,1.0,1105.0,145.0,1025.0,3.0,21.0,2.0,0.0,0.0,3.0,0.0,0.0,3.0,14.0,5.0,1.0,32.0,6.0,0.0,1.0,0.0,9.0,0.0,2.0,0.0,0.0,0.0,0.0,0.0,1.0,1.0,68.0,0.0,0.0,1.0,18.0,4.0,1.0,0.0,0.0
ctx-lh-inferiortemporal,145.0,0.0,0.0,6.0,47.0,0.0,1349.0,327.0,2938.0,58.0,8.0,418.0,4.0,27.0,0.0,2160.0,1.0,43.0,0.0,1.0,0.0,9.0,2.0,1.0,3.0,19.0,0.0,0.0,0.0,33.0,197.0,39.0,151.0,4.0,2.0,0.0,0.0,1.0,0.0,0.0,0.0,2.0,0.0,1.0,0.0,1.0,0.0,0.0,0.0,0.0,0.0,0.0,0.0,0.0,0.0,1.0,0.0,0.0,0.0,10.0,0.0,0.0,0.0,5.0,3.0,1.0,0.0,0.0
ctx-lh-insula,26.0,11.0,46.0,3.0,5.0,1.0,31.0,54.0,58.0,1358.0,5.0,7.0,404.0,2.0,20.0,114.0,12.0,2.0,241.0,21.0,92.0,0.0,338.0,13.0,307.0,20.0,17.0,157.0,84.0,65.0,311.0,260.0,32.0,110.0,0.0,7.0,1.0,2.0,0.0,0.0,0.0,2.0,1.0,2.0,2.0,1.0,1.0,1.0,0.0,0.0,5.0,0.0,4.0,0.0,2.0,0.0,1.0,7.0,3.0,8.0,2.0,2.0,14.0,7.0,4.0,0.0,0.0,1.0
ctx-lh-isthmuscingulate,4.0,6.0,1.0,20.0,0.0,0.0,35.0,66.0,8.0,5.0,639.0,39.0,1.0,121.0,0.0,7.0,17.0,56.0,0.0,0.0,0.0,29.0,18.0,309.0,6.0,901.0,0.0,0.0,13.0,83.0,13.0,18.0,1.0,2.0,8.0,3.0,1.0,5.0,0.0,0.0,2.0,20.0,5.0,6.0,79.0,9.0,0.0,10.0,0.0,7.0,4.0,1.0,1.0,0.0,0.0,1.0,5.0,11.0,2.0,155.0,0.0,1.0,1.0,34.0,17.0,11.0,0.0,3.0
ctx-lh-lateraloccipital,15.0,0.0,0.0,335.0,2.0,0.0,1437.0,890.0,418.0,7.0,39.0,6575.0,0.0,660.0,0.0,137.0,1.0,21.0,0.0,0.0,0.0,621.0,1.0,0.0,0.0,74.0,0.0,0.0,0.0,428.0,28.0,5.0,4.0,1.0,2.0,0.0,0.0,4.0,0.0,0.0,2.0,5.0,2.0,1.0,9.0,6.0,0.0,8.0,0.0,3.0,0.0,0.0,0.0,0.0,0.0,1.0,0.0,0.0,0.0,26.0,0.0,0.0,0.0,4.0,1.0,0.0,0.0,0.0
ctx-lh-lateralorbitofrontal,1.0,6.0,1.0,0.0,0.0,63.0,1.0,2.0,4.0,404.0,1.0,0.0,3448.0,0.0,1767.0,4.0,0.0,0.0,16.0,444.0,359.0,0.0,2.0,0.0,0.0,0.0,136.0,812.0,85.0,1.0,9.0,0.0,2.0,0.0,0.0,0.0,0.0,0.0,0.0,0.0,0.0,0.0,0.0,0.0,0.0,0.0,2.0,0.0,4.0,0.0,0.0,0.0,0.0,1.0,2.0,0.0,0.0,0.0,0.0,0.0,9.0,6.0,5.0,0.0,0.0,0.0,0.0,0.0
ctx-lh-lingual,5.0,0.0,0.0,277.0,0.0,0.0,827.0,25.0,27.0,2.0,121.0,660.0,0.0,2304.0,0.0,12.0,0.0,128.0,0.0,0.0,0.0,1012.0,0.0,3.0,0.0,170.0,0.0,0.0,0.0,69.0,9.0,1.0,1.0,1.0,2.0,0.0,0.0,3.0,0.0,0.0,2.0,8.0,1.0,1.0,9.0,3.0,0.0,19.0,0.0,1.0,0.0,5.0,0.0,0.0,0.0,0.0,0.0,0.0,0.0,28.0,0.0,0.0,0.0,6.0,2.0,1.0,1.0,0.0
ctx-lh-medialorbitofrontal,0.0,17.0,1.0,0.0,0.0,220.0,0.0,0.0,0.0,20.0,0.0,0.0,1767.0,0.0,1493.0,0.0,0.0,0.0,3.0,30.0,16.0,0.0,0.0,2.0,1.0,0.0,520.0,648.0,267.0,0.0,0.0,0.0,0.0,0.0,0.0,6.0,0.0,0.0,0.0,0.0,0.0,0.0,0.0,1.0,0.0,0.0,4.0,0.0,12.0,0.0,0.0,0.0,0.0,1.0,5.0,0.0,0.0,0.0,0.0,0.0,15.0,8.0,8.0,0.0,0.0,0.0,0.0,0.0
ctx-lh-middletemporal,1008.0,0.0,0.0,6.0,27.0,0.0,337.0,542.0,2160.0,114.0,7.0,137.0,4.0,12.0,0.0,3510.0,0.0,13.0,1.0,0.0,0.0,3.0,2.0,1.0,2.0,11.0,0.0,0.0,0.0,33.0,909.0,86.0,121.0,9.0,0.0,0.0,0.0,0.0,0.0,0.0,1.0,3.0,0.0,1.0,2.0,2.0,0.0,0.0,0.0,1.0,0.0,0.0,0.0,0.0,0.0,1.0,0.0,0.0,0.0,7.0,0.0,0.0,0.0,2.0,0.0,0.0,0.0,0.0
ctx-lh-paracentral,0.0,15.0,21.0,0.0,0.0,0.0,1.0,4.0,1.0,12.0,17.0,1.0,0.0,0.0,0.0,0.0,1772.0,0.0,10.0,0.0,0.0,0.0,542.0,338.0,889.0,189.0,0.0,5.0,544.0,174.0,3.0,3.0,0.0,2.0,0.0,8.0,5.0,0.0,0.0,0.0,0.0,1.0,0.0,0.0,6.0,1.0,0.0,0.0,0.0,0.0,38.0,0.0,2.0,0.0,1.0,0.0,9.0,68.0,17.0,28.0,0.0,0.0,29.0,10.0,0.0,5.0,0.0,0.0
ctx-lh-parahippocampal,2.0,0.0,0.0,3.0,77.0,0.0,175.0,10.0,43.0,2.0,56.0,21.0,0.0,128.0,0.0,13.0,0.0,307.0,0.0,0.0,0.0,7.0,0.0,0.0,2.0,19.0,0.0,0.0,0.0,5.0,12.0,3.0,1.0,3.0,0.0,0.0,0.0,0.0,0.0,0.0,0.0,1.0,0.0,0.0,0.0,2.0,0.0,0.0,0.0,0.0,0.0,1.0,0.0,0.0,0.0,0.0,0.0,0.0,0.0,8.0,0.0,0.0,0.0,2.0,1.0,0.0,0.0,0.0
ctx-lh-parsopercularis,0.0,28.0,331.0,0.0,0.0,0.0,0.0,1.0,0.0,241.0,0.0,0.0,16.0,0.0,3.0,1.0,10.0,0.0,1931.0,5.0,538.0,0.0,52.0,13.0,531.0,2.0,6.0,545.0,184.0,5.0,1.0,19.0,0.0,0.0,0.0,11.0,0.0,0.0,0.0,0.0,0.0,0.0,0.0,0.0,0.0,0.0,0.0,0.0,0.0,0.0,7.0,0.0,0.0,1.0,0.0,0.0,2.0,3.0,1.0,1.0,4.0,4.0,25.0,0.0,0.0,0.0,0.0,0.0
ctx-lh-parsorbitalis,0.0,2.0,2.0,0.0,0.0,0.0,0.0,0.0,1.0,21.0,0.0,0.0,444.0,0.0,30.0,0.0,0.0,0.0,5.0,544.0,369.0,0.0,0.0,0.0,0.0,0.0,11.0,564.0,22.0,0.0,0.0,0.0,0.0,0.0,0.0,2.0,0.0,0.0,0.0,0.0,0.0,0.0,0.0,1.0,0.0,0.0,0.0,0.0,1.0,0.0,0.0,0.0,0.0,0.0,0.0,0.0,0.0,0.0,0.0,0.0,2.0,0.0,0.0,0.0,0.0,0.0,0.0,0.0
ctx-lh-parstriangularis,1.0,6.0,14.0,0.0,0.0,0.0,0.0,1.0,0.0,92.0,0.0,0.0,359.0,0.0,16.0,0.0,0.0,0.0,538.0,369.0,1383.0,0.0,1.0,1.0,9.0,0.0,22.0,703.0,63.0,0.0,0.0,0.0,0.0,0.0,0.0,8.0,0.0,0.0,0.0,0.0,0.0,0.0,0.0,0.0,0.0,0.0,3.0,0.0,0.0,0.0,1.0,0.0,1.0,0.0,1.0,0.0,0.0,1.0,0.0,0.0,1.0,9.0,8.0,0.0,0.0,0.0,0.0,0.0
ctx-lh-pericalcarine,1.0,0.0,0.0,1058.0,0.0,0.0,110.0,16.0,9.0,0.0,29.0,621.0,0.0,1012.0,0.0,3.0,0.0,7.0,0.0,0.0,0.0,488.0,1.0,0.0,0.0,88.0,0.0,0.0,0.0,146.0,2.0,0.0,0.0,1.0,1.0,0.0,0.0,12.0,0.0,0.0,7.0,2.0,1.0,0.0,4.0,2.0,0.0,74.0,0.0,0.0,0.0,0.0,0.0,0.0,0.0,23.0,1.0,0.0,0.0,14.0,0.0,0.0,0.0,3.0,0.0,0.0,0.0,0.0
ctx-lh-postcentral,8.0,1.0,59.0,0.0,0.0,0.0,3.0,31.0,2.0,338.0,18.0,1.0,2.0,0.0,0.0,2.0,542.0,0.0,52.0,0.0,1.0,1.0,4910.0,54.0,1915.0,135.0,0.0,3.0,39.0,654.0,36.0,1238.0,0.0,9.0,1.0,1.0,1.0,0.0,0.0,0.0,1.0,1.0,0.0,0.0,8.0,0.0,0.0,0.0,0.0,0.0,21.0,0.0,0.0,0.0,0.0,0.0,4.0,28.0,7.0,32.0,0.0,1.0,5.0,7.0,2.0,4.0,0.0,0.0
ctx-lh-posteriorcingulate,1.0,266.0,34.0,0.0,0.0,0.0,0.0,12.0,1.0,13.0,309.0,0.0,0.0,3.0,2.0,1.0,338.0,0.0,13.0,0.0,1.0,0.0,54.0,1305.0,124.0,428.0,6.0,17.0,537.0,65.0,4.0,11.0,0.0,1.0,2.0,33.0,15.0,0.0,0.0,0.0,2.0,10.0,1.0,11.0,21.0,2.0,0.0,0.0,0.0,1.0,86.0,0.0,12.0,0.0,2.0,1.0,15.0,159.0,58.0,53.0,1.0,7.0,95.0,25.0,5.0,8.0,1.0,1.0
ctx-lh-precentral,3.0,14.0,1015.0,0.0,0.0,0.0,0.0,7.0,3.0,307.0,6.0,0.0,0.0,0.0,1.0,2.0,889.0,2.0,531.0,0.0,9.0,0.0,1915.0,124.0,5785.0,63.0,3.0,73.0,624.0,108.0,10.0,232.0,0.0,2.0,0.0,11.0,9.0,0.0,0.0,0.0,0.0,2.0,0.0,6.0,6.0,0.0,0.0,0.0,0.0,0.0,41.0,0.0,5.0,0.0,0.0,0.0,8.0,55.0,25.0,11.0,0.0,3.0,54.0,2.0,2.0,4.0,0.0,0.0
ctx-lh-precuneus,11.0,5.0,1.0,172.0,0.0,0.0,51.0,266.0,19.0,20.0,901.0,74.0,0.0,170.0,0.0,11.0,189.0,19.0,2.0,0.0,0.0,88.0,135.0,428.0,63.0,4360.0,1.0,1.0,12.0,1756.0,29.0,44.0,0.0,11.0,9.0,2.0,0.0,13.0,0.0,0.0,4.0,26.0,10.0,16.0,90.0,23.0,0.0,17.0,0.0,19.0,22.0,3.0,0.0,0.0,0.0,12.0,7.0,29.0,4.0,218.0,0.0,0.0,7.0,64.0,19.0,13.0,0.0,3.0
ctx-lh-rostralanteriorcingulate,0.0,337.0,7.0,0.0,0.0,7.0,0.0,0.0,0.0,17.0,0.0,0.0,136.0,0.0,520.0,0.0,0.0,0.0,6.0,11.0,22.0,0.0,0.0,6.0,3.0,1.0,1172.0,190.0,470.0,0.0,0.0,0.0,0.0,0.0,0.0,35.0,1.0,0.0,0.0,0.0,0.0,0.0,0.0,3.0,0.0,0.0,26.0,0.0,37.0,0.0,0.0,0.0,4.0,4.0,10.0,0.0,1.0,2.0,1.0,0.0,96.0,34.0,33.0,0.0,0.0,0.0,0.0,0.0
ctx-lh-rostralmiddlefrontal,0.0,146.0,1053.0,0.0,0.0,160.0,0.0,0.0,0.0,157.0,0.0,0.0,812.0,0.0,648.0,0.0,5.0,0.0,545.0,564.0,703.0,0.0,3.0,17.0,73.0,1.0,190.0,7574.0,2179.0,1.0,0.0,2.0,0.0,1.0,0.0,54.0,6.0,0.0,0.0,2.0,0.0,0.0,0.0,12.0,1.0,0.0,14.0,0.0,10.0,0.0,3.0,0.0,5.0,7.0,20.0,0.0,1.0,11.0,1.0,0.0,30.0,63.0,63.0,0.0,0.0,0.0,0.0,0.0
ctx-lh-superiorfrontal,0.0,697.0,1041.0,0.0,0.0,79.0,0.0,1.0,0.0,84.0,13.0,0.0,85.0,0.0,267.0,0.0,544.0,0.0,184.0,22.0,63.0,0.0,39.0,537.0,624.0,12.0,470.0,2179.0,10952.0,16.0,0.0,6.0,0.0,0.0,0.0,113.0,27.0,0.0,0.0,1.0,0.0,0.0,0.0,22.0,2.0,0.0,8.0,0.0,10.0,0.0,23.0,0.0,16.0,3.0,26.0,0.0,9.0,65.0,35.0,3.0,41.0,77.0,265.0,10.0,0.0,3.0,0.0,0.0
ctx-lh-superiorparietal,25.0,0.0,4.0,708.0,0.0,0.0,72.0,1105.0,33.0,65.0,83.0,428.0,1.0,69.0,0.0,33.0,174.0,5.0,5.0,0.0,0.0,146.0,654.0,65.0,108.0,1756.0,0.0,1.0,16.0,5479.0,49.0,462.0,2.0,18.0,2.0,2.0,0.0,20.0,0.0,0.0,0.0,17.0,1.0,2.0,46.0,3.0,0.0,6.0,0.0,10.0,11.0,1.0,0.0,0.0,0.0,1.0,4.0,19.0,1.0,89.0,0.0,0.0,6.0,34.0,8.0,4.0,0.0,4.0
ctx-lh-superiortemporal,962.0,0.0,0.0,3.0,17.0,0.0,113.0,145.0,197.0,311.0,13.0,28.0,9.0,9.0,0.0,909.0,3.0,12.0,1.0,0.0,0.0,2.0,36.0,4.0,10.0,29.0,0.0,0.0,0.0,49.0,5369.0,452.0,124.0,736.0,1.0,0.0,0.0,0.0,0.0,0.0,0.0,4.0,1.0,1.0,5.0,0.0,0.0,1.0,0.0,2.0,1.0,0.0,0.0,0.0,0.0,0.0,0.0,3.0,1.0,16.0,0.0,0.0,0.0,6.0,4.0,0.0,0.0,1.0
ctx-lh-supramarginal,272.0,0.0,10.0,0.0,0.0,0.0,10.0,1025.0,39.0,260.0,18.0,5.0,0.0,1.0,0.0,86.0,3.0,3.0,19.0,0.0,0.0,0.0,1238.0,11.0,232.0,44.0,0.0,2.0,6.0,462.0,452.0,4725.0,1.0,30.0,3.0,0.0,0.0,0.0,0.0,0.0,0.0,6.0,2.0,2.0,10.0,2.0,0.0,2.0,0.0,4.0,4.0,0.0,0.0,0.0,0.0,0.0,0.0,5.0,1.0,32.0,0.0,0.0,2.0,9.0,4.0,4.0,0.0,0.0
ctx-lh-temporalpole,4.0,0.0,0.0,0.0,303.0,0.0,231.0,3.0,151.0,32.0,1.0,4.0,2.0,1.0,0.0,121.0,0.0,1.0,0.0,0.0,0.0,0.0,0.0,0.0,0.0,0.0,0.0,0.0,0.0,2.0,124.0,1.0,520.0,1.0,0.0,0.0,0.0,0.0,0.0,0.0,0.0,0.0,0.0,0.0,0.0,0.0,0.0,0.0,0.0,0.0,0.0,0.0,0.0,0.0,0.0,0.0,0.0,0.0,0.0,1.0,0.0,0.0,0.0,1.0,0.0,0.0,0.0,0.0
ctx-lh-transversetemporal,32.0,0.0,0.0,0.0,1.0,0.0,8.0,21.0,4.0,110.0,2.0,1.0,0.0,1.0,0.0,9.0,2.0,3.0,0.0,0.0,0.0,1.0,9.0,1.0,2.0,11.0,0.0,1.0,0.0,18.0,736.0,30.0,1.0,394.0,0.0,0.0,0.0,0.0,0.0,0.0,0.0,1.0,0.0,0.0,2.0,0.0,0.0,0.0,0.0,0.0,1.0,0.0,0.0,0.0,0.0,0.0,0.0,0.0,0.0,6.0,0.0,0.0,1.0,0.0,0.0,2.0,0.0,0.0
ctx-rh-bankssts,0.0,0.0,0.0,1.0,0.0,0.0,0.0,2.0,2.0,0.0,8.0,2.0,0.0,2.0,0.0,0.0,0.0,0.0,0.0,0.0,0.0,1.0,1.0,2.0,0.0,9.0,0.0,0.0,0.0,2.0,1.0,3.0,0.0,0.0,631.0,0.0,1.0,3.0,0.0,0.0,16.0,514.0,66.0,33.0,11.0,21.0,1.0,4.0,0.0,739.0,1.0,3.0,0.0,0.0,0.0,1.0,19.0,6.0,14.0,41.0,0.0,1.0,1.0,50.0,605.0,382.0,2.0,16.0
ctx-rh-caudalanteriorcingulate,0.0,93.0,23.0,0.0,0.0,0.0,0.0,0.0,0.0,7.0,3.0,0.0,0.0,0.0,6.0,0.0,8.0,0.0,11.0,2.0,8.0,0.0,1.0,33.0,11.0,2.0,35.0,54.0,113.0,2.0,0.0,0.0,0.0,0.0,0.0,354.0,47.0,0.0,0.0,0.0,0.0,0.0,0.0,15.0,3.0,0.0,13.0,0.0,22.0,1.0,24.0,0.0,25.0,5.0,29.0,0.0,2.0,244.0,38.0,13.0,199.0,147.0,609.0,2.0,2.0,5.0,0.0,0.0
ctx-rh-caudalmiddlefrontal,0.0,29.0,13.0,0.0,0.0,0.0,0.0,0.0,0.0,1.0,1.0,0.0,0.0,0.0,0.0,0.0,5.0,0.0,0.0,0.0,0.0,0.0,1.0,15.0,9.0,0.0,1.0,6.0,27.0,0.0,0.0,0.0,0.0,0.0,1.0,47.0,2577.0,0.0,0.0,1.0,0.0,2.0,0.0,55.0,3.0,0.0,0.0,0.0,0.0,0.0,32.0,0.0,284.0,3.0,24.0,0.0,39.0,22.0,901.0,3.0,1.0,987.0,1111.0,5.0,1.0,23.0,0.0,0.0
ctx-rh-cuneus,0.0,0.0,0.0,43.0,0.0,0.0,2.0,3.0,1.0,2.0,5.0,4.0,0.0,3.0,0.0,0.0,0.0,0.0,0.0,0.0,0.0,12.0,0.0,0.0,0.0,13.0,0.0,0.0,0.0,20.0,0.0,0.0,0.0,0.0,3.0,0.0,0.0,1130.0,0.0,0.0,61.0,17.0,20.0,1.0,9.0,468.0,0.0,297.0,0.0,18.0,0.0,4.0,0.0,0.0,0.0,1271.0,0.0,0.0,0.0,281.0,0.0,0.0,0.0,543.0,6.0,0.0,0.0,1.0
ctx-rh-entorhinal,0.0,0.0,0.0,0.0,0.0,0.0,0.0,0.0,0.0,0.0,0.0,0.0,0.0,0.0,0.0,0.0,0.0,0.0,0.0,0.0,0.0,0.0,0.0,0.0,0.0,0.0,0.0,0.0,0.0,0.0,0.0,0.0,0.0,0.0,0.0,0.0,0.0,0.0,144.0,0.0,100.0,1.0,54.0,2.0,1.0,0.0,0.0,1.0,0.0,16.0,0.0,66.0,0.0,0.0,0.0,0.0,0.0,0.0,0.0,0.0,0.0,0.0,0.0,1.0,7.0,0.0,230.0,0.0
ctx-rh-frontalpole,0.0,0.0,0.0,0.0,0.0,0.0,0.0,0.0,0.0,0.0,0.0,0.0,0.0,0.0,0.0,0.0,0.0,0.0,0.0,0.0,0.0,0.0,0.0,0.0,0.0,0.0,0.0,2.0,1.0,0.0,0.0,0.0,0.0,0.0,0.0,0.0,1.0,0.0,0.0,84.0,0.0,0.0,0.0,1.0,0.0,0.0,62.0,0.0,339.0,0.0,0.0,0.0,0.0,2.0,3.0,0.0,0.0,0.0,0.0,0.0,10.0,167.0,107.0,0.0,0.0,0.0,0.0,0.0
ctx-rh-fusiform,0.0,0.0,0.0,2.0,0.0,0.0,0.0,3.0,0.0,0.0,2.0,2.0,0.0,2.0,0.0,1.0,0.0,0.0,0.0,0.0,0.0,7.0,1.0,2.0,0.0,4.0,0.0,0.0,0.0,0.0,0.0,0.0,0.0,0.0,16.0,0.0,0.0,61.0,100.0,0.0,3978.0,42.0,1609.0,22.0,10.0,1281.0,2.0,968.0,0.0,282.0,0.0,197.0,0.0,0.0,0.0,197.0,0.0,0.0,1.0,68.0,0.0,0.0,0.0,42.0,77.0,6.0,271.0,2.0
ctx-rh-inferiorparietal,2.0,0.0,0.0,1.0,0.0,0.0,2.0,14.0,2.0,2.0,20.0,5.0,0.0,8.0,0.0,3.0,1.0,1.0,0.0,0.0,0.0,2.0,1.0,10.0,2.0,26.0,0.0,0.0,0.0,17.0,4.0,6.0,0.0,1.0,514.0,0.0,2.0,17.0,1.0,0.0,42.0,5366.0,275.0,44.0,47.0,512.0,2.0,11.0,0.0,872.0,8.0,5.0,2.0,0.0,0.0,8.0,95.0,16.0,58.0,258.0,0.0,1.0,4.0,1457.0,143.0,1092.0,0.0,14.0
ctx-rh-inferiortemporal,0.0,0.0,0.0,1.0,0.0,0.0,0.0,5.0,0.0,1.0,5.0,2.0,0.0,1.0,0.0,0.0,0.0,0.0,0.0,0.0,0.0,1.0,0.0,1.0,0.0,10.0,0.0,0.0,0.0,1.0,1.0,2.0,0.0,0.0,66.0,0.0,0.0,20.0,54.0,0.0,1609.0,275.0,4646.0,43.0,7.0,615.0,4.0,69.0,0.0,1712.0,1.0,73.0,0.0,1.0,0.0,25.0,0.0,1.0,4.0,49.0,0.0,0.0,0.0,63.0,134.0,8.0,296.0,3.0
ctx-rh-insula,0.0,12.0,4.0,0.0,0.0,0.0,0.0,1.0,1.0,2.0,6.0,1.0,0.0,1.0,1.0,1.0,0.0,0.0,0.0,1.0,0.0,0.0,0.0,11.0,6.0,16.0,3.0,12.0,22.0,2.0,1.0,2.0,0.0,0.0,33.0,15.0,55.0,1.0,2.0,1.0,22.0,44.0,43.0,1430.0,5.0,7.0,440.0,5.0,13.0,118.0,34.0,4.0,146.0,68.0,185.0,2.0,211.0,21.0,263.0,34.0,16.0,163.0,127.0,69.0,243.0,231.0,15.0,69.0
ctx-rh-isthmuscingulate,4.0,2.0,0.0,4.0,0.0,0.0,6.0,32.0,0.0,2.0,79.0,9.0,0.0,9.0,0.0,2.0,6.0,0.0,0.0,0.0,0.0,4.0,8.0,21.0,6.0,90.0,0.0,1.0,2.0,46.0,5.0,10.0,0.0,2.0,11.0,3.0,3.0,9.0,1.0,0.0,10.0,47.0,7.0,5.0,534.0,25.0,0.0,95.0,0.0,19.0,26.0,45.0,1.0,0.0,0.0,12.0,2.0,267.0,6.0,1008.0,0.0,0.0,8.0,74.0,15.0,14.0,0.0,4.0
ctx-rh-lateraloccipital,0.0,0.0,0.0,4.0,0.0,0.0,1.0,6.0,1.0,1.0,9.0,6.0,0.0,3.0,0.0,2.0,1.0,2.0,0.0,0.0,0.0,2.0,0.0,2.0,0.0,23.0,0.0,0.0,0.0,3.0,0.0,2.0,0.0,0.0,21.0,0.0,0.0,468.0,0.0,0.0,1281.0,512.0,615.0,7.0,25.0,6161.0,1.0,682.0,0.0,202.0,0.0,8.0,0.0,0.0,0.0,849.0,0.0,2.0,1.0,151.0,0.0,0.0,0.0,440.0,32.0,6.0,0.0,1.0
ctx-rh-lateralorbitofrontal,0.0,10.0,0.0,0.0,0.0,0.0,0.0,0.0,0.0,1.0,0.0,0.0,2.0,0.0,4.0,0.0,0.0,0.0,0.0,0.0,3.0,0.0,0.0,0.0,0.0,0.0,26.0,14.0,8.0,0.0,0.0,0.0,0.0,0.0,1.0,13.0,0.0,0.0,0.0,62.0,2.0,2.0,4.0,440.0,0.0,1.0,2806.0,1.0,1081.0,13.0,0.0,0.0,14.0,552.0,272.0,0.0,0.0,1.0,3.0,0.0,138.0,667.0,82.0,2.0,10.0,0.0,1.0,0.0
ctx-rh-lingual,0.0,0.0,0.0,71.0,0.0,0.0,2.0,1.0,0.0,1.0,10.0,8.0,0.0,19.0,0.0,0.0,0.0,0.0,0.0,0.0,0.0,74.0,0.0,0.0,0.0,17.0,0.0,0.0,0.0,6.0,1.0,2.0,0.0,0.0,4.0,0.0,0.0,297.0,1.0,0.0,968.0,11.0,69.0,5.0,95.0,682.0,1.0,2843.0,0.0,27.0,0.0,131.0,0.0,0.0,0.0,1434.0,0.0,0.0,0.0,336.0,0.0,0.0,0.0,89.0,13.0,0.0,1.0,0.0
ctx-rh-medialorbitofrontal,0.0,6.0,0.0,0.0,0.0,2.0,0.0,0.0,0.0,0.0,0.0,0.0,4.0,0.0,12.0,0.0,0.0,0.0,0.0,1.0,0.0,0.0,0.0,0.0,0.0,0.0,37.0,10.0,10.0,0.0,0.0,0.0,0.0,0.0,0.0,22.0,0.0,0.0,0.0,339.0,0.0,0.0,0.0,13.0,0.0,0.0,1081.0,0.0,1734.0,0.0,0.0,0.0,3.0,36.0,16.0,0.0,0.0,0.0,0.0,0.0,394.0,499.0,294.0,0.0,0.0,0.0,0.0,0.0
ctx-rh-middletemporal,0.0,0.0,0.0,0.0,0.0,0.0,0.0,9.0,0.0,0.0,7.0,3.0,0.0,1.0,0.0,1.0,0.0,0.0,0.0,0.0,0.0,0.0,0.0,1.0,0.0,19.0,0.0,0.0,0.0,10.0,2.0,4.0,0.0,0.0,739.0,1.0,0.0,18.0,16.0,0.0,282.0,872.0,1712.0,118.0,19.0,202.0,13.0,27.0,0.0,4219.0,2.0,26.0,0.0,1.0,1.0,19.0,3.0,3.0,4.0,71.0,1.0,1.0,1.0,90.0,631.0,46.0,140.0,13.0
ctx-rh-paracentral,0.0,8.0,4.0,1.0,0.0,0.0,0.0,0.0,0.0,5.0,4.0,0.0,0.0,0.0,0.0,0.0,38.0,0.0,7.0,0.0,1.0,0.0,21.0,86.0,41.0,22.0,0.0,3.0,23.0,11.0,1.0,4.0,0.0,1.0,1.0,24.0,32.0,0.0,0.0,0.0,0.0,8.0,1.0,34.0,26.0,0.0,0.0,0.0,0.0,2.0,1687.0,0.0,10.0,0.0,0.0,0.0,419.0,356.0,695.0,346.0,0.0,4.0,511.0,212.0,6.0,25.0,0.0,0.0
ctx-rh-parahippocampal,0.0,0.0,0.0,0.0,0.0,0.0,1.0,2.0,0.0,0.0,1.0,0.0,0.0,5.0,0.0,0.0,0.0,1.0,0.0,0.0,0.0,0.0,0.0,0.0,0.0,3.0,0.0,0.0,0.0,1.0,0.0,0.0,0.0,0.0,3.0,0.0,0.0,4.0,66.0,0.0,197.0,5.0,73.0,4.0,45.0,8.0,0.0,131.0,0.0,26.0,0.0,352.0,0.0,0.0,0.0,6.0,0.0,0.0,0.0,15.0,0.0,0.0,0.0,3.0,11.0,0.0,8.0,0.0
ctx-rh-parsopercularis,0.0,12.0,6.0,0.0,0.0,0.0,0.0,0.0,0.0,4.0,1.0,0.0,0.0,0.0,0.0,0.0,2.0,0.0,0.0,0.0,1.0,0.0,0.0,12.0,5.0,0.0,4.0,5.0,16.0,0.0,0.0,0.0,0.0,0.0,0.0,25.0,284.0,0.0,0.0,0.0,0.0,2.0,0.0,146.0,1.0,0.0,14.0,0.0,3.0,0.0,10.0,0.0,1348.0,13.0,547.0,0.0,36.0,13.0,553.0,1.0,5.0,359.0,195.0,3.0,0.0,23.0,0.0,0.0
ctx-rh-parsorbitalis,0.0,2.0,0.0,0.0,0.0,0.0,0.0,0.0,0.0,0.0,0.0,0.0,1.0,0.0,1.0,0.0,0.0,0.0,1.0,0.0,0.0,0.0,0.0,0.0,0.0,0.0,4.0,7.0,3.0,0.0,0.0,0.0,0.0,0.0,0.0,5.0,3.0,0.0,0.0,2.0,0.0,0.0,1.0,68.0,0.0,0.0,552.0,0.0,36.0,1.0,0.0,0.0,13.0,671.0,360.0,0.0,0.0,1.0,2.0,0.0,31.0,601.0,64.0,0.0,0.0,0.0,0.0,0.0
ctx-rh-parstriangularis,0.0,15.0,2.0,0.0,0.0,0.0,0.0,0.0,0.0,2.0,0.0,0.0,2.0,0.0,5.0,0.0,1.0,0.0,0.0,0.0,1.0,0.0,0.0,2.0,0.0,0.0,10.0,20.0,26.0,0.0,0.0,0.0,0.0,0.0,0.0,29.0,24.0,0.0,0.0,3.0,0.0,0.0,0.0,185.0,0.0,0.0,272.0,0.0,16.0,1.0,0.0,0.0,547.0,360.0,1486.0,0.0,0.0,3.0,16.0,0.0,26.0,768.0,142.0,0.0,1.0,2.0,0.0,0.0
ctx-rh-pericalcarine,0.0,0.0,0.0,12.0,0.0,0.0,1.0,0.0,1.0,0.0,1.0,1.0,0.0,0.0,0.0,1.0,0.0,0.0,0.0,0.0,0.0,23.0,0.0,1.0,0.0,12.0,0.0,0.0,0.0,1.0,0.0,0.0,0.0,0.0,1.0,0.0,0.0,1271.0,0.0,0.0,197.0,8.0,25.0,2.0,12.0,849.0,0.0,1434.0,0.0,19.0,0.0,6.0,0.0,0.0,0.0,761.0,0.0,2.0,1.0,157.0,0.0,0.0,0.0,88.0,8.0,0.0,1.0,0.0
ctx-rh-postcentral,0.0,0.0,1.0,0.0,0.0,0.0,0.0,0.0,0.0,1.0,5.0,0.0,0.0,0.0,0.0,0.0,9.0,0.0,2.0,0.0,0.0,1.0,4.0,15.0,8.0,7.0,1.0,1.0,9.0,4.0,0.0,0.0,0.0,0.0,19.0,2.0,39.0,0.0,0.0,0.0,0.0,95.0,0.0,211.0,2.0,0.0,0.0,0.0,0.0,3.0,419.0,0.0,36.0,0.0,0.0,0.0,4817.0,36.0,1751.0,179.0,0.0,4.0,56.0,607.0,16.0,1454.0,0.0,7.0
ctx-rh-posteriorcingulate,1.0,21.0,8.0,1.0,0.0,0.0,1.0,1.0,0.0,7.0,11.0,0.0,0.0,0.0,0.0,0.0,68.0,0.0,3.0,0.0,1.0,0.0,28.0,159.0,55.0,29.0,2.0,11.0,65.0,19.0,3.0,5.0,0.0,0.0,6.0,244.0,22.0,0.0,0.0,0.0,0.0,16.0,1.0,21.0,267.0,2.0,1.0,0.0,0.0,3.0,356.0,0.0,13.0,1.0,3.0,2.0,36.0,762.0,103.0,387.0,8.0,15.0,350.0,69.0,15.0,15.0,0.0,2.0
ctx-rh-precentral,0.0,23.0,16.0,0.0,0.0,0.0,1.0,1.0,0.0,3.0,2.0,0.0,0.0,0.0,0.0,0.0,17.0,0.0,1.0,0.0,0.0,0.0,7.0,58.0,25.0,4.0,1.0,1.0,35.0,1.0,1.0,1.0,0.0,0.0,14.0,38.0,901.0,0.0,0.0,0.0,1.0,58.0,4.0,263.0,6.0,1.0,3.0,0.0,0.0,4.0,695.0,0.0,553.0,2.0,16.0,1.0,1751.0,103.0,6116.0,46.0,1.0,66.0,897.0,156.0,12.0,452.0,0.0,2.0
ctx-rh-precuneus,7.0,0.0,0.0,16.0,0.0,0.0,9.0,68.0,10.0,8.0,155.0,26.0,0.0,28.0,0.0,7.0,28.0,8.0,1.0,0.0,0.0,14.0,32.0,53.0,11.0,218.0,0.0,0.0,3.0,89.0,16.0,32.0,1.0,6.0,41.0,13.0,3.0,281.0,0.0,0.0,68.0,258.0,49.0,34.0,1008.0,151.0,0.0,336.0,0.0,71.0,346.0,15.0,1.0,0.0,0.0,157.0,179.0,387.0,46.0,4322.0,0.0,0.0,11.0,2122.0,57.0,58.0,1.0,14.0
ctx-rh-rostralanteriorcingulate,0.0,28.0,1.0,0.0,0.0,1.0,0.0,0.0,0.0,2.0,0.0,0.0,9.0,0.0,15.0,0.0,0.0,0.0,4.0,2.0,1.0,0.0,0.0,1.0,0.0,0.0,96.0,30.0,41.0,0.0,0.0,0.0,0.0,0.0,0.0,199.0,1.0,0.0,0.0,10.0,0.0,0.0,0.0,16.0,0.0,0.0,138.0,0.0,394.0,1.0,0.0,0.0,5.0,31.0,26.0,0.0,0.0,8.0,1.0,0.0,582.0,166.0,343.0,0.0,0.0,0.0,0.0,0.0
ctx-rh-rostralmiddlefrontal,0.0,65.0,12.0,0.0,0.0,0.0,0.0,0.0,0.0,2.0,1.0,0.0,6.0,0.0,8.0,0.0,0.0,0.0,4.0,0.0,9.0,0.0,1.0,7.0,3.0,0.0,34.0,63.0,77.0,0.0,0.0,0.0,0.0,0.0,1.0,147.0,987.0,0.0,0.0,167.0,0.0,1.0,0.0,163.0,0.0,0.0,667.0,0.0,499.0,1.0,4.0,0.0,359.0,601.0,768.0,0.0,4.0,15.0,66.0,0.0,166.0,7569.0,2375.0,2.0,1.0,5.0,0.0,0.0
ctx-rh-superiorfrontal,0.0,139.0,49.0,0.0,0.0,0.0,0.0,1.0,0.0,14.0,1.0,0.0,5.0,0.0,8.0,0.0,29.0,0.0,25.0,0.0,8.0,0.0,5.0,95.0,54.0,7.0,33.0,63.0,265.0,6.0,0.0,2.0,0.0,1.0,1.0,609.0,1111.0,0.0,0.0,107.0,0.0,4.0,0.0,127.0,8.0,0.0,82.0,0.0,294.0,1.0,511.0,0.0,195.0,64.0,142.0,0.0,56.0,350.0,897.0,11.0,343.0,2375.0,10717.0,18.0,0.0,13.0,0.0,0.0
ctx-rh-superiorparietal,2.0,3.0,3.0,1.0,0.0,0.0,2.0,18.0,5.0,7.0,34.0,4.0,0.0,6.0,0.0,2.0,10.0,2.0,0.0,0.0,0.0,3.0,7.0,25.0,2.0,64.0,0.0,0.0,10.0,34.0,6.0,9.0,1.0,0.0,50.0,2.0,5.0,543.0,1.0,0.0,42.0,1457.0,63.0,69.0,74.0,440.0,2.0,89.0,0.0,90.0,212.0,3.0,3.0,0.0,0.0,88.0,607.0,69.0,156.0,2122.0,0.0,2.0,18.0,6154.0,62.0,550.0,1.0,14.0
ctx-rh-superiortemporal,3.0,0.0,0.0,1.0,0.0,0.0,2.0,4.0,3.0,4.0,17.0,1.0,0.0,2.0,0.0,0.0,0.0,1.0,0.0,0.0,0.0,0.0,2.0,5.0,2.0,19.0,0.0,0.0,0.0,8.0,4.0,4.0,0.0,0.0,605.0,2.0,1.0,6.0,7.0,0.0,77.0,143.0,134.0,243.0,15.0,32.0,10.0,13.0,0.0,631.0,6.0,11.0,0.0,0.0,1.0,8.0,16.0,15.0,12.0,57.0,0.0,1.0,0.0,62.0,5451.0,301.0,209.0,718.0
ctx-rh-supramarginal,0.0,1.0,2.0,1.0,0.0,0.0,0.0,1.0,1.0,0.0,11.0,0.0,0.0,1.0,0.0,0.0,5.0,0.0,0.0,0.0,0.0,0.0,4.0,8.0,4.0,13.0,0.0,0.0,3.0,4.0,0.0,4.0,0.0,2.0,382.0,5.0,23.0,0.0,0.0,0.0,6.0,1092.0,8.0,231.0,14.0,6.0,0.0,0.0,0.0,46.0,25.0,0.0,23.0,0.0,2.0,0.0,1454.0,15.0,452.0,58.0,0.0,5.0,13.0,550.0,301.0,4615.0,0.0,22.0
ctx-rh-temporalpole,0.0,0.0,0.0,0.0,0.0,0.0,0.0,0.0,0.0,0.0,0.0,0.0,0.0,1.0,0.0,0.0,0.0,0.0,0.0,0.0,0.0,0.0,0.0,1.0,0.0,0.0,0.0,0.0,0.0,0.0,0.0,0.0,0.0,0.0,2.0,0.0,0.0,0.0,230.0,0.0,271.0,0.0,296.0,15.0,0.0,0.0,1.0,1.0,0.0,140.0,0.0,8.0,0.0,0.0,0.0,1.0,0.0,0.0,0.0,1.0,0.0,0.0,0.0,1.0,209.0,0.0,460.0,0.0
ctx-rh-transversetemporal,0.0,0.0,0.0,0.0,0.0,0.0,1.0,0.0,0.0,1.0,3.0,0.0,0.0,0.0,0.0,0.0,0.0,0.0,0.0,0.0,0.0,0.0,0.0,1.0,0.0,3.0,0.0,0.0,0.0,4.0,1.0,0.0,0.0,0.0,16.0,0.0,0.0,1.0,0.0,0.0,2.0,14.0,3.0,69.0,4.0,1.0,0.0,0.0,0.0,13.0,0.0,0.0,0.0,0.0,0.0,0.0,7.0,2.0,2.0,14.0,0.0,0.0,0.0,14.0,718.0,22.0,0.0,228.0
