,ctx-lh-bankssts,ctx-lh-caudalanteriorcingulate,ctx-lh-caudalmiddlefrontal,ctx-lh-cuneus,ctx-lh-entorhinal,ctx-lh-frontalpole,ctx-lh-fusiform,ctx-lh-inferiorparietal,ctx-lh-inferiortemporal,ctx-lh-insula,ctx-lh-isthmuscingulate,ctx-lh-lateraloccipital,ctx-lh-lateralorbitofrontal,ctx-lh-lingual,ctx-lh-medialorbitofrontal,ctx-lh-middletemporal,ctx-lh-paracentral,ctx-lh-parahippocampal,ctx-lh-parsopercularis,ctx-lh-parsorbitalis,ctx-lh-parstriangularis,ctx-lh-pericalcarine,ctx-lh-postcentral,ctx-lh-posteriorcingulate,ctx-lh-precentral,ctx-lh-precuneus,ctx-lh-rostralanteriorcingulate,ctx-lh-rostralmiddlefrontal,ctx-lh-superiorfrontal,ctx-lh-superiorparietal,ctx-lh-superiortemporal,ctx-lh-supramarginal,ctx-lh-temporalpole,ctx-lh-transversetemporal,ctx-rh-bankssts,ctx-rh-caudalanteriorcingulate,ctx-rh-caudalmiddlefrontal,ctx-rh-cuneus,ctx-rh-entorhinal,ctx-rh-frontalpole,ctx-rh-fusiform,ctx-rh-inferiorparietal,ctx-rh-inferiortemporal,ctx-rh-insula,ctx-rh-isthmuscingulate,ctx-rh-lateraloccipital,ctx-rh-lateralorbitofrontal,ctx-rh-lingual,ctx-rh-medialorbitofrontal,ctx-rh-middletemporal,ctx-rh-paracentral,ctx-rh-parahippocampal,ctx-rh-parsopercularis,ctx-rh-parsorbitalis,ctx-rh-parstriangularis,ctx-rh-pericalcarine,ctx-rh-postcentral,ctx-rh-posteriorcingulate,ctx-rh-precentral,ctx-rh-precuneus,ctx-rh-rostralanteriorcingulate,ctx-rh-rostralmiddlefrontal,ctx-rh-superiorfrontal,ctx-rh-superiorparietal,ctx-rh-superiortemporal,ctx-rh-supramarginal,ctx-rh-temporalpole,ctx-rh-transversetemporal
ctx-lh-bankssts,748.0,0.0,0.0,0.0,6.0,0.0,87.0,445.0,323.0,51.0,4.0,17.0,1.0,5.0,0.0,683.0,0.0,39.0,1.0,0.0,0.0,0.0,13.0,7.0,7.0,18.0,0.0,0.0,1.0,30.0,1094.0,291.0,5.0,47.0,0.0,0.0,0.0,0.0,0.0,0.0,0.0,2.0,1.0,0.0,3.0,0.0,0.0,1.0,0.0,0.0,0.0,0.0,0.0,0.0,0.0,0.0,0.0,2.0,0.0,6.0,0.0,0.0,0.0,3.0,0.0,1.0,0.0,0.0
ctx-lh-caudalanteriorcingulate,0.0,889.0,108.0,0.0,0.0,1.0,0.0,1.0,0.0,20.0,5.0,0.0,10.0,0.0,23.0,0.0,27.0,0.0,46.0,0.0,12.0,1.0,6.0,344.0,66.0,8.0,350.0,125.0,912.0,8.0,1.0,0.0,0.0,0.0,0.0,121.0,39.0,0.0,0.0,0.0,0.0,0.0,0.0,6.0,0.0,0.0,3.0,0.0,4.0,0.0,9.0,0.0,13.0,2.0,6.0,0.0,2.0,18.0,16.0,1.0,27.0,52.0,184.0,2.0,0.0,1.0,0.0,0.0
ctx-lh-caudalmiddlefrontal,0.0,108.0,3134.0,0.0,0.0,0.0,0.0,1.0,0.0,78.0,1.0,0.0,9.0,0.0,2.0,0.0,21.0,0.0,331.0,1.0,27.0,0.0,60.0,74.0,1226.0,4.0,6.0,992.0,1267.0,15.0,2.0,17.0,0.0,0.0,0.0,31.0,21.0,0.0,0.0,0.0,0.0,0.0,0.0,1.0,0.0,0.0,0.0,0.0,0.0,0.0,1.0,0.0,2.0,0.0,0.0,0.0,2.0,14.0,6.0,2.0,1.0,11.0,57.0,0.0,0.0,0.0,0.0,0.0
ctx-lh-cuneus,0.0,0.0,0.0,1062.0,0.0,0.0,34.0,39.0,2.0,0.0,6.0,397.0,0.0,466.0,0.0,0.0,0.0,5.0,0.0,0.0,0.0,1293.0,0.0,1.0,0.0,173.0,0.0,0.0,0.0,1032.0,0.0,1.0,0.0,0.0,0.0,0.0,0.0,40.0,0.0,0.0,0.0,0.0,0.0,0.0,3.0,0.0,0.0,4.0,0.0,0.0,0.0,0.0,0.0,0.0,0.0,26.0,0.0,0.0,0.0,3.0,0.0,0.0,0.0,2.0,0.0,0.0,0.0,1.0
ctx-lh-entorhinal,6.0,0.0,0.0,0.0,107.0,0.0,64.0,5.0,13.0,8.0,0.0,0.0,0.0,0.0,0.0,7.0,0.0,64.0,0.0,0.0,0.0,0.0,0.0,0.0,0.0,0.0,0.0,0.0,0.0,0.0,9.0,2.0,79.0,0.0,0.0,0.0,0.0,0.0,0.0,0.0,0.0,0.0,0.0,0.0,0.0,0.0,0.0,0.0,0.0,0.0,0.0,0.0,0.0,0.0,0.0,0.0,0.0,0.0,0.0,0.0,0.0,0.0,0.0,0.0,0.0,0.0,0.0,0.0
ctx-lh-frontalpole,0.0,1.0,0.0,0.0,0.0,49.0,0.0,0.0,0.0,1.0,0.0,0.0,44.0,0.0,164.0,0.0,0.0,0.0,1.0,1.0,1.0,0.0,0.0,1.0,0.0,0.0,5.0,237.0,112.0,0.0,0.0,0.0,0.0,0.0,0.0,0.0,0.0,0.0,0.0,0.0,0.0,0.0,0.0,0.0,0.0,0.0,0.0,0.0,0.0,0.0,0.0,0.0,0.0,0.0,0.0,0.0,0.0,0.0,0.0,0.0,0.0,0.0,0.0,0.0,0.0,0.0,0.0,0.0
ctx-lh-fusiform,87.0,0.0,0.0,34.0,64.0,0.0,4414.0,393.0,1134.0,53.0,21.0,1659.0,2.0,607.0,0.0,245.0,0.0,92.0,0.0,0.0,0.0,83.0,4.0,6.0,0.0,44.0,0.0,0.0,0.0,92.0,88.0,24.0,88.0,15.0,1.0,0.0,0.0,0.0,0.0,0.0,0.0,2.0,0.0,1.0,9.0,3.0,0.0,0.0,0.0,1.0,0.0,0.0,0.0,0.0,0.0,0.0,0.0,4.0,1.0,27.0,0.0,0.0,0.0,5.0,1.0,2.0,0.0,0.0
ctx-lh-inferiorparietal,445.0,1.0,1.0,39.0,5.0,0.0,393.0,5787.0,329.0,82.0,85.0,877.0,0.0,141.0,0.0,451.0,7.0,45.0,0.0,0.0,0.0,45.0,40.0,47.0,13.0,385.0,0.0,0.0,3.0,1224.0,252.0,1381.0,1.0,74.0,0.0,1.0,0.0,2.0,0.0,0.0,3.0,12.0,6.0,9.0,50.0,3.0,0.0,3.0,0.0,0.0,3.0,2.0,0.0,0.0,0.0,1.0,0.0,19.0,1.0,105.0,0.0,0.0,0.0,35.0,8.0,4.0,0.0,3.0
ctx-lh-inferiortemporal,323.0,0.0,0.0,2.0,13.0,0.0,1134.0,329.0,2702.0,51.0,10.0,136.0,0.0,31.0,0.0,1817.0,0.0,47.0,0.0,0.0,0.0,2.0,0.0,5.0,0.0,15.0,0.0,0.0,0.0,23.0,163.0,44.0,30.0,19.0,0.0,0.0,0.0,0.0,0.0,0.0,0.0,3.0,0.0,0.0,5.0,0.0,0.0,0.0,0.0,0.0,1.0,0.0,0.0,0.0,0.0,0.0,0.0,5.0,0.0,9.0,0.0,0.0,0.0,5.0,0.0,0.0,0.0,0.0
ctx-lh-insula,51.0,20.0,78.0,0.0,8.0,1.0,53.0,82.0,51.0,1902.0,9.0,9.0,576.0,4.0,6.0,98.0,17.0,12.0,255.0,18.0,77.0,0.0,376.0,33.0,385.0,11.0,8.0,99.0,65.0,82.0,314.0,405.0,37.0,95.0,0.0,13.0,3.0,0.0,0.0,0.0,0.0,3.0,0.0,0.0,7.0,0.0,0.0,0.0,0.0,0.0,1.0,0.0,1.0,0.0,0.0,0.0,2.0,5.0,1.0,10.0,2.0,5.0,12.0,2.0,0.0,1.0,0.0,0.0
ctx-lh-isthmuscingulate,4.0,5.0,1.0,6.0,0.0,0.0,21.0,85.0,10.0,9.0,644.0,27.0,0.0,83.0,0.0,4.0,4.0,43.0,0.0,0.0,0.0,8.0,7.0,373.0,3.0,767.0,0.0,0.0,3.0,163.0,8.0,12.0,0.0,5.0,3.0,0.0,1.0,2.0,0.0,0.0,10.0,21.0,3.0,3.0,84.0,7.0,0.0,5.0,0.0,5.0,4.0,2.0,0.0,0.0,0.0,2.0,1.0,20.0,1.0,108.0,0.0,0.0,0.0,46.0,7.0,7.0,0.0,1.0
ctx-lh-lateraloccipital,17.0,0.0,0.0,397.0,0.0,0.0,1659.0,877.0,136.0,9.0,27.0,5814.0,1.0,881.0,0.0,59.0,1.0,28.0,0.0,0.0,0.0,625.0,1.0,5.0,0.0,87.0,0.0,0.0,0.0,470.0,21.0,7.0,4.0,8.0,0.0,0.0,0.0,3.0,0.0,0.0,2.0,3.0,0.0,2.0,12.0,4.0,0.0,3.0,0.0,1.0,0.0,0.0,0.0,0.0,0.0,1.0,0.0,0.0,0.0,24.0,0.0,0.0,0.0,5.0,2.0,0.0,0.0,0.0
ctx-lh-lateralorbitofrontal,1.0,10.0,9.0,0.0,0.0,44.0,2.0,0.0,0.0,576.0,0.0,1.0,3754.0,0.0,2002.0,1.0,0.0,2.0,45.0,670.0,396.0,0.0,0.0,0.0,3.0,0.0,156.0,1094.0,172.0,0.0,4.0,0.0,1.0,0.0,0.0,7.0,1.0,0.0,0.0,0.0,0.0,0.0,0.0,0.0,0.0,0.0,0.0,0.0,2.0,0.0,0.0,0.0,1.0,0.0,1.0,0.0,0.0,1.0,0.0,0.0,9.0,3.0,13.0,0.0,0.0,0.0,0.0,0.0
ctx-lh-lingual,5.0,0.0,0.0,466.0,0.0,0.0,607.0,141.0,31.0,4.0,83.0,881.0,0.0,3859.0,0.0,15.0,1.0,194.0,0.0,0.0,0.0,1300.0,2.0,8.0,1.0,231.0,0.0,0.0,0.0,307.0,10.0,4.0,0.0,8.0,2.0,0.0,0.0,7.0,0.0,0.0,7.0,11.0,2.0,1.0,27.0,7.0,0.0,192.0,0.0,0.0,2.0,2.0,0.0,0.0,0.0,46.0,0.0,5.0,3.0,56.0,0.0,0.0,0.0,23.0,3.0,2.0,0.0,1.0
ctx-lh-medialorbitofrontal,0.0,23.0,2.0,0.0,0.0,164.0,0.0,0.0,0.0,6.0,0.0,0.0,2002.0,0.0,1827.0,0.0,0.0,0.0,3.0,13.0,20.0,0.0,0.0,0.0,3.0,0.0,485.0,688.0,370.0,0.0,1.0,0.0,0.0,0.0,0.0,10.0,1.0,0.0,0.0,0.0,0.0,0.0,0.0,0.0,0.0,0.0,0.0,0.0,3.0,0.0,0.0,0.0,1.0,1.0,0.0,0.0,0.0,1.0,0.0,0.0,11.0,8.0,7.0,0.0,0.0,0.0,0.0,0.0
ctx-lh-middletemporal,683.0,0.0,0.0,0.0,7.0,0.0,245.0,451.0,1817.0,98.0,4.0,59.0,1.0,15.0,0.0,3164.0,1.0,48.0,0.0,0.0,0.0,0.0,4.0,2.0,2.0,16.0,0.0,0.0,0.0,17.0,692.0,39.0,18.0,30.0,0.0,0.0,0.0,0.0,0.0,0.0,1.0,3.0,0.0,0.0,6.0,0.0,0.0,0.0,0.0,0.0,0.0,0.0,0.0,0.0,0.0,0.0,0.0,0.0,0.0,4.0,0.0,0.0,0.0,0.0,0.0,1.0,0.0,0.0
ctx-lh-paracentral,0.0,27.0,21.0,0.0,0.0,0.0,0.0,7.0,0.0,17.0,4.0,1.0,0.0,1.0,0.0,1.0,1620.0,0.0,1.0,0.0,0.0,0.0,717.0,422.0,885.0,181.0,1.0,3.0,589.0,463.0,0.0,31.0,0.0,3.0,1.0,2.0,2.0,0.0,0.0,0.0,0.0,0.0,0.0,2.0,5.0,0.0,0.0,0.0,0.0,0.0,9.0,0.0,1.0,0.0,0.0,0.0,3.0,33.0,12.0,10.0,0.0,0.0,6.0,15.0,0.0,1.0,0.0,0.0
ctx-lh-parahippocampal,39.0,0.0,0.0,5.0,64.0,0.0,92.0,45.0,47.0,12.0,43.0,28.0,2.0,194.0,0.0,48.0,0.0,351.0,0.0,0.0,0.0,3.0,2.0,2.0,0.0,17.0,0.0,0.0,0.0,24.0,24.0,5.0,2.0,6.0,0.0,0.0,0.0,0.0,0.0,0.0,2.0,3.0,0.0,1.0,9.0,0.0,0.0,1.0,0.0,1.0,0.0,0.0,0.0,0.0,0.0,1.0,0.0,0.0,0.0,20.0,0.0,0.0,0.0,1.0,0.0,1.0,0.0,0.0
ctx-lh-parsopercularis,1.0,46.0,331.0,0.0,0.0,1.0,0.0,0.0,0.0,255.0,0.0,0.0,45.0,0.0,3.0,0.0,1.0,0.0,1675.0,21.0,774.0,0.0,54.0,6.0,877.0,1.0,7.0,670.0,176.0,1.0,0.0,12.0,0.0,0.0,0.0,13.0,6.0,0.0,0.0,0.0,0.0,0.0,0.0,0.0,0.0,0.0,0.0,0.0,1.0,0.0,1.0,0.0,4.0,0.0,1.0,0.0,0.0,2.0,3.0,0.0,0.0,5.0,22.0,1.0,0.0,0.0,0.0,0.0
ctx-lh-parsorbitalis,0.0,0.0,1.0,0.0,0.0,1.0,0.0,0.0,0.0,18.0,0.0,0.0,670.0,0.0,13.0,0.0,0.0,0.0,21.0,608.0,499.0,0.0,0.0,0.0,3.0,0.0,10.0,446.0,22.0,0.0,0.0,0.0,0.0,0.0,0.0,3.0,0.0,0.0,0.0,0.0,0.0,0.0,0.0,0.0,0.0,0.0,0.0,0.0,0.0,0.0,0.0,0.0,0.0,0.0,0.0,0.0,0.0,0.0,0.0,0.0,1.0,0.0,2.0,0.0,0.0,0.0,0.0,0.0
ctx-lh-parstriangularis,0.0,12.0,27.0,0.0,0.0,1.0,0.0,0.0,0.0,77.0,0.0,0.0,396.0,0.0,20.0,0.0,0.0,0.0,774.0,499.0,894.0,0.0,2.0,4.0,43.0,0.0,19.0,763.0,65.0,0.0,1.0,0.0,0.0,0.0,0.0,10.0,3.0,0.0,0.0,0.0,0.0,0.0,0.0,0.0,0.0,0.0,0.0,0.0,2.0,0.0,0.0,0.0,1.0,0.0,1.0,0.0,0.0,0.0,2.0,0.0,2.0,6.0,15.0,0.0,0.0,0.0,0.0,0.0
ctx-lh-pericalcarine,0.0,1.0,0.0,1293.0,0.0,0.0,83.0,45.0,2.0,0.0,8.0,625.0,0.0,1300.0,0.0,0.0,0.0,3.0,0.0,0.0,0.0,489.0,0.0,2.0,0.0,118.0,0.0,0.0,0.0,271.0,4.0,1.0,0.0,0.0,1.0,0.0,0.0,47.0,0.0,0.0,1.0,2.0,1.0,0.0,2.0,5.0,0.0,5.0,0.0,0.0,0.0,0.0,0.0,0.0,0.0,24.0,0.0,0.0,1.0,8.0,0.0,0.0,0.0,7.0,0.0,0.0,0.0,0.0
ctx-lh-postcentral,13.0,6.0,60.0,0.0,0.0,0.0,4.0,40.0,0.0,376.0,7.0,1.0,0.0,2.0,0.0,4.0,717.0,2.0,54.0,0.0,2.0,0.0,6590.0,94.0,2136.0,39.0,1.0,4.0,114.0,643.0,70.0,1473.0,0.0,13.0,0.0,3.0,3.0,0.0,0.0,0.0,1.0,2.0,0.0,1.0,5.0,0.0,0.0,0.0,0.0,0.0,6.0,0.0,1.0,0.0,0.0,0.0,3.0,15.0,9.0,2.0,0.0,0.0,5.0,4.0,0.0,2.0,0.0,0.0
ctx-lh-posteriorcingulate,7.0,344.0,74.0,1.0,0.0,1.0,6.0,47.0,5.0,33.0,373.0,5.0,0.0,8.0,0.0,2.0,422.0,2.0,6.0,0.0,4.0,2.0,94.0,1505.0,184.0,639.0,5.0,18.0,430.0,322.0,15.0,47.0,0.0,6.0,3.0,18.0,14.0,0.0,0.0,0.0,2.0,13.0,1.0,13.0,28.0,2.0,0.0,0.0,0.0,0.0,75.0,1.0,2.0,0.0,0.0,0.0,15.0,146.0,59.0,89.0,0.0,1.0,69.0,60.0,7.0,18.0,0.0,2.0
ctx-lh-precentral,7.0,66.0,1226.0,0.0,0.0,0.0,0.0,13.0,0.0,385.0,3.0,0.0,3.0,1.0,3.0,2.0,885.0,0.0,877.0,3.0,43.0,0.0,2136.0,184.0,7464.0,18.0,5.0,65.0,1307.0,216.0,19.0,280.0,0.0,0.0,0.0,20.0,12.0,0.0,0.0,0.0,0.0,1.0,0.0,2.0,0.0,0.0,0.0,0.0,0.0,0.0,15.0,0.0,2.0,1.0,0.0,0.0,1.0,32.0,19.0,8.0,2.0,1.0,57.0,6.0,0.0,3.0,0.0,0.0
ctx-lh-precuneus,18.0,8.0,4.0,173.0,0.0,0.0,44.0,385.0,15.0,11.0,767.0,87.0,0.0,231.0,0.0,16.0,181.0,17.0,1.0,0.0,0.0,118.0,39.0,639.0,18.0,4178.0,0.0,0.0,14.0,3323.0,24.0,65.0,2.0,20.0,4.0,0.0,0.0,11.0,0.0,0.0,10.0,35.0,1.0,14.0,120.0,7.0,0.0,11.0,0.0,5.0,6.0,3.0,0.0,0.0,0.0,6.0,1.0,41.0,6.0,242.0,0.0,0.0,3.0,71.0,7.0,14.0,0.0,4.0
ctx-lh-rostralanteriorcingulate,0.0,350.0,6.0,0.0,0.0,5.0,0.0,0.0,0.0,8.0,0.0,0.0,156.0,0.0,485.0,0.0,1.0,0.0,7.0,10.0,19.0,0.0,1.0,5.0,5.0,0.0,1187.0,160.0,418.0,0.0,0.0,0.0,0.0,0.0,0.0,52.0,1.0,0.0,0.0,3.0,0.0,0.0,0.0,1.0,0.0,0.0,4.0,0.0,14.0,0.0,0.0,0.0,3.0,3.0,6.0,0.0,0.0,0.0,0.0,0.0,49.0,34.0,49.0,0.0,0.0,0.0,0.0,0.0
ctx-lh-rostralmiddlefrontal,0.0,125.0,992.0,0.0,0.0,237.0,0.0,0.0,0.0,99.0,0.0,0.0,1094.0,0.0,688.0,0.0,3.0,0.0,670.0,446.0,763.0,0.0,4.0,18.0,65.0,0.0,160.0,7812.0,1892.0,0.0,0.0,4.0,0.0,0.0,0.0,63.0,13.0,0.0,0.0,1.0,0.0,0.0,0.0,2.0,0.0,0.0,3.0,0.0,4.0,0.0,1.0,0.0,5.0,0.0,7.0,0.0,0.0,2.0,4.0,0.0,18.0,30.0,60.0,0.0,0.0,0.0,0.0,0.0
ctx-lh-superiorfrontal,1.0,912.0,1267.0,0.0,0.0,112.0,0.0,3.0,0.0,65.0,3.0,0.0,172.0,0.0,370.0,0.0,589.0,0.0,176.0,22.0,65.0,0.0,114.0,430.0,1307.0,14.0,418.0,1892.0,12043.0,54.0,0.0,22.0,0.0,0.0,0.0,155.0,42.0,0.0,0.0,0.0,1.0,2.0,0.0,7.0,2.0,1.0,7.0,0.0,8.0,0.0,26.0,0.0,11.0,1.0,14.0,0.0,8.0,61.0,41.0,3.0,26.0,45.0,243.0,9.0,0.0,4.0,0.0,0.0
ctx-lh-superiorparietal,30.0,8.0,15.0,1032.0,0.0,0.0,92.0,1224.0,23.0,82.0,163.0,470.0,0.0,307.0,0.0,17.0,463.0,24.0,1.0,0.0,0.0,271.0,643.0,322.0,216.0,3323.0,0.0,0.0,54.0,6118.0,66.0,483.0,0.0,35.0,4.0,0.0,1.0,1.0,0.0,0.0,4.0,26.0,1.0,4.0,79.0,8.0,0.0,7.0,0.0,2.0,17.0,2.0,0.0,0.0,0.0,4.0,5.0,56.0,10.0,160.0,0.0,1.0,6.0,54.0,6.0,14.0,0.0,2.0
ctx-lh-superiortemporal,1094.0,1.0,2.0,0.0,9.0,0.0,88.0,252.0,163.0,314.0,8.0,21.0,4.0,10.0,1.0,692.0,0.0,24.0,0.0,0.0,1.0,4.0,70.0,15.0,19.0,24.0,0.0,0.0,0.0,66.0,5126.0,542.0,97.0,740.0,1.0,0.0,0.0,0.0,0.0,0.0,0.0,6.0,0.0,0.0,11.0,0.0,0.0,0.0,0.0,0.0,1.0,0.0,0.0,0.0,0.0,0.0,0.0,8.0,0.0,20.0,0.0,0.0,0.0,12.0,4.0,3.0,0.0,0.0
ctx-lh-supramarginal,291.0,0.0,17.0,1.0,2.0,0.0,24.0,1381.0,44.0,405.0,12.0,7.0,0.0,4.0,0.0,39.0,31.0,5.0,12.0,0.0,0.0,1.0,1473.0,47.0,280.0,65.0,0.0,4.0,22.0,483.0,542.0,6571.0,1.0,60.0,1.0,0.0,0.0,0.0,0.0,0.0,1.0,7.0,0.0,2.0,12.0,0.0,0.0,0.0,0.0,0.0,1.0,0.0,0.0,0.0,0.0,0.0,0.0,12.0,4.0,19.0,0.0,0.0,4.0,11.0,0.0,3.0,0.0,0.0
ctx-lh-temporalpole,5.0,0.0,0.0,0.0,79.0,0.0,88.0,1.0,30.0,37.0,0.0,4.0,1.0,0.0,0.0,18.0,0.0,2.0,0.0,0.0,0.0,0.0,0.0,0.0,0.0,2.0,0.0,0.0,0.0,0.0,97.0,1.0,52.0,2.0,0.0,0.0,0.0,0.0,0.0,0.0,0.0,0.0,0.0,0.0,0.0,0.0,0.0,0.0,0.0,0.0,0.0,0.0,0.0,0.0,0.0,0.0,0.0,0.0,0.0,0.0,0.0,0.0,0.0,0.0,0.0,0.0,0.0,0.0
ctx-lh-transversetemporal,47.0,0.0,0.0,0.0,0.0,0.0,15.0,74.0,19.0,95.0,5.0,8.0,0.0,8.0,0.0,30.0,3.0,6.0,0.0,0.0,0.0,0.0,13.0,6.0,0.0,20.0,0.0,0.0,0.0,35.0,740.0,60.0,2.0,522.0,0.0,0.0,0.0,0.0,0.0,0.0,0.0,0.0,0.0,0.0,3.0,0.0,0.0,0.0,0.0,0.0,0.0,0.0,0.0,0.0,0.0,0.0,0.0,3.0,0.0,10.0,0.0,0.0,0.0,1.0,0.0,1.0,0.0,1.0
ctx-rh-bankssts,0.0,0.0,0.0,0.0,0.0,0.0,1.0,0.0,0.0,0.0,3.0,0.0,0.0,2.0,0.0,0.0,1.0,0.0,0.0,0.0,0.0,1.0,0.0,3.0,0.0,4.0,0.0,0.0,0.0,4.0,1.0,1.0,0.0,0.0,792.0,0.0,0.0,0.0,0.0,0.0,21.0,516.0,81.0,27.0,3.0,24.0,0.0,5.0,0.0,841.0,0.0,1.0,0.0,0.0,0.0,0.0,7.0,4.0,2.0,17.0,0.0,0.0,0.0,33.0,1306.0,360.0,3.0,46.0
ctx-rh-caudalanteriorcingulate,0.0,121.0,31.0,0.0,0.0,0.0,0.0,1.0,0.0,13.0,0.0,0.0,7.0,0.0,10.0,0.0,2.0,0.0,13.0,3.0,10.0,0.0,3.0,18.0,20.0,0.0,52.0,63.0,155.0,0.0,0.0,0.0,0.0,0.0,0.0,615.0,79.0,0.0,0.0,8.0,0.0,0.0,0.0,12.0,3.0,0.0,17.0,0.0,24.0,0.0,27.0,0.0,25.0,5.0,18.0,0.0,6.0,258.0,37.0,7.0,333.0,175.0,1063.0,3.0,0.0,2.0,0.0,0.0
ctx-rh-caudalmiddlefrontal,0.0,39.0,21.0,0.0,0.0,0.0,0.0,0.0,0.0,3.0,1.0,0.0,1.0,0.0,1.0,0.0,2.0,0.0,6.0,0.0,3.0,0.0,3.0,14.0,12.0,0.0,1.0,13.0,42.0,1.0,0.0,0.0,0.0,0.0,0.0,79.0,2789.0,0.0,0.0,0.0,0.0,2.0,1.0,53.0,1.0,0.0,2.0,0.0,1.0,0.0,12.0,0.0,400.0,2.0,33.0,0.0,85.0,62.0,942.0,1.0,4.0,897.0,920.0,8.0,1.0,23.0,0.0,1.0
ctx-rh-cuneus,0.0,0.0,0.0,40.0,0.0,0.0,0.0,2.0,0.0,0.0,2.0,3.0,0.0,7.0,0.0,0.0,0.0,0.0,0.0,0.0,0.0,47.0,0.0,0.0,0.0,11.0,0.0,0.0,0.0,1.0,0.0,0.0,0.0,0.0,0.0,0.0,0.0,1858.0,0.0,0.0,76.0,4.0,7.0,1.0,14.0,516.0,0.0,431.0,0.0,2.0,0.0,16.0,0.0,0.0,0.0,1466.0,0.0,0.0,0.0,347.0,0.0,0.0,0.0,322.0,0.0,0.0,0.0,1.0
ctx-rh-entorhinal,0.0,0.0,0.0,0.0,0.0,0.0,0.0,0.0,0.0,0.0,0.0,0.0,0.0,0.0,0.0,0.0,0.0,0.0,0.0,0.0,0.0,0.0,0.0,0.0,0.0,0.0,0.0,0.0,0.0,0.0,0.0,0.0,0.0,0.0,0.0,0.0,0.0,0.0,134.0,0.0,52.0,0.0,6.0,2.0,0.0,0.0,0.0,0.0,0.0,7.0,0.0,176.0,0.0,0.0,0.0,0.0,0.0,0.0,0.0,1.0,0.0,0.0,0.0,1.0,10.0,0.0,45.0,0.0
ctx-rh-frontalpole,0.0,0.0,0.0,0.0,0.0,0.0,0.0,0.0,0.0,0.0,0.0,0.0,0.0,0.0,0.0,0.0,0.0,0.0,0.0,0.0,0.0,0.0,0.0,0.0,0.0,0.0,3.0,1.0,0.0,0.0,0.0,0.0,0.0,0.0,0.0,8.0,0.0,0.0,0.0,54.0,0.0,0.0,0.0,2.0,0.0,0.0,95.0,0.0,321.0,0.0,0.0,0.0,0.0,3.0,0.0,0.0,0.0,0.0,0.0,0.0,12.0,148.0,122.0,0.0,0.0,0.0,0.0,0.0
ctx-rh-fusiform,0.0,0.0,0.0,0.0,0.0,0.0,0.0,3.0,0.0,0.0,10.0,2.0,0.0,7.0,0.0,1.0,0.0,2.0,0.0,0.0,0.0,1.0,1.0,2.0,0.0,10.0,0.0,0.0,1.0,4.0,0.0,1.0,0.0,0.0,21.0,0.0,0.0,76.0,52.0,0.0,3324.0,100.0,1092.0,25.0,19.0,1356.0,1.0,671.0,0.0,211.0,0.0,271.0,0.0,0.0,0.0,111.0,1.0,1.0,1.0,212.0,0.0,0.0,0.0,83.0,83.0,4.0,41.0,5.0
ctx-rh-inferiorparietal,2.0,0.0,0.0,0.0,0.0,0.0,2.0,12.0,3.0,3.0,21.0,3.0,0.0,11.0,0.0,3.0,0.0,3.0,0.0,0.0,0.0,2.0,2.0,13.0,1.0,35.0,0.0,0.0,2.0,26.0,6.0,7.0,0.0,0.0,516.0,0.0,2.0,4.0,0.0,0.0,100.0,6856.0,393.0,99.0,56.0,812.0,0.0,25.0,0.0,784.0,10.0,7.0,3.0,0.0,1.0,4.0,80.0,33.0,47.0,228.0,0.0,1.0,1.0,1219.0,271.0,1656.0,3.0,32.0
ctx-rh-inferiortemporal,1.0,0.0,0.0,0.0,0.0,0.0,0.0,6.0,0.0,0.0,3.0,0.0,0.0,2.0,0.0,0.0,0.0,0.0,0.0,0.0,0.0,1.0,0.0,1.0,0.0,1.0,0.0,0.0,0.0,1.0,0.0,0.0,0.0,0.0,81.0,0.0,1.0,7.0,6.0,0.0,1092.0,393.0,2740.0,53.0,10.0,359.0,0.0,24.0,0.0,1344.0,1.0,45.0,0.0,0.0,0.0,5.0,0.0,1.0,1.0,31.0,0.0,0.0,0.0,42.0,131.0,19.0,17.0,3.0
ctx-rh-insula,0.0,6.0,1.0,0.0,0.0,0.0,1.0,9.0,0.0,0.0,3.0,2.0,0.0,1.0,0.0,0.0,2.0,1.0,0.0,0.0,0.0,0.0,1.0,13.0,2.0,14.0,1.0,2.0,7.0,4.0,0.0,2.0,0.0,0.0,27.0,12.0,53.0,1.0,2.0,2.0,25.0,99.0,53.0,1823.0,18.0,17.0,428.0,6.0,7.0,88.0,34.0,3.0,254.0,31.0,133.0,0.0,275.0,53.0,324.0,40.0,6.0,125.0,83.0,116.0,333.0,357.0,60.0,67.0
ctx-rh-isthmuscingulate,3.0,0.0,0.0,3.0,0.0,0.0,9.0,50.0,5.0,7.0,84.0,12.0,0.0,27.0,0.0,6.0,5.0,9.0,0.0,0.0,0.0,2.0,5.0,28.0,0.0,120.0,0.0,0.0,2.0,79.0,11.0,12.0,0.0,3.0,3.0,3.0,1.0,14.0,0.0,0.0,19.0,56.0,10.0,18.0,462.0,19.0,0.0,100.0,0.0,5.0,21.0,61.0,1.0,0.0,0.0,12.0,7.0,256.0,6.0,904.0,0.0,0.0,8.0,116.0,19.0,16.0,1.0,5.0
ctx-rh-lateraloccipital,0.0,0.0,0.0,0.0,0.0,0.0,3.0,3.0,0.0,0.0,7.0,4.0,0.0,7.0,0.0,0.0,0.0,0.0,0.0,0.0,0.0,5.0,0.0,2.0,0.0,7.0,0.0,0.0,1.0,8.0,0.0,0.0,0.0,0.0,24.0,0.0,0.0,516.0,0.0,0.0,1356.0,812.0,359.0,17.0,19.0,6047.0,0.0,751.0,0.0,199.0,1.0,22.0,0.0,0.0,0.0,523.0,0.0,5.0,0.0,239.0,0.0,0.0,0.0,935.0,58.0,17.0,3.0,1.0
ctx-rh-lateralorbitofrontal,0.0,3.0,0.0,0.0,0.0,0.0,0.0,0.0,0.0,0.0,0.0,0.0,0.0,0.0,0.0,0.0,0.0,0.0,0.0,0.0,0.0,0.0,0.0,0.0,0.0,0.0,4.0,3.0,7.0,0.0,0.0,0.0,0.0,0.0,0.0,17.0,2.0,0.0,0.0,95.0,1.0,0.0,0.0,428.0,0.0,0.0,2688.0,0.0,757.0,4.0,0.0,0.0,23.0,694.0,326.0,0.0,0.0,1.0,5.0,0.0,141.0,861.0,130.0,1.0,10.0,0.0,4.0,0.0
ctx-rh-lingual,1.0,0.0,0.0,4.0,0.0,0.0,0.0,3.0,0.0,0.0,5.0,3.0,0.0,192.0,0.0,0.0,0.0,1.0,0.0,0.0,0.0,5.0,0.0,0.0,0.0,11.0,0.0,0.0,0.0,7.0,0.0,0.0,0.0,0.0,5.0,0.0,0.0,431.0,0.0,0.0,671.0,25.0,24.0,6.0,100.0,751.0,0.0,3962.0,0.0,9.0,0.0,480.0,0.0,0.0,0.0,1500.0,1.0,0.0,0.0,517.0,0.0,0.0,0.0,96.0,9.0,2.0,0.0,0.0
ctx-rh-medialorbitofrontal,0.0,4.0,0.0,0.0,0.0,0.0,0.0,0.0,0.0,0.0,0.0,0.0,2.0,0.0,3.0,0.0,0.0,0.0,1.0,0.0,2.0,0.0,0.0,0.0,0.0,0.0,14.0,4.0,8.0,0.0,0.0,0.0,0.0,0.0,0.0,24.0,1.0,0.0,0.0,321.0,0.0,0.0,0.0,7.0,0.0,0.0,757.0,0.0,1854.0,0.0,0.0,0.0,0.0,4.0,9.0,0.0,0.0,0.0,0.0,0.0,580.0,408.0,325.0,0.0,0.0,0.0,1.0,0.0
ctx-rh-middletemporal,0.0,0.0,0.0,0.0,0.0,0.0,1.0,0.0,0.0,0.0,5.0,1.0,0.0,0.0,0.0,0.0,0.0,1.0,0.0,0.0,0.0,0.0,0.0,0.0,0.0,5.0,0.0,0.0,0.0,2.0,0.0,0.0,0.0,0.0,841.0,0.0,0.0,2.0,7.0,0.0,211.0,784.0,1344.0,88.0,5.0,199.0,4.0,9.0,0.0,3694.0,0.0,15.0,0.0,0.0,0.0,2.0,5.0,2.0,2.0,18.0,0.0,1.0,0.0,39.0,775.0,52.0,39.0,14.0
ctx-rh-paracentral,0.0,9.0,1.0,0.0,0.0,0.0,0.0,3.0,1.0,1.0,4.0,0.0,0.0,2.0,0.0,0.0,9.0,0.0,1.0,0.0,0.0,0.0,6.0,75.0,15.0,6.0,0.0,1.0,26.0,17.0,1.0,1.0,0.0,0.0,0.0,27.0,12.0,0.0,0.0,0.0,0.0,10.0,1.0,34.0,21.0,1.0,0.0,0.0,0.0,0.0,2392.0,1.0,3.0,0.0,0.0,0.0,394.0,543.0,1083.0,387.0,0.0,1.0,652.0,308.0,2.0,26.0,0.0,3.0
ctx-rh-parahippocampal,0.0,0.0,0.0,0.0,0.0,0.0,0.0,2.0,0.0,0.0,2.0,0.0,0.0,2.0,0.0,0.0,0.0,0.0,0.0,0.0,0.0,0.0,0.0,1.0,0.0,3.0,0.0,0.0,0.0,2.0,0.0,0.0,0.0,0.0,1.0,0.0,0.0,16.0,176.0,0.0,271.0,7.0,45.0,3.0,61.0,22.0,0.0,480.0,0.0,15.0,1.0,548.0,0.0,0.0,0.0,13.0,0.0,0.0,0.0,48.0,0.0,0.0,0.0,9.0,11.0,0.0,3.0,1.0
ctx-rh-parsopercularis,0.0,13.0,2.0,0.0,0.0,0.0,0.0,0.0,0.0,1.0,0.0,0.0,1.0,0.0,1.0,0.0,1.0,0.0,4.0,0.0,1.0,0.0,1.0,2.0,2.0,0.0,3.0,5.0,11.0,0.0,0.0,0.0,0.0,0.0,0.0,25.0,400.0,0.0,0.0,0.0,0.0,3.0,0.0,254.0,1.0,0.0,23.0,0.0,0.0,0.0,3.0,0.0,1849.0,7.0,608.0,0.0,95.0,7.0,563.0,3.0,6.0,456.0,172.0,8.0,1.0,26.0,0.0,1.0
ctx-rh-parsorbitalis,0.0,2.0,0.0,0.0,0.0,0.0,0.0,0.0,0.0,0.0,0.0,0.0,0.0,0.0,1.0,0.0,0.0,0.0,0.0,0.0,0.0,0.0,0.0,0.0,1.0,0.0,3.0,0.0,1.0,0.0,0.0,0.0,0.0,0.0,0.0,5.0,2.0,0.0,0.0,3.0,0.0,0.0,0.0,31.0,0.0,0.0,694.0,0.0,4.0,0.0,0.0,0.0,7.0,755.0,526.0,0.0,0.0,1.0,1.0,0.0,14.0,579.0,40.0,0.0,1.0,0.0,0.0,0.0
ctx-rh-parstriangularis,0.0,6.0,0.0,0.0,0.0,0.0,0.0,0.0,0.0,0.0,0.0,0.0,1.0,0.0,0.0,0.0,0.0,0.0,1.0,0.0,1.0,0.0,0.0,0.0,0.0,0.0,6.0,7.0,14.0,0.0,0.0,0.0,0.0,0.0,0.0,18.0,33.0,0.0,0.0,0.0,0.0,1.0,0.0,133.0,0.0,0.0,326.0,0.0,9.0,0.0,0.0,0.0,608.0,526.0,1657.0,0.0,1.0,1.0,8.0,0.0,13.0,961.0,104.0,0.0,0.0,1.0,0.0,0.0
ctx-rh-pericalcarine,0.0,0.0,0.0,26.0,0.0,0.0,0.0,1.0,0.0,0.0,2.0,1.0,0.0,46.0,0.0,0.0,0.0,1.0,0.0,0.0,0.0,24.0,0.0,0.0,0.0,6.0,0.0,0.0,0.0,4.0,0.0,0.0,0.0,0.0,0.0,0.0,0.0,1466.0,0.0,0.0,111.0,4.0,5.0,0.0,12.0,523.0,0.0,1500.0,0.0,2.0,0.0,13.0,0.0,0.0,0.0,758.0,0.0,2.0,0.0,189.0,0.0,0.0,1.0,61.0,2.0,0.0,0.0,1.0
ctx-rh-postcentral,0.0,2.0,2.0,0.0,0.0,0.0,0.0,0.0,0.0,2.0,1.0,0.0,0.0,0.0,0.0,0.0,3.0,0.0,0.0,0.0,0.0,0.0,3.0,15.0,1.0,1.0,0.0,0.0,8.0,5.0,0.0,0.0,0.0,0.0,7.0,6.0,85.0,0.0,0.0,0.0,1.0,80.0,0.0,275.0,7.0,0.0,0.0,1.0,0.0,5.0,394.0,0.0,95.0,0.0,1.0,0.0,5329.0,102.0,2243.0,113.0,1.0,15.0,55.0,635.0,40.0,1217.0,0.0,4.0
ctx-rh-posteriorcingulate,2.0,18.0,14.0,0.0,0.0,0.0,4.0,19.0,5.0,5.0,20.0,0.0,1.0,5.0,1.0,0.0,33.0,0.0,2.0,0.0,0.0,0.0,15.0,146.0,32.0,41.0,0.0,2.0,61.0,56.0,8.0,12.0,0.0,3.0,4.0,258.0,62.0,0.0,0.0,0.0,1.0,33.0,1.0,53.0,256.0,5.0,1.0,0.0,0.0,2.0,543.0,0.0,7.0,1.0,1.0,2.0,102.0,1018.0,232.0,480.0,0.0,6.0,681.0,216.0,9.0,54.0,0.0,4.0
ctx-rh-precentral,0.0,16.0,6.0,0.0,0.0,0.0,1.0,1.0,0.0,1.0,1.0,0.0,0.0,3.0,0.0,0.0,12.0,0.0,3.0,0.0,2.0,1.0,9.0,59.0,19.0,6.0,0.0,4.0,41.0,10.0,0.0,4.0,0.0,0.0,2.0,37.0,942.0,0.0,0.0,0.0,1.0,47.0,1.0,324.0,6.0,0.0,5.0,0.0,0.0,2.0,1083.0,0.0,563.0,1.0,8.0,0.0,2243.0,232.0,7645.0,55.0,2.0,45.0,1053.0,227.0,19.0,313.0,0.0,3.0
ctx-rh-precuneus,6.0,1.0,2.0,3.0,0.0,0.0,27.0,105.0,9.0,10.0,108.0,24.0,0.0,56.0,0.0,4.0,10.0,20.0,0.0,0.0,0.0,8.0,2.0,89.0,8.0,242.0,0.0,0.0,3.0,160.0,20.0,19.0,0.0,10.0,17.0,7.0,1.0,347.0,1.0,0.0,212.0,228.0,31.0,40.0,904.0,239.0,0.0,517.0,0.0,18.0,387.0,48.0,3.0,0.0,0.0,189.0,113.0,480.0,55.0,5485.0,0.0,0.0,13.0,2578.0,45.0,75.0,0.0,6.0
ctx-rh-rostralanteriorcingulate,0.0,27.0,1.0,0.0,0.0,0.0,0.0,0.0,0.0,2.0,0.0,0.0,9.0,0.0,11.0,0.0,0.0,0.0,0.0,1.0,2.0,0.0,0.0,0.0,2.0,0.0,49.0,18.0,26.0,0.0,0.0,0.0,0.0,0.0,0.0,333.0,4.0,0.0,0.0,12.0,0.0,0.0,0.0,6.0,0.0,0.0,141.0,0.0,580.0,0.0,0.0,0.0,6.0,14.0,13.0,0.0,1.0,0.0,2.0,0.0,630.0,169.0,484.0,0.0,0.0,0.0,0.0,0.0
ctx-rh-rostralmiddlefrontal,0.0,52.0,11.0,0.0,0.0,0.0,0.0,0.0,0.0,5.0,0.0,0.0,3.0,0.0,8.0,0.0,0.0,0.0,5.0,0.0,6.0,0.0,0.0,1.0,1.0,0.0,34.0,30.0,45.0,1.0,0.0,0.0,0.0,0.0,0.0,175.0,897.0,0.0,0.0,148.0,0.0,1.0,0.0,125.0,0.0,0.0,861.0,0.0,408.0,1.0,1.0,0.0,456.0,579.0,961.0,0.0,15.0,6.0,45.0,0.0,169.0,6735.0,2180.0,1.0,0.0,3.0,0.0,0.0
ctx-rh-superiorfrontal,0.0,184.0,57.0,0.0,0.0,0.0,0.0,0.0,0.0,12.0,0.0,0.0,13.0,0.0,7.0,0.0,6.0,0.0,22.0,2.0,15.0,0.0,5.0,69.0,57.0,3.0,49.0,60.0,243.0,6.0,0.0,4.0,0.0,0.0,0.0,1063.0,920.0,0.0,0.0,122.0,0.0,1.0,0.0,83.0,8.0,0.0,130.0,0.0,325.0,0.0,652.0,0.0,172.0,40.0,104.0,1.0,55.0,681.0,1053.0,13.0,484.0,2180.0,12206.0,21.0,1.0,15.0,1.0,0.0
ctx-rh-superiorparietal,3.0,2.0,0.0,2.0,0.0,0.0,5.0,35.0,5.0,2.0,46.0,5.0,0.0,23.0,0.0,0.0,15.0,1.0,1.0,0.0,0.0,7.0,4.0,60.0,6.0,71.0,0.0,0.0,9.0,54.0,12.0,11.0,0.0,1.0,33.0,3.0,8.0,322.0,1.0,0.0,83.0,1219.0,42.0,116.0,116.0,935.0,1.0,96.0,0.0,39.0,308.0,9.0,8.0,0.0,0.0,61.0,635.0,216.0,227.0,2578.0,0.0,1.0,21.0,5580.0,60.0,382.0,0.0,14.0
ctx-rh-superiortemporal,0.0,0.0,0.0,0.0,0.0,0.0,1.0,8.0,0.0,0.0,7.0,2.0,0.0,3.0,0.0,0.0,0.0,0.0,0.0,0.0,0.0,0.0,0.0,7.0,0.0,7.0,0.0,0.0,0.0,6.0,4.0,0.0,0.0,0.0,1306.0,0.0,1.0,0.0,10.0,0.0,83.0,271.0,131.0,333.0,19.0,58.0,10.0,9.0,0.0,775.0,2.0,11.0,1.0,1.0,0.0,2.0,40.0,9.0,19.0,45.0,0.0,0.0,1.0,60.0,5797.0,478.0,120.0,593.0
ctx-rh-supramarginal,1.0,1.0,0.0,0.0,0.0,0.0,2.0,4.0,0.0,1.0,7.0,0.0,0.0,2.0,0.0,1.0,1.0,1.0,0.0,0.0,0.0,0.0,2.0,18.0,3.0,14.0,0.0,0.0,4.0,14.0,3.0,3.0,0.0,1.0,360.0,2.0,23.0,0.0,0.0,0.0,4.0,1656.0,19.0,357.0,16.0,17.0,0.0,2.0,0.0,52.0,26.0,0.0,26.0,0.0,1.0,0.0,1217.0,54.0,313.0,75.0,0.0,3.0,15.0,382.0,478.0,5745.0,1.0,51.0
ctx-rh-temporalpole,0.0,0.0,0.0,0.0,0.0,0.0,0.0,0.0,0.0,0.0,0.0,0.0,0.0,0.0,0.0,0.0,0.0,0.0,0.0,0.0,0.0,0.0,0.0,0.0,0.0,0.0,0.0,0.0,0.0,0.0,0.0,0.0,0.0,0.0,3.0,0.0,0.0,0.0,45.0,0.0,41.0,3.0,17.0,60.0,1.0,3.0,4.0,0.0,1.0,39.0,0.0,3.0,0.0,0.0,0.0,0.0,0.0,0.0,0.0,0.0,0.0,0.0,1.0,0.0,120.0,1.0,77.0,0.0
ctx-rh-transversetemporal,0.0,0.0,0.0,1.0,0.0,0.0,0.0,3.0,0.0,0.0,1.0,0.0,0.0,1.0,0.0,0.0,0.0,0.0,0.0,0.0,0.0,0.0,0.0,2.0,0.0,4.0,0.0,0.0,0.0,2.0,0.0,0.0,0.0,1.0,46.0,0.0,1.0,1.0,0.0,0.0,5.0,32.0,3.0,67.0,5.0,1.0,0.0,0.0,0.0,14.0,3.0,1.0,1.0,0.0,0.0,1.0,4.0,4.0,3.0,6.0,0.0,0.0,0.0,14.0,593.0,51.0,0.0,206.0
