,ctx-lh-bankssts,ctx-lh-caudalanteriorcingulate,ctx-lh-caudalmiddlefrontal,ctx-lh-cuneus,ctx-lh-entorhinal,ctx-lh-frontalpole,ctx-lh-fusiform,ctx-lh-inferiorparietal,ctx-lh-inferiortemporal,ctx-lh-insula,ctx-lh-isthmuscingulate,ctx-lh-lateraloccipital,ctx-lh-lateralorbitofrontal,ctx-lh-lingual,ctx-lh-medialorbitofrontal,ctx-lh-middletemporal,ctx-lh-paracentral,ctx-lh-parahippocampal,ctx-lh-parsopercularis,ctx-lh-parsorbitalis,ctx-lh-parstriangularis,ctx-lh-pericalcarine,ctx-lh-postcentral,ctx-lh-posteriorcingulate,ctx-lh-precentral,ctx-lh-precuneus,ctx-lh-rostralanteriorcingulate,ctx-lh-rostralmiddlefrontal,ctx-lh-superiorfrontal,ctx-lh-superiorparietal,ctx-lh-superiortemporal,ctx-lh-supramarginal,ctx-lh-temporalpole,ctx-lh-transversetemporal,ctx-rh-bankssts,ctx-rh-caudalanteriorcingulate,ctx-rh-caudalmiddlefrontal,ctx-rh-cuneus,ctx-rh-entorhinal,ctx-rh-frontalpole,ctx-rh-fusiform,ctx-rh-inferiorparietal,ctx-rh-inferiortemporal,ctx-rh-insula,ctx-rh-isthmuscingulate,ctx-rh-lateraloccipital,ctx-rh-lateralorbitofrontal,ctx-rh-lingual,ctx-rh-medialorbitofrontal,ctx-rh-middletemporal,ctx-rh-paracentral,ctx-rh-parahippocampal,ctx-rh-parsopercularis,ctx-rh-parsorbitalis,ctx-rh-parstriangularis,ctx-rh-pericalcarine,ctx-rh-postcentral,ctx-rh-posteriorcingulate,ctx-rh-precentral,ctx-rh-precuneus,ctx-rh-rostralanteriorcingulate,ctx-rh-rostralmiddlefrontal,ctx-rh-superiorfrontal,ctx-rh-superiorparietal,ctx-rh-superiortemporal,ctx-rh-supramarginal,ctx-rh-temporalpole,ctx-rh-transversetemporal
ctx-lh-bankssts,760.0,1.0,2.0,3.0,0.0,0.0,30.0,476.0,123.0,26.0,12.0,21.0,0.0,10.0,0.0,915.0,1.0,4.0,2.0,0.0,0.0,3.0,38.0,5.0,12.0,21.0,0.0,0.0,1.0,21.0,829.0,290.0,0.0,27.0,4.0,0.0,0.0,1.0,0.0,0.0,1.0,0.0,0.0,0.0,3.0,1.0,0.0,1.0,0.0,0.0,1.0,0.0,0.0,0.0,0.0,1.0,0.0,2.0,0.0,12.0,0.0,0.0,1.0,2.0,2.0,0.0,0.0,1.0
ctx-lh-caudalanteriorcingulate,1.0,584.0,108.0,0.0,0.0,0.0,0.0,0.0,0.0,27.0,13.0,0.0,8.0,0.0,7.0,0.0,31.0,0.0,40.0,1.0,19.0,0.0,4.0,428.0,41.0,17.0,185.0,91.0,680.0,5.0,0.0,2.0,0.0,0.0,1.0,131.0,35.0,0.0,0.0,0.0,0.0,0.0,0.0,11.0,1.0,0.0,2.0,0.0,6.0,0.0,8.0,0.0,19.0,0.0,11.0,0.0,4.0,40.0,26.0,2.0,21.0,18.0,162.0,1.0,0.0,1.0,0.0,0.0
ctx-lh-caudalmiddlefrontal,2.0,108.0,3296.0,0.0,0.0,1.0,0.0,12.0,0.0,53.0,1.0,0.0,1.0,0.0,4.0,3.0,20.0,0.0,352.0,0.0,34.0,0.0,75.0,27.0,1087.0,4.0,15.0,706.0,1357.0,36.0,2.0,18.0,0.0,4.0,0.0,26.0,19.0,0.0,0.0,0.0,0.0,0.0,0.0,4.0,1.0,0.0,0.0,0.0,0.0,0.0,9.0,0.0,4.0,0.0,2.0,0.0,1.0,18.0,13.0,1.0,0.0,4.0,64.0,2.0,1.0,0.0,0.0,0.0
ctx-lh-cuneus,3.0,0.0,0.0,1098.0,0.0,0.0,27.0,79.0,13.0,2.0,33.0,322.0,0.0,245.0,0.0,5.0,0.0,4.0,0.0,0.0,0.0,1110.0,0.0,0.0,0.0,192.0,0.0,0.0,2.0,672.0,4.0,2.0,0.0,0.0,0.0,0.0,0.0,37.0,0.0,0.0,7.0,4.0,2.0,1.0,9.0,21.0,0.0,9.0,0.0,5.0,0.0,0.0,0.0,0.0,0.0,14.0,0.0,1.0,0.0,24.0,0.0,0.0,0.0,4.0,4.0,2.0,0.0,0.0
ctx-lh-entorhinal,0.0,0.0,0.0,0.0,446.0,0.0,285.0,1.0,185.0,18.0,0.0,2.0,0.0,1.0,0.0,61.0,0.0,194.0,0.0,0.0,0.0,0.0,0.0,0.0,0.0,1.0,0.0,0.0,0.0,0.0,21.0,1.0,222.0,0.0,0.0,0.0,0.0,0.0,0.0,0.0,0.0,0.0,0.0,0.0,0.0,0.0,0.0,0.0,0.0,0.0,0.0,0.0,0.0,0.0,0.0,0.0,0.0,0.0,0.0,0.0,0.0,0.0,0.0,0.0,0.0,0.0,0.0,0.0
ctx-lh-frontalpole,0.0,0.0,1.0,0.0,0.0,84.0,0.0,0.0,0.0,0.0,0.0,0.0,98.0,0.0,181.0,0.0,0.0,0.0,0.0,9.0,4.0,0.0,0.0,0.0,0.0,0.0,11.0,236.0,121.0,0.0,0.0,0.0,0.0,0.0,0.0,0.0,0.0,0.0,0.0,0.0,0.0,0.0,0.0,0.0,0.0,0.0,0.0,0.0,0.0,0.0,0.0,0.0,0.0,0.0,0.0,0.0,0.0,0.0,0.0,0.0,0.0,0.0,0.0,0.0,0.0,0.0,0.0,0.0
ctx-lh-fusiform,30.0,0.0,0.0,27.0,285.0,0.0,3537.0,82.0,1542.0,36.0,28.0,1138.0,1.0,966.0,0.0,357.0,0.0,366.0,0.0,0.0,0.0,79.0,1.0,1.0,1.0,48.0,0.0,0.0,0.0,33.0,108.0,10.0,120.0,2.0,1.0,0.0,0.0,1.0,0.0,0.0,1.0,3.0,1.0,1.0,13.0,5.0,0.0,5.0,0.0,3.0,0.0,1.0,0.0,0.0,0.0,2.0,1.0,0.0,1.0,16.0,0.0,0.0,0.0,0.0,2.0,1.0,0.0,0.0
ctx-lh-inferiorparietal,476.0,0.0,12.0,79.0,1.0,0.0,82.0,7121.0,230.0,36.0,59.0,763.0,1.0,30.0,0.0,819.0,3.0,4.0,6.0,0.0,0.0,24.0,100.0,8.0,49.0,464.0,0.0,0.0,8.0,1221.0,133.0,1153.0,0.0,21.0,5.0,0.0,0.0,4.0,0.0,0.0,1.0,9.0,3.0,2.0,27.0,6.0,0.0,6.0,0.0,5.0,2.0,1.0,0.0,0.0,0.0,0.0,1.0,11.0,0.0,43.0,0.0,0.0,0.0,6.0,5.0,7.0,0.0,2.0
ctx-lh-inferiortemporal,123.0,0.0,0.0,13.0,185.0,0.0,1542.0,230.0,4505.0,79.0,15.0,439.0,0.0,79.0,1.0,2203.0,0.0,100.0,0.0,0.0,0.0,22.0,14.0,2.0,4.0,54.0,0.0,0.0,0.0,43.0,285.0,41.0,171.0,21.0,3.0,0.0,0.0,3.0,0.0,0.0,1.0,5.0,2.0,4.0,13.0,3.0,0.0,2.0,0.0,2.0,0.0,1.0,0.0,0.0,0.0,1.0,0.0,2.0,3.0,25.0,0.0,0.0,1.0,5.0,7.0,2.0,0.0,0.0
ctx-lh-insula,26.0,27.0,53.0,2.0,18.0,0.0,36.0,36.0,79.0,1599.0,20.0,7.0,305.0,4.0,50.0,126.0,10.0,7.0,277.0,3.0,81.0,0.0,336.0,15.0,320.0,33.0,42.0,71.0,78.0,49.0,325.0,268.0,19.0,145.0,2.0,12.0,4.0,1.0,0.0,0.0,0.0,3.0,1.0,3.0,6.0,2.0,0.0,0.0,1.0,0.0,2.0,0.0,1.0,0.0,0.0,0.0,0.0,10.0,5.0,22.0,3.0,3.0,11.0,3.0,5.0,1.0,0.0,1.0
ctx-lh-isthmuscingulate,12.0,13.0,1.0,33.0,0.0,0.0,28.0,59.0,15.0,20.0,835.0,48.0,0.0,261.0,0.0,16.0,10.0,114.0,3.0,0.0,0.0,26.0,12.0,296.0,15.0,857.0,0.0,0.0,14.0,94.0,15.0,26.0,0.0,13.0,12.0,1.0,1.0,4.0,0.0,0.0,0.0,23.0,8.0,12.0,91.0,13.0,0.0,16.0,0.0,8.0,4.0,2.0,0.0,0.0,0.0,2.0,10.0,20.0,5.0,114.0,0.0,0.0,3.0,25.0,20.0,12.0,0.0,1.0
ctx-lh-lateraloccipital,21.0,0.0,0.0,322.0,2.0,0.0,1138.0,763.0,439.0,7.0,48.0,7311.0,0.0,662.0,0.0,137.0,0.0,9.0,0.0,0.0,0.0,593.0,5.0,4.0,0.0,159.0,0.0,0.0,0.0,688.0,18.0,7.0,2.0,1.0,3.0,0.0,0.0,2.0,0.0,0.0,5.0,8.0,0.0,3.0,15.0,7.0,0.0,6.0,0.0,4.0,0.0,1.0,0.0,0.0,0.0,5.0,1.0,1.0,0.0,38.0,0.0,0.0,1.0,7.0,5.0,0.0,0.0,1.0
ctx-lh-lateralorbitofrontal,0.0,8.0,1.0,0.0,0.0,98.0,1.0,1.0,0.0,305.0,0.0,0.0,3870.0,0.0,1972.0,2.0,0.0,0.0,19.0,775.0,406.0,0.0,0.0,0.0,0.0,0.0,274.0,837.0,63.0,0.0,2.0,0.0,1.0,0.0,0.0,4.0,0.0,0.0,0.0,0.0,0.0,0.0,0.0,0.0,0.0,0.0,0.0,0.0,0.0,0.0,0.0,0.0,0.0,0.0,1.0,0.0,0.0,0.0,0.0,0.0,2.0,1.0,5.0,0.0,0.0,0.0,0.0,0.0
ctx-lh-lingual,10.0,0.0,0.0,245.0,1.0,0.0,966.0,30.0,79.0,4.0,261.0,662.0,0.0,4863.0,0.0,35.0,1.0,317.0,1.0,0.0,0.0,1039.0,1.0,2.0,2.0,192.0,0.0,0.0,0.0,59.0,17.0,1.0,1.0,3.0,1.0,0.0,0.0,12.0,0.0,0.0,1.0,6.0,4.0,0.0,17.0,12.0,0.0,9.0,0.0,3.0,0.0,3.0,0.0,0.0,0.0,6.0,0.0,1.0,1.0,40.0,0.0,0.0,1.0,7.0,7.0,4.0,0.0,1.0
ctx-lh-medialorbitofrontal,0.0,7.0,4.0,0.0,0.0,181.0,0.0,0.0,1.0,50.0,0.0,0.0,1972.0,0.0,1611.0,0.0,0.0,0.0,10.0,112.0,122.0,0.0,0.0,0.0,0.0,0.0,533.0,683.0,274.0,0.0,0.0,0.0,0.0,0.0,0.0,3.0,0.0,0.0,0.0,0.0,0.0,0.0,0.0,1.0,0.0,0.0,0.0,0.0,0.0,0.0,0.0,0.0,1.0,0.0,0.0,0.0,0.0,0.0,0.0,0.0,5.0,3.0,6.0,0.0,0.0,0.0,0.0,0.0
ctx-lh-middletemporal,915.0,0.0,3.0,5.0,61.0,0.0,357.0,819.0,2203.0,126.0,16.0,137.0,2.0,35.0,0.0,3860.0,0.0,25.0,0.0,0.0,1.0,5.0,16.0,3.0,14.0,44.0,0.0,0.0,1.0,40.0,939.0,88.0,93.0,32.0,2.0,0.0,0.0,1.0,0.0,0.0,0.0,3.0,1.0,2.0,9.0,4.0,0.0,2.0,0.0,0.0,0.0,1.0,0.0,0.0,0.0,1.0,0.0,1.0,0.0,14.0,0.0,0.0,0.0,3.0,4.0,3.0,0.0,1.0
ctx-lh-paracentral,1.0,31.0,20.0,0.0,0.0,0.0,0.0,3.0,0.0,10.0,10.0,0.0,0.0,1.0,0.0,0.0,1746.0,0.0,4.0,0.0,0.0,0.0,516.0,258.0,709.0,254.0,0.0,3.0,633.0,206.0,3.0,1.0,0.0,2.0,0.0,9.0,3.0,0.0,0.0,0.0,0.0,1.0,0.0,2.0,1.0,0.0,0.0,0.0,0.0,0.0,67.0,0.0,3.0,0.0,0.0,0.0,16.0,48.0,28.0,11.0,1.0,1.0,38.0,8.0,1.0,0.0,0.0,1.0
ctx-lh-parahippocampal,4.0,0.0,0.0,4.0,194.0,0.0,366.0,4.0,100.0,7.0,114.0,9.0,0.0,317.0,0.0,25.0,0.0,642.0,0.0,0.0,0.0,6.0,1.0,0.0,1.0,8.0,0.0,0.0,0.0,2.0,16.0,0.0,6.0,3.0,0.0,0.0,0.0,2.0,0.0,0.0,0.0,0.0,1.0,0.0,3.0,2.0,0.0,1.0,0.0,0.0,0.0,0.0,0.0,0.0,0.0,0.0,0.0,0.0,1.0,5.0,0.0,0.0,0.0,0.0,1.0,0.0,0.0,0.0
ctx-lh-parsopercularis,2.0,40.0,352.0,0.0,0.0,0.0,0.0,6.0,0.0,277.0,3.0,0.0,19.0,1.0,10.0,0.0,4.0,0.0,1892.0,1.0,565.0,0.0,60.0,6.0,474.0,4.0,64.0,533.0,187.0,8.0,3.0,17.0,0.0,1.0,0.0,20.0,5.0,1.0,0.0,0.0,0.0,0.0,0.0,1.0,1.0,0.0,0.0,0.0,0.0,0.0,1.0,0.0,4.0,0.0,3.0,0.0,0.0,4.0,4.0,1.0,2.0,4.0,25.0,0.0,0.0,0.0,0.0,0.0
ctx-lh-parsorbitalis,0.0,1.0,0.0,0.0,0.0,9.0,0.0,0.0,0.0,3.0,0.0,0.0,775.0,0.0,112.0,0.0,0.0,0.0,1.0,646.0,357.0,0.0,0.0,0.0,0.0,0.0,49.0,429.0,20.0,0.0,0.0,0.0,0.0,0.0,0.0,0.0,0.0,0.0,0.0,0.0,0.0,0.0,0.0,0.0,0.0,0.0,0.0,0.0,1.0,0.0,0.0,0.0,0.0,0.0,0.0,0.0,0.0,0.0,0.0,0.0,1.0,0.0,0.0,0.0,0.0,0.0,0.0,0.0
ctx-lh-parstriangularis,0.0,19.0,34.0,0.0,0.0,4.0,0.0,0.0,0.0,81.0,0.0,0.0,406.0,0.0,122.0,1.0,0.0,0.0,565.0,357.0,1117.0,0.0,1.0,0.0,10.0,0.0,175.0,835.0,124.0,0.0,0.0,0.0,0.0,0.0,0.0,9.0,2.0,0.0,0.0,0.0,0.0,0.0,0.0,0.0,0.0,0.0,0.0,0.0,1.0,0.0,0.0,0.0,0.0,0.0,2.0,0.0,0.0,0.0,0.0,0.0,10.0,0.0,5.0,0.0,0.0,0.0,0.0,0.0
ctx-lh-pericalcarine,3.0,0.0,0.0,1110.0,0.0,0.0,79.0,24.0,22.0,0.0,26.0,593.0,0.0,1039.0,0.0,5.0,0.0,6.0,0.0,0.0,0.0,965.0,0.0,1.0,0.0,128.0,0.0,0.0,0.0,146.0,7.0,0.0,0.0,2.0,1.0,0.0,0.0,26.0,0.0,0.0,0.0,5.0,0.0,1.0,16.0,6.0,0.0,5.0,0.0,3.0,0.0,2.0,0.0,0.0,0.0,31.0,0.0,2.0,0.0,24.0,0.0,0.0,0.0,3.0,1.0,0.0,0.0,0.0
ctx-lh-postcentral,38.0,4.0,75.0,0.0,0.0,0.0,1.0,100.0,14.0,336.0,12.0,5.0,0.0,1.0,0.0,16.0,516.0,1.0,60.0,0.0,1.0,0.0,6017.0,51.0,2009.0,169.0,1.0,8.0,67.0,874.0,41.0,1478.0,0.0,21.0,1.0,2.0,4.0,1.0,0.0,0.0,1.0,1.0,0.0,4.0,8.0,1.0,0.0,0.0,0.0,2.0,9.0,1.0,0.0,0.0,0.0,0.0,0.0,20.0,6.0,17.0,0.0,0.0,9.0,4.0,4.0,3.0,0.0,4.0
ctx-lh-posteriorcingulate,5.0,428.0,27.0,0.0,0.0,0.0,1.0,8.0,2.0,15.0,296.0,4.0,0.0,2.0,0.0,3.0,258.0,0.0,6.0,0.0,0.0,1.0,51.0,1096.0,91.0,489.0,1.0,4.0,315.0,89.0,2.0,9.0,0.0,5.0,6.0,24.0,12.0,0.0,0.0,0.0,0.0,3.0,1.0,11.0,16.0,0.0,0.0,1.0,0.0,2.0,62.0,0.0,4.0,0.0,0.0,1.0,20.0,158.0,36.0,33.0,0.0,0.0,83.0,11.0,8.0,1.0,0.0,4.0
ctx-lh-precentral,12.0,41.0,1087.0,0.0,0.0,0.0,1.0,49.0,4.0,320.0,15.0,0.0,0.0,2.0,0.0,14.0,709.0,1.0,474.0,0.0,10.0,0.0,2009.0,91.0,7615.0,101.0,2.0,34.0,982.0,291.0,34.0,229.0,0.0,10.0,1.0,21.0,16.0,0.0,0.0,0.0,0.0,1.0,0.0,2.0,9.0,1.0,0.0,0.0,0.0,0.0,38.0,0.0,3.0,0.0,2.0,0.0,4.0,58.0,21.0,20.0,0.0,1.0,78.0,2.0,1.0,4.0,0.0,2.0
ctx-lh-precuneus,21.0,17.0,4.0,192.0,1.0,0.0,48.0,464.0,54.0,33.0,857.0,159.0,0.0,192.0,0.0,44.0,254.0,8.0,4.0,0.0,0.0,128.0,169.0,489.0,101.0,4068.0,0.0,1.0,24.0,2757.0,34.0,60.0,0.0,23.0,22.0,2.0,2.0,11.0,0.0,0.0,8.0,30.0,7.0,6.0,90.0,29.0,0.0,16.0,0.0,22.0,23.0,6.0,1.0,0.0,0.0,2.0,8.0,40.0,16.0,162.0,0.0,1.0,12.0,33.0,26.0,12.0,0.0,6.0
ctx-lh-rostralanteriorcingulate,0.0,185.0,15.0,0.0,0.0,11.0,0.0,0.0,0.0,42.0,0.0,0.0,274.0,0.0,533.0,0.0,0.0,0.0,64.0,49.0,175.0,0.0,1.0,1.0,2.0,0.0,1164.0,374.0,442.0,0.0,0.0,0.0,0.0,0.0,0.0,73.0,5.0,0.0,0.0,0.0,0.0,0.0,0.0,5.0,0.0,0.0,11.0,0.0,20.0,0.0,0.0,0.0,4.0,3.0,8.0,0.0,0.0,2.0,0.0,0.0,87.0,14.0,31.0,0.0,1.0,0.0,0.0,0.0
ctx-lh-rostralmiddlefrontal,0.0,91.0,706.0,0.0,0.0,236.0,0.0,0.0,0.0,71.0,0.0,0.0,837.0,0.0,683.0,0.0,3.0,0.0,533.0,429.0,835.0,0.0,8.0,4.0,34.0,1.0,374.0,6608.0,3641.0,0.0,0.0,2.0,0.0,0.0,0.0,49.0,6.0,0.0,0.0,1.0,0.0,1.0,0.0,0.0,0.0,0.0,0.0,0.0,1.0,0.0,0.0,0.0,10.0,2.0,5.0,0.0,0.0,6.0,5.0,0.0,12.0,14.0,51.0,0.0,0.0,0.0,0.0,0.0
ctx-lh-superiorfrontal,1.0,680.0,1357.0,2.0,0.0,121.0,0.0,8.0,0.0,78.0,14.0,0.0,63.0,0.0,274.0,1.0,633.0,0.0,187.0,20.0,124.0,0.0,67.0,315.0,982.0,24.0,442.0,3641.0,12393.0,24.0,1.0,6.0,0.0,2.0,0.0,131.0,66.0,0.0,0.0,0.0,0.0,1.0,0.0,14.0,4.0,1.0,1.0,0.0,3.0,1.0,40.0,0.0,31.0,0.0,10.0,0.0,9.0,86.0,49.0,2.0,21.0,30.0,242.0,5.0,0.0,2.0,0.0,0.0
ctx-lh-superiorparietal,21.0,5.0,36.0,672.0,0.0,0.0,33.0,1221.0,43.0,49.0,94.0,688.0,0.0,59.0,0.0,40.0,206.0,2.0,8.0,0.0,0.0,146.0,874.0,89.0,291.0,2757.0,0.0,0.0,24.0,7383.0,37.0,339.0,0.0,24.0,11.0,2.0,0.0,3.0,0.0,0.0,3.0,16.0,0.0,6.0,27.0,11.0,0.0,3.0,0.0,3.0,15.0,1.0,1.0,0.0,0.0,1.0,4.0,25.0,4.0,45.0,0.0,0.0,8.0,9.0,7.0,6.0,0.0,4.0
ctx-lh-superiortemporal,829.0,0.0,2.0,4.0,21.0,0.0,108.0,133.0,285.0,325.0,15.0,18.0,2.0,17.0,0.0,939.0,3.0,16.0,3.0,0.0,0.0,7.0,41.0,2.0,34.0,34.0,0.0,0.0,1.0,37.0,4337.0,423.0,144.0,575.0,4.0,0.0,0.0,0.0,0.0,0.0,1.0,11.0,2.0,3.0,23.0,6.0,0.0,2.0,0.0,5.0,0.0,1.0,0.0,0.0,0.0,0.0,3.0,3.0,3.0,20.0,0.0,0.0,2.0,4.0,5.0,2.0,0.0,1.0
ctx-lh-supramarginal,290.0,2.0,18.0,2.0,1.0,0.0,10.0,1153.0,41.0,268.0,26.0,7.0,0.0,1.0,0.0,88.0,1.0,0.0,17.0,0.0,0.0,0.0,1478.0,9.0,229.0,60.0,0.0,2.0,6.0,339.0,423.0,4569.0,0.0,57.0,2.0,2.0,1.0,1.0,0.0,0.0,0.0,4.0,1.0,3.0,12.0,3.0,0.0,1.0,0.0,4.0,3.0,0.0,0.0,0.0,0.0,0.0,2.0,9.0,3.0,14.0,0.0,0.0,1.0,2.0,9.0,2.0,0.0,3.0
ctx-lh-temporalpole,0.0,0.0,0.0,0.0,222.0,0.0,120.0,0.0,171.0,19.0,0.0,2.0,1.0,1.0,0.0,93.0,0.0,6.0,0.0,0.0,0.0,0.0,0.0,0.0,0.0,0.0,0.0,0.0,0.0,0.0,144.0,0.0,401.0,3.0,0.0,0.0,0.0,0.0,0.0,0.0,0.0,0.0,0.0,0.0,0.0,0.0,0.0,0.0,0.0,0.0,0.0,0.0,0.0,0.0,0.0,0.0,0.0,0.0,0.0,0.0,0.0,0.0,0.0,0.0,0.0,0.0,0.0,0.0
ctx-lh-transversetemporal,27.0,0.0,4.0,0.0,0.0,0.0,2.0,21.0,21.0,145.0,13.0,1.0,0.0,3.0,0.0,32.0,2.0,3.0,1.0,0.0,0.0,2.0,21.0,5.0,10.0,23.0,0.0,0.0,2.0,24.0,575.0,57.0,3.0,404.0,2.0,0.0,0.0,1.0,0.0,0.0,1.0,2.0,0.0,1.0,9.0,1.0,0.0,0.0,0.0,2.0,0.0,0.0,0.0,0.0,0.0,0.0,0.0,2.0,0.0,11.0,0.0,0.0,1.0,5.0,0.0,7.0,0.0,0.0
ctx-rh-bankssts,4.0,1.0,0.0,0.0,0.0,0.0,1.0,5.0,3.0,2.0,12.0,3.0,0.0,1.0,0.0,2.0,0.0,0.0,0.0,0.0,0.0,1.0,1.0,6.0,1.0,22.0,0.0,0.0,0.0,11.0,4.0,2.0,0.0,2.0,847.0,0.0,2.0,5.0,0.0,0.0,25.0,439.0,89.0,28.0,26.0,23.0,0.0,12.0,0.0,850.0,1.0,2.0,1.0,0.0,0.0,6.0,25.0,9.0,31.0,63.0,0.0,0.0,1.0,48.0,863.0,368.0,0.0,14.0
ctx-rh-caudalanteriorcingulate,0.0,131.0,26.0,0.0,0.0,0.0,0.0,0.0,0.0,12.0,1.0,0.0,4.0,0.0,3.0,0.0,9.0,0.0,20.0,0.0,9.0,0.0,2.0,24.0,21.0,2.0,73.0,49.0,131.0,2.0,0.0,2.0,0.0,0.0,0.0,558.0,59.0,0.0,0.0,0.0,0.0,0.0,0.0,22.0,4.0,0.0,10.0,0.0,14.0,0.0,15.0,0.0,66.0,3.0,45.0,0.0,4.0,318.0,30.0,3.0,184.0,122.0,776.0,0.0,1.0,0.0,0.0,0.0
ctx-rh-caudalmiddlefrontal,0.0,35.0,19.0,0.0,0.0,0.0,0.0,0.0,0.0,4.0,1.0,0.0,0.0,0.0,0.0,0.0,3.0,0.0,5.0,0.0,2.0,0.0,4.0,12.0,16.0,2.0,5.0,6.0,66.0,0.0,0.0,1.0,0.0,0.0,2.0,59.0,2676.0,0.0,0.0,0.0,0.0,11.0,0.0,58.0,2.0,0.0,1.0,0.0,0.0,1.0,26.0,0.0,281.0,2.0,36.0,0.0,80.0,27.0,1024.0,10.0,10.0,763.0,1248.0,33.0,2.0,28.0,0.0,2.0
ctx-rh-cuneus,1.0,0.0,0.0,37.0,0.0,0.0,1.0,4.0,3.0,1.0,4.0,2.0,0.0,12.0,0.0,1.0,0.0,2.0,1.0,0.0,0.0,26.0,1.0,0.0,0.0,11.0,0.0,0.0,0.0,3.0,0.0,1.0,0.0,1.0,5.0,0.0,0.0,1328.0,0.0,0.0,65.0,28.0,17.0,0.0,20.0,847.0,0.0,264.0,0.0,16.0,0.0,5.0,0.0,0.0,0.0,1236.0,1.0,0.0,1.0,316.0,0.0,0.0,0.0,663.0,4.0,0.0,0.0,0.0
ctx-rh-entorhinal,0.0,0.0,0.0,0.0,0.0,0.0,0.0,0.0,0.0,0.0,0.0,0.0,0.0,0.0,0.0,0.0,0.0,0.0,0.0,0.0,0.0,0.0,0.0,0.0,0.0,0.0,0.0,0.0,0.0,0.0,0.0,0.0,0.0,0.0,0.0,0.0,0.0,0.0,314.0,0.0,476.0,0.0,196.0,5.0,0.0,0.0,0.0,0.0,0.0,64.0,0.0,177.0,0.0,0.0,0.0,0.0,0.0,0.0,0.0,1.0,0.0,0.0,0.0,0.0,28.0,0.0,229.0,0.0
ctx-rh-frontalpole,0.0,0.0,0.0,0.0,0.0,0.0,0.0,0.0,0.0,0.0,0.0,0.0,0.0,0.0,0.0,0.0,0.0,0.0,0.0,0.0,0.0,0.0,0.0,0.0,0.0,0.0,0.0,1.0,0.0,0.0,0.0,0.0,0.0,0.0,0.0,0.0,0.0,0.0,0.0,47.0,0.0,0.0,0.0,2.0,0.0,0.0,110.0,0.0,255.0,0.0,0.0,0.0,0.0,8.0,6.0,0.0,0.0,0.0,0.0,0.0,1.0,197.0,49.0,0.0,0.0,0.0,0.0,0.0
ctx-rh-fusiform,1.0,0.0,0.0,7.0,0.0,0.0,1.0,1.0,1.0,0.0,0.0,5.0,0.0,1.0,0.0,0.0,0.0,0.0,0.0,0.0,0.0,0.0,1.0,0.0,0.0,8.0,0.0,0.0,0.0,3.0,1.0,0.0,0.0,1.0,25.0,0.0,0.0,65.0,476.0,0.0,3558.0,57.0,1348.0,28.0,30.0,1141.0,3.0,812.0,1.0,319.0,0.0,374.0,0.0,0.0,0.0,144.0,3.0,0.0,0.0,105.0,0.0,0.0,0.0,27.0,90.0,6.0,79.0,1.0
ctx-rh-inferiorparietal,0.0,0.0,0.0,4.0,0.0,0.0,3.0,9.0,5.0,3.0,23.0,8.0,0.0,6.0,0.0,3.0,1.0,0.0,0.0,0.0,0.0,5.0,1.0,3.0,1.0,30.0,0.0,1.0,1.0,16.0,11.0,4.0,0.0,2.0,439.0,0.0,11.0,28.0,0.0,0.0,57.0,7800.0,144.0,45.0,72.0,649.0,0.0,18.0,0.0,910.0,2.0,6.0,6.0,0.0,0.0,8.0,95.0,5.0,108.0,394.0,0.0,1.0,5.0,1474.0,135.0,1102.0,0.0,14.0
ctx-rh-inferiortemporal,0.0,0.0,0.0,2.0,0.0,0.0,1.0,3.0,2.0,1.0,8.0,0.0,0.0,4.0,0.0,1.0,0.0,1.0,0.0,0.0,0.0,0.0,0.0,1.0,0.0,7.0,0.0,0.0,0.0,0.0,2.0,1.0,0.0,0.0,89.0,0.0,0.0,17.0,196.0,0.0,1348.0,144.0,4031.0,69.0,12.0,460.0,6.0,72.0,0.0,1608.0,0.0,91.0,0.0,0.0,0.0,11.0,5.0,1.0,3.0,67.0,1.0,0.0,2.0,19.0,243.0,10.0,253.0,5.0
ctx-rh-insula,0.0,11.0,4.0,1.0,0.0,0.0,1.0,2.0,4.0,3.0,12.0,3.0,0.0,0.0,1.0,2.0,2.0,0.0,1.0,0.0,0.0,1.0,4.0,11.0,2.0,6.0,5.0,0.0,14.0,6.0,3.0,3.0,0.0,1.0,28.0,22.0,58.0,0.0,5.0,2.0,28.0,45.0,69.0,1408.0,15.0,6.0,419.0,5.0,59.0,118.0,18.0,3.0,195.0,36.0,190.0,0.0,226.0,24.0,287.0,45.0,32.0,75.0,106.0,60.0,288.0,212.0,11.0,62.0
ctx-rh-isthmuscingulate,3.0,1.0,1.0,9.0,0.0,0.0,13.0,27.0,13.0,6.0,91.0,15.0,0.0,17.0,0.0,9.0,1.0,3.0,1.0,0.0,0.0,16.0,8.0,16.0,9.0,90.0,0.0,0.0,4.0,27.0,23.0,12.0,0.0,9.0,26.0,4.0,2.0,20.0,0.0,0.0,30.0,72.0,12.0,15.0,659.0,41.0,0.0,165.0,0.0,18.0,21.0,90.0,0.0,0.0,0.0,9.0,11.0,255.0,12.0,817.0,0.0,0.0,8.0,59.0,21.0,14.0,0.0,4.0
ctx-rh-lateraloccipital,1.0,0.0,0.0,21.0,0.0,0.0,5.0,6.0,3.0,2.0,13.0,7.0,0.0,12.0,0.0,4.0,0.0,2.0,0.0,0.0,0.0,6.0,1.0,0.0,1.0,29.0,0.0,0.0,1.0,11.0,6.0,3.0,0.0,1.0,23.0,0.0,0.0,847.0,0.0,0.0,1141.0,649.0,460.0,6.0,41.0,7625.0,0.0,917.0,0.0,161.0,0.0,18.0,0.0,0.0,0.0,810.0,5.0,1.0,2.0,356.0,0.0,0.0,2.0,591.0,30.0,13.0,0.0,4.0
ctx-rh-lateralorbitofrontal,0.0,2.0,0.0,0.0,0.0,0.0,0.0,0.0,0.0,0.0,0.0,0.0,0.0,0.0,0.0,0.0,0.0,0.0,0.0,0.0,0.0,0.0,0.0,0.0,0.0,0.0,11.0,0.0,1.0,0.0,0.0,0.0,0.0,0.0,0.0,10.0,1.0,0.0,0.0,110.0,3.0,0.0,6.0,419.0,0.0,0.0,2868.0,0.0,1308.0,10.0,0.0,2.0,9.0,802.0,333.0,0.0,0.0,0.0,1.0,1.0,221.0,548.0,57.0,0.0,8.0,0.0,3.0,0.0
ctx-rh-lingual,1.0,0.0,0.0,9.0,0.0,0.0,5.0,6.0,2.0,0.0,16.0,6.0,0.0,9.0,0.0,2.0,0.0,1.0,0.0,0.0,0.0,5.0,0.0,1.0,0.0,16.0,0.0,0.0,0.0,3.0,2.0,1.0,0.0,0.0,12.0,0.0,0.0,264.0,0.0,0.0,812.0,18.0,72.0,5.0,165.0,917.0,0.0,3916.0,0.0,31.0,0.0,297.0,0.0,0.0,0.0,1366.0,2.0,0.0,0.0,261.0,0.0,0.0,0.0,33.0,13.0,1.0,0.0,0.0
ctx-rh-medialorbitofrontal,0.0,6.0,0.0,0.0,0.0,0.0,0.0,0.0,0.0,1.0,0.0,0.0,0.0,0.0,0.0,0.0,0.0,0.0,0.0,1.0,1.0,0.0,0.0,0.0,0.0,0.0,20.0,1.0,3.0,0.0,0.0,0.0,0.0,0.0,0.0,14.0,0.0,0.0,0.0,255.0,1.0,0.0,0.0,59.0,0.0,0.0,1308.0,0.0,1655.0,0.0,0.0,0.0,2.0,133.0,101.0,0.0,0.0,0.0,0.0,0.0,673.0,912.0,281.0,1.0,1.0,0.0,0.0,0.0
ctx-rh-middletemporal,0.0,0.0,0.0,5.0,0.0,0.0,3.0,5.0,2.0,0.0,8.0,4.0,0.0,3.0,0.0,0.0,0.0,0.0,0.0,0.0,0.0,3.0,2.0,2.0,0.0,22.0,0.0,0.0,1.0,3.0,5.0,4.0,0.0,2.0,850.0,0.0,1.0,16.0,64.0,0.0,319.0,910.0,1608.0,118.0,18.0,161.0,10.0,31.0,0.0,4143.0,2.0,36.0,0.0,0.0,0.0,14.0,6.0,1.0,13.0,80.0,2.0,0.0,0.0,61.0,646.0,54.0,192.0,16.0
ctx-rh-paracentral,1.0,8.0,9.0,0.0,0.0,0.0,0.0,2.0,0.0,2.0,4.0,0.0,0.0,0.0,0.0,0.0,67.0,0.0,1.0,0.0,0.0,0.0,9.0,62.0,38.0,23.0,0.0,0.0,40.0,15.0,0.0,3.0,0.0,0.0,1.0,15.0,26.0,0.0,0.0,0.0,0.0,2.0,0.0,18.0,21.0,0.0,0.0,0.0,0.0,2.0,1669.0,0.0,2.0,0.0,0.0,0.0,495.0,290.0,724.0,228.0,0.0,2.0,575.0,245.0,7.0,9.0,0.0,1.0
ctx-rh-parahippocampal,0.0,0.0,0.0,0.0,0.0,0.0,1.0,1.0,1.0,0.0,2.0,1.0,0.0,3.0,0.0,1.0,0.0,0.0,0.0,0.0,0.0,2.0,1.0,0.0,0.0,6.0,0.0,0.0,0.0,1.0,1.0,0.0,0.0,0.0,2.0,0.0,0.0,5.0,177.0,0.0,374.0,6.0,91.0,3.0,90.0,18.0,2.0,297.0,0.0,36.0,0.0,676.0,0.0,0.0,0.0,9.0,0.0,0.0,0.0,10.0,0.0,0.0,0.0,3.0,11.0,0.0,8.0,0.0
ctx-rh-parsopercularis,0.0,19.0,4.0,0.0,0.0,0.0,0.0,0.0,0.0,1.0,0.0,0.0,0.0,0.0,1.0,0.0,3.0,0.0,4.0,0.0,0.0,0.0,0.0,4.0,3.0,1.0,4.0,10.0,31.0,1.0,0.0,0.0,0.0,0.0,1.0,66.0,281.0,0.0,0.0,0.0,0.0,6.0,0.0,195.0,0.0,0.0,9.0,0.0,2.0,0.0,2.0,0.0,1479.0,3.0,441.0,0.0,77.0,24.0,641.0,2.0,14.0,287.0,249.0,10.0,2.0,22.0,0.0,1.0
ctx-rh-parsorbitalis,0.0,0.0,0.0,0.0,0.0,0.0,0.0,0.0,0.0,0.0,0.0,0.0,0.0,0.0,0.0,0.0,0.0,0.0,0.0,0.0,0.0,0.0,0.0,0.0,0.0,0.0,3.0,2.0,0.0,0.0,0.0,0.0,0.0,0.0,0.0,3.0,2.0,0.0,0.0,8.0,0.0,0.0,0.0,36.0,0.0,0.0,802.0,0.0,133.0,0.0,0.0,0.0,3.0,767.0,461.0,0.0,0.0,0.0,0.0,0.0,78.0,458.0,58.0,0.0,0.0,0.0,0.0,0.0
ctx-rh-parstriangularis,0.0,11.0,2.0,0.0,0.0,0.0,0.0,0.0,0.0,0.0,0.0,0.0,1.0,0.0,0.0,0.0,0.0,0.0,3.0,0.0,2.0,0.0,0.0,0.0,2.0,0.0,8.0,5.0,10.0,0.0,0.0,0.0,0.0,0.0,0.0,45.0,36.0,0.0,0.0,6.0,0.0,0.0,0.0,190.0,0.0,0.0,333.0,0.0,101.0,0.0,0.0,0.0,441.0,461.0,1448.0,0.0,5.0,3.0,11.0,0.0,142.0,934.0,252.0,1.0,0.0,0.0,0.0,0.0
ctx-rh-pericalcarine,1.0,0.0,0.0,14.0,0.0,0.0,2.0,0.0,1.0,0.0,2.0,5.0,0.0,6.0,0.0,1.0,0.0,0.0,0.0,0.0,0.0,31.0,0.0,1.0,0.0,2.0,0.0,0.0,0.0,1.0,0.0,0.0,0.0,0.0,6.0,0.0,0.0,1236.0,0.0,0.0,144.0,8.0,11.0,0.0,9.0,810.0,0.0,1366.0,0.0,14.0,0.0,9.0,0.0,0.0,0.0,745.0,0.0,1.0,0.0,124.0,0.0,0.0,0.0,67.0,8.0,0.0,0.0,1.0
ctx-rh-postcentral,0.0,4.0,1.0,0.0,0.0,0.0,1.0,1.0,0.0,0.0,10.0,1.0,0.0,0.0,0.0,0.0,16.0,0.0,0.0,0.0,0.0,0.0,0.0,20.0,4.0,8.0,0.0,0.0,9.0,4.0,3.0,2.0,0.0,0.0,25.0,4.0,80.0,1.0,0.0,0.0,3.0,95.0,5.0,226.0,11.0,5.0,0.0,2.0,0.0,6.0,495.0,0.0,77.0,0.0,5.0,0.0,4788.0,20.0,1949.0,148.0,0.0,5.0,59.0,691.0,32.0,1672.0,0.0,11.0
ctx-rh-posteriorcingulate,2.0,40.0,18.0,1.0,0.0,0.0,0.0,11.0,2.0,10.0,20.0,1.0,0.0,1.0,0.0,1.0,48.0,0.0,4.0,0.0,0.0,2.0,20.0,158.0,58.0,40.0,2.0,6.0,86.0,25.0,3.0,9.0,0.0,2.0,9.0,318.0,27.0,0.0,0.0,0.0,0.0,5.0,1.0,24.0,255.0,1.0,0.0,0.0,0.0,1.0,290.0,0.0,24.0,0.0,3.0,1.0,20.0,1219.0,80.0,291.0,9.0,13.0,339.0,53.0,19.0,20.0,1.0,9.0
ctx-rh-precentral,0.0,26.0,13.0,0.0,0.0,0.0,1.0,0.0,3.0,5.0,5.0,0.0,0.0,1.0,0.0,0.0,28.0,1.0,4.0,0.0,0.0,0.0,6.0,36.0,21.0,16.0,0.0,5.0,49.0,4.0,3.0,3.0,0.0,0.0,31.0,30.0,1024.0,1.0,0.0,0.0,0.0,108.0,3.0,287.0,12.0,2.0,1.0,0.0,0.0,13.0,724.0,0.0,641.0,0.0,11.0,0.0,1949.0,80.0,7730.0,103.0,0.0,31.0,929.0,337.0,32.0,359.0,0.0,14.0
ctx-rh-precuneus,12.0,2.0,1.0,24.0,0.0,0.0,16.0,43.0,25.0,22.0,114.0,38.0,0.0,40.0,0.0,14.0,11.0,5.0,1.0,0.0,0.0,24.0,17.0,33.0,20.0,162.0,0.0,0.0,2.0,45.0,20.0,14.0,0.0,11.0,63.0,3.0,10.0,316.0,1.0,0.0,105.0,394.0,67.0,45.0,817.0,356.0,1.0,261.0,0.0,80.0,228.0,10.0,2.0,0.0,0.0,124.0,148.0,291.0,103.0,4060.0,1.0,0.0,13.0,2352.0,87.0,94.0,0.0,25.0
ctx-rh-rostralanteriorcingulate,0.0,21.0,0.0,0.0,0.0,0.0,0.0,0.0,0.0,3.0,0.0,0.0,2.0,0.0,5.0,0.0,1.0,0.0,2.0,1.0,10.0,0.0,0.0,0.0,0.0,0.0,87.0,12.0,21.0,0.0,0.0,0.0,0.0,0.0,0.0,184.0,10.0,0.0,0.0,1.0,0.0,0.0,1.0,32.0,0.0,0.0,221.0,0.0,673.0,2.0,0.0,0.0,14.0,78.0,142.0,0.0,0.0,9.0,0.0,1.0,601.0,431.0,335.0,0.0,1.0,0.0,0.0,0.0
ctx-rh-rostralmiddlefrontal,0.0,18.0,4.0,0.0,0.0,0.0,0.0,0.0,0.0,3.0,0.0,0.0,1.0,0.0,3.0,0.0,1.0,0.0,4.0,0.0,0.0,0.0,0.0,0.0,1.0,1.0,14.0,14.0,30.0,0.0,0.0,0.0,0.0,0.0,0.0,122.0,763.0,0.0,0.0,197.0,0.0,1.0,0.0,75.0,0.0,0.0,548.0,0.0,912.0,0.0,2.0,0.0,287.0,458.0,934.0,0.0,5.0,13.0,31.0,0.0,431.0,5761.0,3549.0,1.0,0.0,1.0,0.0,0.0
ctx-rh-superiorfrontal,1.0,162.0,64.0,0.0,0.0,0.0,0.0,0.0,1.0,11.0,3.0,1.0,5.0,1.0,6.0,0.0,38.0,0.0,25.0,0.0,5.0,0.0,9.0,83.0,78.0,12.0,31.0,51.0,242.0,8.0,2.0,1.0,0.0,1.0,1.0,776.0,1248.0,0.0,0.0,49.0,0.0,5.0,2.0,106.0,8.0,2.0,57.0,0.0,281.0,0.0,575.0,0.0,249.0,58.0,252.0,0.0,59.0,339.0,929.0,13.0,335.0,3549.0,11904.0,13.0,2.0,16.0,0.0,3.0
ctx-rh-superiorparietal,2.0,1.0,2.0,4.0,0.0,0.0,0.0,6.0,5.0,3.0,25.0,7.0,0.0,7.0,0.0,3.0,8.0,0.0,0.0,0.0,0.0,3.0,4.0,11.0,2.0,33.0,0.0,0.0,5.0,9.0,4.0,2.0,0.0,5.0,48.0,0.0,33.0,663.0,0.0,0.0,27.0,1474.0,19.0,60.0,59.0,591.0,0.0,33.0,1.0,61.0,245.0,3.0,10.0,0.0,1.0,67.0,691.0,53.0,337.0,2352.0,0.0,1.0,13.0,6887.0,64.0,579.0,0.0,14.0
ctx-rh-superiortemporal,2.0,0.0,1.0,4.0,0.0,0.0,2.0,5.0,7.0,5.0,20.0,5.0,0.0,7.0,0.0,4.0,1.0,1.0,0.0,0.0,0.0,1.0,4.0,8.0,1.0,26.0,1.0,0.0,0.0,7.0,5.0,9.0,0.0,0.0,863.0,1.0,2.0,4.0,28.0,0.0,90.0,135.0,243.0,288.0,21.0,30.0,8.0,13.0,1.0,646.0,7.0,11.0,2.0,0.0,0.0,8.0,32.0,19.0,32.0,87.0,1.0,0.0,2.0,64.0,5161.0,359.0,58.0,510.0
ctx-rh-supramarginal,0.0,1.0,0.0,2.0,0.0,0.0,1.0,7.0,2.0,1.0,12.0,0.0,0.0,4.0,0.0,3.0,0.0,0.0,0.0,0.0,0.0,0.0,3.0,1.0,4.0,12.0,0.0,0.0,2.0,6.0,2.0,2.0,0.0,7.0,368.0,0.0,28.0,0.0,0.0,0.0,6.0,1102.0,10.0,212.0,14.0,13.0,0.0,1.0,0.0,54.0,9.0,0.0,22.0,0.0,0.0,0.0,1672.0,20.0,359.0,94.0,0.0,1.0,16.0,579.0,359.0,5052.0,0.0,36.0
ctx-rh-temporalpole,0.0,0.0,0.0,0.0,0.0,0.0,0.0,0.0,0.0,0.0,0.0,0.0,0.0,0.0,0.0,0.0,0.0,0.0,0.0,0.0,0.0,0.0,0.0,0.0,0.0,0.0,0.0,0.0,0.0,0.0,0.0,0.0,0.0,0.0,0.0,0.0,0.0,0.0,229.0,0.0,79.0,0.0,253.0,11.0,0.0,0.0,3.0,0.0,0.0,192.0,0.0,8.0,0.0,0.0,0.0,0.0,0.0,1.0,0.0,0.0,0.0,0.0,0.0,0.0,58.0,0.0,332.0,0.0
ctx-rh-transversetemporal,1.0,0.0,0.0,0.0,0.0,0.0,0.0,2.0,0.0,1.0,1.0,1.0,0.0,1.0,0.0,1.0,1.0,0.0,0.0,0.0,0.0,0.0,4.0,4.0,2.0,6.0,0.0,0.0,0.0,4.0,1.0,3.0,0.0,0.0,14.0,0.0,2.0,0.0,0.0,0.0,1.0,14.0,5.0,62.0,4.0,4.0,0.0,0.0,0.0,16.0,1.0,0.0,1.0,0.0,0.0,1.0,11.0,9.0,14.0,25.0,0.0,0.0,3.0,14.0,510.0,36.0,0.0,132.0
