,ctx-lh-bankssts,ctx-lh-caudalanteriorcingulate,ctx-lh-caudalmiddlefrontal,ctx-lh-cuneus,ctx-lh-entorhinal,ctx-lh-frontalpole,ctx-lh-fusiform,ctx-lh-inferiorparietal,ctx-lh-inferiortemporal,ctx-lh-insula,ctx-lh-isthmuscingulate,ctx-lh-lateraloccipital,ctx-lh-lateralorbitofrontal,ctx-lh-lingual,ctx-lh-medialorbitofrontal,ctx-lh-middletemporal,ctx-lh-paracentral,ctx-lh-parahippocampal,ctx-lh-parsopercularis,ctx-lh-parsorbitalis,ctx-lh-parstriangularis,ctx-lh-pericalcarine,ctx-lh-postcentral,ctx-lh-posteriorcingulate,ctx-lh-precentral,ctx-lh-precuneus,ctx-lh-rostralanteriorcingulate,ctx-lh-rostralmiddlefrontal,ctx-lh-superiorfrontal,ctx-lh-superiorparietal,ctx-lh-superiortemporal,ctx-lh-supramarginal,ctx-lh-temporalpole,ctx-lh-transversetemporal,ctx-rh-bankssts,ctx-rh-caudalanteriorcingulate,ctx-rh-caudalmiddlefrontal,ctx-rh-cuneus,ctx-rh-entorhinal,ctx-rh-frontalpole,ctx-rh-fusiform,ctx-rh-inferiorparietal,ctx-rh-inferiortemporal,ctx-rh-insula,ctx-rh-isthmuscingulate,ctx-rh-lateraloccipital,ctx-rh-lateralorbitofrontal,ctx-rh-lingual,ctx-rh-medialorbitofrontal,ctx-rh-middletemporal,ctx-rh-paracentral,ctx-rh-parahippocampal,ctx-rh-parsopercularis,ctx-rh-parsorbitalis,ctx-rh-parstriangularis,ctx-rh-pericalcarine,ctx-rh-postcentral,ctx-rh-posteriorcingulate,ctx-rh-precentral,ctx-rh-precuneus,ctx-rh-rostralanteriorcingulate,ctx-rh-rostralmiddlefrontal,ctx-rh-superiorfrontal,ctx-rh-superiorparietal,ctx-rh-superiortemporal,ctx-rh-supramarginal,ctx-rh-temporalpole,ctx-rh-transversetemporal
ctx-lh-bankssts,682.0,0.0,0.0,1.0,0.0,0.0,25.0,355.0,170.0,18.0,6.0,14.0,0.0,3.0,0.0,812.0,0.0,0.0,0.0,0.0,0.0,1.0,9.0,0.0,12.0,21.0,0.0,0.0,1.0,31.0,902.0,191.0,0.0,45.0,1.0,0.0,0.0,0.0,0.0,0.0,1.0,0.0,0.0,0.0,6.0,0.0,0.0,0.0,0.0,0.0,1.0,0.0,0.0,0.0,0.0,0.0,0.0,1.0,0.0,4.0,0.0,0.0,0.0,1.0,2.0,0.0,0.0,0.0
ctx-lh-caudalanteriorcingulate,0.0,707.0,76.0,0.0,0.0,0.0,0.0,0.0,1.0,13.0,6.0,0.0,10.0,0.0,17.0,0.0,14.0,0.0,32.0,4.0,22.0,0.0,2.0,272.0,18.0,2.0,311.0,115.0,870.0,2.0,0.0,2.0,0.0,0.0,1.0,129.0,40.0,0.0,0.0,1.0,1.0,1.0,0.0,7.0,1.0,0.0,5.0,0.0,7.0,0.0,8.0,0.0,20.0,1.0,10.0,0.0,7.0,25.0,17.0,0.0,25.0,43.0,217.0,1.0,0.0,1.0,0.0,0.0
ctx-lh-caudalmiddlefrontal,0.0,76.0,3987.0,0.0,0.0,0.0,0.0,3.0,1.0,87.0,0.0,0.0,2.0,0.0,1.0,1.0,16.0,0.0,464.0,0.0,21.0,0.0,54.0,17.0,1195.0,3.0,7.0,722.0,1497.0,10.0,4.0,18.0,0.0,0.0,0.0,38.0,26.0,0.0,0.0,0.0,0.0,0.0,0.0,2.0,0.0,0.0,2.0,0.0,2.0,0.0,10.0,0.0,10.0,0.0,1.0,0.0,1.0,20.0,10.0,0.0,2.0,11.0,81.0,4.0,0.0,2.0,0.0,0.0
ctx-lh-cuneus,1.0,0.0,0.0,1008.0,0.0,0.0,18.0,23.0,10.0,0.0,11.0,345.0,0.0,293.0,0.0,3.0,0.0,4.0,0.0,0.0,0.0,1164.0,0.0,1.0,0.0,194.0,0.0,0.0,0.0,906.0,3.0,0.0,0.0,1.0,0.0,0.0,0.0,47.0,0.0,0.0,2.0,1.0,1.0,0.0,0.0,20.0,0.0,36.0,0.0,2.0,0.0,0.0,0.0,0.0,0.0,63.0,1.0,0.0,1.0,7.0,0.0,0.0,0.0,3.0,0.0,0.0,0.0,1.0
ctx-lh-entorhinal,0.0,0.0,0.0,0.0,373.0,0.0,419.0,1.0,72.0,8.0,0.0,1.0,0.0,2.0,0.0,25.0,0.0,150.0,0.0,0.0,0.0,0.0,0.0,0.0,0.0,1.0,0.0,0.0,0.0,1.0,21.0,0.0,200.0,0.0,0.0,0.0,0.0,0.0,0.0,0.0,0.0,0.0,0.0,0.0,0.0,0.0,0.0,0.0,0.0,0.0,0.0,0.0,0.0,0.0,0.0,0.0,0.0,0.0,0.0,0.0,0.0,0.0,0.0,0.0,0.0,0.0,0.0,0.0
ctx-lh-frontalpole,0.0,0.0,0.0,0.0,0.0,50.0,0.0,0.0,0.0,0.0,0.0,0.0,17.0,0.0,260.0,0.0,0.0,0.0,0.0,1.0,2.0,0.0,0.0,0.0,0.0,0.0,3.0,120.0,79.0,0.0,0.0,0.0,0.0,0.0,0.0,0.0,0.0,0.0,0.0,0.0,0.0,0.0,0.0,0.0,0.0,0.0,0.0,0.0,0.0,0.0,0.0,0.0,0.0,0.0,1.0,0.0,0.0,0.0,0.0,0.0,0.0,1.0,0.0,0.0,0.0,0.0,0.0,0.0
ctx-lh-fusiform,25.0,0.0,0.0,18.0,419.0,0.0,3207.0,146.0,1599.0,32.0,28.0,1376.0,1.0,666.0,0.0,275.0,1.0,478.0,0.0,0.0,0.0,65.0,4.0,1.0,2.0,38.0,0.0,0.0,0.0,49.0,152.0,8.0,266.0,18.0,2.0,0.0,0.0,0.0,0.0,0.0,2.0,5.0,2.0,1.0,8.0,1.0,0.0,3.0,0.0,3.0,1.0,0.0,0.0,0.0,0.0,0.0,0.0,0.0,0.0,9.0,0.0,0.0,0.0,5.0,3.0,0.0,0.0,0.0
ctx-lh-inferiorparietal,355.0,0.0,3.0,23.0,1.0,0.0,146.0,6885.0,618.0,27.0,47.0,1694.0,0.0,67.0,0.0,607.0,7.0,8.0,1.0,0.0,0.0,25.0,59.0,6.0,40.0,230.0,0.0,0.0,1.0,1225.0,153.0,1021.0,0.0,25.0,2.0,0.0,0.0,0.0,0.0,0.0,1.0,5.0,1.0,2.0,20.0,1.0,0.0,4.0,0.0,4.0,3.0,0.0,0.0,0.0,0.0,2.0,1.0,7.0,0.0,31.0,0.0,0.0,0.0,12.0,4.0,1.0,0.0,2.0
ctx-lh-inferiortemporal,170.0,1.0,1.0,10.0,72.0,0.0,1599.0,618.0,4593.0,42.0,13.0,311.0,1.0,122.0,0.0,2071.0,0.0,81.0,0.0,0.0,0.0,22.0,6.0,2.0,4.0,49.0,0.0,0.0,1.0,56.0,317.0,23.0,179.0,24.0,1.0,0.0,0.0,0.0,0.0,0.0,1.0,6.0,1.0,1.0,9.0,3.0,0.0,4.0,0.0,2.0,0.0,0.0,0.0,0.0,0.0,1.0,0.0,1.0,0.0,17.0,0.0,0.0,0.0,4.0,1.0,0.0,0.0,0.0
ctx-lh-insula,18.0,13.0,87.0,0.0,8.0,0.0,32.0,27.0,42.0,2110.0,5.0,3.0,443.0,3.0,21.0,75.0,24.0,6.0,274.0,5.0,123.0,0.0,353.0,19.0,443.0,32.0,15.0,84.0,100.0,46.0,200.0,277.0,11.0,64.0,0.0,3.0,1.0,0.0,0.0,0.0,0.0,1.0,0.0,1.0,1.0,0.0,0.0,1.0,0.0,1.0,7.0,0.0,1.0,0.0,3.0,0.0,0.0,8.0,3.0,8.0,1.0,6.0,24.0,2.0,3.0,1.0,0.0,0.0
ctx-lh-isthmuscingulate,6.0,6.0,0.0,11.0,0.0,0.0,28.0,47.0,13.0,5.0,698.0,28.0,0.0,158.0,0.0,14.0,12.0,71.0,1.0,0.0,0.0,24.0,9.0,379.0,6.0,759.0,0.0,0.0,14.0,104.0,16.0,14.0,0.0,3.0,1.0,0.0,0.0,1.0,0.0,0.0,2.0,15.0,6.0,2.0,82.0,6.0,0.0,6.0,0.0,15.0,3.0,0.0,0.0,0.0,0.0,5.0,11.0,35.0,2.0,104.0,0.0,0.0,3.0,24.0,9.0,12.0,0.0,3.0
ctx-lh-lateraloccipital,14.0,0.0,0.0,345.0,1.0,0.0,1376.0,1694.0,311.0,3.0,28.0,6835.0,1.0,966.0,0.0,84.0,1.0,10.0,0.0,0.0,0.0,835.0,2.0,0.0,0.0,91.0,0.0,0.0,0.0,509.0,16.0,10.0,1.0,6.0,1.0,0.0,0.0,0.0,0.0,0.0,0.0,3.0,1.0,0.0,5.0,0.0,0.0,2.0,0.0,0.0,0.0,0.0,0.0,0.0,0.0,0.0,0.0,0.0,0.0,16.0,0.0,0.0,0.0,6.0,0.0,0.0,0.0,0.0
ctx-lh-lateralorbitofrontal,0.0,10.0,2.0,0.0,0.0,17.0,1.0,0.0,1.0,443.0,0.0,1.0,3019.0,0.0,1559.0,2.0,0.0,0.0,25.0,481.0,403.0,0.0,0.0,0.0,1.0,0.0,167.0,700.0,90.0,0.0,5.0,0.0,1.0,1.0,0.0,11.0,0.0,0.0,0.0,0.0,0.0,0.0,0.0,0.0,1.0,0.0,2.0,0.0,5.0,0.0,0.0,0.0,2.0,0.0,2.0,0.0,0.0,0.0,0.0,0.0,6.0,7.0,12.0,0.0,0.0,0.0,0.0,0.0
ctx-lh-lingual,3.0,0.0,0.0,293.0,2.0,0.0,666.0,67.0,122.0,3.0,158.0,966.0,0.0,4825.0,0.0,19.0,0.0,199.0,0.0,0.0,0.0,1365.0,3.0,2.0,1.0,232.0,0.0,0.0,0.0,190.0,4.0,6.0,0.0,3.0,0.0,0.0,0.0,1.0,0.0,0.0,8.0,6.0,1.0,0.0,17.0,11.0,0.0,124.0,0.0,5.0,1.0,3.0,0.0,0.0,0.0,32.0,0.0,3.0,0.0,34.0,0.0,0.0,0.0,4.0,1.0,0.0,0.0,0.0
ctx-lh-medialorbitofrontal,0.0,17.0,1.0,0.0,0.0,260.0,0.0,0.0,0.0,21.0,0.0,0.0,1559.0,0.0,1593.0,0.0,0.0,0.0,3.0,51.0,53.0,0.0,0.0,0.0,0.0,0.0,525.0,1029.0,458.0,0.0,0.0,0.0,0.0,0.0,0.0,16.0,1.0,0.0,0.0,0.0,0.0,0.0,0.0,2.0,0.0,0.0,3.0,0.0,9.0,0.0,0.0,0.0,1.0,1.0,3.0,0.0,0.0,0.0,1.0,0.0,8.0,6.0,14.0,0.0,0.0,0.0,0.0,0.0
ctx-lh-middletemporal,812.0,0.0,1.0,3.0,25.0,0.0,275.0,607.0,2071.0,75.0,14.0,84.0,2.0,19.0,0.0,3498.0,0.0,15.0,1.0,0.0,0.0,9.0,15.0,3.0,6.0,36.0,0.0,0.0,0.0,42.0,1229.0,64.0,114.0,32.0,0.0,0.0,0.0,0.0,0.0,0.0,1.0,2.0,0.0,0.0,5.0,0.0,0.0,0.0,0.0,2.0,1.0,0.0,0.0,0.0,0.0,0.0,0.0,2.0,1.0,11.0,0.0,0.0,0.0,2.0,0.0,1.0,0.0,0.0
ctx-lh-paracentral,0.0,14.0,16.0,0.0,0.0,0.0,1.0,7.0,0.0,24.0,12.0,1.0,0.0,0.0,0.0,0.0,1899.0,1.0,3.0,0.0,0.0,0.0,510.0,231.0,951.0,225.0,0.0,0.0,507.0,141.0,4.0,14.0,0.0,1.0,1.0,7.0,4.0,0.0,0.0,0.0,1.0,1.0,0.0,1.0,10.0,0.0,0.0,0.0,0.0,1.0,59.0,0.0,0.0,0.0,0.0,0.0,14.0,75.0,32.0,19.0,0.0,1.0,25.0,6.0,2.0,8.0,0.0,1.0
ctx-lh-parahippocampal,0.0,0.0,0.0,4.0,150.0,0.0,478.0,8.0,81.0,6.0,71.0,10.0,0.0,199.0,0.0,15.0,1.0,551.0,0.0,0.0,0.0,3.0,0.0,2.0,0.0,20.0,0.0,0.0,0.0,8.0,11.0,1.0,2.0,2.0,0.0,0.0,0.0,1.0,0.0,0.0,0.0,4.0,1.0,1.0,5.0,0.0,0.0,2.0,0.0,0.0,0.0,1.0,0.0,0.0,0.0,0.0,0.0,0.0,0.0,7.0,0.0,0.0,0.0,4.0,0.0,1.0,0.0,0.0
ctx-lh-parsopercularis,0.0,32.0,464.0,0.0,0.0,0.0,0.0,1.0,0.0,274.0,1.0,0.0,25.0,0.0,3.0,1.0,3.0,0.0,1877.0,11.0,556.0,0.0,37.0,3.0,583.0,0.0,18.0,327.0,201.0,4.0,1.0,9.0,0.0,0.0,1.0,19.0,9.0,0.0,0.0,0.0,0.0,0.0,0.0,1.0,0.0,0.0,1.0,0.0,0.0,0.0,2.0,0.0,2.0,0.0,4.0,0.0,1.0,3.0,3.0,1.0,2.0,7.0,50.0,0.0,0.0,1.0,0.0,0.0
ctx-lh-parsorbitalis,0.0,4.0,0.0,0.0,0.0,1.0,0.0,0.0,0.0,5.0,0.0,0.0,481.0,0.0,51.0,0.0,0.0,0.0,11.0,579.0,489.0,0.0,0.0,0.0,0.0,0.0,37.0,483.0,27.0,0.0,1.0,0.0,0.0,0.0,0.0,1.0,0.0,0.0,0.0,0.0,0.0,0.0,0.0,0.0,0.0,0.0,2.0,0.0,2.0,0.0,0.0,0.0,0.0,0.0,0.0,0.0,0.0,0.0,1.0,0.0,3.0,1.0,5.0,0.0,0.0,0.0,0.0,0.0
ctx-lh-parstriangularis,0.0,22.0,21.0,0.0,0.0,2.0,0.0,0.0,0.0,123.0,0.0,0.0,403.0,0.0,53.0,0.0,0.0,0.0,556.0,489.0,1680.0,0.0,0.0,0.0,3.0,0.0,56.0,908.0,132.0,0.0,1.0,0.0,0.0,0.0,0.0,9.0,3.0,0.0,0.0,0.0,0.0,0.0,0.0,0.0,0.0,0.0,3.0,0.0,5.0,0.0,0.0,0.0,3.0,2.0,3.0,0.0,0.0,0.0,0.0,0.0,7.0,10.0,16.0,0.0,0.0,0.0,0.0,0.0
ctx-lh-pericalcarine,1.0,0.0,0.0,1164.0,0.0,0.0,65.0,25.0,22.0,0.0,24.0,835.0,0.0,1365.0,0.0,9.0,0.0,3.0,0.0,0.0,0.0,593.0,0.0,3.0,0.0,146.0,0.0,0.0,1.0,293.0,2.0,0.0,0.0,2.0,0.0,0.0,0.0,0.0,0.0,0.0,1.0,1.0,1.0,0.0,2.0,1.0,0.0,16.0,0.0,0.0,0.0,0.0,0.0,0.0,0.0,6.0,0.0,0.0,0.0,2.0,0.0,0.0,0.0,2.0,0.0,0.0,0.0,0.0
ctx-lh-postcentral,9.0,2.0,54.0,0.0,0.0,0.0,4.0,59.0,6.0,353.0,9.0,2.0,0.0,3.0,0.0,15.0,510.0,0.0,37.0,0.0,0.0,0.0,6522.0,25.0,1883.0,174.0,0.0,6.0,44.0,794.0,30.0,1353.0,0.0,8.0,1.0,0.0,0.0,0.0,0.0,0.0,0.0,1.0,0.0,3.0,4.0,0.0,0.0,0.0,0.0,0.0,13.0,0.0,1.0,0.0,0.0,0.0,2.0,23.0,7.0,13.0,0.0,0.0,6.0,2.0,2.0,3.0,0.0,2.0
ctx-lh-posteriorcingulate,0.0,272.0,17.0,1.0,0.0,0.0,1.0,6.0,2.0,19.0,379.0,0.0,0.0,2.0,0.0,3.0,231.0,2.0,3.0,0.0,0.0,3.0,25.0,1149.0,56.0,436.0,2.0,0.0,421.0,21.0,7.0,11.0,0.0,4.0,1.0,15.0,12.0,0.0,0.0,0.0,0.0,3.0,0.0,8.0,47.0,0.0,0.0,0.0,0.0,3.0,88.0,0.0,0.0,0.0,1.0,0.0,21.0,228.0,49.0,49.0,0.0,2.0,108.0,24.0,7.0,8.0,0.0,3.0
ctx-lh-precentral,12.0,18.0,1195.0,0.0,0.0,0.0,2.0,40.0,4.0,443.0,6.0,0.0,1.0,1.0,0.0,6.0,951.0,0.0,583.0,0.0,3.0,0.0,1883.0,56.0,6935.0,43.0,1.0,10.0,1034.0,191.0,25.0,290.0,0.0,5.0,0.0,14.0,12.0,0.0,0.0,0.0,0.0,0.0,0.0,4.0,9.0,0.0,0.0,0.0,0.0,1.0,38.0,0.0,1.0,0.0,0.0,0.0,7.0,44.0,29.0,12.0,0.0,1.0,59.0,7.0,2.0,3.0,0.0,1.0
ctx-lh-precuneus,21.0,2.0,3.0,194.0,1.0,0.0,38.0,230.0,49.0,32.0,759.0,91.0,0.0,232.0,0.0,36.0,225.0,20.0,0.0,0.0,0.0,146.0,174.0,436.0,43.0,4256.0,0.0,1.0,11.0,2344.0,53.0,64.0,1.0,22.0,8.0,0.0,0.0,61.0,0.0,0.0,3.0,23.0,3.0,2.0,81.0,9.0,0.0,57.0,0.0,12.0,17.0,1.0,0.0,0.0,0.0,31.0,11.0,49.0,11.0,145.0,0.0,0.0,3.0,34.0,20.0,6.0,0.0,5.0
ctx-lh-rostralanteriorcingulate,0.0,311.0,7.0,0.0,0.0,3.0,0.0,0.0,0.0,15.0,0.0,0.0,167.0,0.0,525.0,0.0,0.0,0.0,18.0,37.0,56.0,0.0,0.0,2.0,1.0,0.0,1342.0,221.0,501.0,0.0,0.0,1.0,0.0,0.0,0.0,57.0,3.0,0.0,0.0,2.0,0.0,0.0,0.0,2.0,0.0,0.0,7.0,0.0,17.0,0.0,0.0,0.0,5.0,5.0,11.0,0.0,0.0,1.0,3.0,0.0,56.0,31.0,65.0,0.0,0.0,0.0,0.0,0.0
ctx-lh-rostralmiddlefrontal,0.0,115.0,722.0,0.0,0.0,120.0,0.0,0.0,0.0,84.0,0.0,0.0,700.0,0.0,1029.0,0.0,0.0,0.0,327.0,483.0,908.0,0.0,6.0,0.0,10.0,1.0,221.0,6850.0,2722.0,0.0,0.0,1.0,0.0,0.0,0.0,47.0,6.0,0.0,0.0,2.0,0.0,0.0,0.0,2.0,0.0,0.0,7.0,0.0,10.0,0.0,1.0,0.0,5.0,4.0,11.0,0.0,0.0,1.0,6.0,0.0,25.0,48.0,97.0,0.0,0.0,0.0,0.0,0.0
ctx-lh-superiorfrontal,1.0,870.0,1497.0,0.0,0.0,79.0,0.0,1.0,1.0,100.0,14.0,0.0,90.0,0.0,458.0,0.0,507.0,0.0,201.0,27.0,132.0,1.0,44.0,421.0,1034.0,11.0,501.0,2722.0,12770.0,12.0,1.0,9.0,0.0,0.0,0.0,154.0,80.0,0.0,0.0,1.0,0.0,1.0,0.0,18.0,4.0,1.0,7.0,0.0,7.0,0.0,60.0,0.0,35.0,5.0,20.0,0.0,15.0,98.0,66.0,9.0,30.0,77.0,394.0,6.0,1.0,2.0,0.0,0.0
ctx-lh-superiorparietal,31.0,2.0,10.0,906.0,1.0,0.0,49.0,1225.0,56.0,46.0,104.0,509.0,0.0,190.0,0.0,42.0,141.0,8.0,4.0,0.0,0.0,293.0,794.0,21.0,191.0,2344.0,0.0,0.0,12.0,7348.0,53.0,493.0,0.0,27.0,6.0,0.0,1.0,8.0,0.0,0.0,3.0,7.0,3.0,1.0,20.0,15.0,0.0,7.0,0.0,4.0,6.0,1.0,0.0,0.0,0.0,2.0,3.0,18.0,2.0,32.0,0.0,0.0,5.0,25.0,4.0,4.0,0.0,0.0
ctx-lh-superiortemporal,902.0,0.0,4.0,3.0,21.0,0.0,152.0,153.0,317.0,200.0,16.0,16.0,5.0,4.0,0.0,1229.0,4.0,11.0,1.0,1.0,1.0,2.0,30.0,7.0,25.0,53.0,0.0,0.0,1.0,53.0,5175.0,399.0,186.0,513.0,1.0,0.0,0.0,0.0,0.0,0.0,0.0,5.0,2.0,0.0,6.0,1.0,0.0,0.0,0.0,1.0,1.0,0.0,0.0,0.0,0.0,2.0,1.0,1.0,0.0,20.0,0.0,0.0,1.0,5.0,0.0,1.0,0.0,0.0
ctx-lh-supramarginal,191.0,2.0,18.0,0.0,0.0,0.0,8.0,1021.0,23.0,277.0,14.0,10.0,0.0,6.0,0.0,64.0,14.0,1.0,9.0,0.0,0.0,0.0,1353.0,11.0,290.0,64.0,1.0,1.0,9.0,493.0,399.0,4924.0,0.0,49.0,0.0,0.0,0.0,0.0,0.0,0.0,0.0,2.0,2.0,2.0,11.0,0.0,0.0,1.0,0.0,2.0,3.0,0.0,0.0,0.0,0.0,0.0,0.0,6.0,1.0,10.0,0.0,0.0,4.0,2.0,1.0,0.0,0.0,0.0
ctx-lh-temporalpole,0.0,0.0,0.0,0.0,200.0,0.0,266.0,0.0,179.0,11.0,0.0,1.0,1.0,0.0,0.0,114.0,0.0,2.0,0.0,0.0,0.0,0.0,0.0,0.0,0.0,1.0,0.0,0.0,0.0,0.0,186.0,0.0,538.0,0.0,0.0,0.0,0.0,0.0,0.0,0.0,0.0,0.0,0.0,0.0,0.0,0.0,0.0,0.0,0.0,0.0,0.0,0.0,0.0,0.0,0.0,0.0,0.0,0.0,0.0,0.0,0.0,0.0,0.0,0.0,0.0,0.0,0.0,0.0
ctx-lh-transversetemporal,45.0,0.0,0.0,1.0,0.0,0.0,18.0,25.0,24.0,64.0,3.0,6.0,1.0,3.0,0.0,32.0,1.0,2.0,0.0,0.0,0.0,2.0,8.0,4.0,5.0,22.0,0.0,0.0,0.0,27.0,513.0,49.0,0.0,404.0,2.0,0.0,0.0,1.0,0.0,0.0,2.0,1.0,2.0,1.0,3.0,0.0,0.0,0.0,0.0,1.0,0.0,0.0,0.0,0.0,0.0,0.0,1.0,5.0,1.0,1.0,0.0,0.0,0.0,4.0,3.0,2.0,0.0,0.0
ctx-rh-bankssts,1.0,1.0,0.0,0.0,0.0,0.0,2.0,2.0,1.0,0.0,1.0,1.0,0.0,0.0,0.0,0.0,1.0,0.0,1.0,0.0,0.0,0.0,1.0,1.0,0.0,8.0,0.0,0.0,0.0,6.0,1.0,0.0,0.0,2.0,777.0,0.0,0.0,2.0,0.0,0.0,17.0,794.0,120.0,31.0,12.0,17.0,0.0,7.0,0.0,703.0,0.0,1.0,1.0,0.0,0.0,3.0,27.0,1.0,18.0,43.0,0.0,0.0,2.0,55.0,865.0,436.0,0.0,14.0
ctx-rh-caudalanteriorcingulate,0.0,129.0,38.0,0.0,0.0,0.0,0.0,0.0,0.0,3.0,0.0,0.0,11.0,0.0,16.0,0.0,7.0,0.0,19.0,1.0,9.0,0.0,0.0,15.0,14.0,0.0,57.0,47.0,154.0,0.0,0.0,0.0,0.0,0.0,0.0,451.0,62.0,0.0,0.0,0.0,0.0,1.0,0.0,21.0,5.0,0.0,17.0,0.0,13.0,0.0,23.0,0.0,44.0,8.0,29.0,0.0,5.0,317.0,38.0,4.0,212.0,118.0,951.0,3.0,0.0,1.0,0.0,0.0
ctx-rh-caudalmiddlefrontal,0.0,40.0,26.0,0.0,0.0,0.0,0.0,0.0,0.0,1.0,0.0,0.0,0.0,0.0,1.0,0.0,4.0,0.0,9.0,0.0,3.0,0.0,0.0,12.0,12.0,0.0,3.0,6.0,80.0,1.0,0.0,0.0,0.0,0.0,0.0,62.0,2950.0,0.0,0.0,0.0,0.0,3.0,0.0,45.0,0.0,0.0,2.0,0.0,1.0,0.0,18.0,0.0,248.0,1.0,23.0,0.0,71.0,12.0,1122.0,2.0,7.0,996.0,1226.0,6.0,2.0,21.0,0.0,1.0
ctx-rh-cuneus,0.0,0.0,0.0,47.0,0.0,0.0,0.0,0.0,0.0,0.0,1.0,0.0,0.0,1.0,0.0,0.0,0.0,1.0,0.0,0.0,0.0,0.0,0.0,0.0,0.0,61.0,0.0,0.0,0.0,8.0,0.0,0.0,0.0,1.0,2.0,0.0,0.0,1473.0,0.0,0.0,64.0,9.0,28.0,0.0,4.0,893.0,0.0,159.0,0.0,11.0,0.0,1.0,0.0,0.0,0.0,1049.0,0.0,0.0,0.0,334.0,0.0,0.0,0.0,473.0,1.0,0.0,0.0,1.0
ctx-rh-entorhinal,0.0,0.0,0.0,0.0,0.0,0.0,0.0,0.0,0.0,0.0,0.0,0.0,0.0,0.0,0.0,0.0,0.0,0.0,0.0,0.0,0.0,0.0,0.0,0.0,0.0,0.0,0.0,0.0,0.0,0.0,0.0,0.0,0.0,0.0,0.0,0.0,0.0,0.0,324.0,0.0,585.0,0.0,192.0,9.0,0.0,0.0,0.0,0.0,0.0,23.0,0.0,179.0,0.0,0.0,0.0,0.0,0.0,0.0,0.0,0.0,0.0,0.0,0.0,1.0,26.0,0.0,253.0,0.0
ctx-rh-frontalpole,0.0,1.0,0.0,0.0,0.0,0.0,0.0,0.0,0.0,0.0,0.0,0.0,0.0,0.0,0.0,0.0,0.0,0.0,0.0,0.0,0.0,0.0,0.0,0.0,0.0,0.0,2.0,2.0,1.0,0.0,0.0,0.0,0.0,0.0,0.0,0.0,0.0,0.0,0.0,71.0,0.0,0.0,0.0,0.0,0.0,0.0,48.0,0.0,389.0,0.0,0.0,0.0,0.0,10.0,5.0,0.0,0.0,0.0,0.0,0.0,7.0,201.0,117.0,0.0,0.0,0.0,0.0,0.0
ctx-rh-fusiform,1.0,1.0,0.0,2.0,0.0,0.0,2.0,1.0,1.0,0.0,2.0,0.0,0.0,8.0,0.0,1.0,1.0,0.0,0.0,0.0,0.0,1.0,0.0,0.0,0.0,3.0,0.0,0.0,0.0,3.0,0.0,0.0,0.0,2.0,17.0,0.0,0.0,64.0,585.0,0.0,4048.0,57.0,1408.0,46.0,23.0,1093.0,2.0,907.0,0.0,228.0,0.0,365.0,0.0,0.0,0.0,206.0,3.0,0.0,1.0,179.0,0.0,0.0,0.0,47.0,95.0,1.0,167.0,3.0
ctx-rh-inferiorparietal,0.0,1.0,0.0,1.0,0.0,0.0,5.0,5.0,6.0,1.0,15.0,3.0,0.0,6.0,0.0,2.0,1.0,4.0,0.0,0.0,0.0,1.0,1.0,3.0,0.0,23.0,0.0,0.0,1.0,7.0,5.0,2.0,0.0,1.0,794.0,1.0,3.0,9.0,0.0,0.0,57.0,7077.0,241.0,52.0,46.0,698.0,0.0,19.0,0.0,824.0,10.0,4.0,1.0,0.0,0.0,12.0,97.0,13.0,36.0,282.0,0.0,0.0,3.0,1622.0,171.0,926.0,1.0,21.0
ctx-rh-inferiortemporal,0.0,0.0,0.0,1.0,0.0,0.0,2.0,1.0,1.0,0.0,6.0,1.0,0.0,1.0,0.0,0.0,0.0,1.0,0.0,0.0,0.0,1.0,0.0,0.0,0.0,3.0,0.0,0.0,0.0,3.0,2.0,2.0,0.0,2.0,120.0,0.0,0.0,28.0,192.0,0.0,1408.0,241.0,4071.0,128.0,7.0,470.0,5.0,98.0,0.0,1653.0,1.0,49.0,0.0,0.0,0.0,43.0,6.0,2.0,1.0,108.0,0.0,0.0,0.0,83.0,384.0,14.0,401.0,7.0
ctx-rh-insula,0.0,7.0,2.0,0.0,0.0,0.0,1.0,2.0,1.0,1.0,2.0,0.0,0.0,0.0,2.0,0.0,1.0,1.0,1.0,0.0,0.0,0.0,3.0,8.0,4.0,2.0,2.0,2.0,18.0,1.0,0.0,2.0,0.0,1.0,31.0,21.0,45.0,0.0,9.0,0.0,46.0,52.0,128.0,1950.0,9.0,10.0,396.0,9.0,12.0,127.0,19.0,6.0,187.0,23.0,180.0,0.0,279.0,5.0,265.0,38.0,12.0,81.0,85.0,33.0,213.0,245.0,23.0,50.0
ctx-rh-isthmuscingulate,6.0,1.0,0.0,0.0,0.0,0.0,8.0,20.0,9.0,1.0,82.0,5.0,1.0,17.0,0.0,5.0,10.0,5.0,0.0,0.0,0.0,2.0,4.0,47.0,9.0,81.0,0.0,0.0,4.0,20.0,6.0,11.0,0.0,3.0,12.0,5.0,0.0,4.0,0.0,0.0,23.0,46.0,7.0,9.0,649.0,8.0,0.0,93.0,0.0,10.0,20.0,95.0,0.0,0.0,0.0,23.0,5.0,362.0,3.0,959.0,0.0,0.0,6.0,77.0,16.0,11.0,0.0,0.0
ctx-rh-lateraloccipital,0.0,0.0,0.0,20.0,0.0,0.0,1.0,1.0,3.0,0.0,6.0,0.0,0.0,11.0,0.0,0.0,0.0,0.0,0.0,0.0,0.0,1.0,0.0,0.0,0.0,9.0,0.0,0.0,1.0,15.0,1.0,0.0,0.0,0.0,17.0,0.0,0.0,893.0,0.0,0.0,1093.0,698.0,470.0,10.0,8.0,7047.0,1.0,666.0,0.0,190.0,1.0,8.0,0.0,0.0,0.0,729.0,1.0,1.0,0.0,297.0,0.0,0.0,0.0,801.0,10.0,1.0,1.0,0.0
ctx-rh-lateralorbitofrontal,0.0,5.0,2.0,0.0,0.0,0.0,0.0,0.0,0.0,0.0,0.0,0.0,2.0,0.0,3.0,0.0,0.0,0.0,1.0,2.0,3.0,0.0,0.0,0.0,0.0,0.0,7.0,7.0,7.0,0.0,0.0,0.0,0.0,0.0,0.0,17.0,2.0,0.0,0.0,48.0,2.0,0.0,5.0,396.0,0.0,1.0,3038.0,1.0,1150.0,5.0,1.0,1.0,8.0,525.0,248.0,0.0,0.0,0.0,1.0,1.0,171.0,707.0,113.0,0.0,5.0,0.0,2.0,0.0
ctx-rh-lingual,0.0,0.0,0.0,36.0,0.0,0.0,3.0,4.0,4.0,1.0,6.0,2.0,0.0,124.0,0.0,0.0,0.0,2.0,0.0,0.0,0.0,16.0,0.0,0.0,0.0,57.0,0.0,0.0,0.0,7.0,0.0,1.0,0.0,0.0,7.0,0.0,0.0,159.0,0.0,0.0,907.0,19.0,98.0,9.0,93.0,666.0,1.0,4371.0,0.0,33.0,0.0,274.0,0.0,0.0,0.0,1439.0,1.0,1.0,0.0,271.0,0.0,0.0,0.0,31.0,8.0,1.0,1.0,4.0
ctx-rh-medialorbitofrontal,0.0,7.0,2.0,0.0,0.0,0.0,0.0,0.0,0.0,0.0,0.0,0.0,5.0,0.0,9.0,0.0,0.0,0.0,0.0,2.0,5.0,0.0,0.0,0.0,0.0,0.0,17.0,10.0,7.0,0.0,0.0,0.0,0.0,0.0,0.0,13.0,1.0,0.0,0.0,389.0,0.0,0.0,0.0,12.0,0.0,0.0,1150.0,0.0,1711.0,1.0,0.0,0.0,1.0,66.0,29.0,0.0,0.0,0.0,0.0,0.0,700.0,858.0,386.0,0.0,0.0,0.0,0.0,0.0
ctx-rh-middletemporal,0.0,0.0,0.0,2.0,0.0,0.0,3.0,4.0,2.0,1.0,15.0,0.0,0.0,5.0,0.0,2.0,1.0,0.0,0.0,0.0,0.0,0.0,0.0,3.0,1.0,12.0,0.0,0.0,0.0,4.0,1.0,2.0,0.0,1.0,703.0,0.0,0.0,11.0,23.0,0.0,228.0,824.0,1653.0,127.0,10.0,190.0,5.0,33.0,1.0,4506.0,2.0,9.0,0.0,1.0,0.0,19.0,15.0,4.0,2.0,74.0,0.0,0.0,0.0,83.0,907.0,54.0,186.0,13.0
ctx-rh-paracentral,1.0,8.0,10.0,0.0,0.0,0.0,1.0,3.0,0.0,7.0,3.0,0.0,0.0,1.0,0.0,1.0,59.0,0.0,2.0,0.0,0.0,0.0,13.0,88.0,38.0,17.0,0.0,1.0,60.0,6.0,1.0,3.0,0.0,0.0,0.0,23.0,18.0,0.0,0.0,0.0,0.0,10.0,1.0,19.0,20.0,1.0,1.0,0.0,0.0,2.0,2237.0,0.0,3.0,0.0,0.0,0.0,565.0,334.0,715.0,210.0,0.0,0.0,467.0,237.0,3.0,18.0,0.0,2.0
ctx-rh-parahippocampal,0.0,0.0,0.0,0.0,0.0,0.0,0.0,0.0,0.0,0.0,0.0,0.0,0.0,3.0,0.0,0.0,0.0,1.0,0.0,0.0,0.0,0.0,0.0,0.0,0.0,1.0,0.0,0.0,0.0,1.0,0.0,0.0,0.0,0.0,1.0,0.0,0.0,1.0,179.0,0.0,365.0,4.0,49.0,6.0,95.0,8.0,1.0,274.0,0.0,9.0,0.0,434.0,0.0,0.0,0.0,7.0,0.0,0.0,1.0,19.0,0.0,0.0,0.0,4.0,3.0,0.0,2.0,0.0
ctx-rh-parsopercularis,0.0,20.0,10.0,0.0,0.0,0.0,0.0,0.0,0.0,1.0,0.0,0.0,2.0,0.0,1.0,0.0,0.0,0.0,2.0,0.0,3.0,0.0,1.0,0.0,1.0,0.0,5.0,5.0,35.0,0.0,0.0,0.0,0.0,0.0,1.0,44.0,248.0,0.0,0.0,0.0,0.0,1.0,0.0,187.0,0.0,0.0,8.0,0.0,1.0,0.0,3.0,0.0,1383.0,10.0,532.0,0.0,60.0,2.0,581.0,1.0,7.0,458.0,188.0,0.0,0.0,7.0,0.0,0.0
ctx-rh-parsorbitalis,0.0,1.0,0.0,0.0,0.0,0.0,0.0,0.0,0.0,0.0,0.0,0.0,0.0,0.0,1.0,0.0,0.0,0.0,0.0,0.0,2.0,0.0,0.0,0.0,0.0,0.0,5.0,4.0,5.0,0.0,0.0,0.0,0.0,0.0,0.0,8.0,1.0,0.0,0.0,10.0,0.0,0.0,0.0,23.0,0.0,0.0,525.0,0.0,66.0,1.0,0.0,0.0,10.0,545.0,508.0,0.0,0.0,1.0,0.0,0.0,30.0,711.0,72.0,0.0,0.0,0.0,0.0,0.0
ctx-rh-parstriangularis,0.0,10.0,1.0,0.0,0.0,1.0,0.0,0.0,0.0,3.0,0.0,0.0,2.0,0.0,3.0,0.0,0.0,0.0,4.0,0.0,3.0,0.0,0.0,1.0,0.0,0.0,11.0,11.0,20.0,0.0,0.0,0.0,0.0,0.0,0.0,29.0,23.0,0.0,0.0,5.0,0.0,0.0,0.0,180.0,0.0,0.0,248.0,0.0,29.0,0.0,0.0,0.0,532.0,508.0,1974.0,0.0,2.0,1.0,19.0,0.0,27.0,955.0,193.0,0.0,0.0,0.0,0.0,0.0
ctx-rh-pericalcarine,0.0,0.0,0.0,63.0,0.0,0.0,0.0,2.0,1.0,0.0,5.0,0.0,0.0,32.0,0.0,0.0,0.0,0.0,0.0,0.0,0.0,6.0,0.0,0.0,0.0,31.0,0.0,0.0,0.0,2.0,2.0,0.0,0.0,0.0,3.0,0.0,0.0,1049.0,0.0,0.0,206.0,12.0,43.0,0.0,23.0,729.0,0.0,1439.0,0.0,19.0,0.0,7.0,0.0,0.0,0.0,997.0,0.0,0.0,0.0,276.0,0.0,0.0,0.0,45.0,3.0,0.0,0.0,1.0
ctx-rh-postcentral,0.0,7.0,1.0,1.0,0.0,0.0,0.0,1.0,0.0,0.0,11.0,0.0,0.0,0.0,0.0,0.0,14.0,0.0,1.0,0.0,0.0,0.0,2.0,21.0,7.0,11.0,0.0,0.0,15.0,3.0,1.0,0.0,0.0,1.0,27.0,5.0,71.0,0.0,0.0,0.0,3.0,97.0,6.0,279.0,5.0,1.0,0.0,1.0,0.0,15.0,565.0,0.0,60.0,0.0,2.0,0.0,5686.0,15.0,1939.0,102.0,0.0,7.0,62.0,679.0,32.0,1578.0,0.0,17.0
ctx-rh-posteriorcingulate,1.0,25.0,20.0,0.0,0.0,0.0,0.0,7.0,1.0,8.0,35.0,0.0,0.0,3.0,0.0,2.0,75.0,0.0,3.0,0.0,0.0,0.0,23.0,228.0,44.0,49.0,1.0,1.0,98.0,18.0,1.0,6.0,0.0,5.0,1.0,317.0,12.0,0.0,0.0,0.0,0.0,13.0,2.0,5.0,362.0,1.0,0.0,1.0,0.0,4.0,334.0,0.0,2.0,1.0,1.0,0.0,15.0,1160.0,77.0,375.0,3.0,3.0,441.0,34.0,9.0,9.0,0.0,3.0
ctx-rh-precentral,0.0,17.0,10.0,1.0,0.0,0.0,0.0,0.0,0.0,3.0,2.0,0.0,0.0,0.0,1.0,1.0,32.0,0.0,3.0,1.0,0.0,0.0,7.0,49.0,29.0,11.0,3.0,6.0,66.0,2.0,0.0,1.0,0.0,1.0,18.0,38.0,1122.0,0.0,0.0,0.0,1.0,36.0,1.0,265.0,3.0,0.0,1.0,0.0,0.0,2.0,715.0,1.0,581.0,0.0,19.0,0.0,1939.0,77.0,7542.0,34.0,0.0,56.0,1028.0,213.0,18.0,275.0,0.0,5.0
ctx-rh-precuneus,4.0,0.0,0.0,7.0,0.0,0.0,9.0,31.0,17.0,8.0,104.0,16.0,0.0,34.0,0.0,11.0,19.0,7.0,1.0,0.0,0.0,2.0,13.0,49.0,12.0,145.0,0.0,0.0,9.0,32.0,20.0,10.0,0.0,1.0,43.0,4.0,2.0,334.0,0.0,0.0,179.0,282.0,108.0,38.0,959.0,297.0,1.0,271.0,0.0,74.0,210.0,19.0,1.0,0.0,0.0,276.0,102.0,375.0,34.0,4867.0,0.0,1.0,9.0,2314.0,56.0,53.0,0.0,11.0
ctx-rh-rostralanteriorcingulate,0.0,25.0,2.0,0.0,0.0,0.0,0.0,0.0,0.0,1.0,0.0,0.0,6.0,0.0,8.0,0.0,0.0,0.0,2.0,3.0,7.0,0.0,0.0,0.0,0.0,0.0,56.0,25.0,30.0,0.0,0.0,0.0,0.0,0.0,0.0,212.0,7.0,0.0,0.0,7.0,0.0,0.0,0.0,12.0,0.0,0.0,171.0,0.0,700.0,0.0,0.0,0.0,7.0,30.0,27.0,0.0,0.0,3.0,0.0,0.0,733.0,111.0,398.0,0.0,0.0,0.0,0.0,0.0
ctx-rh-rostralmiddlefrontal,0.0,43.0,11.0,0.0,0.0,1.0,0.0,0.0,0.0,6.0,0.0,0.0,7.0,0.0,6.0,0.0,1.0,0.0,7.0,1.0,10.0,0.0,0.0,2.0,1.0,0.0,31.0,48.0,77.0,0.0,0.0,0.0,0.0,0.0,0.0,118.0,996.0,0.0,0.0,201.0,0.0,0.0,0.0,81.0,0.0,0.0,707.0,0.0,858.0,0.0,0.0,0.0,458.0,711.0,955.0,0.0,7.0,3.0,56.0,1.0,111.0,7500.0,2916.0,1.0,1.0,0.0,0.0,0.0
ctx-rh-superiorfrontal,0.0,217.0,81.0,0.0,0.0,0.0,0.0,0.0,0.0,24.0,3.0,0.0,12.0,0.0,14.0,0.0,25.0,0.0,50.0,5.0,16.0,0.0,6.0,108.0,59.0,3.0,65.0,97.0,394.0,5.0,1.0,4.0,0.0,0.0,2.0,951.0,1226.0,0.0,0.0,117.0,0.0,3.0,0.0,85.0,6.0,0.0,113.0,0.0,386.0,0.0,467.0,0.0,188.0,72.0,193.0,0.0,62.0,441.0,1028.0,9.0,398.0,2916.0,12499.0,12.0,3.0,16.0,0.0,0.0
ctx-rh-superiorparietal,1.0,1.0,4.0,3.0,0.0,0.0,5.0,12.0,4.0,2.0,24.0,6.0,0.0,4.0,0.0,2.0,6.0,4.0,0.0,0.0,0.0,2.0,2.0,24.0,7.0,34.0,0.0,0.0,6.0,25.0,5.0,2.0,0.0,4.0,55.0,3.0,6.0,473.0,1.0,0.0,47.0,1622.0,83.0,33.0,77.0,801.0,0.0,31.0,0.0,83.0,237.0,4.0,0.0,0.0,0.0,45.0,679.0,34.0,213.0,2314.0,0.0,1.0,12.0,6645.0,64.0,345.0,1.0,14.0
ctx-rh-superiortemporal,2.0,0.0,0.0,0.0,0.0,0.0,3.0,4.0,1.0,3.0,9.0,0.0,0.0,1.0,0.0,0.0,2.0,0.0,0.0,0.0,0.0,0.0,2.0,7.0,2.0,20.0,0.0,0.0,1.0,4.0,0.0,1.0,0.0,3.0,865.0,0.0,2.0,1.0,26.0,0.0,95.0,171.0,384.0,213.0,16.0,10.0,5.0,8.0,0.0,907.0,3.0,3.0,0.0,0.0,0.0,3.0,32.0,9.0,18.0,56.0,0.0,1.0,3.0,64.0,5219.0,414.0,241.0,632.0
ctx-rh-supramarginal,0.0,1.0,2.0,0.0,0.0,0.0,0.0,1.0,0.0,1.0,12.0,0.0,0.0,0.0,0.0,1.0,8.0,1.0,1.0,0.0,0.0,0.0,3.0,8.0,3.0,6.0,0.0,0.0,2.0,4.0,1.0,0.0,0.0,2.0,436.0,1.0,21.0,0.0,0.0,0.0,1.0,926.0,14.0,245.0,11.0,1.0,0.0,1.0,0.0,54.0,18.0,0.0,7.0,0.0,0.0,0.0,1578.0,9.0,275.0,53.0,0.0,0.0,16.0,345.0,414.0,4976.0,0.0,41.0
ctx-rh-temporalpole,0.0,0.0,0.0,0.0,0.0,0.0,0.0,0.0,0.0,0.0,0.0,0.0,0.0,0.0,0.0,0.0,0.0,0.0,0.0,0.0,0.0,0.0,0.0,0.0,0.0,0.0,0.0,0.0,0.0,0.0,0.0,0.0,0.0,0.0,0.0,0.0,0.0,0.0,253.0,0.0,167.0,1.0,401.0,23.0,0.0,1.0,2.0,1.0,0.0,186.0,0.0,2.0,0.0,0.0,0.0,0.0,0.0,0.0,0.0,0.0,0.0,0.0,0.0,1.0,241.0,0.0,363.0,0.0
ctx-rh-transversetemporal,0.0,0.0,0.0,1.0,0.0,0.0,0.0,2.0,0.0,0.0,3.0,0.0,0.0,0.0,0.0,0.0,1.0,0.0,0.0,0.0,0.0,0.0,2.0,3.0,1.0,5.0,0.0,0.0,0.0,0.0,0.0,0.0,0.0,0.0,14.0,0.0,1.0,1.0,0.0,0.0,3.0,21.0,7.0,50.0,0.0,0.0,0.0,4.0,0.0,13.0,2.0,0.0,0.0,0.0,0.0,1.0,17.0,3.0,5.0,11.0,0.0,0.0,0.0,14.0,632.0,41.0,0.0,246.0
