,ctx-lh-bankssts,ctx-lh-caudalanteriorcingulate,ctx-lh-caudalmiddlefrontal,ctx-lh-cuneus,ctx-lh-entorhinal,ctx-lh-frontalpole,ctx-lh-fusiform,ctx-lh-inferiorparietal,ctx-lh-inferiortemporal,ctx-lh-insula,ctx-lh-isthmuscingulate,ctx-lh-lateraloccipital,ctx-lh-lateralorbitofrontal,ctx-lh-lingual,ctx-lh-medialorbitofrontal,ctx-lh-middletemporal,ctx-lh-paracentral,ctx-lh-parahippocampal,ctx-lh-parsopercularis,ctx-lh-parsorbitalis,ctx-lh-parstriangularis,ctx-lh-pericalcarine,ctx-lh-postcentral,ctx-lh-posteriorcingulate,ctx-lh-precentral,ctx-lh-precuneus,ctx-lh-rostralanteriorcingulate,ctx-lh-rostralmiddlefrontal,ctx-lh-superiorfrontal,ctx-lh-superiorparietal,ctx-lh-superiortemporal,ctx-lh-supramarginal,ctx-lh-temporalpole,ctx-lh-transversetemporal,ctx-rh-bankssts,ctx-rh-caudalanteriorcingulate,ctx-rh-caudalmiddlefrontal,ctx-rh-cuneus,ctx-rh-entorhinal,ctx-rh-frontalpole,ctx-rh-fusiform,ctx-rh-inferiorparietal,ctx-rh-inferiortemporal,ctx-rh-insula,ctx-rh-isthmuscingulate,ctx-rh-lateraloccipital,ctx-rh-lateralorbitofrontal,ctx-rh-lingual,ctx-rh-medialorbitofrontal,ctx-rh-middletemporal,ctx-rh-paracentral,ctx-rh-parahippocampal,ctx-rh-parsopercularis,ctx-rh-parsorbitalis,ctx-rh-parstriangularis,ctx-rh-pericalcarine,ctx-rh-postcentral,ctx-rh-posteriorcingulate,ctx-rh-precentral,ctx-rh-precuneus,ctx-rh-rostralanteriorcingulate,ctx-rh-rostralmiddlefrontal,ctx-rh-superiorfrontal,ctx-rh-superiorparietal,ctx-rh-superiortemporal,ctx-rh-supramarginal,ctx-rh-temporalpole,ctx-rh-transversetemporal
ctx-lh-bankssts,1082.0,0.0,0.0,0.0,1.0,0.0,10.0,328.0,243.0,45.0,14.0,19.0,0.0,8.0,0.0,845.0,0.0,2.0,0.0,0.0,0.0,4.0,18.0,2.0,7.0,17.0,0.0,0.0,0.0,42.0,1047.0,288.0,3.0,52.0,1.0,1.0,0.0,0.0,0.0,0.0,1.0,2.0,0.0,0.0,3.0,0.0,0.0,0.0,0.0,0.0,1.0,0.0,0.0,0.0,0.0,1.0,0.0,4.0,0.0,2.0,0.0,0.0,1.0,2.0,0.0,1.0,0.0,0.0
ctx-lh-caudalanteriorcingulate,0.0,840.0,62.0,0.0,0.0,0.0,0.0,0.0,0.0,43.0,6.0,0.0,14.0,0.0,19.0,0.0,5.0,0.0,76.0,3.0,19.0,0.0,3.0,407.0,36.0,2.0,277.0,185.0,781.0,0.0,0.0,1.0,0.0,0.0,0.0,165.0,32.0,0.0,0.0,0.0,0.0,1.0,0.0,7.0,0.0,0.0,3.0,0.0,4.0,0.0,5.0,0.0,9.0,0.0,4.0,0.0,0.0,17.0,13.0,0.0,11.0,18.0,99.0,0.0,0.0,1.0,0.0,0.0
ctx-lh-caudalmiddlefrontal,0.0,62.0,2703.0,0.0,0.0,0.0,0.0,0.0,0.0,69.0,1.0,0.0,1.0,0.0,1.0,0.0,5.0,0.0,322.0,0.0,4.0,0.0,49.0,31.0,900.0,1.0,3.0,979.0,879.0,10.0,1.0,21.0,0.0,0.0,0.0,26.0,3.0,0.0,0.0,0.0,0.0,0.0,0.0,3.0,0.0,0.0,0.0,0.0,0.0,0.0,4.0,0.0,3.0,0.0,0.0,0.0,2.0,12.0,1.0,0.0,0.0,4.0,20.0,1.0,0.0,1.0,0.0,0.0
ctx-lh-cuneus,0.0,0.0,0.0,1487.0,0.0,0.0,27.0,63.0,14.0,0.0,32.0,483.0,0.0,178.0,0.0,2.0,0.0,2.0,0.0,0.0,0.0,1394.0,0.0,1.0,0.0,239.0,0.0,0.0,0.0,915.0,2.0,2.0,0.0,0.0,0.0,0.0,0.0,82.0,0.0,0.0,1.0,4.0,1.0,0.0,7.0,6.0,0.0,48.0,0.0,2.0,0.0,1.0,0.0,0.0,0.0,41.0,0.0,0.0,0.0,13.0,0.0,0.0,0.0,4.0,1.0,1.0,0.0,0.0
ctx-lh-entorhinal,1.0,0.0,0.0,0.0,321.0,0.0,79.0,1.0,35.0,5.0,0.0,0.0,2.0,0.0,0.0,11.0,0.0,149.0,0.0,0.0,0.0,0.0,0.0,1.0,0.0,0.0,0.0,0.0,0.0,0.0,4.0,0.0,170.0,1.0,0.0,0.0,0.0,0.0,0.0,0.0,0.0,0.0,0.0,0.0,0.0,0.0,0.0,0.0,0.0,0.0,0.0,0.0,0.0,0.0,0.0,0.0,0.0,0.0,0.0,0.0,0.0,0.0,0.0,0.0,0.0,0.0,0.0,0.0
ctx-lh-frontalpole,0.0,0.0,0.0,0.0,0.0,44.0,0.0,0.0,0.0,2.0,0.0,0.0,105.0,0.0,320.0,0.0,0.0,0.0,2.0,7.0,5.0,0.0,0.0,0.0,0.0,0.0,33.0,214.0,113.0,0.0,0.0,0.0,0.0,0.0,0.0,0.0,0.0,0.0,0.0,0.0,0.0,0.0,0.0,0.0,0.0,0.0,0.0,0.0,0.0,0.0,0.0,0.0,0.0,0.0,0.0,0.0,0.0,0.0,0.0,0.0,1.0,0.0,0.0,0.0,0.0,0.0,0.0,0.0
ctx-lh-fusiform,10.0,0.0,0.0,27.0,79.0,0.0,2882.0,99.0,1497.0,17.0,14.0,971.0,1.0,888.0,0.0,196.0,0.0,208.0,0.0,0.0,0.0,111.0,0.0,0.0,0.0,24.0,0.0,0.0,0.0,39.0,45.0,4.0,149.0,3.0,0.0,0.0,0.0,1.0,0.0,0.0,1.0,2.0,0.0,1.0,3.0,1.0,0.0,2.0,0.0,0.0,0.0,0.0,0.0,0.0,0.0,0.0,0.0,1.0,0.0,2.0,0.0,0.0,0.0,2.0,0.0,1.0,0.0,1.0
ctx-lh-inferiorparietal,328.0,0.0,0.0,63.0,1.0,0.0,99.0,6199.0,270.0,39.0,96.0,1233.0,1.0,57.0,0.0,409.0,4.0,4.0,1.0,0.0,0.0,37.0,25.0,14.0,14.0,324.0,0.0,0.0,0.0,1364.0,148.0,1061.0,2.0,25.0,1.0,0.0,0.0,3.0,0.0,0.0,1.0,11.0,1.0,1.0,29.0,2.0,0.0,3.0,0.0,1.0,2.0,0.0,0.0,0.0,0.0,2.0,0.0,10.0,1.0,29.0,0.0,0.0,0.0,11.0,5.0,1.0,0.0,2.0
ctx-lh-inferiortemporal,243.0,0.0,0.0,14.0,35.0,0.0,1497.0,270.0,3056.0,56.0,21.0,362.0,4.0,134.0,0.0,2160.0,0.0,64.0,1.0,0.0,0.0,29.0,5.0,5.0,1.0,42.0,0.0,1.0,0.0,31.0,142.0,22.0,122.0,15.0,0.0,0.0,0.0,1.0,0.0,0.0,0.0,2.0,0.0,1.0,3.0,0.0,0.0,0.0,0.0,1.0,0.0,0.0,0.0,0.0,0.0,0.0,1.0,0.0,0.0,3.0,0.0,0.0,1.0,3.0,0.0,0.0,0.0,0.0
ctx-lh-insula,45.0,43.0,69.0,0.0,5.0,2.0,17.0,39.0,56.0,1992.0,51.0,3.0,445.0,5.0,13.0,141.0,42.0,2.0,290.0,11.0,85.0,3.0,310.0,108.0,385.0,72.0,19.0,158.0,117.0,98.0,346.0,439.0,30.0,98.0,2.0,15.0,1.0,0.0,0.0,0.0,0.0,4.0,1.0,1.0,7.0,1.0,0.0,2.0,1.0,0.0,5.0,0.0,0.0,0.0,1.0,0.0,3.0,24.0,0.0,7.0,0.0,0.0,9.0,3.0,0.0,1.0,0.0,0.0
ctx-lh-isthmuscingulate,14.0,6.0,1.0,32.0,0.0,0.0,14.0,96.0,21.0,51.0,897.0,28.0,1.0,110.0,0.0,28.0,19.0,91.0,1.0,0.0,0.0,34.0,16.0,383.0,17.0,966.0,0.0,0.0,12.0,150.0,32.0,59.0,0.0,22.0,10.0,0.0,1.0,4.0,0.0,0.0,5.0,40.0,3.0,9.0,84.0,5.0,0.0,15.0,0.0,6.0,12.0,1.0,0.0,0.0,0.0,4.0,4.0,95.0,2.0,76.0,0.0,0.0,3.0,25.0,10.0,15.0,0.0,2.0
ctx-lh-lateraloccipital,19.0,0.0,0.0,483.0,0.0,0.0,971.0,1233.0,362.0,3.0,28.0,6161.0,0.0,685.0,0.0,115.0,0.0,8.0,0.0,0.0,0.0,799.0,1.0,3.0,0.0,99.0,0.0,0.0,0.0,581.0,15.0,9.0,0.0,1.0,2.0,0.0,0.0,4.0,0.0,0.0,1.0,5.0,3.0,2.0,13.0,0.0,0.0,3.0,0.0,0.0,0.0,0.0,0.0,0.0,0.0,2.0,0.0,0.0,0.0,10.0,0.0,0.0,0.0,5.0,1.0,3.0,0.0,0.0
ctx-lh-lateralorbitofrontal,0.0,14.0,1.0,0.0,2.0,105.0,1.0,1.0,4.0,445.0,1.0,0.0,3595.0,1.0,1308.0,4.0,0.0,0.0,27.0,540.0,349.0,0.0,0.0,0.0,0.0,0.0,245.0,781.0,149.0,0.0,6.0,1.0,3.0,1.0,0.0,6.0,1.0,0.0,0.0,0.0,0.0,0.0,0.0,0.0,0.0,0.0,0.0,0.0,4.0,0.0,0.0,0.0,0.0,0.0,0.0,0.0,0.0,1.0,0.0,0.0,6.0,4.0,2.0,0.0,0.0,0.0,0.0,0.0
ctx-lh-lingual,8.0,0.0,0.0,178.0,0.0,0.0,888.0,57.0,134.0,5.0,110.0,685.0,1.0,4788.0,0.0,23.0,0.0,290.0,0.0,0.0,0.0,1086.0,1.0,1.0,0.0,152.0,0.0,0.0,0.0,50.0,8.0,3.0,1.0,2.0,1.0,0.0,0.0,2.0,0.0,0.0,1.0,1.0,0.0,1.0,10.0,2.0,0.0,41.0,0.0,1.0,0.0,0.0,0.0,0.0,0.0,3.0,0.0,1.0,0.0,9.0,0.0,0.0,0.0,2.0,0.0,0.0,0.0,0.0
ctx-lh-medialorbitofrontal,0.0,19.0,1.0,0.0,0.0,320.0,0.0,0.0,0.0,13.0,0.0,0.0,1308.0,0.0,1522.0,0.0,0.0,0.0,4.0,33.0,17.0,0.0,0.0,0.0,0.0,0.0,567.0,463.0,373.0,0.0,0.0,0.0,0.0,0.0,0.0,12.0,0.0,0.0,0.0,0.0,0.0,0.0,0.0,0.0,0.0,0.0,0.0,0.0,2.0,0.0,0.0,0.0,0.0,1.0,1.0,0.0,0.0,0.0,0.0,0.0,13.0,3.0,6.0,0.0,0.0,0.0,0.0,0.0
ctx-lh-middletemporal,845.0,0.0,0.0,2.0,11.0,0.0,196.0,409.0,2160.0,141.0,28.0,115.0,4.0,23.0,0.0,3203.0,0.0,6.0,0.0,0.0,0.0,9.0,4.0,0.0,0.0,21.0,0.0,0.0,0.0,33.0,992.0,42.0,112.0,33.0,0.0,0.0,0.0,0.0,0.0,0.0,0.0,1.0,1.0,0.0,3.0,0.0,0.0,2.0,0.0,0.0,0.0,0.0,0.0,0.0,0.0,0.0,0.0,3.0,0.0,2.0,0.0,0.0,0.0,4.0,1.0,1.0,0.0,0.0
ctx-lh-paracentral,0.0,5.0,5.0,0.0,0.0,0.0,0.0,4.0,0.0,42.0,19.0,0.0,0.0,0.0,0.0,0.0,1773.0,1.0,2.0,0.0,0.0,0.0,454.0,254.0,869.0,175.0,0.0,0.0,466.0,164.0,3.0,17.0,0.0,2.0,0.0,5.0,2.0,0.0,0.0,0.0,0.0,3.0,1.0,0.0,0.0,0.0,0.0,0.0,0.0,0.0,23.0,0.0,2.0,0.0,0.0,0.0,4.0,46.0,12.0,1.0,0.0,0.0,4.0,2.0,0.0,0.0,0.0,0.0
ctx-lh-parahippocampal,2.0,0.0,0.0,2.0,149.0,0.0,208.0,4.0,64.0,2.0,91.0,8.0,0.0,290.0,0.0,6.0,1.0,390.0,0.0,0.0,0.0,3.0,0.0,0.0,0.0,12.0,0.0,0.0,0.0,2.0,0.0,0.0,2.0,0.0,1.0,0.0,0.0,0.0,0.0,0.0,0.0,2.0,1.0,0.0,0.0,0.0,0.0,0.0,0.0,0.0,2.0,0.0,0.0,0.0,0.0,0.0,0.0,0.0,0.0,1.0,0.0,0.0,0.0,0.0,0.0,1.0,0.0,0.0
ctx-lh-parsopercularis,0.0,76.0,322.0,0.0,0.0,2.0,0.0,1.0,1.0,290.0,1.0,0.0,27.0,0.0,4.0,0.0,2.0,0.0,2502.0,5.0,577.0,0.0,65.0,26.0,550.0,1.0,13.0,1003.0,175.0,3.0,3.0,19.0,0.0,0.0,0.0,27.0,1.0,0.0,0.0,0.0,0.0,0.0,0.0,1.0,0.0,0.0,0.0,0.0,1.0,0.0,0.0,0.0,2.0,0.0,0.0,0.0,0.0,6.0,0.0,1.0,0.0,4.0,14.0,0.0,0.0,0.0,0.0,0.0
ctx-lh-parsorbitalis,0.0,3.0,0.0,0.0,0.0,7.0,0.0,0.0,0.0,11.0,0.0,0.0,540.0,0.0,33.0,0.0,0.0,0.0,5.0,496.0,412.0,0.0,0.0,0.0,0.0,0.0,28.0,521.0,44.0,0.0,0.0,0.0,0.0,0.0,0.0,1.0,0.0,0.0,0.0,0.0,0.0,0.0,0.0,0.0,0.0,0.0,0.0,0.0,1.0,0.0,0.0,0.0,0.0,0.0,0.0,0.0,0.0,0.0,0.0,0.0,0.0,1.0,3.0,0.0,0.0,0.0,0.0,0.0
ctx-lh-parstriangularis,0.0,19.0,4.0,0.0,0.0,5.0,0.0,0.0,0.0,85.0,0.0,0.0,349.0,0.0,17.0,0.0,0.0,0.0,577.0,412.0,1423.0,0.0,0.0,0.0,0.0,0.0,44.0,798.0,98.0,0.0,0.0,0.0,0.0,0.0,0.0,6.0,1.0,0.0,0.0,0.0,0.0,0.0,0.0,0.0,0.0,0.0,0.0,0.0,0.0,0.0,0.0,0.0,0.0,0.0,0.0,0.0,0.0,1.0,0.0,0.0,1.0,1.0,4.0,0.0,0.0,0.0,0.0,0.0
ctx-lh-pericalcarine,4.0,0.0,0.0,1394.0,0.0,0.0,111.0,37.0,29.0,3.0,34.0,799.0,0.0,1086.0,0.0,9.0,0.0,3.0,0.0,0.0,0.0,877.0,0.0,0.0,0.0,210.0,0.0,0.0,0.0,197.0,2.0,1.0,0.0,0.0,0.0,0.0,0.0,7.0,0.0,0.0,1.0,4.0,0.0,0.0,13.0,0.0,0.0,35.0,0.0,1.0,1.0,0.0,0.0,0.0,0.0,4.0,0.0,3.0,0.0,11.0,0.0,0.0,0.0,7.0,2.0,1.0,0.0,1.0
ctx-lh-postcentral,18.0,3.0,49.0,0.0,0.0,0.0,0.0,25.0,5.0,310.0,16.0,1.0,0.0,1.0,0.0,4.0,454.0,0.0,65.0,0.0,0.0,0.0,5464.0,46.0,1822.0,110.0,0.0,9.0,55.0,765.0,38.0,1127.0,0.0,5.0,0.0,0.0,0.0,0.0,0.0,0.0,0.0,0.0,1.0,1.0,1.0,0.0,0.0,0.0,0.0,0.0,1.0,0.0,0.0,0.0,0.0,0.0,0.0,4.0,3.0,2.0,0.0,0.0,3.0,0.0,0.0,0.0,0.0,0.0
ctx-lh-posteriorcingulate,2.0,407.0,31.0,1.0,1.0,0.0,0.0,14.0,5.0,108.0,383.0,3.0,0.0,1.0,0.0,0.0,254.0,0.0,26.0,0.0,0.0,0.0,46.0,1663.0,168.0,355.0,5.0,13.0,510.0,76.0,12.0,57.0,0.0,5.0,1.0,44.0,19.0,1.0,0.0,0.0,0.0,3.0,0.0,9.0,15.0,1.0,1.0,0.0,0.0,0.0,43.0,0.0,4.0,0.0,2.0,0.0,7.0,225.0,37.0,6.0,0.0,3.0,89.0,7.0,0.0,2.0,0.0,0.0
ctx-lh-precentral,7.0,36.0,900.0,0.0,0.0,0.0,0.0,14.0,1.0,385.0,17.0,0.0,0.0,0.0,0.0,0.0,869.0,0.0,550.0,0.0,0.0,0.0,1822.0,168.0,6917.0,67.0,1.0,89.0,964.0,216.0,17.0,273.0,0.0,3.0,1.0,11.0,6.0,0.0,0.0,0.0,0.0,2.0,0.0,2.0,1.0,0.0,0.0,0.0,0.0,0.0,12.0,0.0,3.0,0.0,0.0,0.0,1.0,48.0,8.0,2.0,0.0,0.0,30.0,4.0,1.0,2.0,0.0,0.0
ctx-lh-precuneus,17.0,2.0,1.0,239.0,0.0,0.0,24.0,324.0,42.0,72.0,966.0,99.0,0.0,152.0,0.0,21.0,175.0,12.0,1.0,0.0,0.0,210.0,110.0,355.0,67.0,4109.0,0.0,1.0,18.0,1931.0,35.0,98.0,2.0,18.0,7.0,0.0,0.0,5.0,0.0,0.0,3.0,47.0,3.0,6.0,77.0,11.0,0.0,13.0,0.0,6.0,16.0,0.0,0.0,0.0,0.0,8.0,6.0,47.0,8.0,114.0,0.0,0.0,2.0,38.0,8.0,16.0,0.0,3.0
ctx-lh-rostralanteriorcingulate,0.0,277.0,3.0,0.0,0.0,33.0,0.0,0.0,0.0,19.0,0.0,0.0,245.0,0.0,567.0,0.0,0.0,0.0,13.0,28.0,44.0,0.0,0.0,5.0,1.0,0.0,1131.0,225.0,410.0,0.0,0.0,0.0,0.0,0.0,1.0,108.0,1.0,0.0,0.0,1.0,0.0,0.0,0.0,1.0,0.0,0.0,4.0,0.0,12.0,0.0,0.0,0.0,3.0,1.0,2.0,0.0,0.0,1.0,0.0,0.0,56.0,25.0,43.0,0.0,0.0,0.0,0.0,0.0
ctx-lh-rostralmiddlefrontal,0.0,185.0,979.0,0.0,0.0,214.0,0.0,0.0,1.0,158.0,0.0,0.0,781.0,0.0,463.0,0.0,0.0,0.0,1003.0,521.0,798.0,0.0,9.0,13.0,89.0,1.0,225.0,8591.0,2285.0,1.0,0.0,3.0,0.0,0.0,0.0,66.0,4.0,0.0,0.0,0.0,0.0,0.0,0.0,2.0,0.0,0.0,2.0,0.0,3.0,0.0,0.0,0.0,3.0,0.0,0.0,0.0,0.0,3.0,1.0,0.0,4.0,11.0,37.0,0.0,0.0,0.0,0.0,0.0
ctx-lh-superiorfrontal,0.0,781.0,879.0,0.0,0.0,113.0,0.0,0.0,0.0,117.0,12.0,0.0,149.0,0.0,373.0,0.0,466.0,0.0,175.0,44.0,98.0,0.0,55.0,510.0,964.0,18.0,410.0,2285.0,10205.0,14.0,1.0,13.0,0.0,0.0,0.0,163.0,14.0,0.0,0.0,0.0,0.0,1.0,0.0,7.0,0.0,0.0,0.0,0.0,1.0,0.0,8.0,0.0,12.0,0.0,2.0,0.0,3.0,72.0,23.0,0.0,8.0,21.0,126.0,3.0,0.0,1.0,0.0,0.0
ctx-lh-superiorparietal,42.0,0.0,10.0,915.0,0.0,0.0,39.0,1364.0,31.0,98.0,150.0,581.0,0.0,50.0,0.0,33.0,164.0,2.0,3.0,0.0,0.0,197.0,765.0,76.0,216.0,1931.0,0.0,1.0,14.0,6339.0,50.0,417.0,0.0,21.0,4.0,0.0,1.0,57.0,0.0,0.0,0.0,14.0,1.0,6.0,32.0,3.0,0.0,4.0,0.0,1.0,1.0,0.0,0.0,0.0,0.0,3.0,2.0,8.0,0.0,31.0,0.0,0.0,2.0,15.0,1.0,6.0,0.0,0.0
ctx-lh-superiortemporal,1047.0,0.0,1.0,2.0,4.0,0.0,45.0,148.0,142.0,346.0,32.0,15.0,6.0,8.0,0.0,992.0,3.0,0.0,3.0,0.0,0.0,2.0,38.0,12.0,17.0,35.0,0.0,0.0,1.0,50.0,5717.0,464.0,171.0,634.0,2.0,0.0,0.0,1.0,0.0,0.0,0.0,1.0,0.0,0.0,6.0,0.0,0.0,1.0,0.0,0.0,1.0,0.0,0.0,0.0,0.0,0.0,0.0,5.0,0.0,6.0,0.0,0.0,0.0,1.0,0.0,0.0,0.0,2.0
ctx-lh-supramarginal,288.0,1.0,21.0,2.0,0.0,0.0,4.0,1061.0,22.0,439.0,59.0,9.0,1.0,3.0,0.0,42.0,17.0,0.0,19.0,0.0,0.0,1.0,1127.0,57.0,273.0,98.0,0.0,3.0,13.0,417.0,464.0,5435.0,0.0,50.0,0.0,0.0,1.0,0.0,0.0,0.0,0.0,4.0,0.0,2.0,7.0,0.0,0.0,0.0,0.0,1.0,3.0,0.0,0.0,0.0,0.0,0.0,2.0,8.0,1.0,4.0,0.0,0.0,1.0,4.0,0.0,3.0,0.0,0.0
ctx-lh-temporalpole,3.0,0.0,0.0,0.0,170.0,0.0,149.0,2.0,122.0,30.0,0.0,0.0,3.0,1.0,0.0,112.0,0.0,2.0,0.0,0.0,0.0,0.0,0.0,0.0,0.0,2.0,0.0,0.0,0.0,0.0,171.0,0.0,400.0,0.0,0.0,0.0,0.0,0.0,0.0,0.0,0.0,0.0,0.0,0.0,0.0,0.0,0.0,0.0,0.0,0.0,0.0,0.0,0.0,0.0,0.0,0.0,0.0,0.0,0.0,0.0,0.0,0.0,0.0,0.0,0.0,0.0,0.0,0.0
ctx-lh-transversetemporal,52.0,0.0,0.0,0.0,1.0,0.0,3.0,25.0,15.0,98.0,22.0,1.0,1.0,2.0,0.0,33.0,2.0,0.0,0.0,0.0,0.0,0.0,5.0,5.0,3.0,18.0,0.0,0.0,0.0,21.0,634.0,50.0,0.0,413.0,0.0,0.0,0.0,1.0,0.0,0.0,0.0,3.0,0.0,0.0,1.0,0.0,0.0,0.0,0.0,0.0,0.0,0.0,0.0,0.0,0.0,1.0,0.0,8.0,0.0,2.0,0.0,0.0,0.0,1.0,1.0,1.0,0.0,0.0
ctx-rh-bankssts,1.0,0.0,0.0,0.0,0.0,0.0,0.0,1.0,0.0,2.0,10.0,2.0,0.0,1.0,0.0,0.0,0.0,1.0,0.0,0.0,0.0,0.0,0.0,1.0,1.0,7.0,1.0,0.0,0.0,4.0,2.0,0.0,0.0,0.0,593.0,0.0,2.0,12.0,0.0,0.0,22.0,492.0,79.0,52.0,21.0,26.0,2.0,31.0,0.0,707.0,4.0,4.0,1.0,0.0,0.0,12.0,13.0,5.0,7.0,50.0,0.0,0.0,0.0,41.0,985.0,300.0,1.0,31.0
ctx-rh-caudalanteriorcingulate,1.0,165.0,26.0,0.0,0.0,0.0,0.0,0.0,0.0,15.0,0.0,0.0,6.0,0.0,12.0,0.0,5.0,0.0,27.0,1.0,6.0,0.0,0.0,44.0,11.0,0.0,108.0,66.0,163.0,0.0,0.0,0.0,0.0,0.0,0.0,676.0,37.0,0.0,0.0,0.0,0.0,1.0,0.0,20.0,1.0,0.0,27.0,0.0,17.0,0.0,11.0,0.0,39.0,4.0,26.0,0.0,4.0,268.0,31.0,2.0,233.0,138.0,902.0,2.0,0.0,0.0,0.0,0.0
ctx-rh-caudalmiddlefrontal,0.0,32.0,3.0,0.0,0.0,0.0,0.0,0.0,0.0,1.0,1.0,0.0,1.0,0.0,0.0,0.0,2.0,0.0,1.0,0.0,1.0,0.0,0.0,19.0,6.0,0.0,1.0,4.0,14.0,1.0,0.0,1.0,0.0,0.0,2.0,37.0,3334.0,0.0,0.0,0.0,0.0,3.0,0.0,55.0,2.0,0.0,0.0,0.0,0.0,0.0,32.0,0.0,401.0,1.0,42.0,0.0,44.0,22.0,1040.0,0.0,2.0,775.0,971.0,5.0,1.0,14.0,0.0,0.0
ctx-rh-cuneus,0.0,0.0,0.0,82.0,0.0,0.0,1.0,3.0,1.0,0.0,4.0,4.0,0.0,2.0,0.0,0.0,0.0,0.0,0.0,0.0,0.0,7.0,0.0,1.0,0.0,5.0,0.0,0.0,0.0,57.0,1.0,0.0,0.0,1.0,12.0,0.0,0.0,1526.0,0.0,0.0,21.0,101.0,19.0,2.0,17.0,532.0,0.0,90.0,0.0,36.0,0.0,1.0,0.0,0.0,0.0,1459.0,0.0,3.0,1.0,285.0,0.0,0.0,0.0,539.0,6.0,0.0,0.0,0.0
ctx-rh-entorhinal,0.0,0.0,0.0,0.0,0.0,0.0,0.0,0.0,0.0,0.0,0.0,0.0,0.0,0.0,0.0,0.0,0.0,0.0,0.0,0.0,0.0,0.0,0.0,0.0,0.0,0.0,0.0,0.0,0.0,0.0,0.0,0.0,0.0,0.0,0.0,0.0,0.0,0.0,402.0,0.0,147.0,0.0,73.0,3.0,0.0,0.0,0.0,2.0,0.0,22.0,0.0,90.0,0.0,0.0,0.0,0.0,0.0,0.0,0.0,0.0,0.0,0.0,0.0,0.0,5.0,0.0,116.0,0.0
ctx-rh-frontalpole,0.0,0.0,0.0,0.0,0.0,0.0,0.0,0.0,0.0,0.0,0.0,0.0,0.0,0.0,0.0,0.0,0.0,0.0,0.0,0.0,0.0,0.0,0.0,0.0,0.0,0.0,1.0,0.0,0.0,0.0,0.0,0.0,0.0,0.0,0.0,0.0,0.0,0.0,0.0,90.0,0.0,0.0,0.0,2.0,0.0,0.0,130.0,0.0,555.0,0.0,0.0,0.0,0.0,3.0,6.0,0.0,0.0,0.0,0.0,0.0,16.0,216.0,175.0,0.0,0.0,0.0,0.0,0.0
ctx-rh-fusiform,1.0,0.0,0.0,1.0,0.0,0.0,1.0,1.0,0.0,0.0,5.0,1.0,0.0,1.0,0.0,0.0,0.0,0.0,0.0,0.0,0.0,1.0,0.0,0.0,0.0,3.0,0.0,0.0,0.0,0.0,0.0,0.0,0.0,0.0,22.0,0.0,0.0,21.0,147.0,0.0,2955.0,97.0,1345.0,20.0,14.0,1433.0,1.0,579.0,0.0,308.0,0.0,202.0,0.0,0.0,0.0,117.0,0.0,1.0,0.0,16.0,0.0,0.0,0.0,23.0,42.0,1.0,120.0,0.0
ctx-rh-inferiorparietal,2.0,1.0,0.0,4.0,0.0,0.0,2.0,11.0,2.0,4.0,40.0,5.0,0.0,1.0,0.0,1.0,3.0,2.0,0.0,0.0,0.0,4.0,0.0,3.0,2.0,47.0,0.0,0.0,1.0,14.0,1.0,4.0,0.0,3.0,492.0,1.0,3.0,101.0,0.0,0.0,97.0,7621.0,204.0,83.0,128.0,964.0,1.0,93.0,0.0,694.0,33.0,7.0,2.0,0.0,0.0,83.0,75.0,45.0,51.0,654.0,0.0,0.0,3.0,1667.0,179.0,1192.0,2.0,27.0
ctx-rh-inferiortemporal,0.0,0.0,0.0,1.0,0.0,0.0,0.0,1.0,0.0,1.0,3.0,3.0,0.0,0.0,0.0,1.0,1.0,1.0,0.0,0.0,0.0,0.0,1.0,0.0,0.0,3.0,0.0,0.0,0.0,1.0,0.0,0.0,0.0,0.0,79.0,0.0,0.0,19.0,73.0,0.0,1345.0,204.0,4084.0,61.0,4.0,317.0,2.0,133.0,0.0,1816.0,0.0,87.0,0.0,0.0,0.0,34.0,0.0,0.0,0.0,25.0,0.0,0.0,0.0,28.0,122.0,6.0,145.0,4.0
ctx-rh-insula,0.0,7.0,3.0,0.0,0.0,0.0,1.0,1.0,1.0,1.0,9.0,2.0,0.0,1.0,0.0,0.0,0.0,0.0,1.0,0.0,0.0,0.0,1.0,9.0,2.0,6.0,1.0,2.0,7.0,6.0,0.0,2.0,0.0,0.0,52.0,20.0,55.0,2.0,3.0,2.0,20.0,83.0,61.0,2113.0,26.0,6.0,434.0,3.0,15.0,160.0,40.0,2.0,261.0,14.0,139.0,2.0,221.0,51.0,298.0,58.0,9.0,136.0,119.0,66.0,329.0,351.0,55.0,81.0
ctx-rh-isthmuscingulate,3.0,0.0,0.0,7.0,0.0,0.0,3.0,29.0,3.0,7.0,84.0,13.0,0.0,10.0,0.0,3.0,0.0,0.0,0.0,0.0,0.0,13.0,1.0,15.0,1.0,77.0,0.0,0.0,0.0,32.0,6.0,7.0,0.0,1.0,21.0,1.0,2.0,17.0,0.0,0.0,14.0,128.0,4.0,26.0,785.0,20.0,0.0,114.0,0.0,18.0,32.0,104.0,0.0,0.0,0.0,26.0,9.0,411.0,10.0,884.0,0.0,0.0,3.0,110.0,32.0,43.0,0.0,13.0
ctx-rh-lateraloccipital,0.0,0.0,0.0,6.0,0.0,0.0,1.0,2.0,0.0,1.0,5.0,0.0,0.0,2.0,0.0,0.0,0.0,0.0,0.0,0.0,0.0,0.0,0.0,1.0,0.0,11.0,0.0,0.0,0.0,3.0,0.0,0.0,0.0,0.0,26.0,0.0,0.0,532.0,0.0,0.0,1433.0,964.0,317.0,6.0,20.0,7820.0,0.0,722.0,0.0,193.0,1.0,15.0,0.0,0.0,0.0,1124.0,0.0,0.0,0.0,116.0,0.0,0.0,0.0,379.0,17.0,1.0,1.0,3.0
ctx-rh-lateralorbitofrontal,0.0,3.0,0.0,0.0,0.0,0.0,0.0,0.0,0.0,0.0,0.0,0.0,0.0,0.0,0.0,0.0,0.0,0.0,0.0,0.0,0.0,0.0,0.0,1.0,0.0,0.0,4.0,2.0,0.0,0.0,0.0,0.0,0.0,0.0,2.0,27.0,0.0,0.0,0.0,130.0,1.0,1.0,2.0,434.0,0.0,0.0,3443.0,0.0,954.0,8.0,0.0,0.0,10.0,541.0,191.0,0.0,0.0,0.0,0.0,0.0,149.0,988.0,119.0,0.0,7.0,0.0,1.0,0.0
ctx-rh-lingual,0.0,0.0,0.0,48.0,0.0,0.0,2.0,3.0,0.0,2.0,15.0,3.0,0.0,41.0,0.0,2.0,0.0,0.0,0.0,0.0,0.0,35.0,0.0,0.0,0.0,13.0,0.0,0.0,0.0,4.0,1.0,0.0,0.0,0.0,31.0,0.0,0.0,90.0,2.0,0.0,579.0,93.0,133.0,3.0,114.0,722.0,0.0,5226.0,0.0,146.0,0.0,300.0,0.0,0.0,0.0,1525.0,0.0,3.0,0.0,138.0,0.0,0.0,0.0,51.0,18.0,3.0,1.0,1.0
ctx-rh-medialorbitofrontal,0.0,4.0,0.0,0.0,0.0,0.0,0.0,0.0,0.0,1.0,0.0,0.0,4.0,0.0,2.0,0.0,0.0,0.0,1.0,1.0,0.0,0.0,0.0,0.0,0.0,0.0,12.0,3.0,1.0,0.0,0.0,0.0,0.0,0.0,0.0,17.0,0.0,0.0,0.0,555.0,0.0,0.0,0.0,15.0,0.0,0.0,954.0,0.0,2208.0,0.0,0.0,0.0,1.0,15.0,11.0,0.0,0.0,0.0,1.0,0.0,493.0,400.0,357.0,0.0,0.0,0.0,1.0,0.0
ctx-rh-middletemporal,0.0,0.0,0.0,2.0,0.0,0.0,0.0,1.0,1.0,0.0,6.0,0.0,0.0,1.0,0.0,0.0,0.0,0.0,0.0,0.0,0.0,1.0,0.0,0.0,0.0,6.0,0.0,0.0,0.0,1.0,0.0,1.0,0.0,0.0,707.0,0.0,0.0,36.0,22.0,0.0,308.0,694.0,1816.0,160.0,18.0,193.0,8.0,146.0,0.0,4097.0,1.0,32.0,0.0,0.0,0.0,35.0,1.0,2.0,1.0,67.0,0.0,1.0,0.0,62.0,718.0,23.0,135.0,13.0
ctx-rh-paracentral,1.0,5.0,4.0,0.0,0.0,0.0,0.0,2.0,0.0,5.0,12.0,0.0,0.0,0.0,0.0,0.0,23.0,2.0,0.0,0.0,0.0,1.0,1.0,43.0,12.0,16.0,0.0,0.0,8.0,1.0,1.0,3.0,0.0,0.0,4.0,11.0,32.0,0.0,0.0,0.0,0.0,33.0,0.0,40.0,32.0,1.0,0.0,0.0,0.0,1.0,1926.0,0.0,3.0,0.0,0.0,0.0,544.0,449.0,936.0,350.0,0.0,3.0,408.0,291.0,4.0,41.0,0.0,3.0
ctx-rh-parahippocampal,0.0,0.0,0.0,1.0,0.0,0.0,0.0,0.0,0.0,0.0,1.0,0.0,0.0,0.0,0.0,0.0,0.0,0.0,0.0,0.0,0.0,0.0,0.0,0.0,0.0,0.0,0.0,0.0,0.0,0.0,0.0,0.0,0.0,0.0,4.0,0.0,0.0,1.0,90.0,0.0,202.0,7.0,87.0,2.0,104.0,15.0,0.0,300.0,0.0,32.0,0.0,570.0,0.0,0.0,0.0,7.0,0.0,0.0,0.0,8.0,0.0,0.0,0.0,0.0,6.0,0.0,3.0,1.0
ctx-rh-parsopercularis,0.0,9.0,3.0,0.0,0.0,0.0,0.0,0.0,0.0,0.0,0.0,0.0,0.0,0.0,0.0,0.0,2.0,0.0,2.0,0.0,0.0,0.0,0.0,4.0,3.0,0.0,3.0,3.0,12.0,0.0,0.0,0.0,0.0,0.0,1.0,39.0,401.0,0.0,0.0,0.0,0.0,2.0,0.0,261.0,0.0,0.0,10.0,0.0,1.0,0.0,3.0,0.0,1603.0,4.0,637.0,0.0,59.0,4.0,639.0,1.0,2.0,535.0,176.0,3.0,1.0,30.0,0.0,0.0
ctx-rh-parsorbitalis,0.0,0.0,0.0,0.0,0.0,0.0,0.0,0.0,0.0,0.0,0.0,0.0,0.0,0.0,1.0,0.0,0.0,0.0,0.0,0.0,0.0,0.0,0.0,0.0,0.0,0.0,1.0,0.0,0.0,0.0,0.0,0.0,0.0,0.0,0.0,4.0,1.0,0.0,0.0,3.0,0.0,0.0,0.0,14.0,0.0,0.0,541.0,0.0,15.0,0.0,0.0,0.0,4.0,587.0,419.0,0.0,0.0,0.0,0.0,0.0,18.0,564.0,24.0,0.0,0.0,0.0,0.0,0.0
ctx-rh-parstriangularis,0.0,4.0,0.0,0.0,0.0,0.0,0.0,0.0,0.0,1.0,0.0,0.0,0.0,0.0,1.0,0.0,0.0,0.0,0.0,0.0,0.0,0.0,0.0,2.0,0.0,0.0,2.0,0.0,2.0,0.0,0.0,0.0,0.0,0.0,0.0,26.0,42.0,0.0,0.0,6.0,0.0,0.0,0.0,139.0,0.0,0.0,191.0,0.0,11.0,0.0,0.0,0.0,637.0,419.0,1623.0,0.0,3.0,1.0,8.0,0.0,24.0,1062.0,128.0,0.0,0.0,0.0,0.0,0.0
ctx-rh-pericalcarine,1.0,0.0,0.0,41.0,0.0,0.0,0.0,2.0,0.0,0.0,4.0,2.0,0.0,3.0,0.0,0.0,0.0,0.0,0.0,0.0,0.0,4.0,0.0,0.0,0.0,8.0,0.0,0.0,0.0,3.0,0.0,0.0,0.0,1.0,12.0,0.0,0.0,1459.0,0.0,0.0,117.0,83.0,34.0,2.0,26.0,1124.0,0.0,1525.0,0.0,35.0,0.0,7.0,0.0,0.0,0.0,1014.0,0.0,0.0,0.0,263.0,0.0,0.0,0.0,100.0,10.0,0.0,0.0,1.0
ctx-rh-postcentral,0.0,0.0,2.0,0.0,0.0,0.0,0.0,0.0,1.0,3.0,4.0,0.0,0.0,0.0,0.0,0.0,4.0,0.0,0.0,0.0,0.0,0.0,0.0,7.0,1.0,6.0,0.0,0.0,3.0,2.0,0.0,2.0,0.0,0.0,13.0,4.0,44.0,0.0,0.0,0.0,0.0,75.0,0.0,221.0,9.0,0.0,0.0,0.0,0.0,1.0,544.0,0.0,59.0,0.0,3.0,0.0,5011.0,62.0,1672.0,194.0,0.0,4.0,46.0,676.0,16.0,1432.0,0.0,5.0
ctx-rh-posteriorcingulate,4.0,17.0,12.0,0.0,0.0,0.0,1.0,10.0,0.0,24.0,95.0,0.0,1.0,1.0,0.0,3.0,46.0,0.0,6.0,0.0,1.0,3.0,4.0,225.0,48.0,47.0,1.0,3.0,72.0,8.0,5.0,8.0,0.0,8.0,5.0,268.0,22.0,3.0,0.0,0.0,1.0,45.0,0.0,51.0,411.0,0.0,0.0,3.0,0.0,2.0,449.0,0.0,4.0,0.0,1.0,0.0,62.0,1727.0,173.0,278.0,0.0,4.0,345.0,115.0,10.0,49.0,0.0,7.0
ctx-rh-precentral,0.0,13.0,1.0,0.0,0.0,0.0,0.0,1.0,0.0,0.0,2.0,0.0,0.0,0.0,0.0,0.0,12.0,0.0,0.0,0.0,0.0,0.0,3.0,37.0,8.0,8.0,0.0,1.0,23.0,0.0,0.0,1.0,0.0,0.0,7.0,31.0,1040.0,1.0,0.0,0.0,0.0,51.0,0.0,298.0,10.0,0.0,0.0,0.0,1.0,1.0,936.0,0.0,639.0,0.0,8.0,0.0,1672.0,173.0,7650.0,58.0,1.0,37.0,1031.0,164.0,17.0,348.0,0.0,2.0
ctx-rh-precuneus,2.0,0.0,0.0,13.0,0.0,0.0,2.0,29.0,3.0,7.0,76.0,10.0,0.0,9.0,0.0,2.0,1.0,1.0,1.0,0.0,0.0,11.0,2.0,6.0,2.0,114.0,0.0,0.0,0.0,31.0,6.0,4.0,0.0,2.0,50.0,2.0,0.0,285.0,0.0,0.0,16.0,654.0,25.0,58.0,884.0,116.0,0.0,138.0,0.0,67.0,350.0,8.0,1.0,0.0,0.0,263.0,194.0,278.0,58.0,4179.0,0.0,0.0,8.0,3386.0,64.0,115.0,1.0,20.0
ctx-rh-rostralanteriorcingulate,0.0,11.0,0.0,0.0,0.0,1.0,0.0,0.0,0.0,0.0,0.0,0.0,6.0,0.0,13.0,0.0,0.0,0.0,0.0,0.0,1.0,0.0,0.0,0.0,0.0,0.0,56.0,4.0,8.0,0.0,0.0,0.0,0.0,0.0,0.0,233.0,2.0,0.0,0.0,16.0,0.0,0.0,0.0,9.0,0.0,0.0,149.0,0.0,493.0,0.0,0.0,0.0,2.0,18.0,24.0,0.0,0.0,0.0,1.0,0.0,704.0,152.0,326.0,0.0,0.0,0.0,0.0,0.0
ctx-rh-rostralmiddlefrontal,0.0,18.0,4.0,0.0,0.0,0.0,0.0,0.0,0.0,0.0,0.0,0.0,4.0,0.0,3.0,0.0,0.0,0.0,4.0,1.0,1.0,0.0,0.0,3.0,0.0,0.0,25.0,11.0,21.0,0.0,0.0,0.0,0.0,0.0,0.0,138.0,775.0,0.0,0.0,216.0,0.0,0.0,0.0,136.0,0.0,0.0,988.0,0.0,400.0,1.0,3.0,0.0,535.0,564.0,1062.0,0.0,4.0,4.0,37.0,0.0,152.0,7193.0,2044.0,1.0,0.0,2.0,0.0,0.0
ctx-rh-superiorfrontal,1.0,99.0,20.0,0.0,0.0,0.0,0.0,0.0,1.0,9.0,3.0,0.0,2.0,0.0,6.0,0.0,4.0,0.0,14.0,3.0,4.0,0.0,3.0,89.0,30.0,2.0,43.0,37.0,126.0,2.0,0.0,1.0,0.0,0.0,0.0,902.0,971.0,0.0,0.0,175.0,0.0,3.0,0.0,119.0,3.0,0.0,119.0,0.0,357.0,0.0,408.0,0.0,176.0,24.0,128.0,0.0,46.0,345.0,1031.0,8.0,326.0,2044.0,11064.0,19.0,2.0,23.0,0.0,0.0
ctx-rh-superiorparietal,2.0,0.0,1.0,4.0,0.0,0.0,2.0,11.0,3.0,3.0,25.0,5.0,0.0,2.0,0.0,4.0,2.0,0.0,0.0,0.0,0.0,7.0,0.0,7.0,4.0,38.0,0.0,0.0,3.0,15.0,1.0,4.0,0.0,1.0,41.0,2.0,5.0,539.0,0.0,0.0,23.0,1667.0,28.0,66.0,110.0,379.0,0.0,51.0,0.0,62.0,291.0,0.0,3.0,0.0,0.0,100.0,676.0,115.0,164.0,3386.0,0.0,1.0,19.0,6679.0,33.0,329.0,0.0,16.0
ctx-rh-superiortemporal,0.0,0.0,0.0,1.0,0.0,0.0,0.0,5.0,0.0,0.0,10.0,1.0,0.0,0.0,0.0,1.0,0.0,0.0,0.0,0.0,0.0,2.0,0.0,0.0,1.0,8.0,0.0,0.0,0.0,1.0,0.0,0.0,0.0,1.0,985.0,0.0,1.0,6.0,5.0,0.0,42.0,179.0,122.0,329.0,32.0,17.0,7.0,18.0,0.0,718.0,4.0,6.0,1.0,0.0,0.0,10.0,16.0,10.0,17.0,64.0,0.0,0.0,2.0,33.0,4767.0,282.0,258.0,603.0
ctx-rh-supramarginal,1.0,1.0,1.0,1.0,0.0,0.0,1.0,1.0,0.0,1.0,15.0,3.0,0.0,0.0,0.0,1.0,0.0,1.0,0.0,0.0,0.0,1.0,0.0,2.0,2.0,16.0,0.0,0.0,1.0,6.0,0.0,3.0,0.0,1.0,300.0,0.0,14.0,0.0,0.0,0.0,1.0,1192.0,6.0,351.0,43.0,1.0,0.0,3.0,0.0,23.0,41.0,0.0,30.0,0.0,0.0,0.0,1432.0,49.0,348.0,115.0,0.0,2.0,23.0,329.0,282.0,4493.0,1.0,24.0
ctx-rh-temporalpole,0.0,0.0,0.0,0.0,0.0,0.0,0.0,0.0,0.0,0.0,0.0,0.0,0.0,0.0,0.0,0.0,0.0,0.0,0.0,0.0,0.0,0.0,0.0,0.0,0.0,0.0,0.0,0.0,0.0,0.0,0.0,0.0,0.0,0.0,1.0,0.0,0.0,0.0,116.0,0.0,120.0,2.0,145.0,55.0,0.0,1.0,1.0,1.0,1.0,135.0,0.0,3.0,0.0,0.0,0.0,0.0,0.0,0.0,0.0,1.0,0.0,0.0,0.0,0.0,258.0,1.0,234.0,1.0
ctx-rh-transversetemporal,0.0,0.0,0.0,0.0,0.0,0.0,1.0,2.0,0.0,0.0,2.0,0.0,0.0,0.0,0.0,0.0,0.0,0.0,0.0,0.0,0.0,1.0,0.0,0.0,0.0,3.0,0.0,0.0,0.0,0.0,2.0,0.0,0.0,0.0,31.0,0.0,0.0,0.0,0.0,0.0,0.0,27.0,4.0,81.0,13.0,3.0,0.0,1.0,0.0,13.0,3.0,1.0,0.0,0.0,0.0,1.0,5.0,7.0,2.0,20.0,0.0,0.0,0.0,16.0,603.0,24.0,1.0,218.0
