,ctx-lh-bankssts,ctx-lh-caudalanteriorcingulate,ctx-lh-caudalmiddlefrontal,ctx-lh-cuneus,ctx-lh-entorhinal,ctx-lh-frontalpole,ctx-lh-fusiform,ctx-lh-inferiorparietal,ctx-lh-inferiortemporal,ctx-lh-insula,ctx-lh-isthmuscingulate,ctx-lh-lateraloccipital,ctx-lh-lateralorbitofrontal,ctx-lh-lingual,ctx-lh-medialorbitofrontal,ctx-lh-middletemporal,ctx-lh-paracentral,ctx-lh-parahippocampal,ctx-lh-parsopercularis,ctx-lh-parsorbitalis,ctx-lh-parstriangularis,ctx-lh-pericalcarine,ctx-lh-postcentral,ctx-lh-posteriorcingulate,ctx-lh-precentral,ctx-lh-precuneus,ctx-lh-rostralanteriorcingulate,ctx-lh-rostralmiddlefrontal,ctx-lh-superiorfrontal,ctx-lh-superiorparietal,ctx-lh-superiortemporal,ctx-lh-supramarginal,ctx-lh-temporalpole,ctx-lh-transversetemporal,ctx-rh-bankssts,ctx-rh-caudalanteriorcingulate,ctx-rh-caudalmiddlefrontal,ctx-rh-cuneus,ctx-rh-entorhinal,ctx-rh-frontalpole,ctx-rh-fusiform,ctx-rh-inferiorparietal,ctx-rh-inferiortemporal,ctx-rh-insula,ctx-rh-isthmuscingulate,ctx-rh-lateraloccipital,ctx-rh-lateralorbitofrontal,ctx-rh-lingual,ctx-rh-medialorbitofrontal,ctx-rh-middletemporal,ctx-rh-paracentral,ctx-rh-parahippocampal,ctx-rh-parsopercularis,ctx-rh-parsorbitalis,ctx-rh-parstriangularis,ctx-rh-pericalcarine,ctx-rh-postcentral,ctx-rh-posteriorcingulate,ctx-rh-precentral,ctx-rh-precuneus,ctx-rh-rostralanteriorcingulate,ctx-rh-rostralmiddlefrontal,ctx-rh-superiorfrontal,ctx-rh-superiorparietal,ctx-rh-superiortemporal,ctx-rh-supramarginal,ctx-rh-temporalpole,ctx-rh-transversetemporal
ctx-lh-bankssts,436.0,0.0,2.0,4.0,0.0,0.0,20.0,377.0,157.0,36.0,5.0,16.0,0.0,10.0,0.0,641.0,2.0,0.0,0.0,0.0,0.0,6.0,17.0,3.0,13.0,23.0,0.0,0.0,1.0,34.0,801.0,187.0,0.0,30.0,0.0,0.0,0.0,0.0,0.0,0.0,0.0,1.0,1.0,0.0,3.0,0.0,0.0,0.0,0.0,0.0,1.0,0.0,0.0,0.0,0.0,0.0,1.0,1.0,0.0,4.0,0.0,0.0,0.0,0.0,0.0,2.0,0.0,0.0
ctx-lh-caudalanteriorcingulate,0.0,526.0,46.0,0.0,0.0,0.0,0.0,1.0,0.0,13.0,11.0,0.0,6.0,0.0,9.0,0.0,23.0,0.0,17.0,1.0,9.0,0.0,1.0,400.0,25.0,8.0,244.0,101.0,716.0,1.0,0.0,2.0,0.0,0.0,0.0,123.0,28.0,0.0,0.0,0.0,0.0,1.0,0.0,3.0,0.0,0.0,1.0,0.0,5.0,0.0,12.0,0.0,12.0,0.0,6.0,0.0,3.0,16.0,18.0,0.0,60.0,39.0,187.0,0.0,0.0,0.0,0.0,1.0
ctx-lh-caudalmiddlefrontal,2.0,46.0,2234.0,0.0,0.0,0.0,0.0,3.0,0.0,32.0,2.0,0.0,3.0,0.0,1.0,2.0,25.0,1.0,282.0,1.0,15.0,0.0,35.0,20.0,1197.0,4.0,5.0,630.0,1104.0,7.0,1.0,3.0,0.0,0.0,0.0,20.0,10.0,0.0,0.0,0.0,0.0,1.0,1.0,3.0,1.0,0.0,0.0,0.0,0.0,0.0,4.0,0.0,1.0,0.0,1.0,0.0,3.0,18.0,19.0,1.0,0.0,4.0,41.0,1.0,0.0,0.0,0.0,1.0
ctx-lh-cuneus,4.0,0.0,0.0,1203.0,0.0,0.0,24.0,43.0,16.0,3.0,26.0,386.0,0.0,81.0,0.0,4.0,0.0,2.0,0.0,0.0,0.0,1358.0,0.0,0.0,0.0,198.0,0.0,0.0,1.0,613.0,1.0,0.0,0.0,1.0,1.0,0.0,0.0,73.0,0.0,0.0,1.0,5.0,2.0,1.0,5.0,16.0,0.0,5.0,0.0,2.0,0.0,0.0,0.0,0.0,0.0,97.0,0.0,2.0,0.0,20.0,0.0,0.0,0.0,7.0,2.0,0.0,0.0,1.0
ctx-lh-entorhinal,0.0,0.0,0.0,0.0,325.0,0.0,402.0,1.0,65.0,7.0,0.0,2.0,0.0,0.0,0.0,22.0,0.0,131.0,0.0,0.0,0.0,0.0,0.0,0.0,0.0,0.0,0.0,0.0,0.0,0.0,21.0,0.0,245.0,1.0,0.0,0.0,0.0,0.0,0.0,0.0,0.0,0.0,0.0,0.0,0.0,0.0,0.0,0.0,0.0,0.0,0.0,0.0,0.0,0.0,0.0,0.0,0.0,0.0,0.0,0.0,0.0,0.0,0.0,0.0,0.0,0.0,0.0,0.0
ctx-lh-frontalpole,0.0,0.0,0.0,0.0,0.0,32.0,0.0,0.0,0.0,0.0,0.0,0.0,80.0,0.0,140.0,0.0,0.0,0.0,0.0,1.0,0.0,0.0,0.0,0.0,0.0,0.0,0.0,79.0,44.0,0.0,0.0,0.0,0.0,0.0,0.0,0.0,0.0,0.0,0.0,0.0,0.0,0.0,0.0,0.0,0.0,0.0,0.0,0.0,0.0,0.0,0.0,0.0,0.0,0.0,0.0,0.0,0.0,0.0,0.0,0.0,0.0,0.0,0.0,0.0,0.0,0.0,0.0,0.0
ctx-lh-fusiform,20.0,0.0,0.0,24.0,402.0,0.0,2897.0,87.0,1187.0,55.0,23.0,1136.0,10.0,756.0,1.0,195.0,2.0,675.0,0.0,0.0,0.0,86.0,2.0,1.0,3.0,29.0,0.0,1.0,0.0,34.0,106.0,5.0,172.0,8.0,0.0,0.0,1.0,2.0,0.0,0.0,0.0,1.0,0.0,1.0,3.0,1.0,0.0,2.0,0.0,1.0,1.0,0.0,0.0,0.0,0.0,0.0,2.0,2.0,0.0,7.0,0.0,0.0,0.0,11.0,0.0,0.0,0.0,1.0
ctx-lh-inferiorparietal,377.0,1.0,3.0,43.0,1.0,0.0,87.0,5652.0,261.0,85.0,42.0,970.0,0.0,35.0,0.0,352.0,6.0,1.0,4.0,0.0,0.0,23.0,129.0,7.0,91.0,255.0,0.0,0.0,4.0,1223.0,183.0,1127.0,0.0,26.0,2.0,0.0,0.0,1.0,0.0,0.0,0.0,6.0,5.0,0.0,11.0,4.0,0.0,1.0,0.0,1.0,4.0,1.0,0.0,0.0,0.0,2.0,0.0,5.0,1.0,23.0,0.0,0.0,1.0,14.0,4.0,1.0,0.0,2.0
ctx-lh-inferiortemporal,157.0,0.0,0.0,16.0,65.0,0.0,1187.0,261.0,3700.0,89.0,9.0,383.0,8.0,61.0,2.0,1499.0,0.0,21.0,0.0,0.0,0.0,33.0,7.0,0.0,2.0,33.0,0.0,0.0,0.0,33.0,247.0,21.0,111.0,14.0,1.0,0.0,0.0,3.0,0.0,0.0,0.0,4.0,2.0,0.0,4.0,0.0,0.0,0.0,0.0,0.0,0.0,1.0,0.0,0.0,0.0,0.0,0.0,3.0,0.0,11.0,0.0,0.0,0.0,8.0,2.0,0.0,0.0,1.0
ctx-lh-insula,36.0,13.0,32.0,3.0,7.0,0.0,55.0,85.0,89.0,1324.0,8.0,14.0,472.0,9.0,26.0,110.0,15.0,4.0,248.0,10.0,85.0,3.0,296.0,16.0,375.0,29.0,20.0,88.0,69.0,69.0,197.0,252.0,13.0,58.0,1.0,8.0,0.0,1.0,0.0,0.0,0.0,3.0,1.0,1.0,3.0,0.0,0.0,0.0,0.0,1.0,5.0,0.0,2.0,0.0,0.0,0.0,0.0,9.0,9.0,13.0,1.0,0.0,9.0,6.0,1.0,0.0,0.0,0.0
ctx-lh-isthmuscingulate,5.0,11.0,2.0,26.0,0.0,0.0,23.0,42.0,9.0,8.0,719.0,34.0,0.0,147.0,0.0,9.0,17.0,139.0,1.0,0.0,0.0,33.0,0.0,395.0,13.0,936.0,0.0,0.0,14.0,77.0,17.0,3.0,0.0,10.0,2.0,3.0,1.0,1.0,0.0,0.0,1.0,27.0,7.0,6.0,77.0,6.0,0.0,5.0,0.0,7.0,10.0,0.0,0.0,0.0,0.0,4.0,10.0,24.0,9.0,98.0,0.0,0.0,3.0,41.0,9.0,10.0,0.0,5.0
ctx-lh-lateraloccipital,16.0,0.0,0.0,386.0,2.0,0.0,1136.0,970.0,383.0,14.0,34.0,7815.0,1.0,696.0,0.0,130.0,1.0,12.0,0.0,0.0,0.0,719.0,1.0,1.0,2.0,88.0,0.0,0.0,0.0,463.0,38.0,5.0,1.0,8.0,2.0,0.0,0.0,4.0,0.0,0.0,0.0,8.0,3.0,1.0,10.0,2.0,0.0,4.0,0.0,1.0,0.0,1.0,0.0,0.0,0.0,2.0,1.0,2.0,2.0,24.0,0.0,0.0,0.0,7.0,3.0,3.0,0.0,0.0
ctx-lh-lateralorbitofrontal,0.0,6.0,3.0,0.0,0.0,80.0,10.0,0.0,8.0,472.0,0.0,1.0,3535.0,1.0,1960.0,18.0,0.0,1.0,24.0,611.0,446.0,1.0,1.0,0.0,8.0,0.0,160.0,1032.0,110.0,1.0,8.0,0.0,3.0,0.0,0.0,2.0,0.0,0.0,0.0,0.0,0.0,0.0,0.0,0.0,0.0,0.0,0.0,0.0,1.0,1.0,0.0,0.0,0.0,0.0,0.0,0.0,0.0,0.0,0.0,0.0,3.0,0.0,6.0,0.0,0.0,0.0,0.0,0.0
ctx-lh-lingual,10.0,0.0,0.0,81.0,0.0,0.0,756.0,35.0,61.0,9.0,147.0,696.0,1.0,4970.0,1.0,23.0,0.0,277.0,0.0,0.0,0.0,998.0,0.0,1.0,0.0,92.0,0.0,0.0,1.0,40.0,10.0,1.0,0.0,3.0,0.0,0.0,0.0,0.0,0.0,0.0,1.0,1.0,1.0,1.0,4.0,2.0,0.0,10.0,0.0,1.0,1.0,0.0,0.0,0.0,0.0,2.0,0.0,1.0,0.0,20.0,0.0,0.0,0.0,5.0,1.0,0.0,0.0,1.0
ctx-lh-medialorbitofrontal,0.0,9.0,1.0,0.0,0.0,140.0,1.0,0.0,2.0,26.0,0.0,0.0,1960.0,1.0,1411.0,0.0,0.0,1.0,1.0,53.0,50.0,0.0,0.0,2.0,0.0,0.0,302.0,618.0,268.0,0.0,2.0,0.0,0.0,0.0,0.0,8.0,0.0,0.0,0.0,0.0,0.0,0.0,0.0,1.0,0.0,0.0,0.0,0.0,1.0,0.0,0.0,0.0,0.0,0.0,1.0,0.0,0.0,0.0,0.0,0.0,5.0,3.0,1.0,0.0,0.0,0.0,0.0,0.0
ctx-lh-middletemporal,641.0,0.0,2.0,4.0,22.0,0.0,195.0,352.0,1499.0,110.0,9.0,130.0,18.0,23.0,0.0,2341.0,1.0,5.0,1.0,0.0,0.0,8.0,12.0,7.0,6.0,25.0,0.0,0.0,1.0,34.0,1234.0,47.0,145.0,32.0,0.0,0.0,0.0,1.0,0.0,0.0,0.0,6.0,0.0,1.0,6.0,0.0,0.0,1.0,0.0,1.0,0.0,0.0,0.0,0.0,0.0,0.0,0.0,2.0,0.0,2.0,0.0,0.0,0.0,4.0,0.0,1.0,0.0,1.0
ctx-lh-paracentral,2.0,23.0,25.0,0.0,0.0,0.0,2.0,6.0,0.0,15.0,17.0,1.0,0.0,0.0,0.0,1.0,1578.0,0.0,4.0,0.0,0.0,1.0,400.0,289.0,731.0,167.0,0.0,3.0,456.0,125.0,1.0,7.0,0.0,4.0,0.0,7.0,8.0,0.0,0.0,0.0,0.0,1.0,0.0,0.0,4.0,0.0,0.0,0.0,0.0,1.0,41.0,0.0,3.0,0.0,0.0,0.0,3.0,36.0,24.0,13.0,0.0,1.0,30.0,6.0,1.0,2.0,0.0,0.0
ctx-lh-parahippocampal,0.0,0.0,1.0,2.0,131.0,0.0,675.0,1.0,21.0,4.0,139.0,12.0,1.0,277.0,1.0,5.0,0.0,535.0,0.0,0.0,0.0,6.0,0.0,1.0,0.0,27.0,0.0,0.0,0.0,7.0,3.0,1.0,1.0,0.0,0.0,0.0,0.0,0.0,0.0,0.0,0.0,0.0,1.0,0.0,1.0,0.0,0.0,0.0,0.0,0.0,0.0,0.0,0.0,0.0,0.0,0.0,0.0,0.0,0.0,2.0,0.0,0.0,0.0,0.0,0.0,0.0,0.0,0.0
ctx-lh-parsopercularis,0.0,17.0,282.0,0.0,0.0,0.0,0.0,4.0,0.0,248.0,1.0,0.0,24.0,0.0,1.0,1.0,4.0,0.0,1490.0,6.0,597.0,0.0,36.0,8.0,658.0,1.0,12.0,361.0,131.0,5.0,1.0,15.0,0.0,0.0,0.0,8.0,5.0,0.0,0.0,0.0,0.0,0.0,0.0,0.0,0.0,0.0,0.0,0.0,0.0,0.0,5.0,0.0,1.0,0.0,0.0,0.0,0.0,5.0,0.0,0.0,1.0,1.0,17.0,0.0,0.0,0.0,0.0,0.0
ctx-lh-parsorbitalis,0.0,1.0,1.0,0.0,0.0,1.0,0.0,0.0,0.0,10.0,0.0,0.0,611.0,0.0,53.0,0.0,0.0,0.0,6.0,422.0,386.0,0.0,0.0,1.0,0.0,0.0,14.0,383.0,17.0,0.0,0.0,0.0,0.0,0.0,0.0,2.0,0.0,0.0,0.0,0.0,0.0,0.0,0.0,0.0,0.0,0.0,0.0,0.0,0.0,0.0,0.0,0.0,0.0,0.0,0.0,0.0,0.0,1.0,0.0,0.0,1.0,1.0,0.0,0.0,0.0,0.0,0.0,0.0
ctx-lh-parstriangularis,0.0,9.0,15.0,0.0,0.0,0.0,0.0,0.0,0.0,85.0,0.0,0.0,446.0,0.0,50.0,0.0,0.0,0.0,597.0,386.0,1033.0,0.0,1.0,1.0,16.0,0.0,53.0,730.0,69.0,1.0,0.0,1.0,0.0,0.0,0.0,7.0,0.0,0.0,0.0,0.0,0.0,0.0,0.0,0.0,0.0,0.0,0.0,0.0,1.0,0.0,0.0,0.0,0.0,0.0,0.0,0.0,0.0,0.0,1.0,0.0,4.0,5.0,8.0,0.0,0.0,0.0,0.0,0.0
ctx-lh-pericalcarine,6.0,0.0,0.0,1358.0,0.0,0.0,86.0,23.0,33.0,3.0,33.0,719.0,1.0,998.0,0.0,8.0,1.0,6.0,0.0,0.0,0.0,877.0,1.0,0.0,0.0,238.0,0.0,0.0,0.0,152.0,10.0,1.0,2.0,5.0,1.0,0.0,0.0,15.0,0.0,0.0,0.0,6.0,3.0,1.0,8.0,0.0,0.0,7.0,0.0,3.0,0.0,1.0,1.0,0.0,0.0,10.0,0.0,0.0,1.0,24.0,0.0,0.0,0.0,8.0,6.0,3.0,0.0,2.0
ctx-lh-postcentral,17.0,1.0,35.0,0.0,0.0,0.0,2.0,129.0,7.0,296.0,0.0,1.0,1.0,0.0,0.0,12.0,400.0,0.0,36.0,0.0,1.0,1.0,5106.0,22.0,1627.0,70.0,0.0,5.0,38.0,630.0,28.0,1145.0,0.0,4.0,0.0,1.0,0.0,1.0,0.0,0.0,0.0,0.0,0.0,0.0,1.0,0.0,0.0,0.0,0.0,0.0,4.0,0.0,0.0,0.0,0.0,0.0,1.0,10.0,6.0,3.0,0.0,0.0,3.0,2.0,0.0,2.0,0.0,0.0
ctx-lh-posteriorcingulate,3.0,400.0,20.0,0.0,0.0,0.0,1.0,7.0,0.0,16.0,395.0,1.0,0.0,1.0,2.0,7.0,289.0,1.0,8.0,1.0,1.0,0.0,22.0,1164.0,61.0,426.0,17.0,11.0,379.0,37.0,5.0,3.0,0.0,5.0,1.0,27.0,18.0,0.0,0.0,0.0,2.0,5.0,5.0,2.0,22.0,1.0,0.0,1.0,0.0,2.0,72.0,0.0,1.0,0.0,1.0,0.0,16.0,121.0,51.0,39.0,2.0,2.0,61.0,22.0,5.0,7.0,0.0,1.0
ctx-lh-precentral,13.0,25.0,1197.0,0.0,0.0,0.0,3.0,91.0,2.0,375.0,13.0,2.0,8.0,0.0,0.0,6.0,731.0,0.0,658.0,0.0,16.0,0.0,1627.0,61.0,7491.0,60.0,1.0,53.0,799.0,253.0,21.0,198.0,0.0,4.0,0.0,16.0,15.0,0.0,0.0,0.0,0.0,3.0,0.0,0.0,3.0,0.0,0.0,0.0,1.0,0.0,27.0,0.0,5.0,0.0,0.0,0.0,2.0,45.0,23.0,10.0,2.0,1.0,39.0,3.0,0.0,2.0,0.0,0.0
ctx-lh-precuneus,23.0,8.0,4.0,198.0,0.0,0.0,29.0,255.0,33.0,29.0,936.0,88.0,0.0,92.0,0.0,25.0,167.0,27.0,1.0,0.0,0.0,238.0,70.0,426.0,60.0,3571.0,1.0,0.0,30.0,2087.0,41.0,16.0,0.0,24.0,5.0,3.0,1.0,6.0,0.0,0.0,6.0,29.0,11.0,12.0,79.0,8.0,0.0,7.0,0.0,4.0,14.0,0.0,1.0,0.0,0.0,1.0,7.0,33.0,12.0,111.0,1.0,0.0,8.0,42.0,16.0,7.0,0.0,4.0
ctx-lh-rostralanteriorcingulate,0.0,244.0,5.0,0.0,0.0,0.0,0.0,0.0,0.0,20.0,0.0,0.0,160.0,0.0,302.0,0.0,0.0,0.0,12.0,14.0,53.0,0.0,0.0,17.0,1.0,1.0,979.0,200.0,405.0,0.0,0.0,1.0,0.0,0.0,0.0,66.0,2.0,0.0,0.0,1.0,0.0,0.0,0.0,4.0,0.0,0.0,1.0,0.0,17.0,0.0,0.0,0.0,4.0,1.0,9.0,0.0,0.0,1.0,3.0,0.0,143.0,20.0,68.0,0.0,0.0,0.0,0.0,0.0
ctx-lh-rostralmiddlefrontal,0.0,101.0,630.0,0.0,0.0,79.0,1.0,0.0,0.0,88.0,0.0,0.0,1032.0,0.0,618.0,0.0,3.0,0.0,361.0,383.0,730.0,0.0,5.0,11.0,53.0,0.0,200.0,5288.0,2519.0,1.0,0.0,0.0,0.0,0.0,0.0,34.0,6.0,0.0,0.0,0.0,0.0,0.0,0.0,1.0,0.0,0.0,0.0,0.0,1.0,0.0,0.0,0.0,9.0,1.0,4.0,0.0,0.0,2.0,10.0,0.0,18.0,22.0,53.0,0.0,0.0,2.0,0.0,1.0
ctx-lh-superiorfrontal,1.0,716.0,1104.0,1.0,0.0,44.0,0.0,4.0,0.0,69.0,14.0,0.0,110.0,1.0,268.0,1.0,456.0,0.0,131.0,17.0,69.0,0.0,38.0,379.0,799.0,30.0,405.0,2519.0,9151.0,12.0,2.0,5.0,0.0,0.0,1.0,129.0,60.0,0.0,0.0,0.0,0.0,3.0,0.0,5.0,4.0,0.0,1.0,0.0,2.0,0.0,46.0,0.0,11.0,1.0,3.0,0.0,6.0,71.0,53.0,7.0,25.0,43.0,257.0,3.0,0.0,2.0,0.0,1.0
ctx-lh-superiorparietal,34.0,1.0,7.0,613.0,0.0,0.0,34.0,1223.0,33.0,69.0,77.0,463.0,1.0,40.0,0.0,34.0,125.0,7.0,5.0,0.0,1.0,152.0,630.0,37.0,253.0,2087.0,0.0,1.0,12.0,5565.0,45.0,521.0,0.0,23.0,0.0,0.0,0.0,4.0,0.0,0.0,1.0,18.0,5.0,4.0,22.0,4.0,0.0,2.0,0.0,1.0,8.0,1.0,0.0,0.0,0.0,5.0,2.0,17.0,6.0,49.0,0.0,1.0,2.0,25.0,12.0,2.0,0.0,0.0
ctx-lh-superiortemporal,801.0,0.0,1.0,1.0,21.0,0.0,106.0,183.0,247.0,197.0,17.0,38.0,8.0,10.0,2.0,1234.0,1.0,3.0,1.0,0.0,0.0,10.0,28.0,5.0,21.0,41.0,0.0,0.0,2.0,45.0,3838.0,333.0,248.0,464.0,3.0,1.0,0.0,2.0,0.0,0.0,0.0,2.0,0.0,3.0,12.0,1.0,0.0,3.0,0.0,1.0,0.0,0.0,0.0,0.0,0.0,1.0,2.0,7.0,2.0,14.0,0.0,0.0,1.0,6.0,3.0,3.0,0.0,1.0
ctx-lh-supramarginal,187.0,2.0,3.0,0.0,0.0,0.0,5.0,1127.0,21.0,252.0,3.0,5.0,0.0,1.0,0.0,47.0,7.0,1.0,15.0,0.0,1.0,1.0,1145.0,3.0,198.0,16.0,1.0,0.0,5.0,521.0,333.0,3691.0,0.0,10.0,0.0,0.0,0.0,1.0,0.0,0.0,0.0,0.0,0.0,0.0,5.0,0.0,0.0,0.0,0.0,0.0,2.0,0.0,0.0,0.0,0.0,0.0,0.0,3.0,0.0,3.0,1.0,0.0,3.0,2.0,0.0,0.0,0.0,1.0
ctx-lh-temporalpole,0.0,0.0,0.0,0.0,245.0,0.0,172.0,0.0,111.0,13.0,0.0,1.0,3.0,0.0,0.0,145.0,0.0,1.0,0.0,0.0,0.0,2.0,0.0,0.0,0.0,0.0,0.0,0.0,0.0,0.0,248.0,0.0,422.0,0.0,0.0,0.0,0.0,0.0,0.0,0.0,0.0,0.0,0.0,0.0,0.0,0.0,0.0,0.0,0.0,0.0,0.0,0.0,0.0,0.0,0.0,0.0,0.0,0.0,0.0,0.0,0.0,0.0,0.0,0.0,0.0,0.0,0.0,0.0
ctx-lh-transversetemporal,30.0,0.0,0.0,1.0,1.0,0.0,8.0,26.0,14.0,58.0,10.0,8.0,0.0,3.0,0.0,32.0,4.0,0.0,0.0,0.0,0.0,5.0,4.0,5.0,4.0,24.0,0.0,0.0,0.0,23.0,464.0,10.0,0.0,265.0,0.0,1.0,0.0,1.0,0.0,0.0,0.0,3.0,0.0,3.0,4.0,0.0,0.0,0.0,0.0,0.0,0.0,0.0,0.0,0.0,0.0,0.0,0.0,5.0,0.0,13.0,0.0,0.0,0.0,3.0,1.0,1.0,0.0,0.0
ctx-rh-bankssts,0.0,0.0,0.0,1.0,0.0,0.0,0.0,2.0,1.0,1.0,2.0,2.0,0.0,0.0,0.0,0.0,0.0,0.0,0.0,0.0,0.0,1.0,0.0,1.0,0.0,5.0,0.0,0.0,1.0,0.0,3.0,0.0,0.0,0.0,504.0,0.0,0.0,7.0,0.0,0.0,10.0,508.0,87.0,16.0,5.0,17.0,0.0,10.0,0.0,582.0,2.0,0.0,1.0,0.0,0.0,3.0,9.0,1.0,9.0,28.0,0.0,0.0,0.0,29.0,747.0,290.0,0.0,35.0
ctx-rh-caudalanteriorcingulate,0.0,123.0,20.0,0.0,0.0,0.0,0.0,0.0,0.0,8.0,3.0,0.0,2.0,0.0,8.0,0.0,7.0,0.0,8.0,2.0,7.0,0.0,1.0,27.0,16.0,3.0,66.0,34.0,129.0,0.0,1.0,0.0,0.0,1.0,0.0,482.0,40.0,0.0,0.0,0.0,0.0,1.0,1.0,12.0,12.0,0.0,7.0,0.0,9.0,0.0,33.0,0.0,29.0,6.0,23.0,0.0,2.0,275.0,24.0,8.0,224.0,89.0,646.0,1.0,1.0,1.0,0.0,0.0
ctx-rh-caudalmiddlefrontal,0.0,28.0,10.0,0.0,0.0,0.0,1.0,0.0,0.0,0.0,1.0,0.0,0.0,0.0,0.0,0.0,8.0,0.0,5.0,0.0,0.0,0.0,0.0,18.0,15.0,1.0,2.0,6.0,60.0,0.0,0.0,0.0,0.0,0.0,0.0,40.0,2303.0,0.0,0.0,0.0,0.0,4.0,0.0,34.0,1.0,0.0,1.0,0.0,0.0,0.0,30.0,0.0,199.0,1.0,19.0,0.0,32.0,26.0,1091.0,0.0,0.0,778.0,801.0,5.0,0.0,5.0,0.0,0.0
ctx-rh-cuneus,0.0,0.0,0.0,73.0,0.0,0.0,2.0,1.0,3.0,1.0,1.0,4.0,0.0,0.0,0.0,1.0,0.0,0.0,0.0,0.0,0.0,15.0,1.0,0.0,0.0,6.0,0.0,0.0,0.0,4.0,2.0,1.0,0.0,1.0,7.0,0.0,0.0,1218.0,0.0,0.0,37.0,50.0,26.0,2.0,28.0,570.0,0.0,197.0,0.0,17.0,0.0,4.0,0.0,0.0,0.0,1531.0,0.0,0.0,1.0,276.0,0.0,0.0,0.0,520.0,7.0,2.0,0.0,1.0
ctx-rh-entorhinal,0.0,0.0,0.0,0.0,0.0,0.0,0.0,0.0,0.0,0.0,0.0,0.0,0.0,0.0,0.0,0.0,0.0,0.0,0.0,0.0,0.0,0.0,0.0,0.0,0.0,0.0,0.0,0.0,0.0,0.0,0.0,0.0,0.0,0.0,0.0,0.0,0.0,0.0,237.0,0.0,171.0,0.0,268.0,6.0,0.0,2.0,0.0,1.0,0.0,71.0,0.0,98.0,0.0,0.0,0.0,0.0,0.0,0.0,0.0,1.0,0.0,0.0,0.0,0.0,33.0,0.0,224.0,1.0
ctx-rh-frontalpole,0.0,0.0,0.0,0.0,0.0,0.0,0.0,0.0,0.0,0.0,0.0,0.0,0.0,0.0,0.0,0.0,0.0,0.0,0.0,0.0,0.0,0.0,0.0,0.0,0.0,0.0,1.0,0.0,0.0,0.0,0.0,0.0,0.0,0.0,0.0,0.0,0.0,0.0,0.0,40.0,0.0,0.0,0.0,0.0,0.0,0.0,95.0,0.0,183.0,0.0,0.0,0.0,0.0,10.0,2.0,0.0,0.0,0.0,0.0,0.0,4.0,160.0,58.0,0.0,0.0,0.0,0.0,0.0
ctx-rh-fusiform,0.0,0.0,0.0,1.0,0.0,0.0,0.0,0.0,0.0,0.0,1.0,0.0,0.0,1.0,0.0,0.0,0.0,0.0,0.0,0.0,0.0,0.0,0.0,2.0,0.0,6.0,0.0,0.0,0.0,1.0,0.0,0.0,0.0,0.0,10.0,0.0,0.0,37.0,171.0,0.0,2954.0,92.0,1122.0,13.0,12.0,1166.0,1.0,699.0,0.0,225.0,0.0,450.0,0.0,0.0,0.0,146.0,0.0,1.0,0.0,21.0,0.0,0.0,1.0,35.0,63.0,1.0,54.0,4.0
ctx-rh-inferiorparietal,1.0,1.0,1.0,5.0,0.0,0.0,1.0,6.0,4.0,3.0,27.0,8.0,0.0,1.0,0.0,6.0,1.0,0.0,0.0,0.0,0.0,6.0,0.0,5.0,3.0,29.0,0.0,0.0,3.0,18.0,2.0,0.0,0.0,3.0,508.0,1.0,4.0,50.0,0.0,0.0,92.0,6885.0,260.0,59.0,46.0,942.0,0.0,25.0,0.0,590.0,5.0,7.0,4.0,0.0,0.0,21.0,139.0,7.0,53.0,265.0,0.0,1.0,4.0,1572.0,172.0,803.0,0.0,36.0
ctx-rh-inferiortemporal,1.0,0.0,1.0,2.0,0.0,0.0,0.0,5.0,2.0,1.0,7.0,3.0,0.0,1.0,0.0,0.0,0.0,1.0,0.0,0.0,0.0,3.0,0.0,5.0,0.0,11.0,0.0,0.0,0.0,5.0,0.0,0.0,0.0,0.0,87.0,1.0,0.0,26.0,268.0,0.0,1122.0,260.0,3671.0,73.0,12.0,361.0,5.0,72.0,1.0,1820.0,2.0,35.0,0.0,0.0,0.0,30.0,4.0,2.0,0.0,47.0,0.0,0.0,1.0,59.0,196.0,19.0,251.0,15.0
ctx-rh-insula,0.0,3.0,3.0,1.0,0.0,0.0,1.0,0.0,0.0,1.0,6.0,1.0,0.0,1.0,1.0,1.0,0.0,0.0,0.0,0.0,0.0,1.0,0.0,2.0,0.0,12.0,4.0,1.0,5.0,4.0,3.0,0.0,0.0,3.0,16.0,12.0,34.0,2.0,6.0,0.0,13.0,59.0,73.0,1276.0,13.0,7.0,481.0,5.0,26.0,132.0,11.0,6.0,209.0,19.0,122.0,0.0,168.0,15.0,226.0,23.0,12.0,124.0,78.0,66.0,229.0,203.0,4.0,44.0
ctx-rh-isthmuscingulate,3.0,0.0,1.0,5.0,0.0,0.0,3.0,11.0,4.0,3.0,77.0,10.0,0.0,4.0,0.0,6.0,4.0,1.0,0.0,0.0,0.0,8.0,1.0,22.0,3.0,79.0,0.0,0.0,4.0,22.0,12.0,5.0,0.0,4.0,5.0,12.0,1.0,28.0,0.0,0.0,12.0,46.0,12.0,13.0,638.0,9.0,0.0,130.0,0.0,11.0,26.0,103.0,0.0,0.0,0.0,21.0,8.0,265.0,12.0,884.0,1.0,1.0,12.0,109.0,14.0,12.0,0.0,6.0
ctx-rh-lateraloccipital,0.0,0.0,0.0,16.0,0.0,0.0,1.0,4.0,0.0,0.0,6.0,2.0,0.0,2.0,0.0,0.0,0.0,0.0,0.0,0.0,0.0,0.0,0.0,1.0,0.0,8.0,0.0,0.0,0.0,4.0,1.0,0.0,0.0,0.0,17.0,0.0,0.0,570.0,2.0,0.0,1166.0,942.0,361.0,7.0,9.0,7558.0,0.0,745.0,0.0,105.0,1.0,10.0,0.0,0.0,0.0,794.0,2.0,1.0,2.0,82.0,0.0,0.0,0.0,493.0,19.0,5.0,0.0,5.0
ctx-rh-lateralorbitofrontal,0.0,1.0,0.0,0.0,0.0,0.0,0.0,0.0,0.0,0.0,0.0,0.0,0.0,0.0,0.0,0.0,0.0,0.0,0.0,0.0,0.0,0.0,0.0,0.0,0.0,0.0,1.0,0.0,1.0,0.0,0.0,0.0,0.0,0.0,0.0,7.0,1.0,0.0,0.0,95.0,1.0,0.0,5.0,481.0,0.0,0.0,2791.0,0.0,1451.0,7.0,0.0,0.0,16.0,595.0,216.0,0.0,0.0,0.0,3.0,0.0,155.0,739.0,81.0,0.0,9.0,0.0,0.0,0.0
ctx-rh-lingual,0.0,0.0,0.0,5.0,0.0,0.0,2.0,1.0,0.0,0.0,5.0,4.0,0.0,10.0,0.0,1.0,0.0,0.0,0.0,0.0,0.0,7.0,0.0,1.0,0.0,7.0,0.0,0.0,0.0,2.0,3.0,0.0,0.0,0.0,10.0,0.0,0.0,197.0,1.0,0.0,699.0,25.0,72.0,5.0,130.0,745.0,0.0,4011.0,0.0,32.0,0.0,324.0,0.0,0.0,0.0,1225.0,0.0,0.0,1.0,185.0,0.0,0.0,0.0,84.0,24.0,2.0,0.0,6.0
ctx-rh-medialorbitofrontal,0.0,5.0,0.0,0.0,0.0,0.0,0.0,0.0,0.0,0.0,0.0,0.0,1.0,0.0,1.0,0.0,0.0,0.0,0.0,0.0,1.0,0.0,0.0,0.0,1.0,0.0,17.0,1.0,2.0,0.0,0.0,0.0,0.0,0.0,0.0,9.0,0.0,0.0,0.0,183.0,0.0,0.0,1.0,26.0,0.0,0.0,1451.0,0.0,1557.0,0.0,0.0,0.0,1.0,41.0,26.0,0.0,0.0,0.0,0.0,0.0,450.0,505.0,259.0,0.0,4.0,0.0,0.0,0.0
ctx-rh-middletemporal,0.0,0.0,0.0,2.0,0.0,0.0,1.0,1.0,0.0,1.0,7.0,1.0,1.0,1.0,0.0,1.0,1.0,0.0,0.0,0.0,0.0,3.0,0.0,2.0,0.0,4.0,0.0,0.0,0.0,1.0,1.0,0.0,0.0,0.0,582.0,0.0,0.0,17.0,71.0,0.0,225.0,590.0,1820.0,132.0,11.0,105.0,7.0,32.0,0.0,3518.0,2.0,13.0,0.0,0.0,0.0,14.0,7.0,1.0,3.0,23.0,0.0,0.0,0.0,35.0,720.0,27.0,103.0,15.0
ctx-rh-paracentral,1.0,12.0,4.0,0.0,0.0,0.0,1.0,4.0,0.0,5.0,10.0,0.0,0.0,1.0,0.0,0.0,41.0,0.0,5.0,0.0,0.0,0.0,4.0,72.0,27.0,14.0,0.0,0.0,46.0,8.0,0.0,2.0,0.0,0.0,2.0,33.0,30.0,0.0,0.0,0.0,0.0,5.0,2.0,11.0,26.0,1.0,0.0,0.0,0.0,2.0,1606.0,0.0,4.0,0.0,2.0,0.0,436.0,314.0,786.0,237.0,0.0,5.0,478.0,213.0,3.0,9.0,0.0,0.0
ctx-rh-parahippocampal,0.0,0.0,0.0,0.0,0.0,0.0,0.0,1.0,1.0,0.0,0.0,1.0,0.0,0.0,0.0,0.0,0.0,0.0,0.0,0.0,0.0,1.0,0.0,0.0,0.0,0.0,0.0,0.0,0.0,1.0,0.0,0.0,0.0,0.0,0.0,0.0,0.0,4.0,98.0,0.0,450.0,7.0,35.0,6.0,103.0,10.0,0.0,324.0,0.0,13.0,0.0,393.0,0.0,0.0,0.0,8.0,0.0,0.0,0.0,21.0,0.0,0.0,0.0,1.0,12.0,0.0,1.0,1.0
ctx-rh-parsopercularis,0.0,12.0,1.0,0.0,0.0,0.0,0.0,0.0,0.0,2.0,0.0,0.0,0.0,0.0,0.0,0.0,3.0,0.0,1.0,0.0,0.0,1.0,0.0,1.0,5.0,1.0,4.0,9.0,11.0,0.0,0.0,0.0,0.0,0.0,1.0,29.0,199.0,0.0,0.0,0.0,0.0,4.0,0.0,209.0,0.0,0.0,16.0,0.0,1.0,0.0,4.0,0.0,1435.0,8.0,424.0,0.0,51.0,3.0,598.0,0.0,6.0,445.0,156.0,8.0,1.0,17.0,0.0,0.0
ctx-rh-parsorbitalis,0.0,0.0,0.0,0.0,0.0,0.0,0.0,0.0,0.0,0.0,0.0,0.0,0.0,0.0,0.0,0.0,0.0,0.0,0.0,0.0,0.0,0.0,0.0,0.0,0.0,0.0,1.0,1.0,1.0,0.0,0.0,0.0,0.0,0.0,0.0,6.0,1.0,0.0,0.0,10.0,0.0,0.0,0.0,19.0,0.0,0.0,595.0,0.0,41.0,0.0,0.0,0.0,8.0,636.0,264.0,0.0,0.0,0.0,2.0,0.0,17.0,469.0,43.0,0.0,0.0,0.0,0.0,0.0
ctx-rh-parstriangularis,0.0,6.0,1.0,0.0,0.0,0.0,0.0,0.0,0.0,0.0,0.0,0.0,0.0,0.0,1.0,0.0,0.0,0.0,0.0,0.0,0.0,0.0,0.0,1.0,0.0,0.0,9.0,4.0,3.0,0.0,0.0,0.0,0.0,0.0,0.0,23.0,19.0,0.0,0.0,2.0,0.0,0.0,0.0,122.0,0.0,0.0,216.0,0.0,26.0,0.0,2.0,0.0,424.0,264.0,1141.0,0.0,1.0,0.0,14.0,0.0,38.0,808.0,109.0,1.0,1.0,2.0,0.0,0.0
ctx-rh-pericalcarine,0.0,0.0,0.0,97.0,0.0,0.0,0.0,2.0,0.0,0.0,4.0,2.0,0.0,2.0,0.0,0.0,0.0,0.0,0.0,0.0,0.0,10.0,0.0,0.0,0.0,1.0,0.0,0.0,0.0,5.0,1.0,0.0,0.0,0.0,3.0,0.0,0.0,1531.0,0.0,0.0,146.0,21.0,30.0,0.0,21.0,794.0,0.0,1225.0,0.0,14.0,0.0,8.0,0.0,0.0,0.0,763.0,0.0,0.0,0.0,165.0,0.0,0.0,0.0,84.0,8.0,1.0,0.0,1.0
ctx-rh-postcentral,1.0,3.0,3.0,0.0,0.0,0.0,2.0,0.0,0.0,0.0,10.0,1.0,0.0,0.0,0.0,0.0,3.0,0.0,0.0,0.0,0.0,0.0,1.0,16.0,2.0,7.0,0.0,0.0,6.0,2.0,2.0,0.0,0.0,0.0,9.0,2.0,32.0,0.0,0.0,0.0,0.0,139.0,4.0,168.0,8.0,2.0,0.0,0.0,0.0,7.0,436.0,0.0,51.0,0.0,1.0,0.0,4554.0,25.0,1684.0,150.0,0.0,5.0,18.0,668.0,38.0,1269.0,0.0,9.0
ctx-rh-posteriorcingulate,1.0,16.0,18.0,2.0,0.0,0.0,2.0,5.0,3.0,9.0,24.0,2.0,0.0,1.0,0.0,2.0,36.0,0.0,5.0,1.0,0.0,0.0,10.0,121.0,45.0,33.0,1.0,2.0,71.0,17.0,7.0,3.0,0.0,5.0,1.0,275.0,26.0,0.0,0.0,0.0,1.0,7.0,2.0,15.0,265.0,1.0,0.0,0.0,0.0,1.0,314.0,0.0,3.0,0.0,0.0,0.0,25.0,872.0,61.0,297.0,3.0,4.0,388.0,32.0,4.0,7.0,0.0,4.0
ctx-rh-precentral,0.0,18.0,19.0,0.0,0.0,0.0,0.0,1.0,0.0,9.0,9.0,2.0,0.0,0.0,0.0,0.0,24.0,0.0,0.0,0.0,1.0,1.0,6.0,51.0,23.0,12.0,3.0,10.0,53.0,6.0,2.0,0.0,0.0,0.0,9.0,24.0,1091.0,1.0,0.0,0.0,0.0,53.0,0.0,226.0,12.0,2.0,3.0,1.0,0.0,3.0,786.0,0.0,598.0,2.0,14.0,0.0,1684.0,61.0,6444.0,73.0,1.0,83.0,584.0,215.0,12.0,240.0,0.0,6.0
ctx-rh-precuneus,4.0,0.0,1.0,20.0,0.0,0.0,7.0,23.0,11.0,13.0,98.0,24.0,0.0,20.0,0.0,2.0,13.0,2.0,0.0,0.0,0.0,24.0,3.0,39.0,10.0,111.0,0.0,0.0,7.0,49.0,14.0,3.0,0.0,13.0,28.0,8.0,0.0,276.0,1.0,0.0,21.0,265.0,47.0,23.0,884.0,82.0,0.0,185.0,0.0,23.0,237.0,21.0,0.0,0.0,0.0,165.0,150.0,297.0,73.0,3682.0,0.0,1.0,21.0,2253.0,50.0,40.0,0.0,31.0
ctx-rh-rostralanteriorcingulate,0.0,60.0,0.0,0.0,0.0,0.0,0.0,0.0,0.0,1.0,0.0,0.0,3.0,0.0,5.0,0.0,0.0,0.0,1.0,1.0,4.0,0.0,0.0,2.0,2.0,1.0,143.0,18.0,25.0,0.0,0.0,1.0,0.0,0.0,0.0,224.0,0.0,0.0,0.0,4.0,0.0,0.0,0.0,12.0,1.0,0.0,155.0,0.0,450.0,0.0,0.0,0.0,6.0,17.0,38.0,0.0,0.0,3.0,1.0,0.0,540.0,118.0,434.0,0.0,0.0,0.0,0.0,0.0
ctx-rh-rostralmiddlefrontal,0.0,39.0,4.0,0.0,0.0,0.0,0.0,0.0,0.0,0.0,0.0,0.0,0.0,0.0,3.0,0.0,1.0,0.0,1.0,1.0,5.0,0.0,0.0,2.0,1.0,0.0,20.0,22.0,43.0,1.0,0.0,0.0,0.0,0.0,0.0,89.0,778.0,0.0,0.0,160.0,0.0,1.0,0.0,124.0,1.0,0.0,739.0,0.0,505.0,0.0,5.0,0.0,445.0,469.0,808.0,0.0,5.0,4.0,83.0,1.0,118.0,5919.0,2335.0,3.0,0.0,3.0,0.0,0.0
ctx-rh-superiorfrontal,0.0,187.0,41.0,0.0,0.0,0.0,0.0,1.0,0.0,9.0,3.0,0.0,6.0,0.0,1.0,0.0,30.0,0.0,17.0,0.0,8.0,0.0,3.0,61.0,39.0,8.0,68.0,53.0,257.0,2.0,1.0,3.0,0.0,0.0,0.0,646.0,801.0,0.0,0.0,58.0,1.0,4.0,1.0,78.0,12.0,0.0,81.0,0.0,259.0,0.0,478.0,0.0,156.0,43.0,109.0,0.0,18.0,388.0,584.0,21.0,434.0,2335.0,8618.0,12.0,1.0,10.0,0.0,0.0
ctx-rh-superiorparietal,0.0,0.0,1.0,7.0,0.0,0.0,11.0,14.0,8.0,6.0,41.0,7.0,0.0,5.0,0.0,4.0,6.0,0.0,0.0,0.0,0.0,8.0,2.0,22.0,3.0,42.0,0.0,0.0,3.0,25.0,6.0,2.0,0.0,3.0,29.0,1.0,5.0,520.0,0.0,0.0,35.0,1572.0,59.0,66.0,109.0,493.0,0.0,84.0,0.0,35.0,213.0,1.0,8.0,0.0,1.0,84.0,668.0,32.0,215.0,2253.0,0.0,3.0,12.0,4825.0,62.0,246.0,0.0,19.0
ctx-rh-superiortemporal,0.0,0.0,0.0,2.0,0.0,0.0,0.0,4.0,2.0,1.0,9.0,3.0,0.0,1.0,0.0,0.0,1.0,0.0,0.0,0.0,0.0,6.0,0.0,5.0,0.0,16.0,0.0,0.0,0.0,12.0,3.0,0.0,0.0,1.0,747.0,1.0,0.0,7.0,33.0,0.0,63.0,172.0,196.0,229.0,14.0,19.0,9.0,24.0,4.0,720.0,3.0,12.0,1.0,0.0,1.0,8.0,38.0,4.0,12.0,50.0,0.0,0.0,1.0,62.0,4012.0,271.0,84.0,436.0
ctx-rh-supramarginal,2.0,0.0,0.0,0.0,0.0,0.0,0.0,1.0,0.0,0.0,10.0,3.0,0.0,0.0,0.0,1.0,2.0,0.0,0.0,0.0,0.0,3.0,2.0,7.0,2.0,7.0,0.0,2.0,2.0,2.0,3.0,0.0,0.0,1.0,290.0,1.0,5.0,2.0,0.0,0.0,1.0,803.0,19.0,203.0,12.0,5.0,0.0,2.0,0.0,27.0,9.0,0.0,17.0,0.0,2.0,1.0,1269.0,7.0,240.0,40.0,0.0,3.0,10.0,246.0,271.0,3407.0,0.0,26.0
ctx-rh-temporalpole,0.0,0.0,0.0,0.0,0.0,0.0,0.0,0.0,0.0,0.0,0.0,0.0,0.0,0.0,0.0,0.0,0.0,0.0,0.0,0.0,0.0,0.0,0.0,0.0,0.0,0.0,0.0,0.0,0.0,0.0,0.0,0.0,0.0,0.0,0.0,0.0,0.0,0.0,224.0,0.0,54.0,0.0,251.0,4.0,0.0,0.0,0.0,0.0,0.0,103.0,0.0,1.0,0.0,0.0,0.0,0.0,0.0,0.0,0.0,0.0,0.0,0.0,0.0,0.0,84.0,0.0,473.0,0.0
ctx-rh-transversetemporal,0.0,1.0,1.0,1.0,0.0,0.0,1.0,2.0,1.0,0.0,5.0,0.0,0.0,1.0,0.0,1.0,0.0,0.0,0.0,0.0,0.0,2.0,0.0,1.0,0.0,4.0,0.0,1.0,1.0,0.0,1.0,1.0,0.0,0.0,35.0,0.0,0.0,1.0,1.0,0.0,4.0,36.0,15.0,44.0,6.0,5.0,0.0,6.0,0.0,15.0,0.0,1.0,0.0,0.0,0.0,1.0,9.0,4.0,6.0,31.0,0.0,0.0,0.0,19.0,436.0,26.0,0.0,170.0
