,ctx-lh-bankssts,ctx-lh-caudalanteriorcingulate,ctx-lh-caudalmiddlefrontal,ctx-lh-cuneus,ctx-lh-entorhinal,ctx-lh-frontalpole,ctx-lh-fusiform,ctx-lh-inferiorparietal,ctx-lh-inferiortemporal,ctx-lh-insula,ctx-lh-isthmuscingulate,ctx-lh-lateraloccipital,ctx-lh-lateralorbitofrontal,ctx-lh-lingual,ctx-lh-medialorbitofrontal,ctx-lh-middletemporal,ctx-lh-paracentral,ctx-lh-parahippocampal,ctx-lh-parsopercularis,ctx-lh-parsorbitalis,ctx-lh-parstriangularis,ctx-lh-pericalcarine,ctx-lh-postcentral,ctx-lh-posteriorcingulate,ctx-lh-precentral,ctx-lh-precuneus,ctx-lh-rostralanteriorcingulate,ctx-lh-rostralmiddlefrontal,ctx-lh-superiorfrontal,ctx-lh-superiorparietal,ctx-lh-superiortemporal,ctx-lh-supramarginal,ctx-lh-temporalpole,ctx-lh-transversetemporal,ctx-rh-bankssts,ctx-rh-caudalanteriorcingulate,ctx-rh-caudalmiddlefrontal,ctx-rh-cuneus,ctx-rh-entorhinal,ctx-rh-frontalpole,ctx-rh-fusiform,ctx-rh-inferiorparietal,ctx-rh-inferiortemporal,ctx-rh-insula,ctx-rh-isthmuscingulate,ctx-rh-lateraloccipital,ctx-rh-lateralorbitofrontal,ctx-rh-lingual,ctx-rh-medialorbitofrontal,ctx-rh-middletemporal,ctx-rh-paracentral,ctx-rh-parahippocampal,ctx-rh-parsopercularis,ctx-rh-parsorbitalis,ctx-rh-parstriangularis,ctx-rh-pericalcarine,ctx-rh-postcentral,ctx-rh-posteriorcingulate,ctx-rh-precentral,ctx-rh-precuneus,ctx-rh-rostralanteriorcingulate,ctx-rh-rostralmiddlefrontal,ctx-rh-superiorfrontal,ctx-rh-superiorparietal,ctx-rh-superiortemporal,ctx-rh-supramarginal,ctx-rh-temporalpole,ctx-rh-transversetemporal
ctx-lh-bankssts,745.0,0.0,2.0,0.0,3.0,0.0,163.0,393.0,317.0,36.0,6.0,26.0,0.0,16.0,0.0,535.0,0.0,23.0,0.0,0.0,0.0,2.0,18.0,7.0,11.0,6.0,0.0,0.0,1.0,27.0,936.0,170.0,1.0,29.0,0.0,0.0,0.0,0.0,0.0,0.0,0.0,0.0,0.0,0.0,4.0,0.0,0.0,0.0,0.0,0.0,0.0,0.0,0.0,0.0,0.0,0.0,0.0,2.0,0.0,5.0,0.0,0.0,0.0,1.0,0.0,0.0,0.0,0.0
ctx-lh-caudalanteriorcingulate,0.0,512.0,116.0,0.0,0.0,0.0,1.0,0.0,0.0,19.0,0.0,0.0,11.0,0.0,15.0,0.0,8.0,0.0,38.0,0.0,11.0,0.0,11.0,202.0,60.0,2.0,216.0,92.0,700.0,6.0,0.0,1.0,0.0,0.0,0.0,162.0,43.0,0.0,0.0,0.0,0.0,0.0,0.0,15.0,0.0,0.0,3.0,0.0,4.0,1.0,4.0,0.0,11.0,0.0,2.0,0.0,5.0,65.0,23.0,0.0,10.0,69.0,211.0,3.0,0.0,1.0,0.0,0.0
ctx-lh-caudalmiddlefrontal,2.0,116.0,3679.0,0.0,0.0,0.0,0.0,2.0,0.0,72.0,1.0,0.0,4.0,0.0,1.0,2.0,15.0,0.0,291.0,0.0,24.0,0.0,57.0,49.0,1135.0,1.0,4.0,642.0,1178.0,16.0,1.0,19.0,0.0,0.0,0.0,41.0,9.0,0.0,0.0,0.0,0.0,0.0,1.0,3.0,0.0,0.0,0.0,0.0,0.0,0.0,8.0,0.0,0.0,0.0,1.0,0.0,2.0,32.0,10.0,1.0,0.0,8.0,44.0,0.0,0.0,0.0,0.0,0.0
ctx-lh-cuneus,0.0,0.0,0.0,1053.0,0.0,0.0,26.0,13.0,3.0,0.0,7.0,232.0,0.0,120.0,0.0,0.0,0.0,1.0,0.0,0.0,0.0,1272.0,0.0,1.0,0.0,163.0,0.0,0.0,0.0,817.0,0.0,0.0,0.0,0.0,0.0,0.0,0.0,0.0,0.0,0.0,0.0,0.0,0.0,1.0,3.0,1.0,0.0,2.0,0.0,0.0,0.0,0.0,0.0,0.0,0.0,2.0,0.0,0.0,0.0,4.0,0.0,0.0,0.0,0.0,1.0,0.0,0.0,0.0
ctx-lh-entorhinal,3.0,0.0,0.0,0.0,168.0,0.0,73.0,1.0,98.0,8.0,1.0,0.0,1.0,0.0,0.0,21.0,0.0,122.0,0.0,0.0,0.0,0.0,0.0,0.0,0.0,0.0,0.0,0.0,0.0,1.0,28.0,0.0,177.0,1.0,0.0,0.0,0.0,0.0,0.0,0.0,0.0,0.0,0.0,0.0,1.0,0.0,0.0,0.0,0.0,0.0,0.0,0.0,0.0,0.0,0.0,0.0,0.0,0.0,0.0,0.0,0.0,0.0,0.0,0.0,0.0,0.0,0.0,0.0
ctx-lh-frontalpole,0.0,0.0,0.0,0.0,0.0,59.0,0.0,0.0,0.0,3.0,0.0,0.0,75.0,0.0,203.0,0.0,0.0,0.0,0.0,3.0,4.0,0.0,0.0,0.0,0.0,0.0,19.0,178.0,80.0,0.0,0.0,0.0,0.0,0.0,0.0,0.0,0.0,0.0,0.0,0.0,0.0,0.0,0.0,0.0,0.0,0.0,0.0,0.0,0.0,0.0,0.0,0.0,0.0,0.0,1.0,0.0,0.0,0.0,0.0,0.0,0.0,0.0,0.0,0.0,0.0,0.0,0.0,0.0
ctx-lh-fusiform,163.0,1.0,0.0,26.0,73.0,0.0,2716.0,266.0,1416.0,46.0,18.0,1659.0,3.0,717.0,0.0,303.0,1.0,89.0,0.0,0.0,0.0,132.0,5.0,3.0,4.0,39.0,0.0,0.0,0.0,100.0,120.0,12.0,109.0,12.0,0.0,0.0,0.0,0.0,0.0,0.0,2.0,0.0,0.0,1.0,7.0,0.0,0.0,2.0,0.0,1.0,3.0,0.0,0.0,0.0,0.0,1.0,1.0,2.0,0.0,11.0,0.0,0.0,0.0,6.0,0.0,0.0,0.0,0.0
ctx-lh-inferiorparietal,393.0,0.0,2.0,13.0,1.0,0.0,266.0,5881.0,234.0,56.0,82.0,921.0,0.0,73.0,0.0,349.0,5.0,14.0,5.0,0.0,0.0,34.0,64.0,38.0,55.0,209.0,0.0,0.0,2.0,1390.0,243.0,1109.0,3.0,32.0,1.0,0.0,0.0,1.0,0.0,0.0,0.0,7.0,3.0,1.0,40.0,1.0,0.0,4.0,0.0,1.0,2.0,4.0,0.0,0.0,0.0,1.0,2.0,13.0,2.0,39.0,0.0,0.0,2.0,24.0,1.0,6.0,0.0,2.0
ctx-lh-inferiortemporal,317.0,0.0,0.0,3.0,98.0,0.0,1416.0,234.0,3871.0,68.0,8.0,187.0,2.0,66.0,0.0,1625.0,3.0,48.0,0.0,0.0,0.0,0.0,6.0,4.0,4.0,18.0,1.0,0.0,0.0,30.0,307.0,17.0,164.0,19.0,0.0,0.0,0.0,0.0,0.0,0.0,0.0,1.0,0.0,0.0,2.0,0.0,0.0,0.0,0.0,0.0,0.0,0.0,0.0,0.0,0.0,0.0,0.0,1.0,0.0,3.0,0.0,0.0,0.0,2.0,0.0,0.0,0.0,0.0
ctx-lh-insula,36.0,19.0,72.0,0.0,8.0,3.0,46.0,56.0,68.0,1449.0,4.0,2.0,426.0,2.0,10.0,66.0,6.0,3.0,295.0,10.0,78.0,1.0,327.0,11.0,424.0,21.0,12.0,158.0,120.0,81.0,289.0,333.0,48.0,104.0,0.0,11.0,2.0,1.0,0.0,0.0,0.0,0.0,0.0,1.0,11.0,0.0,0.0,1.0,0.0,0.0,2.0,0.0,1.0,0.0,0.0,0.0,0.0,9.0,1.0,8.0,2.0,5.0,10.0,2.0,0.0,0.0,0.0,0.0
ctx-lh-isthmuscingulate,6.0,0.0,1.0,7.0,1.0,0.0,18.0,82.0,8.0,4.0,778.0,42.0,0.0,109.0,0.0,5.0,15.0,75.0,0.0,0.0,0.0,16.0,13.0,325.0,9.0,742.0,0.0,0.0,1.0,268.0,6.0,10.0,0.0,3.0,2.0,0.0,0.0,4.0,0.0,0.0,9.0,18.0,7.0,10.0,159.0,14.0,0.0,21.0,0.0,9.0,10.0,2.0,0.0,0.0,0.0,13.0,5.0,18.0,2.0,145.0,0.0,0.0,0.0,82.0,6.0,5.0,0.0,4.0
ctx-lh-lateraloccipital,26.0,0.0,0.0,232.0,0.0,0.0,1659.0,921.0,187.0,2.0,42.0,6308.0,0.0,752.0,0.0,87.0,3.0,17.0,0.0,0.0,0.0,793.0,2.0,6.0,1.0,105.0,0.0,0.0,0.0,481.0,8.0,3.0,0.0,5.0,0.0,0.0,0.0,0.0,0.0,0.0,1.0,3.0,0.0,1.0,13.0,1.0,0.0,4.0,0.0,0.0,1.0,1.0,0.0,0.0,0.0,2.0,0.0,3.0,0.0,24.0,0.0,0.0,0.0,11.0,1.0,1.0,0.0,1.0
ctx-lh-lateralorbitofrontal,0.0,11.0,4.0,0.0,1.0,75.0,3.0,0.0,2.0,426.0,0.0,0.0,3181.0,0.0,786.0,0.0,0.0,0.0,22.0,488.0,354.0,0.0,0.0,0.0,0.0,0.0,108.0,903.0,166.0,0.0,13.0,0.0,5.0,0.0,0.0,7.0,0.0,0.0,0.0,1.0,0.0,0.0,0.0,0.0,0.0,0.0,2.0,0.0,1.0,0.0,0.0,0.0,0.0,0.0,0.0,0.0,0.0,0.0,0.0,0.0,1.0,3.0,7.0,0.0,0.0,0.0,0.0,0.0
ctx-lh-lingual,16.0,0.0,0.0,120.0,0.0,0.0,717.0,73.0,66.0,2.0,109.0,752.0,0.0,5070.0,0.0,11.0,1.0,288.0,0.0,0.0,0.0,1274.0,0.0,4.0,1.0,99.0,0.0,0.0,0.0,173.0,4.0,2.0,0.0,2.0,0.0,0.0,0.0,1.0,0.0,0.0,2.0,4.0,2.0,0.0,11.0,6.0,0.0,57.0,0.0,0.0,1.0,0.0,0.0,0.0,0.0,11.0,0.0,2.0,0.0,13.0,0.0,0.0,0.0,5.0,1.0,0.0,0.0,0.0
ctx-lh-medialorbitofrontal,0.0,15.0,1.0,0.0,0.0,203.0,0.0,0.0,0.0,10.0,0.0,0.0,786.0,0.0,1736.0,0.0,0.0,0.0,0.0,14.0,11.0,0.0,0.0,0.0,0.0,0.0,500.0,243.0,352.0,0.0,0.0,0.0,0.0,0.0,0.0,6.0,0.0,0.0,0.0,0.0,0.0,0.0,0.0,0.0,0.0,0.0,2.0,0.0,5.0,0.0,0.0,0.0,1.0,0.0,1.0,0.0,0.0,1.0,1.0,0.0,10.0,9.0,6.0,0.0,0.0,0.0,0.0,0.0
ctx-lh-middletemporal,535.0,0.0,2.0,0.0,21.0,0.0,303.0,349.0,1625.0,66.0,5.0,87.0,0.0,11.0,0.0,3429.0,2.0,22.0,0.0,0.0,0.0,1.0,5.0,1.0,4.0,4.0,0.0,0.0,0.0,24.0,904.0,19.0,176.0,19.0,0.0,0.0,0.0,1.0,0.0,0.0,0.0,0.0,0.0,0.0,1.0,0.0,0.0,0.0,0.0,0.0,0.0,0.0,0.0,0.0,0.0,1.0,0.0,1.0,0.0,5.0,0.0,0.0,0.0,0.0,0.0,0.0,0.0,0.0
ctx-lh-paracentral,0.0,8.0,15.0,0.0,0.0,0.0,1.0,5.0,3.0,6.0,15.0,3.0,0.0,1.0,0.0,2.0,1376.0,1.0,2.0,0.0,1.0,2.0,548.0,198.0,1350.0,103.0,1.0,0.0,392.0,201.0,5.0,4.0,0.0,1.0,1.0,2.0,1.0,0.0,0.0,0.0,1.0,2.0,0.0,3.0,4.0,0.0,0.0,0.0,0.0,0.0,14.0,0.0,1.0,0.0,0.0,0.0,2.0,25.0,4.0,12.0,0.0,0.0,12.0,1.0,1.0,0.0,0.0,1.0
ctx-lh-parahippocampal,23.0,0.0,0.0,1.0,122.0,0.0,89.0,14.0,48.0,3.0,75.0,17.0,0.0,288.0,0.0,22.0,1.0,375.0,0.0,0.0,0.0,3.0,0.0,1.0,0.0,7.0,0.0,0.0,0.0,7.0,8.0,3.0,4.0,2.0,0.0,0.0,0.0,0.0,0.0,0.0,0.0,0.0,0.0,1.0,2.0,0.0,0.0,2.0,0.0,0.0,0.0,0.0,0.0,0.0,0.0,1.0,0.0,0.0,0.0,2.0,0.0,0.0,0.0,0.0,1.0,0.0,0.0,0.0
ctx-lh-parsopercularis,0.0,38.0,291.0,0.0,0.0,0.0,0.0,5.0,0.0,295.0,0.0,0.0,22.0,0.0,0.0,0.0,2.0,0.0,1549.0,1.0,673.0,0.0,50.0,5.0,617.0,0.0,5.0,387.0,143.0,2.0,1.0,19.0,0.0,0.0,0.0,9.0,1.0,0.0,0.0,0.0,0.0,0.0,0.0,1.0,0.0,0.0,0.0,0.0,0.0,0.0,1.0,0.0,0.0,0.0,0.0,0.0,1.0,6.0,0.0,0.0,2.0,4.0,10.0,0.0,0.0,0.0,0.0,0.0
ctx-lh-parsorbitalis,0.0,0.0,0.0,0.0,0.0,3.0,0.0,0.0,0.0,10.0,0.0,0.0,488.0,0.0,14.0,0.0,0.0,0.0,1.0,408.0,293.0,0.0,1.0,0.0,0.0,0.0,9.0,334.0,26.0,0.0,0.0,0.0,0.0,0.0,0.0,0.0,0.0,0.0,0.0,0.0,0.0,0.0,0.0,0.0,0.0,0.0,0.0,0.0,0.0,0.0,0.0,0.0,0.0,0.0,0.0,0.0,0.0,0.0,0.0,0.0,0.0,0.0,0.0,0.0,0.0,0.0,0.0,0.0
ctx-lh-parstriangularis,0.0,11.0,24.0,0.0,0.0,4.0,0.0,0.0,0.0,78.0,0.0,0.0,354.0,0.0,11.0,0.0,1.0,0.0,673.0,293.0,999.0,0.0,0.0,0.0,10.0,1.0,18.0,951.0,96.0,0.0,1.0,0.0,0.0,0.0,0.0,2.0,0.0,0.0,0.0,0.0,0.0,0.0,0.0,0.0,0.0,0.0,0.0,0.0,0.0,0.0,0.0,0.0,1.0,0.0,0.0,0.0,0.0,0.0,1.0,0.0,1.0,2.0,2.0,0.0,0.0,0.0,0.0,0.0
ctx-lh-pericalcarine,2.0,0.0,0.0,1272.0,0.0,0.0,132.0,34.0,0.0,1.0,16.0,793.0,0.0,1274.0,0.0,1.0,2.0,3.0,0.0,0.0,0.0,688.0,2.0,1.0,1.0,183.0,0.0,0.0,0.0,400.0,0.0,0.0,0.0,0.0,0.0,0.0,0.0,0.0,0.0,0.0,1.0,1.0,0.0,0.0,2.0,0.0,0.0,4.0,0.0,1.0,0.0,1.0,0.0,0.0,0.0,1.0,1.0,0.0,0.0,5.0,0.0,0.0,0.0,5.0,1.0,0.0,0.0,0.0
ctx-lh-postcentral,18.0,11.0,57.0,0.0,0.0,0.0,5.0,64.0,6.0,327.0,13.0,2.0,0.0,0.0,0.0,5.0,548.0,0.0,50.0,1.0,0.0,2.0,5748.0,93.0,1666.0,109.0,1.0,3.0,59.0,624.0,31.0,978.0,0.0,3.0,1.0,3.0,0.0,0.0,0.0,0.0,0.0,2.0,1.0,4.0,12.0,0.0,0.0,1.0,0.0,0.0,5.0,0.0,0.0,0.0,0.0,0.0,0.0,29.0,5.0,6.0,0.0,1.0,6.0,4.0,0.0,5.0,0.0,0.0
ctx-lh-posteriorcingulate,7.0,202.0,49.0,1.0,0.0,0.0,3.0,38.0,4.0,11.0,325.0,6.0,0.0,4.0,0.0,1.0,198.0,1.0,5.0,0.0,0.0,1.0,93.0,943.0,245.0,357.0,3.0,4.0,260.0,190.0,8.0,10.0,0.0,5.0,3.0,13.0,11.0,1.0,0.0,0.0,2.0,3.0,1.0,23.0,27.0,1.0,0.0,0.0,0.0,0.0,68.0,3.0,2.0,0.0,0.0,0.0,20.0,160.0,47.0,37.0,0.0,4.0,45.0,24.0,4.0,8.0,0.0,4.0
ctx-lh-precentral,11.0,60.0,1135.0,0.0,0.0,0.0,4.0,55.0,4.0,424.0,9.0,1.0,0.0,1.0,0.0,4.0,1350.0,0.0,617.0,0.0,10.0,1.0,1666.0,245.0,7026.0,36.0,0.0,41.0,872.0,237.0,22.0,233.0,0.0,3.0,0.0,10.0,8.0,0.0,0.0,0.0,0.0,2.0,0.0,8.0,8.0,0.0,0.0,0.0,0.0,0.0,27.0,0.0,1.0,0.0,0.0,1.0,6.0,77.0,31.0,9.0,0.0,1.0,37.0,7.0,3.0,1.0,0.0,0.0
ctx-lh-precuneus,6.0,2.0,1.0,163.0,0.0,0.0,39.0,209.0,18.0,21.0,742.0,105.0,0.0,99.0,0.0,4.0,103.0,7.0,0.0,0.0,1.0,183.0,109.0,357.0,36.0,4122.0,0.0,0.0,9.0,2859.0,9.0,16.0,0.0,5.0,2.0,0.0,1.0,0.0,0.0,0.0,5.0,17.0,6.0,10.0,68.0,16.0,0.0,11.0,0.0,1.0,7.0,3.0,0.0,0.0,0.0,0.0,3.0,39.0,4.0,89.0,0.0,0.0,0.0,36.0,6.0,7.0,0.0,2.0
ctx-lh-rostralanteriorcingulate,0.0,216.0,4.0,0.0,0.0,19.0,0.0,0.0,1.0,12.0,0.0,0.0,108.0,0.0,500.0,0.0,1.0,0.0,5.0,9.0,18.0,0.0,1.0,3.0,0.0,0.0,924.0,119.0,486.0,0.0,0.0,0.0,0.0,0.0,0.0,60.0,1.0,0.0,0.0,0.0,0.0,0.0,0.0,2.0,0.0,0.0,6.0,0.0,11.0,0.0,0.0,0.0,2.0,1.0,0.0,0.0,0.0,1.0,2.0,0.0,56.0,47.0,60.0,0.0,0.0,0.0,1.0,0.0
ctx-lh-rostralmiddlefrontal,0.0,92.0,642.0,0.0,0.0,178.0,0.0,0.0,0.0,158.0,0.0,0.0,903.0,0.0,243.0,0.0,0.0,0.0,387.0,334.0,951.0,0.0,3.0,4.0,41.0,0.0,119.0,6719.0,1861.0,0.0,0.0,2.0,0.0,0.0,0.0,51.0,3.0,0.0,0.0,0.0,0.0,0.0,0.0,2.0,0.0,0.0,5.0,0.0,3.0,0.0,0.0,0.0,0.0,1.0,0.0,0.0,0.0,2.0,0.0,0.0,6.0,17.0,38.0,1.0,0.0,0.0,0.0,0.0
ctx-lh-superiorfrontal,1.0,700.0,1178.0,0.0,0.0,80.0,0.0,2.0,0.0,120.0,1.0,0.0,166.0,0.0,352.0,0.0,392.0,0.0,143.0,26.0,96.0,0.0,59.0,260.0,872.0,9.0,486.0,1861.0,11197.0,17.0,2.0,6.0,1.0,0.0,2.0,175.0,32.0,2.0,0.0,0.0,0.0,1.0,0.0,20.0,4.0,0.0,4.0,0.0,8.0,0.0,13.0,0.0,10.0,1.0,6.0,0.0,2.0,91.0,37.0,3.0,14.0,58.0,199.0,2.0,0.0,1.0,0.0,0.0
ctx-lh-superiorparietal,27.0,6.0,16.0,817.0,1.0,0.0,100.0,1390.0,30.0,81.0,268.0,481.0,0.0,173.0,0.0,24.0,201.0,7.0,2.0,0.0,0.0,400.0,624.0,190.0,237.0,2859.0,0.0,0.0,17.0,5923.0,38.0,314.0,1.0,20.0,3.0,1.0,1.0,4.0,0.0,0.0,11.0,12.0,3.0,17.0,112.0,6.0,0.0,15.0,0.0,5.0,25.0,2.0,0.0,0.0,0.0,6.0,8.0,45.0,9.0,123.0,0.0,0.0,3.0,53.0,6.0,4.0,0.0,0.0
ctx-lh-superiortemporal,936.0,0.0,1.0,0.0,28.0,0.0,120.0,243.0,307.0,289.0,6.0,8.0,13.0,4.0,0.0,904.0,5.0,8.0,1.0,0.0,1.0,0.0,31.0,8.0,22.0,9.0,0.0,0.0,2.0,38.0,3919.0,368.0,223.0,581.0,0.0,0.0,0.0,0.0,0.0,0.0,0.0,0.0,0.0,0.0,3.0,1.0,0.0,0.0,0.0,0.0,1.0,0.0,0.0,0.0,0.0,0.0,0.0,1.0,1.0,4.0,0.0,0.0,0.0,0.0,1.0,0.0,0.0,0.0
ctx-lh-supramarginal,170.0,1.0,19.0,0.0,0.0,0.0,12.0,1109.0,17.0,333.0,10.0,3.0,0.0,2.0,0.0,19.0,4.0,3.0,19.0,0.0,0.0,0.0,978.0,10.0,233.0,16.0,0.0,2.0,6.0,314.0,368.0,4477.0,1.0,17.0,1.0,0.0,0.0,0.0,0.0,0.0,0.0,2.0,2.0,0.0,3.0,1.0,0.0,1.0,0.0,0.0,3.0,0.0,0.0,0.0,0.0,0.0,1.0,4.0,2.0,4.0,0.0,0.0,0.0,0.0,2.0,1.0,0.0,0.0
ctx-lh-temporalpole,1.0,0.0,0.0,0.0,177.0,0.0,109.0,3.0,164.0,48.0,0.0,0.0,5.0,0.0,0.0,176.0,0.0,4.0,0.0,0.0,0.0,0.0,0.0,0.0,0.0,0.0,0.0,0.0,1.0,1.0,223.0,1.0,357.0,0.0,0.0,0.0,0.0,0.0,0.0,0.0,0.0,0.0,0.0,0.0,0.0,0.0,0.0,0.0,0.0,0.0,0.0,0.0,0.0,0.0,0.0,0.0,0.0,0.0,0.0,0.0,0.0,0.0,0.0,0.0,0.0,0.0,0.0,0.0
ctx-lh-transversetemporal,29.0,0.0,0.0,0.0,1.0,0.0,12.0,32.0,19.0,104.0,3.0,5.0,0.0,2.0,0.0,19.0,1.0,2.0,0.0,0.0,0.0,0.0,3.0,5.0,3.0,5.0,0.0,0.0,0.0,20.0,581.0,17.0,0.0,450.0,0.0,2.0,0.0,0.0,0.0,0.0,1.0,1.0,0.0,0.0,2.0,0.0,0.0,0.0,0.0,0.0,1.0,0.0,0.0,0.0,0.0,0.0,1.0,1.0,1.0,3.0,0.0,0.0,1.0,0.0,0.0,0.0,0.0,0.0
ctx-rh-bankssts,0.0,0.0,0.0,0.0,0.0,0.0,0.0,1.0,0.0,0.0,2.0,0.0,0.0,0.0,0.0,0.0,1.0,0.0,0.0,0.0,0.0,0.0,1.0,3.0,0.0,2.0,0.0,0.0,2.0,3.0,0.0,1.0,0.0,0.0,815.0,0.0,1.0,1.0,0.0,0.0,38.0,454.0,283.0,30.0,4.0,24.0,0.0,8.0,0.0,703.0,2.0,4.0,1.0,0.0,0.0,0.0,14.0,8.0,9.0,17.0,0.0,0.0,1.0,58.0,775.0,328.0,0.0,63.0
ctx-rh-caudalanteriorcingulate,0.0,162.0,41.0,0.0,0.0,0.0,0.0,0.0,0.0,11.0,0.0,0.0,7.0,0.0,6.0,0.0,2.0,0.0,9.0,0.0,2.0,0.0,3.0,13.0,10.0,0.0,60.0,51.0,175.0,1.0,0.0,0.0,0.0,2.0,0.0,604.0,61.0,0.0,0.0,2.0,0.0,0.0,1.0,22.0,0.0,0.0,11.0,0.0,11.0,0.0,9.0,0.0,15.0,1.0,6.0,0.0,5.0,187.0,38.0,2.0,198.0,175.0,724.0,2.0,0.0,0.0,0.0,0.0
ctx-rh-caudalmiddlefrontal,0.0,43.0,9.0,0.0,0.0,0.0,0.0,0.0,0.0,2.0,0.0,0.0,0.0,0.0,0.0,0.0,1.0,0.0,1.0,0.0,0.0,0.0,0.0,11.0,8.0,1.0,1.0,3.0,32.0,1.0,0.0,0.0,0.0,0.0,1.0,61.0,2966.0,0.0,0.0,0.0,0.0,5.0,0.0,68.0,1.0,0.0,3.0,0.0,0.0,0.0,24.0,0.0,229.0,1.0,25.0,0.0,45.0,50.0,1009.0,2.0,1.0,765.0,856.0,11.0,0.0,9.0,0.0,1.0
ctx-rh-cuneus,0.0,0.0,0.0,0.0,0.0,0.0,0.0,1.0,0.0,1.0,4.0,0.0,0.0,1.0,0.0,1.0,0.0,0.0,0.0,0.0,0.0,0.0,0.0,1.0,0.0,0.0,0.0,0.0,2.0,4.0,0.0,0.0,0.0,0.0,1.0,0.0,0.0,1169.0,0.0,0.0,19.0,19.0,7.0,0.0,6.0,332.0,0.0,118.0,0.0,2.0,0.0,2.0,0.0,0.0,0.0,1651.0,0.0,0.0,0.0,223.0,0.0,0.0,0.0,747.0,1.0,1.0,0.0,1.0
ctx-rh-entorhinal,0.0,0.0,0.0,0.0,0.0,0.0,0.0,0.0,0.0,0.0,0.0,0.0,0.0,0.0,0.0,0.0,0.0,0.0,0.0,0.0,0.0,0.0,0.0,0.0,0.0,0.0,0.0,0.0,0.0,0.0,0.0,0.0,0.0,0.0,0.0,0.0,0.0,0.0,201.0,0.0,204.0,1.0,258.0,17.0,1.0,0.0,0.0,3.0,0.0,6.0,0.0,158.0,0.0,0.0,0.0,0.0,0.0,0.0,0.0,0.0,0.0,0.0,0.0,2.0,11.0,0.0,124.0,0.0
ctx-rh-frontalpole,0.0,0.0,0.0,0.0,0.0,0.0,0.0,0.0,0.0,0.0,0.0,0.0,1.0,0.0,0.0,0.0,0.0,0.0,0.0,0.0,0.0,0.0,0.0,0.0,0.0,0.0,0.0,0.0,0.0,0.0,0.0,0.0,0.0,0.0,0.0,2.0,0.0,0.0,0.0,97.0,0.0,0.0,0.0,0.0,0.0,0.0,97.0,0.0,272.0,0.0,0.0,0.0,0.0,0.0,3.0,0.0,0.0,0.0,0.0,0.0,7.0,142.0,97.0,0.0,0.0,0.0,0.0,0.0
ctx-rh-fusiform,0.0,0.0,0.0,0.0,0.0,0.0,2.0,0.0,0.0,0.0,9.0,1.0,0.0,2.0,0.0,0.0,1.0,0.0,0.0,0.0,0.0,1.0,0.0,2.0,0.0,5.0,0.0,0.0,0.0,11.0,0.0,0.0,0.0,1.0,38.0,0.0,0.0,19.0,204.0,0.0,3002.0,170.0,1030.0,32.0,26.0,1080.0,1.0,718.0,0.0,179.0,0.0,182.0,0.0,0.0,0.0,54.0,0.0,7.0,1.0,54.0,0.0,0.0,0.0,74.0,71.0,9.0,38.0,4.0
ctx-rh-inferiorparietal,0.0,0.0,0.0,0.0,0.0,0.0,0.0,7.0,1.0,0.0,18.0,3.0,0.0,4.0,0.0,0.0,2.0,0.0,0.0,0.0,0.0,1.0,2.0,3.0,2.0,17.0,0.0,0.0,1.0,12.0,0.0,2.0,0.0,1.0,454.0,0.0,5.0,19.0,1.0,0.0,170.0,8099.0,351.0,91.0,28.0,881.0,0.0,53.0,0.0,485.0,9.0,8.0,0.0,0.0,0.0,13.0,124.0,11.0,64.0,152.0,0.0,1.0,3.0,1509.0,195.0,992.0,1.0,19.0
ctx-rh-inferiortemporal,0.0,0.0,1.0,0.0,0.0,0.0,0.0,3.0,0.0,0.0,7.0,0.0,0.0,2.0,0.0,0.0,0.0,0.0,0.0,0.0,0.0,0.0,1.0,1.0,0.0,6.0,0.0,0.0,0.0,3.0,0.0,2.0,0.0,0.0,283.0,1.0,0.0,7.0,258.0,0.0,1030.0,351.0,3259.0,97.0,10.0,379.0,6.0,52.0,0.0,2028.0,2.0,55.0,1.0,0.0,0.0,13.0,7.0,8.0,6.0,28.0,0.0,2.0,0.0,64.0,270.0,22.0,163.0,6.0
ctx-rh-insula,0.0,15.0,3.0,1.0,0.0,0.0,1.0,1.0,0.0,1.0,10.0,1.0,0.0,0.0,0.0,0.0,3.0,1.0,1.0,0.0,0.0,0.0,4.0,23.0,8.0,10.0,2.0,2.0,20.0,17.0,0.0,0.0,0.0,0.0,30.0,22.0,68.0,0.0,17.0,0.0,32.0,91.0,97.0,1453.0,15.0,8.0,276.0,1.0,5.0,105.0,77.0,9.0,182.0,14.0,98.0,1.0,185.0,101.0,322.0,40.0,6.0,195.0,86.0,134.0,257.0,218.0,68.0,59.0
ctx-rh-isthmuscingulate,4.0,0.0,0.0,3.0,1.0,0.0,7.0,40.0,2.0,11.0,159.0,13.0,0.0,11.0,0.0,1.0,4.0,2.0,0.0,0.0,0.0,2.0,12.0,27.0,8.0,68.0,0.0,0.0,4.0,112.0,3.0,3.0,0.0,2.0,4.0,0.0,1.0,6.0,1.0,0.0,26.0,28.0,10.0,15.0,516.0,27.0,0.0,103.0,0.0,8.0,31.0,72.0,0.0,0.0,0.0,18.0,8.0,338.0,11.0,684.0,0.0,1.0,2.0,164.0,10.0,8.0,0.0,3.0
ctx-rh-lateraloccipital,0.0,0.0,0.0,1.0,0.0,0.0,0.0,1.0,0.0,0.0,14.0,1.0,0.0,6.0,0.0,0.0,0.0,0.0,0.0,0.0,0.0,0.0,0.0,1.0,0.0,16.0,0.0,0.0,0.0,6.0,1.0,1.0,0.0,0.0,24.0,0.0,0.0,332.0,0.0,0.0,1080.0,881.0,379.0,8.0,27.0,5686.0,0.0,722.0,0.0,136.0,1.0,8.0,0.0,0.0,0.0,974.0,5.0,1.0,3.0,101.0,0.0,0.0,0.0,602.0,14.0,7.0,2.0,3.0
ctx-rh-lateralorbitofrontal,0.0,3.0,0.0,0.0,0.0,0.0,0.0,0.0,0.0,0.0,0.0,0.0,2.0,0.0,2.0,0.0,0.0,0.0,0.0,0.0,0.0,0.0,0.0,0.0,0.0,0.0,6.0,5.0,4.0,0.0,0.0,0.0,0.0,0.0,0.0,11.0,3.0,0.0,0.0,97.0,1.0,0.0,6.0,276.0,0.0,0.0,2690.0,0.0,904.0,3.0,0.0,0.0,11.0,567.0,248.0,0.0,0.0,1.0,3.0,0.0,195.0,1048.0,197.0,1.0,1.0,0.0,4.0,0.0
ctx-rh-lingual,0.0,0.0,0.0,2.0,0.0,0.0,2.0,4.0,0.0,1.0,21.0,4.0,0.0,57.0,0.0,0.0,0.0,2.0,0.0,0.0,0.0,4.0,1.0,0.0,0.0,11.0,0.0,0.0,0.0,15.0,0.0,1.0,0.0,0.0,8.0,0.0,0.0,118.0,3.0,0.0,718.0,53.0,52.0,1.0,103.0,722.0,0.0,4953.0,0.0,12.0,1.0,291.0,0.0,0.0,0.0,1173.0,1.0,3.0,1.0,233.0,0.0,0.0,0.0,113.0,5.0,0.0,0.0,0.0
ctx-rh-medialorbitofrontal,0.0,4.0,0.0,0.0,0.0,0.0,0.0,0.0,0.0,0.0,0.0,0.0,1.0,0.0,5.0,0.0,0.0,0.0,0.0,0.0,0.0,0.0,0.0,0.0,0.0,0.0,11.0,3.0,8.0,0.0,0.0,0.0,0.0,0.0,0.0,11.0,0.0,0.0,0.0,272.0,0.0,0.0,0.0,5.0,0.0,0.0,904.0,0.0,1737.0,0.0,0.0,0.0,0.0,12.0,7.0,0.0,0.0,0.0,0.0,0.0,353.0,383.0,208.0,0.0,1.0,0.0,0.0,0.0
ctx-rh-middletemporal,0.0,1.0,0.0,0.0,0.0,0.0,1.0,1.0,0.0,0.0,9.0,0.0,0.0,0.0,0.0,0.0,0.0,0.0,0.0,0.0,0.0,1.0,0.0,0.0,0.0,1.0,0.0,0.0,0.0,5.0,0.0,0.0,0.0,0.0,703.0,0.0,0.0,2.0,6.0,0.0,179.0,485.0,2028.0,105.0,8.0,136.0,3.0,12.0,0.0,3373.0,1.0,13.0,1.0,0.0,0.0,5.0,8.0,6.0,5.0,23.0,0.0,1.0,0.0,55.0,704.0,19.0,101.0,8.0
ctx-rh-paracentral,0.0,4.0,8.0,0.0,0.0,0.0,3.0,2.0,0.0,2.0,10.0,1.0,0.0,1.0,0.0,0.0,14.0,0.0,1.0,0.0,0.0,0.0,5.0,68.0,27.0,7.0,0.0,0.0,13.0,25.0,1.0,3.0,0.0,1.0,2.0,9.0,24.0,0.0,0.0,0.0,0.0,9.0,2.0,77.0,31.0,1.0,0.0,1.0,0.0,1.0,1947.0,1.0,1.0,0.0,0.0,0.0,461.0,368.0,1023.0,212.0,0.0,1.0,411.0,248.0,6.0,16.0,0.0,6.0
ctx-rh-parahippocampal,0.0,0.0,0.0,0.0,0.0,0.0,0.0,4.0,0.0,0.0,2.0,1.0,0.0,0.0,0.0,0.0,0.0,0.0,0.0,0.0,0.0,1.0,0.0,3.0,0.0,3.0,0.0,0.0,0.0,2.0,0.0,0.0,0.0,0.0,4.0,0.0,0.0,2.0,158.0,0.0,182.0,8.0,55.0,9.0,72.0,8.0,0.0,291.0,0.0,13.0,1.0,425.0,0.0,0.0,0.0,5.0,0.0,2.0,0.0,21.0,0.0,0.0,0.0,7.0,18.0,2.0,1.0,1.0
ctx-rh-parsopercularis,0.0,11.0,0.0,0.0,0.0,0.0,0.0,0.0,0.0,1.0,0.0,0.0,0.0,0.0,1.0,0.0,1.0,0.0,0.0,0.0,1.0,0.0,0.0,2.0,1.0,0.0,2.0,0.0,10.0,0.0,0.0,0.0,0.0,0.0,1.0,15.0,229.0,0.0,0.0,0.0,0.0,0.0,1.0,182.0,0.0,0.0,11.0,0.0,0.0,1.0,1.0,0.0,1508.0,3.0,380.0,0.0,39.0,11.0,670.0,0.0,1.0,397.0,91.0,5.0,0.0,10.0,0.0,0.0
ctx-rh-parsorbitalis,0.0,0.0,0.0,0.0,0.0,0.0,0.0,0.0,0.0,0.0,0.0,0.0,0.0,0.0,0.0,0.0,0.0,0.0,0.0,0.0,0.0,0.0,0.0,0.0,0.0,0.0,1.0,1.0,1.0,0.0,0.0,0.0,0.0,0.0,0.0,1.0,1.0,0.0,0.0,0.0,0.0,0.0,0.0,14.0,0.0,0.0,567.0,0.0,12.0,0.0,0.0,0.0,3.0,565.0,303.0,0.0,0.0,0.0,0.0,0.0,12.0,548.0,43.0,0.0,0.0,0.0,1.0,0.0
ctx-rh-parstriangularis,0.0,2.0,1.0,0.0,0.0,1.0,0.0,0.0,0.0,0.0,0.0,0.0,0.0,0.0,1.0,0.0,0.0,0.0,0.0,0.0,0.0,0.0,0.0,0.0,0.0,0.0,0.0,0.0,6.0,0.0,0.0,0.0,0.0,0.0,0.0,6.0,25.0,0.0,0.0,3.0,0.0,0.0,0.0,98.0,0.0,0.0,248.0,0.0,7.0,0.0,0.0,0.0,380.0,303.0,1662.0,0.0,2.0,0.0,17.0,0.0,6.0,1186.0,73.0,1.0,0.0,0.0,0.0,0.0
ctx-rh-pericalcarine,0.0,0.0,0.0,2.0,0.0,0.0,1.0,1.0,0.0,0.0,13.0,2.0,0.0,11.0,0.0,1.0,0.0,1.0,0.0,0.0,0.0,1.0,0.0,0.0,1.0,0.0,0.0,0.0,0.0,6.0,0.0,0.0,0.0,0.0,0.0,0.0,0.0,1651.0,0.0,0.0,54.0,13.0,13.0,1.0,18.0,974.0,0.0,1173.0,0.0,5.0,0.0,5.0,0.0,0.0,0.0,887.0,0.0,4.0,0.0,316.0,0.0,0.0,0.0,293.0,1.0,0.0,0.0,1.0
ctx-rh-postcentral,0.0,5.0,2.0,0.0,0.0,0.0,1.0,2.0,0.0,0.0,5.0,0.0,0.0,0.0,0.0,0.0,2.0,0.0,1.0,0.0,0.0,1.0,0.0,20.0,6.0,3.0,0.0,0.0,2.0,8.0,0.0,1.0,0.0,1.0,14.0,5.0,45.0,0.0,0.0,0.0,0.0,124.0,7.0,185.0,8.0,5.0,0.0,1.0,0.0,8.0,461.0,0.0,39.0,0.0,2.0,0.0,4652.0,44.0,1820.0,108.0,0.0,6.0,34.0,640.0,21.0,1666.0,0.0,3.0
ctx-rh-posteriorcingulate,2.0,65.0,32.0,0.0,0.0,0.0,2.0,13.0,1.0,9.0,18.0,3.0,0.0,2.0,1.0,1.0,25.0,0.0,6.0,0.0,0.0,0.0,29.0,160.0,77.0,39.0,1.0,2.0,91.0,45.0,1.0,4.0,0.0,1.0,8.0,187.0,50.0,0.0,0.0,0.0,7.0,11.0,8.0,101.0,338.0,1.0,1.0,3.0,0.0,6.0,368.0,2.0,11.0,0.0,0.0,4.0,44.0,935.0,203.0,361.0,0.0,8.0,367.0,92.0,16.0,27.0,0.0,14.0
ctx-rh-precentral,0.0,23.0,10.0,0.0,0.0,0.0,0.0,2.0,0.0,1.0,2.0,0.0,0.0,0.0,1.0,0.0,4.0,0.0,0.0,0.0,1.0,0.0,5.0,47.0,31.0,4.0,2.0,0.0,37.0,9.0,1.0,2.0,0.0,1.0,9.0,38.0,1009.0,0.0,0.0,0.0,1.0,64.0,6.0,322.0,11.0,3.0,3.0,1.0,0.0,5.0,1023.0,0.0,670.0,0.0,17.0,0.0,1820.0,203.0,7720.0,35.0,0.0,53.0,622.0,243.0,12.0,228.0,0.0,8.0
ctx-rh-precuneus,5.0,0.0,1.0,4.0,0.0,0.0,11.0,39.0,3.0,8.0,145.0,24.0,0.0,13.0,0.0,5.0,12.0,2.0,0.0,0.0,0.0,5.0,6.0,37.0,9.0,89.0,0.0,0.0,3.0,123.0,4.0,4.0,0.0,3.0,17.0,2.0,2.0,223.0,0.0,0.0,54.0,152.0,28.0,40.0,684.0,101.0,0.0,233.0,0.0,23.0,212.0,21.0,0.0,0.0,0.0,316.0,108.0,361.0,35.0,4731.0,0.0,1.0,4.0,2009.0,33.0,25.0,0.0,17.0
ctx-rh-rostralanteriorcingulate,0.0,10.0,0.0,0.0,0.0,0.0,0.0,0.0,0.0,2.0,0.0,0.0,1.0,0.0,10.0,0.0,0.0,0.0,2.0,0.0,1.0,0.0,0.0,0.0,0.0,0.0,56.0,6.0,14.0,0.0,0.0,0.0,0.0,0.0,0.0,198.0,1.0,0.0,0.0,7.0,0.0,0.0,0.0,6.0,0.0,0.0,195.0,0.0,353.0,0.0,0.0,0.0,1.0,12.0,6.0,0.0,0.0,0.0,0.0,0.0,854.0,158.0,322.0,0.0,0.0,0.0,0.0,0.0
ctx-rh-rostralmiddlefrontal,0.0,69.0,8.0,0.0,0.0,0.0,0.0,0.0,0.0,5.0,0.0,0.0,3.0,0.0,9.0,0.0,0.0,0.0,4.0,0.0,2.0,0.0,1.0,4.0,1.0,0.0,47.0,17.0,58.0,0.0,0.0,0.0,0.0,0.0,0.0,175.0,765.0,0.0,0.0,142.0,0.0,1.0,2.0,195.0,1.0,0.0,1048.0,0.0,383.0,1.0,1.0,0.0,397.0,548.0,1186.0,0.0,6.0,8.0,53.0,1.0,158.0,7298.0,1813.0,3.0,2.0,0.0,0.0,0.0
ctx-rh-superiorfrontal,0.0,211.0,44.0,0.0,0.0,0.0,0.0,2.0,0.0,10.0,0.0,0.0,7.0,0.0,6.0,0.0,12.0,0.0,10.0,0.0,2.0,0.0,6.0,45.0,37.0,0.0,60.0,38.0,199.0,3.0,0.0,0.0,0.0,1.0,1.0,724.0,856.0,0.0,0.0,97.0,0.0,3.0,0.0,86.0,2.0,0.0,197.0,0.0,208.0,0.0,411.0,0.0,91.0,43.0,73.0,0.0,34.0,367.0,622.0,4.0,322.0,1813.0,9942.0,6.0,0.0,2.0,0.0,1.0
ctx-rh-superiorparietal,1.0,3.0,0.0,0.0,0.0,0.0,6.0,24.0,2.0,2.0,82.0,11.0,0.0,5.0,0.0,0.0,1.0,0.0,0.0,0.0,0.0,5.0,4.0,24.0,7.0,36.0,0.0,1.0,2.0,53.0,0.0,0.0,0.0,0.0,58.0,2.0,11.0,747.0,2.0,0.0,74.0,1509.0,64.0,134.0,164.0,602.0,1.0,113.0,0.0,55.0,248.0,7.0,5.0,0.0,1.0,293.0,640.0,92.0,243.0,2009.0,0.0,3.0,6.0,8228.0,56.0,485.0,1.0,31.0
ctx-rh-superiortemporal,0.0,0.0,0.0,1.0,0.0,0.0,0.0,1.0,0.0,0.0,6.0,1.0,0.0,1.0,0.0,0.0,1.0,1.0,0.0,0.0,0.0,1.0,0.0,4.0,3.0,6.0,0.0,0.0,0.0,6.0,1.0,2.0,0.0,0.0,775.0,0.0,0.0,1.0,11.0,0.0,71.0,195.0,270.0,257.0,10.0,14.0,1.0,5.0,1.0,704.0,6.0,18.0,0.0,0.0,0.0,1.0,21.0,16.0,12.0,33.0,0.0,2.0,0.0,56.0,4078.0,342.0,140.0,772.0
ctx-rh-supramarginal,0.0,1.0,0.0,0.0,0.0,0.0,0.0,6.0,0.0,0.0,5.0,1.0,0.0,0.0,0.0,0.0,0.0,0.0,0.0,0.0,0.0,0.0,5.0,8.0,1.0,7.0,0.0,0.0,1.0,4.0,0.0,1.0,0.0,0.0,328.0,0.0,9.0,1.0,0.0,0.0,9.0,992.0,22.0,218.0,8.0,7.0,0.0,0.0,0.0,19.0,16.0,2.0,10.0,0.0,0.0,0.0,1666.0,27.0,228.0,25.0,0.0,0.0,2.0,485.0,342.0,3858.0,0.0,49.0
ctx-rh-temporalpole,0.0,0.0,0.0,0.0,0.0,0.0,0.0,0.0,0.0,0.0,0.0,0.0,0.0,0.0,0.0,0.0,0.0,0.0,0.0,0.0,0.0,0.0,0.0,0.0,0.0,0.0,1.0,0.0,0.0,0.0,0.0,0.0,0.0,0.0,0.0,0.0,0.0,0.0,124.0,0.0,38.0,1.0,163.0,68.0,0.0,2.0,4.0,0.0,0.0,101.0,0.0,1.0,0.0,1.0,0.0,0.0,0.0,0.0,0.0,0.0,0.0,0.0,0.0,1.0,140.0,0.0,296.0,0.0
ctx-rh-transversetemporal,0.0,0.0,0.0,0.0,0.0,0.0,0.0,2.0,0.0,0.0,4.0,1.0,0.0,0.0,0.0,0.0,1.0,0.0,0.0,0.0,0.0,0.0,0.0,4.0,0.0,2.0,0.0,0.0,0.0,0.0,0.0,0.0,0.0,0.0,63.0,0.0,1.0,1.0,0.0,0.0,4.0,19.0,6.0,59.0,3.0,3.0,0.0,0.0,0.0,8.0,6.0,1.0,0.0,0.0,0.0,1.0,3.0,14.0,8.0,17.0,0.0,0.0,1.0,31.0,772.0,49.0,0.0,195.0
