,ctx-lh-bankssts,ctx-lh-caudalanteriorcingulate,ctx-lh-caudalmiddlefrontal,ctx-lh-cuneus,ctx-lh-entorhinal,ctx-lh-frontalpole,ctx-lh-fusiform,ctx-lh-inferiorparietal,ctx-lh-inferiortemporal,ctx-lh-insula,ctx-lh-isthmuscingulate,ctx-lh-lateraloccipital,ctx-lh-lateralorbitofrontal,ctx-lh-lingual,ctx-lh-medialorbitofrontal,ctx-lh-middletemporal,ctx-lh-paracentral,ctx-lh-parahippocampal,ctx-lh-parsopercularis,ctx-lh-parsorbitalis,ctx-lh-parstriangularis,ctx-lh-pericalcarine,ctx-lh-postcentral,ctx-lh-posteriorcingulate,ctx-lh-precentral,ctx-lh-precuneus,ctx-lh-rostralanteriorcingulate,ctx-lh-rostralmiddlefrontal,ctx-lh-superiorfrontal,ctx-lh-superiorparietal,ctx-lh-superiortemporal,ctx-lh-supramarginal,ctx-lh-temporalpole,ctx-lh-transversetemporal,ctx-rh-bankssts,ctx-rh-caudalanteriorcingulate,ctx-rh-caudalmiddlefrontal,ctx-rh-cuneus,ctx-rh-entorhinal,ctx-rh-frontalpole,ctx-rh-fusiform,ctx-rh-inferiorparietal,ctx-rh-inferiortemporal,ctx-rh-insula,ctx-rh-isthmuscingulate,ctx-rh-lateraloccipital,ctx-rh-lateralorbitofrontal,ctx-rh-lingual,ctx-rh-medialorbitofrontal,ctx-rh-middletemporal,ctx-rh-paracentral,ctx-rh-parahippocampal,ctx-rh-parsopercularis,ctx-rh-parsorbitalis,ctx-rh-parstriangularis,ctx-rh-pericalcarine,ctx-rh-postcentral,ctx-rh-posteriorcingulate,ctx-rh-precentral,ctx-rh-precuneus,ctx-rh-rostralanteriorcingulate,ctx-rh-rostralmiddlefrontal,ctx-rh-superiorfrontal,ctx-rh-superiorparietal,ctx-rh-superiortemporal,ctx-rh-supramarginal,ctx-rh-temporalpole,ctx-rh-transversetemporal
ctx-lh-bankssts,490.0,0.0,0.0,6.0,0.0,0.0,13.0,323.0,90.0,13.0,5.0,20.0,0.0,10.0,0.0,483.0,0.0,0.0,0.0,0.0,0.0,2.0,10.0,0.0,2.0,23.0,0.0,0.0,0.0,29.0,577.0,243.0,0.0,7.0,2.0,0.0,0.0,0.0,0.0,0.0,0.0,0.0,1.0,0.0,2.0,1.0,0.0,1.0,0.0,1.0,0.0,0.0,0.0,0.0,0.0,0.0,0.0,0.0,0.0,9.0,0.0,0.0,0.0,1.0,2.0,0.0,0.0,0.0
ctx-lh-caudalanteriorcingulate,0.0,445.0,85.0,0.0,0.0,0.0,0.0,1.0,0.0,31.0,10.0,0.0,5.0,0.0,12.0,0.0,33.0,0.0,37.0,2.0,19.0,0.0,4.0,255.0,37.0,12.0,248.0,84.0,583.0,3.0,0.0,1.0,0.0,0.0,0.0,150.0,32.0,0.0,0.0,0.0,0.0,0.0,0.0,6.0,1.0,0.0,1.0,0.0,0.0,0.0,13.0,0.0,9.0,1.0,2.0,0.0,3.0,23.0,18.0,4.0,32.0,30.0,146.0,1.0,0.0,0.0,0.0,0.0
ctx-lh-caudalmiddlefrontal,0.0,85.0,3321.0,0.0,0.0,0.0,1.0,3.0,0.0,105.0,0.0,1.0,0.0,0.0,0.0,0.0,24.0,0.0,243.0,3.0,20.0,0.0,70.0,9.0,1225.0,2.0,10.0,897.0,1277.0,12.0,1.0,7.0,0.0,0.0,1.0,22.0,16.0,0.0,0.0,0.0,0.0,0.0,0.0,2.0,1.0,0.0,0.0,0.0,0.0,0.0,0.0,0.0,6.0,0.0,1.0,0.0,0.0,5.0,6.0,1.0,1.0,12.0,53.0,1.0,0.0,0.0,0.0,0.0
ctx-lh-cuneus,6.0,0.0,0.0,975.0,0.0,0.0,24.0,79.0,18.0,2.0,33.0,308.0,0.0,152.0,0.0,11.0,0.0,1.0,0.0,0.0,0.0,1054.0,0.0,0.0,1.0,251.0,0.0,0.0,0.0,1079.0,9.0,5.0,0.0,2.0,0.0,0.0,0.0,27.0,0.0,0.0,2.0,1.0,1.0,0.0,8.0,2.0,0.0,3.0,0.0,1.0,0.0,0.0,0.0,0.0,0.0,28.0,1.0,0.0,0.0,15.0,0.0,0.0,0.0,2.0,1.0,0.0,0.0,0.0
ctx-lh-entorhinal,0.0,0.0,0.0,0.0,250.0,0.0,271.0,0.0,120.0,2.0,0.0,0.0,0.0,1.0,0.0,19.0,0.0,183.0,0.0,0.0,0.0,0.0,0.0,0.0,0.0,0.0,0.0,0.0,0.0,0.0,15.0,0.0,209.0,0.0,0.0,0.0,0.0,0.0,0.0,0.0,0.0,0.0,1.0,0.0,0.0,0.0,0.0,0.0,0.0,0.0,0.0,0.0,0.0,0.0,0.0,0.0,0.0,0.0,0.0,0.0,0.0,0.0,0.0,0.0,0.0,0.0,0.0,0.0
ctx-lh-frontalpole,0.0,0.0,0.0,0.0,0.0,69.0,0.0,0.0,0.0,1.0,0.0,0.0,25.0,0.0,249.0,0.0,0.0,0.0,0.0,0.0,1.0,0.0,0.0,0.0,0.0,0.0,0.0,112.0,96.0,0.0,0.0,0.0,0.0,0.0,0.0,0.0,0.0,0.0,0.0,0.0,0.0,0.0,0.0,0.0,0.0,0.0,0.0,0.0,0.0,0.0,0.0,0.0,0.0,0.0,0.0,0.0,0.0,0.0,0.0,0.0,0.0,0.0,0.0,0.0,0.0,0.0,0.0,0.0
ctx-lh-fusiform,13.0,0.0,1.0,24.0,271.0,0.0,2911.0,75.0,1438.0,38.0,25.0,888.0,0.0,798.0,0.0,304.0,0.0,110.0,0.0,0.0,0.0,78.0,1.0,1.0,1.0,46.0,0.0,0.0,0.0,36.0,183.0,3.0,132.0,8.0,0.0,0.0,0.0,1.0,0.0,0.0,2.0,2.0,0.0,0.0,5.0,3.0,0.0,0.0,0.0,3.0,0.0,1.0,0.0,0.0,0.0,2.0,2.0,0.0,0.0,6.0,0.0,0.0,0.0,2.0,2.0,0.0,0.0,0.0
ctx-lh-inferiorparietal,323.0,1.0,3.0,79.0,0.0,0.0,75.0,5141.0,216.0,32.0,35.0,942.0,0.0,33.0,0.0,469.0,4.0,2.0,1.0,0.0,0.0,23.0,45.0,2.0,8.0,268.0,0.0,0.0,3.0,913.0,235.0,1390.0,1.0,13.0,2.0,0.0,0.0,3.0,0.0,0.0,0.0,4.0,4.0,5.0,11.0,0.0,0.0,1.0,0.0,3.0,0.0,1.0,0.0,0.0,0.0,1.0,1.0,2.0,0.0,23.0,0.0,0.0,0.0,4.0,3.0,0.0,0.0,1.0
ctx-lh-inferiortemporal,90.0,0.0,0.0,18.0,120.0,0.0,1438.0,216.0,2521.0,41.0,23.0,264.0,0.0,115.0,0.0,1717.0,0.0,24.0,0.0,0.0,0.0,21.0,4.0,2.0,0.0,67.0,0.0,0.0,0.0,49.0,294.0,31.0,136.0,10.0,3.0,0.0,0.0,0.0,0.0,0.0,0.0,2.0,4.0,0.0,8.0,1.0,0.0,3.0,0.0,3.0,0.0,0.0,0.0,0.0,0.0,0.0,0.0,0.0,0.0,23.0,0.0,0.0,1.0,3.0,3.0,0.0,0.0,0.0
ctx-lh-insula,13.0,31.0,105.0,2.0,2.0,1.0,38.0,32.0,41.0,1602.0,11.0,9.0,365.0,6.0,46.0,60.0,21.0,7.0,165.0,2.0,98.0,0.0,361.0,10.0,375.0,53.0,57.0,90.0,159.0,100.0,192.0,235.0,6.0,112.0,0.0,15.0,4.0,0.0,0.0,0.0,1.0,1.0,0.0,2.0,5.0,1.0,0.0,0.0,0.0,1.0,2.0,0.0,1.0,0.0,1.0,0.0,1.0,3.0,1.0,11.0,0.0,3.0,18.0,2.0,2.0,0.0,0.0,0.0
ctx-lh-isthmuscingulate,5.0,10.0,0.0,33.0,0.0,0.0,25.0,35.0,23.0,11.0,913.0,26.0,0.0,149.0,0.0,15.0,11.0,54.0,1.0,0.0,0.0,19.0,9.0,348.0,7.0,954.0,0.0,1.0,10.0,71.0,35.0,16.0,0.0,11.0,11.0,1.0,0.0,6.0,0.0,0.0,4.0,13.0,3.0,9.0,117.0,5.0,0.0,6.0,0.0,10.0,7.0,3.0,0.0,0.0,0.0,1.0,2.0,8.0,6.0,136.0,0.0,0.0,4.0,18.0,21.0,11.0,0.0,6.0
ctx-lh-lateraloccipital,20.0,0.0,1.0,308.0,0.0,0.0,888.0,942.0,264.0,9.0,26.0,6165.0,0.0,704.0,0.0,106.0,0.0,9.0,0.0,0.0,0.0,831.0,1.0,0.0,1.0,103.0,0.0,0.0,0.0,396.0,40.0,9.0,1.0,7.0,0.0,0.0,0.0,2.0,0.0,0.0,1.0,6.0,4.0,1.0,8.0,1.0,0.0,2.0,0.0,11.0,0.0,0.0,0.0,0.0,0.0,4.0,1.0,2.0,0.0,27.0,0.0,0.0,0.0,5.0,3.0,2.0,0.0,2.0
ctx-lh-lateralorbitofrontal,0.0,5.0,0.0,0.0,0.0,25.0,0.0,0.0,0.0,365.0,0.0,0.0,2475.0,0.0,2457.0,0.0,0.0,0.0,18.0,307.0,334.0,0.0,0.0,1.0,2.0,0.0,350.0,357.0,93.0,0.0,2.0,0.0,0.0,0.0,0.0,6.0,1.0,0.0,0.0,0.0,0.0,0.0,0.0,1.0,0.0,0.0,0.0,0.0,1.0,0.0,0.0,0.0,0.0,0.0,0.0,0.0,0.0,0.0,0.0,0.0,6.0,1.0,2.0,0.0,0.0,0.0,0.0,0.0
ctx-lh-lingual,10.0,0.0,0.0,152.0,1.0,0.0,798.0,33.0,115.0,6.0,149.0,704.0,0.0,4489.0,0.0,41.0,0.0,179.0,0.0,0.0,0.0,1031.0,1.0,2.0,3.0,167.0,0.0,0.0,0.0,81.0,39.0,5.0,3.0,4.0,0.0,0.0,0.0,1.0,0.0,0.0,1.0,3.0,1.0,0.0,10.0,2.0,0.0,4.0,0.0,4.0,0.0,1.0,0.0,0.0,0.0,2.0,0.0,0.0,0.0,32.0,0.0,0.0,0.0,4.0,2.0,0.0,0.0,2.0
ctx-lh-medialorbitofrontal,0.0,12.0,0.0,0.0,0.0,249.0,0.0,0.0,0.0,46.0,0.0,0.0,2457.0,0.0,1263.0,0.0,0.0,0.0,12.0,89.0,109.0,0.0,0.0,0.0,2.0,0.0,502.0,868.0,214.0,0.0,0.0,0.0,0.0,0.0,0.0,9.0,0.0,0.0,0.0,0.0,0.0,0.0,0.0,1.0,0.0,0.0,0.0,0.0,0.0,0.0,0.0,0.0,0.0,0.0,0.0,0.0,0.0,1.0,0.0,0.0,11.0,1.0,2.0,0.0,0.0,0.0,0.0,0.0
ctx-lh-middletemporal,483.0,0.0,0.0,11.0,19.0,0.0,304.0,469.0,1717.0,60.0,15.0,106.0,0.0,41.0,0.0,2157.0,2.0,15.0,0.0,0.0,0.0,17.0,5.0,1.0,1.0,37.0,0.0,0.0,0.0,37.0,1050.0,68.0,209.0,17.0,1.0,0.0,0.0,1.0,0.0,0.0,1.0,2.0,1.0,1.0,9.0,1.0,0.0,1.0,0.0,2.0,0.0,1.0,0.0,0.0,0.0,1.0,0.0,1.0,1.0,26.0,0.0,0.0,0.0,0.0,2.0,1.0,0.0,0.0
ctx-lh-paracentral,0.0,33.0,24.0,0.0,0.0,0.0,0.0,4.0,0.0,21.0,11.0,0.0,0.0,0.0,0.0,2.0,1786.0,0.0,2.0,0.0,0.0,0.0,663.0,183.0,938.0,160.0,0.0,2.0,596.0,78.0,3.0,5.0,0.0,0.0,0.0,10.0,1.0,0.0,0.0,0.0,0.0,1.0,0.0,2.0,6.0,0.0,0.0,0.0,0.0,1.0,5.0,0.0,1.0,0.0,0.0,0.0,0.0,35.0,16.0,3.0,1.0,2.0,22.0,1.0,0.0,1.0,0.0,1.0
ctx-lh-parahippocampal,0.0,0.0,0.0,1.0,183.0,0.0,110.0,2.0,24.0,7.0,54.0,9.0,0.0,179.0,0.0,15.0,0.0,465.0,0.0,0.0,0.0,3.0,0.0,0.0,0.0,4.0,0.0,0.0,0.0,3.0,14.0,1.0,3.0,1.0,1.0,0.0,0.0,0.0,0.0,0.0,1.0,0.0,0.0,0.0,1.0,0.0,0.0,2.0,0.0,0.0,0.0,0.0,0.0,0.0,0.0,0.0,0.0,0.0,0.0,3.0,0.0,0.0,0.0,0.0,0.0,0.0,0.0,0.0
ctx-lh-parsopercularis,0.0,37.0,243.0,0.0,0.0,0.0,0.0,1.0,0.0,165.0,1.0,0.0,18.0,0.0,12.0,0.0,2.0,0.0,1528.0,9.0,483.0,0.0,14.0,4.0,546.0,1.0,39.0,357.0,229.0,4.0,0.0,4.0,0.0,1.0,0.0,17.0,2.0,0.0,0.0,0.0,0.0,0.0,0.0,0.0,0.0,0.0,1.0,0.0,0.0,0.0,0.0,0.0,2.0,0.0,3.0,0.0,0.0,6.0,2.0,0.0,4.0,6.0,14.0,1.0,0.0,0.0,0.0,0.0
ctx-lh-parsorbitalis,0.0,2.0,3.0,0.0,0.0,0.0,0.0,0.0,0.0,2.0,0.0,0.0,307.0,0.0,89.0,0.0,0.0,0.0,9.0,353.0,313.0,0.0,0.0,0.0,0.0,0.0,21.0,271.0,45.0,0.0,0.0,0.0,0.0,0.0,0.0,0.0,0.0,0.0,0.0,0.0,0.0,0.0,0.0,0.0,0.0,0.0,0.0,0.0,0.0,0.0,0.0,0.0,0.0,0.0,0.0,0.0,0.0,0.0,0.0,0.0,0.0,0.0,2.0,0.0,0.0,0.0,0.0,0.0
ctx-lh-parstriangularis,0.0,19.0,20.0,0.0,0.0,1.0,0.0,0.0,0.0,98.0,0.0,0.0,334.0,0.0,109.0,0.0,0.0,0.0,483.0,313.0,1078.0,0.0,0.0,1.0,9.0,2.0,137.0,601.0,151.0,0.0,0.0,0.0,0.0,0.0,0.0,6.0,1.0,0.0,0.0,0.0,0.0,0.0,0.0,1.0,0.0,0.0,0.0,0.0,0.0,0.0,0.0,0.0,0.0,0.0,0.0,0.0,0.0,1.0,0.0,0.0,3.0,2.0,9.0,0.0,0.0,0.0,0.0,0.0
ctx-lh-pericalcarine,2.0,0.0,0.0,1054.0,0.0,0.0,78.0,23.0,21.0,0.0,19.0,831.0,0.0,1031.0,0.0,17.0,0.0,3.0,0.0,0.0,0.0,613.0,0.0,0.0,0.0,117.0,0.0,0.0,0.0,210.0,10.0,0.0,1.0,1.0,0.0,0.0,0.0,1.0,0.0,0.0,1.0,2.0,0.0,0.0,4.0,2.0,0.0,1.0,0.0,0.0,0.0,1.0,0.0,0.0,0.0,11.0,0.0,0.0,0.0,10.0,0.0,0.0,0.0,1.0,3.0,0.0,0.0,0.0
ctx-lh-postcentral,10.0,4.0,70.0,0.0,0.0,0.0,1.0,45.0,4.0,361.0,9.0,1.0,0.0,1.0,0.0,5.0,663.0,0.0,14.0,0.0,0.0,0.0,5589.0,31.0,1721.0,185.0,0.0,3.0,44.0,589.0,38.0,1070.0,0.0,10.0,0.0,2.0,1.0,0.0,0.0,0.0,0.0,1.0,0.0,1.0,5.0,0.0,0.0,0.0,0.0,0.0,4.0,0.0,1.0,0.0,0.0,0.0,0.0,9.0,3.0,10.0,0.0,1.0,2.0,0.0,3.0,0.0,0.0,1.0
ctx-lh-posteriorcingulate,0.0,255.0,9.0,0.0,0.0,0.0,1.0,2.0,2.0,10.0,348.0,0.0,1.0,2.0,0.0,1.0,183.0,0.0,4.0,0.0,1.0,0.0,31.0,1161.0,63.0,424.0,17.0,5.0,200.0,52.0,6.0,8.0,0.0,4.0,0.0,20.0,7.0,1.0,0.0,0.0,0.0,1.0,1.0,12.0,31.0,0.0,0.0,1.0,1.0,1.0,42.0,0.0,1.0,0.0,1.0,0.0,1.0,124.0,22.0,32.0,0.0,3.0,44.0,9.0,10.0,2.0,0.0,2.0
ctx-lh-precentral,2.0,37.0,1225.0,1.0,0.0,0.0,1.0,8.0,0.0,375.0,7.0,1.0,2.0,3.0,2.0,1.0,938.0,0.0,546.0,0.0,9.0,0.0,1721.0,63.0,7162.0,97.0,5.0,41.0,871.0,217.0,16.0,139.0,0.0,5.0,0.0,19.0,10.0,0.0,0.0,0.0,0.0,0.0,0.0,1.0,3.0,0.0,0.0,0.0,0.0,0.0,4.0,0.0,0.0,0.0,0.0,0.0,0.0,34.0,4.0,9.0,2.0,4.0,37.0,1.0,0.0,0.0,0.0,0.0
ctx-lh-precuneus,23.0,12.0,2.0,251.0,0.0,0.0,46.0,268.0,67.0,53.0,954.0,103.0,0.0,167.0,0.0,37.0,160.0,4.0,1.0,0.0,2.0,117.0,185.0,424.0,97.0,4832.0,1.0,1.0,24.0,2458.0,110.0,84.0,1.0,32.0,9.0,3.0,3.0,6.0,0.0,0.0,3.0,11.0,5.0,18.0,118.0,19.0,0.0,15.0,0.0,18.0,11.0,0.0,2.0,0.0,0.0,1.0,8.0,32.0,6.0,189.0,0.0,0.0,6.0,30.0,30.0,19.0,1.0,10.0
ctx-lh-rostralanteriorcingulate,0.0,248.0,10.0,0.0,0.0,0.0,0.0,0.0,0.0,57.0,0.0,0.0,350.0,0.0,502.0,0.0,0.0,0.0,39.0,21.0,137.0,0.0,0.0,17.0,5.0,1.0,1036.0,181.0,494.0,0.0,0.0,0.0,0.0,0.0,0.0,118.0,5.0,0.0,0.0,0.0,0.0,0.0,0.0,4.0,0.0,0.0,1.0,0.0,9.0,0.0,2.0,0.0,4.0,0.0,6.0,0.0,1.0,2.0,5.0,0.0,103.0,20.0,60.0,0.0,0.0,0.0,0.0,0.0
ctx-lh-rostralmiddlefrontal,0.0,84.0,897.0,0.0,0.0,112.0,0.0,0.0,0.0,90.0,1.0,0.0,357.0,0.0,868.0,0.0,2.0,0.0,357.0,271.0,601.0,0.0,3.0,5.0,41.0,1.0,181.0,6322.0,3087.0,0.0,0.0,0.0,0.0,0.0,0.0,36.0,8.0,0.0,0.0,0.0,0.0,0.0,0.0,2.0,0.0,0.0,1.0,0.0,0.0,0.0,0.0,0.0,4.0,0.0,0.0,0.0,1.0,1.0,2.0,0.0,9.0,12.0,29.0,0.0,0.0,1.0,0.0,0.0
ctx-lh-superiorfrontal,0.0,583.0,1277.0,0.0,0.0,96.0,0.0,3.0,0.0,159.0,10.0,0.0,93.0,0.0,214.0,0.0,596.0,0.0,229.0,45.0,151.0,0.0,44.0,200.0,871.0,24.0,494.0,3087.0,12220.0,20.0,2.0,6.0,0.0,0.0,0.0,182.0,46.0,0.0,0.0,0.0,0.0,0.0,0.0,13.0,4.0,0.0,1.0,0.0,1.0,0.0,26.0,0.0,12.0,0.0,8.0,0.0,9.0,57.0,41.0,3.0,27.0,43.0,219.0,1.0,2.0,2.0,0.0,1.0
ctx-lh-superiorparietal,29.0,3.0,12.0,1079.0,0.0,0.0,36.0,913.0,49.0,100.0,71.0,396.0,0.0,81.0,0.0,37.0,78.0,3.0,4.0,0.0,0.0,210.0,589.0,52.0,217.0,2458.0,0.0,0.0,20.0,6511.0,102.0,523.0,0.0,40.0,1.0,0.0,1.0,2.0,0.0,0.0,0.0,3.0,4.0,11.0,38.0,2.0,0.0,8.0,0.0,2.0,7.0,0.0,0.0,0.0,0.0,1.0,0.0,13.0,4.0,48.0,1.0,0.0,2.0,8.0,15.0,3.0,0.0,5.0
ctx-lh-superiortemporal,577.0,0.0,1.0,9.0,15.0,0.0,183.0,235.0,294.0,192.0,35.0,40.0,2.0,39.0,0.0,1050.0,3.0,14.0,0.0,0.0,0.0,10.0,38.0,6.0,16.0,110.0,0.0,0.0,2.0,102.0,3819.0,574.0,251.0,489.0,0.0,0.0,0.0,0.0,0.0,0.0,0.0,4.0,1.0,0.0,14.0,4.0,0.0,2.0,0.0,5.0,0.0,1.0,0.0,0.0,0.0,1.0,1.0,3.0,1.0,29.0,0.0,0.0,0.0,7.0,5.0,0.0,1.0,7.0
ctx-lh-supramarginal,243.0,1.0,7.0,5.0,0.0,0.0,3.0,1390.0,31.0,235.0,16.0,9.0,0.0,5.0,0.0,68.0,5.0,1.0,4.0,0.0,0.0,0.0,1070.0,8.0,139.0,84.0,0.0,0.0,6.0,523.0,574.0,5123.0,0.0,60.0,1.0,0.0,0.0,0.0,0.0,0.0,0.0,2.0,1.0,2.0,1.0,0.0,0.0,0.0,0.0,0.0,3.0,0.0,0.0,0.0,0.0,0.0,0.0,6.0,0.0,20.0,0.0,1.0,1.0,3.0,3.0,1.0,0.0,1.0
ctx-lh-temporalpole,0.0,0.0,0.0,0.0,209.0,0.0,132.0,1.0,136.0,6.0,0.0,1.0,0.0,3.0,0.0,209.0,0.0,3.0,0.0,0.0,0.0,1.0,0.0,0.0,0.0,1.0,0.0,0.0,0.0,0.0,251.0,0.0,430.0,1.0,0.0,0.0,0.0,1.0,0.0,0.0,0.0,0.0,0.0,0.0,0.0,0.0,0.0,0.0,0.0,0.0,0.0,0.0,0.0,0.0,0.0,0.0,0.0,0.0,0.0,0.0,0.0,0.0,0.0,0.0,0.0,0.0,0.0,0.0
ctx-lh-transversetemporal,7.0,0.0,0.0,2.0,0.0,0.0,8.0,13.0,10.0,112.0,11.0,7.0,0.0,4.0,0.0,17.0,0.0,1.0,1.0,0.0,0.0,1.0,10.0,4.0,5.0,32.0,0.0,0.0,0.0,40.0,489.0,60.0,1.0,399.0,0.0,0.0,0.0,1.0,0.0,0.0,0.0,2.0,1.0,0.0,6.0,0.0,0.0,1.0,0.0,0.0,0.0,0.0,0.0,0.0,0.0,0.0,0.0,0.0,0.0,13.0,0.0,0.0,1.0,2.0,1.0,0.0,0.0,1.0
ctx-rh-bankssts,2.0,0.0,1.0,0.0,0.0,0.0,0.0,2.0,3.0,0.0,11.0,0.0,0.0,0.0,0.0,1.0,0.0,1.0,0.0,0.0,0.0,0.0,0.0,0.0,0.0,9.0,0.0,0.0,0.0,1.0,0.0,1.0,0.0,0.0,415.0,0.0,0.0,5.0,0.0,0.0,25.0,408.0,82.0,17.0,11.0,15.0,0.0,6.0,0.0,505.0,0.0,6.0,0.0,0.0,0.0,7.0,19.0,1.0,10.0,79.0,0.0,0.0,1.0,54.0,691.0,216.0,1.0,13.0
ctx-rh-caudalanteriorcingulate,0.0,150.0,22.0,0.0,0.0,0.0,0.0,0.0,0.0,15.0,1.0,0.0,6.0,0.0,9.0,0.0,10.0,0.0,17.0,0.0,6.0,0.0,2.0,20.0,19.0,3.0,118.0,36.0,182.0,0.0,0.0,0.0,0.0,0.0,0.0,509.0,57.0,0.0,0.0,0.0,0.0,1.0,0.0,25.0,5.0,0.0,2.0,0.0,6.0,0.0,26.0,0.0,38.0,3.0,25.0,0.0,9.0,193.0,30.0,4.0,183.0,123.0,541.0,0.0,0.0,0.0,0.0,0.0
ctx-rh-caudalmiddlefrontal,0.0,32.0,16.0,0.0,0.0,0.0,0.0,0.0,0.0,4.0,0.0,0.0,1.0,0.0,0.0,0.0,1.0,0.0,2.0,0.0,1.0,0.0,1.0,7.0,10.0,3.0,5.0,8.0,46.0,1.0,0.0,0.0,0.0,0.0,0.0,57.0,2752.0,0.0,0.0,0.0,0.0,3.0,0.0,47.0,1.0,0.0,2.0,0.0,0.0,0.0,37.0,0.0,195.0,0.0,7.0,0.0,66.0,20.0,1156.0,10.0,6.0,778.0,984.0,18.0,1.0,11.0,0.0,0.0
ctx-rh-cuneus,0.0,0.0,0.0,27.0,0.0,0.0,1.0,3.0,0.0,0.0,6.0,2.0,0.0,1.0,0.0,1.0,0.0,0.0,0.0,0.0,0.0,1.0,0.0,1.0,0.0,6.0,0.0,0.0,0.0,2.0,0.0,0.0,1.0,1.0,5.0,0.0,0.0,1547.0,0.0,0.0,56.0,51.0,40.0,1.0,11.0,513.0,0.0,179.0,0.0,25.0,0.0,0.0,0.0,0.0,0.0,1453.0,0.0,0.0,0.0,311.0,0.0,0.0,0.0,521.0,5.0,1.0,0.0,0.0
ctx-rh-entorhinal,0.0,0.0,0.0,0.0,0.0,0.0,0.0,0.0,0.0,0.0,0.0,0.0,0.0,0.0,0.0,0.0,0.0,0.0,0.0,0.0,0.0,0.0,0.0,0.0,0.0,0.0,0.0,0.0,0.0,0.0,0.0,0.0,0.0,0.0,0.0,0.0,0.0,0.0,196.0,0.0,476.0,1.0,77.0,3.0,0.0,0.0,0.0,0.0,0.0,16.0,0.0,83.0,0.0,0.0,0.0,0.0,0.0,0.0,0.0,1.0,0.0,0.0,0.0,0.0,22.0,0.0,149.0,0.0
ctx-rh-frontalpole,0.0,0.0,0.0,0.0,0.0,0.0,0.0,0.0,0.0,0.0,0.0,0.0,0.0,0.0,0.0,0.0,0.0,0.0,0.0,0.0,0.0,0.0,0.0,0.0,0.0,0.0,0.0,0.0,0.0,0.0,0.0,0.0,0.0,0.0,0.0,0.0,0.0,0.0,0.0,59.0,0.0,0.0,0.0,2.0,0.0,0.0,166.0,0.0,388.0,0.0,0.0,0.0,0.0,4.0,2.0,0.0,0.0,0.0,0.0,0.0,9.0,212.0,68.0,0.0,0.0,0.0,0.0,0.0
ctx-rh-fusiform,0.0,0.0,0.0,2.0,0.0,0.0,2.0,0.0,0.0,1.0,4.0,1.0,0.0,1.0,0.0,1.0,0.0,1.0,0.0,0.0,0.0,1.0,0.0,0.0,0.0,3.0,0.0,0.0,0.0,0.0,0.0,0.0,0.0,0.0,25.0,0.0,0.0,56.0,476.0,0.0,3607.0,43.0,1259.0,23.0,16.0,1038.0,0.0,614.0,0.0,324.0,1.0,239.0,0.0,0.0,0.0,156.0,0.0,0.0,3.0,185.0,0.0,0.0,0.0,36.0,107.0,3.0,131.0,3.0
ctx-rh-inferiorparietal,0.0,0.0,0.0,1.0,0.0,0.0,2.0,4.0,2.0,1.0,13.0,6.0,0.0,3.0,0.0,2.0,1.0,0.0,0.0,0.0,0.0,2.0,1.0,1.0,0.0,11.0,0.0,0.0,0.0,3.0,4.0,2.0,0.0,2.0,408.0,1.0,3.0,51.0,1.0,0.0,43.0,7242.0,158.0,38.0,27.0,683.0,0.0,12.0,0.0,659.0,1.0,2.0,4.0,0.0,0.0,22.0,108.0,1.0,52.0,435.0,0.0,0.0,4.0,1295.0,159.0,1250.0,0.0,16.0
ctx-rh-inferiortemporal,1.0,0.0,0.0,1.0,1.0,0.0,0.0,4.0,4.0,0.0,3.0,4.0,0.0,1.0,0.0,1.0,0.0,0.0,0.0,0.0,0.0,0.0,0.0,1.0,0.0,5.0,0.0,0.0,0.0,4.0,1.0,1.0,0.0,1.0,82.0,0.0,0.0,40.0,77.0,0.0,1259.0,158.0,2974.0,31.0,14.0,230.0,1.0,61.0,0.0,1359.0,0.0,46.0,0.0,0.0,0.0,34.0,3.0,0.0,3.0,105.0,0.0,0.0,0.0,41.0,246.0,9.0,204.0,5.0
ctx-rh-insula,0.0,6.0,2.0,0.0,0.0,0.0,0.0,5.0,0.0,2.0,9.0,1.0,1.0,0.0,1.0,1.0,2.0,0.0,0.0,0.0,1.0,0.0,1.0,12.0,1.0,18.0,4.0,2.0,13.0,11.0,0.0,2.0,0.0,0.0,17.0,25.0,47.0,1.0,3.0,2.0,23.0,38.0,31.0,1490.0,28.0,4.0,394.0,4.0,55.0,62.0,30.0,4.0,128.0,14.0,203.0,1.0,207.0,21.0,255.0,96.0,34.0,122.0,95.0,85.0,174.0,231.0,15.0,54.0
ctx-rh-isthmuscingulate,2.0,1.0,1.0,8.0,0.0,0.0,5.0,11.0,8.0,5.0,117.0,8.0,0.0,10.0,0.0,9.0,6.0,1.0,0.0,0.0,0.0,4.0,5.0,31.0,3.0,118.0,0.0,0.0,4.0,38.0,14.0,1.0,0.0,6.0,11.0,5.0,1.0,11.0,0.0,0.0,16.0,27.0,14.0,28.0,615.0,15.0,0.0,150.0,0.0,24.0,32.0,53.0,1.0,0.0,0.0,5.0,15.0,250.0,12.0,1053.0,0.0,0.0,9.0,53.0,32.0,27.0,1.0,14.0
ctx-rh-lateraloccipital,1.0,0.0,0.0,2.0,0.0,0.0,3.0,0.0,1.0,1.0,5.0,1.0,0.0,2.0,0.0,1.0,0.0,0.0,0.0,0.0,0.0,2.0,0.0,0.0,0.0,19.0,0.0,0.0,0.0,2.0,4.0,0.0,0.0,0.0,15.0,0.0,0.0,513.0,0.0,0.0,1038.0,683.0,230.0,4.0,15.0,5977.0,0.0,786.0,0.0,113.0,0.0,4.0,0.0,0.0,0.0,843.0,0.0,2.0,0.0,277.0,0.0,0.0,0.0,631.0,24.0,1.0,0.0,1.0
ctx-rh-lateralorbitofrontal,0.0,1.0,0.0,0.0,0.0,0.0,0.0,0.0,0.0,0.0,0.0,0.0,0.0,0.0,0.0,0.0,0.0,0.0,1.0,0.0,0.0,0.0,0.0,0.0,0.0,0.0,1.0,1.0,1.0,0.0,0.0,0.0,0.0,0.0,0.0,2.0,2.0,0.0,0.0,166.0,0.0,0.0,1.0,394.0,0.0,0.0,2687.0,0.0,1312.0,1.0,0.0,0.0,10.0,357.0,169.0,0.0,0.0,0.0,0.0,0.0,120.0,532.0,55.0,0.0,2.0,1.0,0.0,0.0
ctx-rh-lingual,1.0,0.0,0.0,3.0,0.0,0.0,0.0,1.0,3.0,0.0,6.0,2.0,0.0,4.0,0.0,1.0,0.0,2.0,0.0,0.0,0.0,1.0,0.0,1.0,0.0,15.0,0.0,0.0,0.0,8.0,2.0,0.0,0.0,1.0,6.0,0.0,0.0,179.0,0.0,0.0,614.0,12.0,61.0,4.0,150.0,786.0,0.0,4845.0,0.0,40.0,0.0,226.0,0.0,0.0,0.0,1436.0,1.0,0.0,0.0,300.0,0.0,0.0,0.0,37.0,34.0,0.0,0.0,3.0
ctx-rh-medialorbitofrontal,0.0,0.0,0.0,0.0,0.0,0.0,0.0,0.0,0.0,0.0,0.0,0.0,1.0,0.0,0.0,0.0,0.0,0.0,0.0,0.0,0.0,0.0,0.0,1.0,0.0,0.0,9.0,0.0,1.0,0.0,0.0,0.0,0.0,0.0,0.0,6.0,0.0,0.0,0.0,388.0,0.0,0.0,0.0,55.0,0.0,0.0,1312.0,0.0,1696.0,0.0,0.0,0.0,2.0,83.0,65.0,0.0,0.0,1.0,0.0,0.0,418.0,765.0,237.0,0.0,0.0,0.0,0.0,0.0
ctx-rh-middletemporal,1.0,0.0,0.0,1.0,0.0,0.0,3.0,3.0,3.0,1.0,10.0,11.0,0.0,4.0,0.0,2.0,1.0,0.0,0.0,0.0,0.0,0.0,0.0,1.0,0.0,18.0,0.0,0.0,0.0,2.0,5.0,0.0,0.0,0.0,505.0,0.0,0.0,25.0,16.0,0.0,324.0,659.0,1359.0,62.0,24.0,113.0,1.0,40.0,0.0,3250.0,0.0,17.0,2.0,0.0,0.0,12.0,5.0,1.0,2.0,132.0,0.0,0.0,0.0,69.0,605.0,37.0,104.0,18.0
ctx-rh-paracentral,0.0,13.0,0.0,0.0,0.0,0.0,0.0,0.0,0.0,2.0,7.0,0.0,0.0,0.0,0.0,0.0,5.0,0.0,0.0,0.0,0.0,0.0,4.0,42.0,4.0,11.0,2.0,0.0,26.0,7.0,0.0,3.0,0.0,0.0,0.0,26.0,37.0,0.0,0.0,0.0,1.0,1.0,0.0,30.0,32.0,0.0,0.0,0.0,0.0,0.0,1992.0,1.0,5.0,0.0,2.0,0.0,610.0,301.0,991.0,248.0,1.0,4.0,716.0,134.0,2.0,18.0,0.0,1.0
ctx-rh-parahippocampal,0.0,0.0,0.0,0.0,0.0,0.0,1.0,1.0,0.0,0.0,3.0,0.0,0.0,1.0,0.0,1.0,0.0,0.0,0.0,0.0,0.0,1.0,0.0,0.0,0.0,0.0,0.0,0.0,0.0,0.0,1.0,0.0,0.0,0.0,6.0,0.0,0.0,0.0,83.0,0.0,239.0,2.0,46.0,4.0,53.0,4.0,0.0,226.0,0.0,17.0,1.0,362.0,0.0,0.0,0.0,4.0,0.0,0.0,0.0,10.0,0.0,0.0,0.0,3.0,14.0,0.0,2.0,2.0
ctx-rh-parsopercularis,0.0,9.0,6.0,0.0,0.0,0.0,0.0,0.0,0.0,1.0,0.0,0.0,0.0,0.0,0.0,0.0,1.0,0.0,2.0,0.0,0.0,0.0,1.0,1.0,0.0,2.0,4.0,4.0,12.0,0.0,0.0,0.0,0.0,0.0,0.0,38.0,195.0,0.0,0.0,0.0,0.0,4.0,0.0,128.0,1.0,0.0,10.0,0.0,2.0,2.0,5.0,0.0,931.0,6.0,366.0,0.0,43.0,2.0,554.0,2.0,13.0,363.0,145.0,6.0,3.0,20.0,0.0,0.0
ctx-rh-parsorbitalis,0.0,1.0,0.0,0.0,0.0,0.0,0.0,0.0,0.0,0.0,0.0,0.0,0.0,0.0,0.0,0.0,0.0,0.0,0.0,0.0,0.0,0.0,0.0,0.0,0.0,0.0,0.0,0.0,0.0,0.0,0.0,0.0,0.0,0.0,0.0,3.0,0.0,0.0,0.0,4.0,0.0,0.0,0.0,14.0,0.0,0.0,357.0,0.0,83.0,0.0,0.0,0.0,6.0,330.0,274.0,0.0,0.0,0.0,1.0,0.0,39.0,631.0,60.0,0.0,0.0,0.0,0.0,0.0
ctx-rh-parstriangularis,0.0,2.0,1.0,0.0,0.0,0.0,0.0,0.0,0.0,1.0,0.0,0.0,0.0,0.0,0.0,0.0,0.0,0.0,3.0,0.0,0.0,0.0,0.0,1.0,0.0,0.0,6.0,0.0,8.0,0.0,0.0,0.0,0.0,0.0,0.0,25.0,7.0,0.0,0.0,2.0,0.0,0.0,0.0,203.0,0.0,0.0,169.0,0.0,65.0,0.0,2.0,0.0,366.0,274.0,1379.0,0.0,1.0,2.0,22.0,0.0,88.0,670.0,165.0,0.0,0.0,0.0,0.0,0.0
ctx-rh-pericalcarine,0.0,0.0,0.0,28.0,0.0,0.0,2.0,1.0,0.0,0.0,1.0,4.0,0.0,2.0,0.0,1.0,0.0,0.0,0.0,0.0,0.0,11.0,0.0,0.0,0.0,1.0,0.0,0.0,0.0,1.0,1.0,0.0,0.0,0.0,7.0,0.0,0.0,1453.0,0.0,0.0,156.0,22.0,34.0,1.0,5.0,843.0,0.0,1436.0,0.0,12.0,0.0,4.0,0.0,0.0,0.0,895.0,0.0,1.0,0.0,311.0,0.0,0.0,0.0,74.0,5.0,1.0,0.0,2.0
ctx-rh-postcentral,0.0,3.0,0.0,1.0,0.0,0.0,2.0,1.0,0.0,1.0,2.0,1.0,0.0,0.0,0.0,0.0,0.0,0.0,0.0,0.0,0.0,0.0,0.0,1.0,0.0,8.0,1.0,1.0,9.0,0.0,1.0,0.0,0.0,0.0,19.0,9.0,66.0,0.0,0.0,0.0,0.0,108.0,3.0,207.0,15.0,0.0,0.0,1.0,0.0,5.0,610.0,0.0,43.0,0.0,1.0,0.0,4858.0,10.0,1549.0,212.0,0.0,11.0,33.0,654.0,18.0,1202.0,0.0,5.0
ctx-rh-posteriorcingulate,0.0,23.0,5.0,0.0,0.0,0.0,0.0,2.0,0.0,3.0,8.0,2.0,0.0,0.0,1.0,1.0,35.0,0.0,6.0,0.0,1.0,0.0,9.0,124.0,34.0,32.0,2.0,1.0,57.0,13.0,3.0,6.0,0.0,0.0,1.0,193.0,20.0,0.0,0.0,0.0,0.0,1.0,0.0,21.0,250.0,2.0,0.0,0.0,1.0,1.0,301.0,0.0,2.0,0.0,2.0,1.0,10.0,1102.0,70.0,305.0,15.0,11.0,199.0,32.0,6.0,9.0,0.0,2.0
ctx-rh-precentral,0.0,18.0,6.0,0.0,0.0,0.0,0.0,0.0,0.0,1.0,6.0,0.0,0.0,0.0,0.0,1.0,16.0,0.0,2.0,0.0,0.0,0.0,3.0,22.0,4.0,6.0,5.0,2.0,41.0,4.0,1.0,0.0,0.0,0.0,10.0,30.0,1156.0,0.0,0.0,0.0,3.0,52.0,3.0,255.0,12.0,0.0,0.0,0.0,0.0,2.0,991.0,0.0,554.0,1.0,22.0,0.0,1549.0,70.0,7487.0,93.0,3.0,124.0,781.0,225.0,10.0,234.0,0.0,5.0
ctx-rh-precuneus,9.0,4.0,1.0,15.0,0.0,0.0,6.0,23.0,23.0,11.0,136.0,27.0,0.0,32.0,0.0,26.0,3.0,3.0,0.0,0.0,0.0,10.0,10.0,32.0,9.0,189.0,0.0,0.0,3.0,48.0,29.0,20.0,0.0,13.0,79.0,4.0,10.0,311.0,1.0,0.0,185.0,435.0,105.0,96.0,1053.0,277.0,0.0,300.0,0.0,132.0,248.0,10.0,2.0,0.0,0.0,311.0,212.0,305.0,93.0,5460.0,0.0,1.0,30.0,2595.0,155.0,104.0,1.0,29.0
ctx-rh-rostralanteriorcingulate,0.0,32.0,1.0,0.0,0.0,0.0,0.0,0.0,0.0,0.0,0.0,0.0,6.0,0.0,11.0,0.0,1.0,0.0,4.0,0.0,3.0,0.0,0.0,0.0,2.0,0.0,103.0,9.0,27.0,1.0,0.0,0.0,0.0,0.0,0.0,183.0,6.0,0.0,0.0,9.0,0.0,0.0,0.0,34.0,0.0,0.0,120.0,0.0,418.0,0.0,1.0,0.0,13.0,39.0,88.0,0.0,0.0,15.0,3.0,0.0,781.0,329.0,396.0,0.0,0.0,0.0,0.0,0.0
ctx-rh-rostralmiddlefrontal,0.0,30.0,12.0,0.0,0.0,0.0,0.0,0.0,0.0,3.0,0.0,0.0,1.0,0.0,1.0,0.0,2.0,0.0,6.0,0.0,2.0,0.0,1.0,3.0,4.0,0.0,20.0,12.0,43.0,0.0,0.0,1.0,0.0,0.0,0.0,123.0,778.0,0.0,0.0,212.0,0.0,0.0,0.0,122.0,0.0,0.0,532.0,0.0,765.0,0.0,4.0,0.0,363.0,631.0,670.0,0.0,11.0,11.0,124.0,1.0,329.0,7079.0,3647.0,0.0,0.0,5.0,0.0,0.0
ctx-rh-superiorfrontal,0.0,146.0,53.0,0.0,0.0,0.0,0.0,0.0,1.0,18.0,4.0,0.0,2.0,0.0,2.0,0.0,22.0,0.0,14.0,2.0,9.0,0.0,2.0,44.0,37.0,6.0,60.0,29.0,219.0,2.0,0.0,1.0,0.0,1.0,1.0,541.0,984.0,0.0,0.0,68.0,0.0,4.0,0.0,95.0,9.0,0.0,55.0,0.0,237.0,0.0,716.0,0.0,145.0,60.0,165.0,0.0,33.0,199.0,781.0,30.0,396.0,3647.0,11440.0,13.0,0.0,3.0,0.0,0.0
ctx-rh-superiorparietal,1.0,1.0,1.0,2.0,0.0,0.0,2.0,4.0,3.0,2.0,18.0,5.0,0.0,4.0,0.0,0.0,1.0,0.0,1.0,0.0,0.0,1.0,0.0,9.0,1.0,30.0,0.0,0.0,1.0,8.0,7.0,3.0,0.0,2.0,54.0,0.0,18.0,521.0,0.0,0.0,36.0,1295.0,41.0,85.0,53.0,631.0,0.0,37.0,0.0,69.0,134.0,3.0,6.0,0.0,0.0,74.0,654.0,32.0,225.0,2595.0,0.0,0.0,13.0,6271.0,73.0,457.0,1.0,12.0
ctx-rh-superiortemporal,2.0,0.0,0.0,1.0,0.0,0.0,2.0,3.0,3.0,2.0,21.0,3.0,0.0,2.0,0.0,2.0,0.0,0.0,0.0,0.0,0.0,3.0,3.0,10.0,0.0,30.0,0.0,0.0,2.0,15.0,5.0,3.0,0.0,1.0,691.0,0.0,1.0,5.0,22.0,0.0,107.0,159.0,246.0,174.0,32.0,24.0,2.0,34.0,0.0,605.0,2.0,14.0,3.0,0.0,0.0,5.0,18.0,6.0,10.0,155.0,0.0,0.0,0.0,73.0,4050.0,215.0,198.0,461.0
ctx-rh-supramarginal,0.0,0.0,0.0,0.0,0.0,0.0,0.0,0.0,0.0,0.0,11.0,2.0,0.0,0.0,0.0,1.0,1.0,0.0,0.0,0.0,0.0,0.0,0.0,2.0,0.0,19.0,0.0,1.0,2.0,3.0,0.0,1.0,0.0,0.0,216.0,0.0,11.0,1.0,0.0,0.0,3.0,1250.0,9.0,231.0,27.0,1.0,1.0,0.0,0.0,37.0,18.0,0.0,20.0,0.0,0.0,1.0,1202.0,9.0,234.0,104.0,0.0,5.0,3.0,457.0,215.0,3728.0,0.0,24.0
ctx-rh-temporalpole,0.0,0.0,0.0,0.0,0.0,0.0,0.0,0.0,0.0,0.0,0.0,0.0,0.0,0.0,0.0,0.0,0.0,0.0,0.0,0.0,0.0,0.0,0.0,0.0,0.0,1.0,0.0,0.0,0.0,0.0,1.0,0.0,0.0,0.0,1.0,0.0,0.0,0.0,149.0,0.0,131.0,0.0,204.0,15.0,1.0,0.0,0.0,0.0,0.0,104.0,0.0,2.0,0.0,0.0,0.0,0.0,0.0,0.0,0.0,1.0,0.0,0.0,0.0,1.0,198.0,0.0,275.0,1.0
ctx-rh-transversetemporal,0.0,0.0,0.0,0.0,0.0,0.0,0.0,1.0,0.0,0.0,6.0,2.0,0.0,2.0,0.0,0.0,1.0,0.0,0.0,0.0,0.0,0.0,1.0,2.0,0.0,10.0,0.0,0.0,1.0,5.0,7.0,1.0,0.0,1.0,13.0,0.0,0.0,0.0,0.0,0.0,3.0,16.0,5.0,54.0,14.0,1.0,0.0,3.0,0.0,18.0,1.0,2.0,0.0,0.0,0.0,2.0,5.0,2.0,5.0,29.0,0.0,0.0,0.0,12.0,461.0,24.0,1.0,162.0
