,ctx-lh-bankssts,ctx-lh-caudalanteriorcingulate,ctx-lh-caudalmiddlefrontal,ctx-lh-cuneus,ctx-lh-entorhinal,ctx-lh-frontalpole,ctx-lh-fusiform,ctx-lh-inferiorparietal,ctx-lh-inferiortemporal,ctx-lh-insula,ctx-lh-isthmuscingulate,ctx-lh-lateraloccipital,ctx-lh-lateralorbitofrontal,ctx-lh-lingual,ctx-lh-medialorbitofrontal,ctx-lh-middletemporal,ctx-lh-paracentral,ctx-lh-parahippocampal,ctx-lh-parsopercularis,ctx-lh-parsorbitalis,ctx-lh-parstriangularis,ctx-lh-pericalcarine,ctx-lh-postcentral,ctx-lh-posteriorcingulate,ctx-lh-precentral,ctx-lh-precuneus,ctx-lh-rostralanteriorcingulate,ctx-lh-rostralmiddlefrontal,ctx-lh-superiorfrontal,ctx-lh-superiorparietal,ctx-lh-superiortemporal,ctx-lh-supramarginal,ctx-lh-temporalpole,ctx-lh-transversetemporal,ctx-rh-bankssts,ctx-rh-caudalanteriorcingulate,ctx-rh-caudalmiddlefrontal,ctx-rh-cuneus,ctx-rh-entorhinal,ctx-rh-frontalpole,ctx-rh-fusiform,ctx-rh-inferiorparietal,ctx-rh-inferiortemporal,ctx-rh-insula,ctx-rh-isthmuscingulate,ctx-rh-lateraloccipital,ctx-rh-lateralorbitofrontal,ctx-rh-lingual,ctx-rh-medialorbitofrontal,ctx-rh-middletemporal,ctx-rh-paracentral,ctx-rh-parahippocampal,ctx-rh-parsopercularis,ctx-rh-parsorbitalis,ctx-rh-parstriangularis,ctx-rh-pericalcarine,ctx-rh-postcentral,ctx-rh-posteriorcingulate,ctx-rh-precentral,ctx-rh-precuneus,ctx-rh-rostralanteriorcingulate,ctx-rh-rostralmiddlefrontal,ctx-rh-superiorfrontal,ctx-rh-superiorparietal,ctx-rh-superiortemporal,ctx-rh-supramarginal,ctx-rh-temporalpole,ctx-rh-transversetemporal
ctx-lh-bankssts,820.0,0.0,1.0,1.0,0.0,0.0,136.0,301.0,279.0,30.0,9.0,35.0,0.0,27.0,0.0,840.0,0.0,14.0,0.0,0.0,0.0,5.0,30.0,4.0,19.0,17.0,0.0,0.0,0.0,25.0,1147.0,313.0,3.0,30.0,0.0,0.0,0.0,0.0,0.0,0.0,1.0,2.0,0.0,0.0,3.0,0.0,0.0,1.0,0.0,0.0,0.0,0.0,1.0,0.0,0.0,0.0,0.0,1.0,0.0,4.0,0.0,0.0,0.0,3.0,0.0,0.0,0.0,0.0
ctx-lh-caudalanteriorcingulate,0.0,567.0,134.0,1.0,0.0,3.0,0.0,2.0,1.0,40.0,18.0,1.0,15.0,0.0,17.0,0.0,17.0,0.0,96.0,2.0,27.0,0.0,9.0,326.0,51.0,13.0,319.0,262.0,730.0,9.0,0.0,5.0,0.0,1.0,0.0,177.0,24.0,0.0,0.0,0.0,0.0,1.0,0.0,18.0,2.0,1.0,6.0,0.0,5.0,0.0,10.0,0.0,36.0,0.0,27.0,0.0,3.0,30.0,16.0,2.0,32.0,86.0,249.0,1.0,0.0,1.0,0.0,0.0
ctx-lh-caudalmiddlefrontal,1.0,134.0,3541.0,0.0,0.0,0.0,0.0,1.0,1.0,100.0,6.0,1.0,3.0,0.0,0.0,0.0,66.0,0.0,396.0,0.0,11.0,0.0,79.0,74.0,1301.0,15.0,7.0,757.0,1222.0,17.0,3.0,21.0,0.0,2.0,0.0,55.0,11.0,0.0,0.0,0.0,0.0,0.0,0.0,9.0,1.0,0.0,0.0,0.0,0.0,0.0,9.0,0.0,7.0,0.0,1.0,0.0,4.0,31.0,15.0,2.0,2.0,22.0,93.0,2.0,0.0,1.0,0.0,0.0
ctx-lh-cuneus,1.0,1.0,0.0,1783.0,1.0,0.0,22.0,49.0,1.0,1.0,22.0,463.0,0.0,301.0,0.0,4.0,1.0,0.0,0.0,0.0,0.0,1439.0,1.0,2.0,0.0,224.0,0.0,0.0,0.0,895.0,4.0,3.0,0.0,0.0,0.0,0.0,0.0,19.0,0.0,0.0,6.0,3.0,0.0,1.0,9.0,5.0,0.0,8.0,0.0,1.0,1.0,3.0,0.0,0.0,0.0,13.0,0.0,2.0,1.0,19.0,0.0,0.0,0.0,7.0,2.0,0.0,0.0,0.0
ctx-lh-entorhinal,0.0,0.0,0.0,1.0,194.0,0.0,211.0,1.0,65.0,7.0,0.0,2.0,0.0,0.0,0.0,24.0,0.0,157.0,0.0,0.0,0.0,0.0,0.0,0.0,0.0,0.0,0.0,0.0,0.0,1.0,23.0,0.0,221.0,1.0,0.0,0.0,0.0,0.0,0.0,0.0,0.0,0.0,0.0,0.0,0.0,0.0,0.0,0.0,0.0,0.0,0.0,0.0,0.0,0.0,0.0,0.0,0.0,0.0,0.0,0.0,0.0,0.0,0.0,0.0,0.0,0.0,0.0,0.0
ctx-lh-frontalpole,0.0,3.0,0.0,0.0,0.0,64.0,0.0,0.0,0.0,0.0,0.0,0.0,114.0,0.0,261.0,0.0,0.0,0.0,0.0,4.0,7.0,0.0,0.0,0.0,0.0,0.0,17.0,163.0,123.0,0.0,0.0,0.0,0.0,0.0,0.0,0.0,0.0,0.0,0.0,0.0,0.0,0.0,0.0,0.0,0.0,0.0,1.0,0.0,1.0,0.0,0.0,0.0,0.0,0.0,0.0,0.0,0.0,0.0,0.0,0.0,2.0,0.0,1.0,0.0,0.0,0.0,0.0,0.0
ctx-lh-fusiform,136.0,0.0,0.0,22.0,211.0,0.0,3662.0,305.0,1373.0,63.0,13.0,1852.0,3.0,693.0,1.0,352.0,0.0,230.0,1.0,0.0,1.0,62.0,4.0,6.0,3.0,35.0,0.0,1.0,1.0,65.0,159.0,29.0,146.0,25.0,0.0,0.0,0.0,0.0,0.0,0.0,1.0,3.0,0.0,1.0,3.0,0.0,0.0,0.0,0.0,0.0,2.0,2.0,0.0,0.0,0.0,0.0,0.0,1.0,0.0,10.0,0.0,0.0,0.0,0.0,0.0,0.0,0.0,0.0
ctx-lh-inferiorparietal,301.0,2.0,1.0,49.0,1.0,0.0,305.0,6606.0,402.0,53.0,107.0,1152.0,0.0,118.0,0.0,669.0,5.0,16.0,0.0,0.0,0.0,58.0,61.0,34.0,36.0,527.0,1.0,0.0,7.0,1437.0,184.0,1153.0,4.0,51.0,1.0,0.0,1.0,2.0,0.0,0.0,1.0,13.0,3.0,2.0,48.0,5.0,0.0,11.0,0.0,0.0,3.0,4.0,1.0,0.0,0.0,2.0,2.0,13.0,1.0,44.0,0.0,0.0,1.0,18.0,0.0,3.0,0.0,0.0
ctx-lh-inferiortemporal,279.0,1.0,1.0,1.0,65.0,0.0,1373.0,402.0,3749.0,105.0,11.0,243.0,12.0,52.0,1.0,2663.0,1.0,59.0,0.0,0.0,2.0,6.0,22.0,4.0,7.0,23.0,2.0,1.0,0.0,34.0,387.0,67.0,231.0,41.0,0.0,0.0,0.0,0.0,0.0,0.0,0.0,0.0,0.0,0.0,3.0,1.0,0.0,0.0,0.0,0.0,0.0,0.0,0.0,0.0,0.0,0.0,0.0,3.0,2.0,5.0,0.0,0.0,0.0,1.0,0.0,1.0,0.0,0.0
ctx-lh-insula,30.0,40.0,100.0,1.0,7.0,0.0,63.0,53.0,105.0,1515.0,18.0,12.0,435.0,6.0,19.0,125.0,12.0,6.0,421.0,9.0,125.0,3.0,387.0,31.0,609.0,34.0,31.0,207.0,115.0,78.0,376.0,243.0,49.0,151.0,0.0,16.0,4.0,0.0,0.0,0.0,0.0,2.0,1.0,1.0,7.0,0.0,1.0,0.0,2.0,0.0,2.0,1.0,4.0,0.0,1.0,0.0,0.0,9.0,4.0,8.0,5.0,17.0,34.0,3.0,0.0,6.0,0.0,0.0
ctx-lh-isthmuscingulate,9.0,18.0,6.0,22.0,0.0,0.0,13.0,107.0,11.0,18.0,675.0,44.0,0.0,116.0,0.0,9.0,9.0,79.0,0.0,0.0,0.0,18.0,17.0,462.0,25.0,875.0,0.0,2.0,41.0,161.0,23.0,40.0,0.0,17.0,0.0,4.0,2.0,4.0,0.0,0.0,5.0,33.0,8.0,7.0,124.0,16.0,0.0,15.0,0.0,9.0,7.0,1.0,0.0,0.0,0.0,2.0,6.0,29.0,7.0,135.0,1.0,1.0,7.0,39.0,8.0,9.0,0.0,3.0
ctx-lh-lateraloccipital,35.0,1.0,1.0,463.0,2.0,0.0,1852.0,1152.0,243.0,12.0,44.0,8191.0,0.0,1232.0,0.0,109.0,0.0,9.0,0.0,0.0,0.0,868.0,3.0,4.0,5.0,150.0,0.0,0.0,0.0,669.0,24.0,14.0,0.0,5.0,0.0,0.0,0.0,2.0,0.0,0.0,3.0,4.0,0.0,1.0,10.0,3.0,0.0,9.0,0.0,3.0,1.0,1.0,0.0,0.0,0.0,0.0,2.0,2.0,1.0,12.0,0.0,0.0,0.0,5.0,1.0,1.0,0.0,0.0
ctx-lh-lateralorbitofrontal,0.0,15.0,3.0,0.0,0.0,114.0,3.0,0.0,12.0,435.0,0.0,0.0,3623.0,0.0,1045.0,7.0,0.0,0.0,22.0,654.0,622.0,0.0,0.0,0.0,0.0,0.0,222.0,1013.0,145.0,0.0,26.0,0.0,3.0,1.0,0.0,8.0,0.0,0.0,0.0,0.0,0.0,0.0,0.0,1.0,0.0,0.0,5.0,0.0,6.0,0.0,0.0,0.0,0.0,2.0,3.0,0.0,0.0,0.0,0.0,0.0,10.0,9.0,14.0,0.0,0.0,0.0,0.0,0.0
ctx-lh-lingual,27.0,0.0,0.0,301.0,0.0,0.0,693.0,118.0,52.0,6.0,116.0,1232.0,0.0,4969.0,0.0,36.0,0.0,228.0,0.0,0.0,0.0,1487.0,1.0,2.0,3.0,128.0,0.0,0.0,0.0,142.0,19.0,6.0,0.0,3.0,0.0,0.0,0.0,5.0,0.0,0.0,9.0,8.0,3.0,0.0,21.0,12.0,0.0,112.0,0.0,1.0,1.0,4.0,0.0,0.0,0.0,29.0,0.0,3.0,0.0,29.0,0.0,0.0,0.0,7.0,0.0,0.0,0.0,0.0
ctx-lh-medialorbitofrontal,0.0,17.0,0.0,0.0,0.0,261.0,1.0,0.0,1.0,19.0,0.0,0.0,1045.0,0.0,2019.0,0.0,0.0,0.0,2.0,29.0,29.0,0.0,0.0,0.0,0.0,0.0,685.0,547.0,439.0,0.0,4.0,0.0,1.0,0.0,0.0,9.0,1.0,0.0,0.0,1.0,0.0,0.0,0.0,2.0,0.0,0.0,8.0,0.0,11.0,0.0,0.0,0.0,1.0,1.0,0.0,0.0,0.0,0.0,0.0,0.0,17.0,12.0,11.0,0.0,0.0,0.0,0.0,0.0
ctx-lh-middletemporal,840.0,0.0,0.0,4.0,24.0,0.0,352.0,669.0,2663.0,125.0,9.0,109.0,7.0,36.0,0.0,3815.0,0.0,16.0,0.0,0.0,1.0,5.0,10.0,1.0,13.0,21.0,0.0,1.0,0.0,17.0,939.0,94.0,178.0,48.0,0.0,0.0,0.0,0.0,0.0,0.0,1.0,3.0,0.0,0.0,3.0,0.0,0.0,0.0,0.0,1.0,1.0,1.0,0.0,0.0,0.0,0.0,1.0,0.0,0.0,1.0,0.0,0.0,0.0,3.0,1.0,0.0,0.0,0.0
ctx-lh-paracentral,0.0,17.0,66.0,1.0,0.0,0.0,0.0,5.0,1.0,12.0,9.0,0.0,0.0,0.0,0.0,0.0,1468.0,0.0,5.0,0.0,0.0,0.0,576.0,223.0,1075.0,299.0,0.0,5.0,728.0,304.0,1.0,13.0,0.0,0.0,0.0,5.0,5.0,0.0,0.0,0.0,0.0,0.0,1.0,4.0,11.0,0.0,0.0,0.0,0.0,1.0,9.0,0.0,1.0,0.0,0.0,0.0,3.0,44.0,11.0,4.0,0.0,2.0,20.0,5.0,1.0,1.0,0.0,1.0
ctx-lh-parahippocampal,14.0,0.0,0.0,0.0,157.0,0.0,230.0,16.0,59.0,6.0,79.0,9.0,0.0,228.0,0.0,16.0,0.0,395.0,0.0,0.0,0.0,5.0,1.0,1.0,0.0,8.0,0.0,1.0,0.0,3.0,17.0,4.0,7.0,5.0,0.0,0.0,0.0,1.0,0.0,0.0,0.0,2.0,0.0,0.0,5.0,1.0,0.0,1.0,0.0,1.0,0.0,0.0,0.0,0.0,0.0,0.0,0.0,0.0,0.0,1.0,0.0,0.0,0.0,0.0,1.0,0.0,0.0,0.0
ctx-lh-parsopercularis,0.0,96.0,396.0,0.0,0.0,0.0,1.0,0.0,0.0,421.0,0.0,0.0,22.0,0.0,2.0,0.0,5.0,0.0,2385.0,5.0,744.0,0.0,95.0,19.0,764.0,2.0,9.0,785.0,259.0,1.0,2.0,16.0,1.0,1.0,1.0,42.0,8.0,0.0,0.0,0.0,0.0,0.0,0.0,3.0,0.0,0.0,0.0,0.0,0.0,0.0,3.0,0.0,5.0,2.0,0.0,0.0,1.0,3.0,2.0,1.0,8.0,24.0,64.0,0.0,0.0,1.0,0.0,0.0
ctx-lh-parsorbitalis,0.0,2.0,0.0,0.0,0.0,4.0,0.0,0.0,0.0,9.0,0.0,0.0,654.0,0.0,29.0,0.0,0.0,0.0,5.0,573.0,424.0,0.0,0.0,0.0,0.0,0.0,26.0,419.0,32.0,0.0,0.0,0.0,0.0,0.0,0.0,0.0,0.0,0.0,0.0,0.0,0.0,0.0,0.0,0.0,0.0,0.0,1.0,0.0,3.0,0.0,0.0,0.0,0.0,0.0,0.0,0.0,0.0,0.0,1.0,0.0,4.0,2.0,2.0,0.0,0.0,0.0,0.0,0.0
ctx-lh-parstriangularis,0.0,27.0,11.0,0.0,0.0,7.0,1.0,0.0,2.0,125.0,0.0,0.0,622.0,0.0,29.0,1.0,0.0,0.0,744.0,424.0,1504.0,0.0,1.0,0.0,8.0,0.0,55.0,1014.0,112.0,0.0,6.0,1.0,0.0,0.0,0.0,15.0,0.0,0.0,0.0,0.0,0.0,1.0,0.0,5.0,0.0,0.0,3.0,0.0,4.0,0.0,0.0,0.0,2.0,0.0,2.0,0.0,0.0,0.0,0.0,0.0,11.0,19.0,22.0,0.0,0.0,0.0,0.0,0.0
ctx-lh-pericalcarine,5.0,0.0,0.0,1439.0,0.0,0.0,62.0,58.0,6.0,3.0,18.0,868.0,0.0,1487.0,0.0,5.0,0.0,5.0,0.0,0.0,0.0,774.0,0.0,3.0,1.0,147.0,0.0,0.0,0.0,247.0,2.0,4.0,0.0,2.0,0.0,0.0,0.0,8.0,0.0,0.0,3.0,3.0,0.0,1.0,5.0,2.0,0.0,11.0,0.0,1.0,0.0,2.0,0.0,0.0,0.0,4.0,0.0,2.0,0.0,20.0,0.0,0.0,0.0,2.0,0.0,2.0,0.0,0.0
ctx-lh-postcentral,30.0,9.0,79.0,1.0,0.0,0.0,4.0,61.0,22.0,387.0,17.0,3.0,0.0,1.0,0.0,10.0,576.0,1.0,95.0,0.0,1.0,0.0,6135.0,76.0,2388.0,144.0,0.0,2.0,86.0,699.0,81.0,1530.0,0.0,14.0,1.0,4.0,1.0,0.0,0.0,0.0,0.0,2.0,1.0,5.0,16.0,0.0,0.0,1.0,0.0,1.0,5.0,0.0,1.0,0.0,0.0,0.0,1.0,28.0,4.0,7.0,0.0,1.0,12.0,5.0,1.0,3.0,0.0,0.0
ctx-lh-posteriorcingulate,4.0,326.0,74.0,2.0,0.0,0.0,6.0,34.0,4.0,31.0,462.0,4.0,0.0,2.0,0.0,1.0,223.0,1.0,19.0,0.0,0.0,3.0,76.0,807.0,171.0,486.0,4.0,12.0,512.0,128.0,12.0,22.0,1.0,17.0,3.0,28.0,25.0,0.0,0.0,0.0,0.0,7.0,1.0,15.0,48.0,1.0,0.0,3.0,0.0,3.0,51.0,1.0,5.0,0.0,0.0,0.0,11.0,155.0,49.0,47.0,0.0,6.0,92.0,14.0,4.0,15.0,0.0,1.0
ctx-lh-precentral,19.0,51.0,1301.0,0.0,0.0,0.0,3.0,36.0,7.0,609.0,25.0,5.0,0.0,3.0,0.0,13.0,1075.0,0.0,764.0,0.0,8.0,1.0,2388.0,171.0,6687.0,88.0,1.0,37.0,881.0,317.0,47.0,431.0,0.0,13.0,0.0,29.0,10.0,0.0,0.0,0.0,0.0,2.0,0.0,7.0,16.0,0.0,0.0,0.0,0.0,1.0,20.0,0.0,2.0,0.0,2.0,0.0,5.0,78.0,23.0,14.0,0.0,13.0,55.0,7.0,2.0,4.0,0.0,0.0
ctx-lh-precuneus,17.0,13.0,15.0,224.0,0.0,0.0,35.0,527.0,23.0,34.0,875.0,150.0,0.0,128.0,0.0,21.0,299.0,8.0,2.0,0.0,0.0,147.0,144.0,486.0,88.0,4368.0,0.0,2.0,49.0,3121.0,40.0,83.0,1.0,20.0,1.0,0.0,2.0,4.0,0.0,0.0,8.0,28.0,5.0,12.0,108.0,19.0,0.0,8.0,0.0,5.0,16.0,6.0,0.0,0.0,0.0,5.0,10.0,48.0,7.0,145.0,0.0,0.0,4.0,29.0,6.0,7.0,0.0,2.0
ctx-lh-rostralanteriorcingulate,0.0,319.0,7.0,0.0,0.0,17.0,0.0,1.0,2.0,31.0,0.0,0.0,222.0,0.0,685.0,0.0,0.0,0.0,9.0,26.0,55.0,0.0,0.0,4.0,1.0,0.0,971.0,372.0,651.0,0.0,2.0,0.0,0.0,0.0,0.0,60.0,0.0,0.0,0.0,2.0,0.0,0.0,0.0,14.0,0.0,0.0,19.0,0.0,37.0,0.0,0.0,0.0,5.0,7.0,12.0,0.0,0.0,0.0,0.0,0.0,108.0,69.0,89.0,0.0,0.0,0.0,0.0,0.0
ctx-lh-rostralmiddlefrontal,0.0,262.0,757.0,0.0,0.0,163.0,1.0,0.0,1.0,207.0,2.0,0.0,1013.0,0.0,547.0,1.0,5.0,1.0,785.0,419.0,1014.0,0.0,2.0,12.0,37.0,2.0,372.0,8050.0,2619.0,1.0,4.0,1.0,0.0,1.0,0.0,118.0,9.0,0.0,0.0,1.0,0.0,0.0,0.0,13.0,0.0,0.0,17.0,0.0,20.0,1.0,3.0,0.0,11.0,2.0,24.0,0.0,1.0,0.0,3.0,1.0,57.0,85.0,158.0,0.0,0.0,1.0,0.0,0.0
ctx-lh-superiorfrontal,0.0,730.0,1222.0,0.0,0.0,123.0,1.0,7.0,0.0,115.0,41.0,0.0,145.0,0.0,439.0,0.0,728.0,0.0,259.0,32.0,112.0,0.0,86.0,512.0,881.0,49.0,651.0,2619.0,11713.0,50.0,7.0,10.0,0.0,0.0,0.0,183.0,41.0,0.0,0.0,0.0,0.0,2.0,0.0,28.0,12.0,0.0,11.0,0.0,15.0,0.0,22.0,1.0,35.0,4.0,24.0,0.0,8.0,101.0,55.0,6.0,42.0,136.0,285.0,1.0,0.0,7.0,0.0,0.0
ctx-lh-superiorparietal,25.0,9.0,17.0,895.0,1.0,0.0,65.0,1437.0,34.0,78.0,161.0,669.0,0.0,142.0,0.0,17.0,304.0,3.0,1.0,0.0,0.0,247.0,699.0,128.0,317.0,3121.0,0.0,1.0,50.0,5918.0,72.0,719.0,0.0,31.0,0.0,0.0,1.0,3.0,0.0,0.0,10.0,11.0,3.0,11.0,73.0,9.0,0.0,10.0,0.0,4.0,9.0,2.0,0.0,0.0,0.0,2.0,6.0,33.0,7.0,59.0,0.0,0.0,8.0,25.0,4.0,7.0,0.0,0.0
ctx-lh-superiortemporal,1147.0,0.0,3.0,4.0,23.0,0.0,159.0,184.0,387.0,376.0,23.0,24.0,26.0,19.0,4.0,939.0,1.0,17.0,2.0,0.0,6.0,2.0,81.0,12.0,47.0,40.0,2.0,4.0,7.0,72.0,5763.0,589.0,283.0,855.0,0.0,0.0,0.0,0.0,0.0,1.0,0.0,3.0,0.0,0.0,11.0,0.0,0.0,1.0,0.0,0.0,1.0,0.0,0.0,0.0,0.0,0.0,1.0,3.0,0.0,9.0,0.0,0.0,0.0,5.0,1.0,1.0,0.0,0.0
ctx-lh-supramarginal,313.0,5.0,21.0,3.0,0.0,0.0,29.0,1153.0,67.0,243.0,40.0,14.0,0.0,6.0,0.0,94.0,13.0,4.0,16.0,0.0,1.0,4.0,1530.0,22.0,431.0,83.0,0.0,1.0,10.0,719.0,589.0,6197.0,5.0,75.0,0.0,1.0,1.0,0.0,0.0,0.0,1.0,8.0,0.0,1.0,19.0,2.0,0.0,1.0,0.0,1.0,3.0,0.0,0.0,0.0,0.0,1.0,5.0,8.0,1.0,24.0,0.0,0.0,2.0,8.0,2.0,8.0,0.0,0.0
ctx-lh-temporalpole,3.0,0.0,0.0,0.0,221.0,0.0,146.0,4.0,231.0,49.0,0.0,0.0,3.0,0.0,1.0,178.0,0.0,7.0,1.0,0.0,0.0,0.0,0.0,1.0,0.0,1.0,0.0,0.0,0.0,0.0,283.0,5.0,370.0,3.0,0.0,1.0,0.0,0.0,0.0,0.0,0.0,0.0,0.0,0.0,0.0,0.0,0.0,0.0,0.0,0.0,0.0,0.0,0.0,0.0,1.0,0.0,0.0,0.0,0.0,0.0,0.0,0.0,0.0,0.0,0.0,0.0,0.0,0.0
ctx-lh-transversetemporal,30.0,1.0,2.0,0.0,1.0,0.0,25.0,51.0,41.0,151.0,17.0,5.0,1.0,3.0,0.0,48.0,0.0,5.0,1.0,0.0,0.0,2.0,14.0,17.0,13.0,20.0,0.0,1.0,0.0,31.0,855.0,75.0,3.0,667.0,1.0,0.0,0.0,0.0,0.0,0.0,1.0,3.0,0.0,0.0,11.0,0.0,0.0,0.0,0.0,1.0,0.0,0.0,0.0,0.0,0.0,0.0,2.0,2.0,1.0,4.0,0.0,0.0,0.0,1.0,0.0,0.0,0.0,0.0
ctx-rh-bankssts,0.0,0.0,0.0,0.0,0.0,0.0,0.0,1.0,0.0,0.0,0.0,0.0,0.0,0.0,0.0,0.0,0.0,0.0,1.0,0.0,0.0,0.0,1.0,3.0,0.0,1.0,0.0,0.0,0.0,0.0,0.0,0.0,0.0,1.0,879.0,0.0,6.0,0.0,0.0,0.0,25.0,417.0,279.0,49.0,12.0,12.0,0.0,5.0,0.0,932.0,3.0,0.0,1.0,0.0,0.0,0.0,30.0,5.0,43.0,20.0,0.0,1.0,0.0,38.0,989.0,475.0,0.0,34.0
ctx-rh-caudalanteriorcingulate,0.0,177.0,55.0,0.0,0.0,0.0,0.0,0.0,0.0,16.0,4.0,0.0,8.0,0.0,9.0,0.0,5.0,0.0,42.0,0.0,15.0,0.0,4.0,28.0,29.0,0.0,60.0,118.0,183.0,0.0,0.0,1.0,1.0,0.0,0.0,465.0,81.0,0.0,0.0,1.0,0.0,0.0,0.0,53.0,10.0,0.0,11.0,0.0,8.0,0.0,15.0,0.0,82.0,0.0,34.0,0.0,7.0,230.0,69.0,4.0,134.0,254.0,868.0,1.0,2.0,2.0,0.0,0.0
ctx-rh-caudalmiddlefrontal,0.0,24.0,11.0,0.0,0.0,0.0,0.0,1.0,0.0,4.0,2.0,0.0,0.0,0.0,1.0,0.0,5.0,0.0,8.0,0.0,0.0,0.0,1.0,25.0,10.0,2.0,0.0,9.0,41.0,1.0,0.0,1.0,0.0,0.0,6.0,81.0,3131.0,0.0,0.0,0.0,0.0,14.0,1.0,64.0,4.0,1.0,2.0,0.0,0.0,4.0,23.0,0.0,292.0,0.0,10.0,0.0,144.0,56.0,1316.0,11.0,0.0,816.0,1077.0,11.0,3.0,97.0,0.0,0.0
ctx-rh-cuneus,0.0,0.0,0.0,19.0,0.0,0.0,0.0,2.0,0.0,0.0,4.0,2.0,0.0,5.0,0.0,0.0,0.0,1.0,0.0,0.0,0.0,8.0,0.0,0.0,0.0,4.0,0.0,0.0,0.0,3.0,0.0,0.0,0.0,0.0,0.0,0.0,0.0,1467.0,0.0,0.0,14.0,21.0,4.0,0.0,11.0,614.0,0.0,491.0,0.0,1.0,0.0,4.0,0.0,0.0,0.0,1239.0,1.0,0.0,0.0,227.0,0.0,0.0,0.0,622.0,0.0,0.0,0.0,1.0
ctx-rh-entorhinal,0.0,0.0,0.0,0.0,0.0,0.0,0.0,0.0,0.0,0.0,0.0,0.0,0.0,0.0,0.0,0.0,0.0,0.0,0.0,0.0,0.0,0.0,0.0,0.0,0.0,0.0,0.0,0.0,0.0,0.0,0.0,0.0,0.0,0.0,0.0,0.0,0.0,0.0,156.0,0.0,289.0,1.0,177.0,9.0,1.0,1.0,0.0,1.0,0.0,24.0,0.0,166.0,0.0,0.0,0.0,0.0,0.0,0.0,0.0,1.0,0.0,0.0,0.0,0.0,25.0,0.0,200.0,0.0
ctx-rh-frontalpole,0.0,0.0,0.0,0.0,0.0,0.0,0.0,0.0,0.0,0.0,0.0,0.0,0.0,0.0,1.0,0.0,0.0,0.0,0.0,0.0,0.0,0.0,0.0,0.0,0.0,0.0,2.0,1.0,0.0,0.0,1.0,0.0,0.0,0.0,0.0,1.0,0.0,0.0,0.0,75.0,0.0,0.0,0.0,2.0,0.0,0.0,106.0,0.0,355.0,0.0,0.0,0.0,0.0,11.0,4.0,0.0,0.0,0.0,0.0,0.0,15.0,198.0,134.0,0.0,0.0,0.0,0.0,0.0
ctx-rh-fusiform,1.0,0.0,0.0,6.0,0.0,0.0,1.0,1.0,0.0,0.0,5.0,3.0,0.0,9.0,0.0,1.0,0.0,0.0,0.0,0.0,0.0,3.0,0.0,0.0,0.0,8.0,0.0,0.0,0.0,10.0,0.0,1.0,0.0,1.0,25.0,0.0,0.0,14.0,289.0,0.0,3720.0,212.0,1478.0,76.0,35.0,1619.0,5.0,742.0,0.0,249.0,0.0,254.0,0.0,1.0,0.0,38.0,3.0,2.0,1.0,87.0,0.0,1.0,1.0,45.0,107.0,13.0,83.0,0.0
ctx-rh-inferiorparietal,2.0,1.0,0.0,3.0,0.0,0.0,3.0,13.0,0.0,2.0,33.0,4.0,0.0,8.0,0.0,3.0,0.0,2.0,0.0,0.0,1.0,3.0,2.0,7.0,2.0,28.0,0.0,0.0,2.0,11.0,3.0,8.0,0.0,3.0,417.0,0.0,14.0,21.0,1.0,0.0,212.0,9378.0,326.0,40.0,109.0,919.0,0.0,57.0,0.0,646.0,22.0,9.0,2.0,0.0,0.0,12.0,229.0,30.0,109.0,431.0,0.0,2.0,4.0,1949.0,118.0,1638.0,0.0,15.0
ctx-rh-inferiortemporal,0.0,0.0,0.0,0.0,0.0,0.0,0.0,3.0,0.0,1.0,8.0,0.0,0.0,3.0,0.0,0.0,1.0,0.0,0.0,0.0,0.0,0.0,1.0,1.0,0.0,5.0,0.0,0.0,0.0,3.0,0.0,0.0,0.0,0.0,279.0,0.0,1.0,4.0,177.0,0.0,1478.0,326.0,4438.0,255.0,27.0,383.0,6.0,70.0,0.0,2326.0,1.0,64.0,0.0,1.0,2.0,9.0,18.0,3.0,17.0,67.0,0.0,2.0,3.0,51.0,482.0,71.0,143.0,28.0
ctx-rh-insula,0.0,18.0,9.0,1.0,0.0,0.0,1.0,2.0,0.0,1.0,7.0,1.0,1.0,0.0,2.0,0.0,4.0,0.0,3.0,0.0,5.0,1.0,5.0,15.0,7.0,12.0,14.0,13.0,28.0,11.0,0.0,1.0,0.0,0.0,49.0,53.0,64.0,0.0,9.0,2.0,76.0,40.0,255.0,1486.0,28.0,9.0,367.0,5.0,19.0,195.0,47.0,12.0,224.0,27.0,210.0,0.0,185.0,61.0,347.0,41.0,27.0,269.0,213.0,41.0,359.0,310.0,21.0,122.0
ctx-rh-isthmuscingulate,3.0,2.0,1.0,9.0,0.0,0.0,3.0,48.0,3.0,7.0,124.0,10.0,0.0,21.0,0.0,3.0,11.0,5.0,0.0,0.0,0.0,5.0,16.0,48.0,16.0,108.0,0.0,0.0,12.0,73.0,11.0,19.0,0.0,11.0,12.0,10.0,4.0,11.0,1.0,0.0,35.0,109.0,27.0,28.0,912.0,77.0,1.0,133.0,0.0,16.0,54.0,81.0,1.0,0.0,1.0,16.0,29.0,456.0,30.0,1027.0,0.0,0.0,31.0,143.0,27.0,49.0,0.0,10.0
ctx-rh-lateraloccipital,0.0,1.0,0.0,5.0,0.0,0.0,0.0,5.0,1.0,0.0,16.0,3.0,0.0,12.0,0.0,0.0,0.0,1.0,0.0,0.0,0.0,2.0,0.0,1.0,0.0,19.0,0.0,0.0,0.0,9.0,0.0,2.0,0.0,0.0,12.0,0.0,1.0,614.0,1.0,0.0,1619.0,919.0,383.0,9.0,77.0,7811.0,1.0,1025.0,0.0,203.0,0.0,17.0,0.0,0.0,0.0,733.0,3.0,6.0,8.0,330.0,0.0,0.0,1.0,534.0,17.0,5.0,0.0,2.0
ctx-rh-lateralorbitofrontal,0.0,6.0,0.0,0.0,0.0,1.0,0.0,0.0,0.0,1.0,0.0,0.0,5.0,0.0,8.0,0.0,0.0,0.0,0.0,1.0,3.0,0.0,0.0,0.0,0.0,0.0,19.0,17.0,11.0,0.0,0.0,0.0,0.0,0.0,0.0,11.0,2.0,0.0,0.0,106.0,5.0,0.0,6.0,367.0,1.0,1.0,3170.0,0.0,1205.0,6.0,0.0,0.0,6.0,599.0,374.0,0.0,1.0,0.0,2.0,0.0,215.0,709.0,172.0,0.0,11.0,0.0,3.0,0.0
ctx-rh-lingual,1.0,0.0,0.0,8.0,0.0,0.0,0.0,11.0,0.0,0.0,15.0,9.0,0.0,112.0,0.0,0.0,0.0,1.0,0.0,0.0,0.0,11.0,1.0,3.0,0.0,8.0,0.0,0.0,0.0,10.0,1.0,1.0,0.0,0.0,5.0,0.0,0.0,491.0,1.0,0.0,742.0,57.0,70.0,5.0,133.0,1025.0,0.0,5298.0,0.0,22.0,0.0,274.0,0.0,0.0,0.0,1573.0,0.0,0.0,1.0,318.0,0.0,0.0,0.0,161.0,14.0,2.0,0.0,1.0
ctx-rh-medialorbitofrontal,0.0,5.0,0.0,0.0,0.0,1.0,0.0,0.0,0.0,2.0,0.0,0.0,6.0,0.0,11.0,0.0,0.0,0.0,0.0,3.0,4.0,0.0,0.0,0.0,0.0,0.0,37.0,20.0,15.0,0.0,0.0,0.0,0.0,0.0,0.0,8.0,0.0,0.0,0.0,355.0,0.0,0.0,0.0,19.0,0.0,0.0,1205.0,0.0,1962.0,0.0,0.0,0.0,2.0,49.0,24.0,0.0,0.0,0.0,0.0,0.0,433.0,488.0,347.0,0.0,0.0,0.0,0.0,0.0
ctx-rh-middletemporal,0.0,0.0,0.0,1.0,0.0,0.0,0.0,0.0,0.0,0.0,9.0,3.0,0.0,1.0,0.0,1.0,1.0,1.0,0.0,0.0,0.0,1.0,1.0,3.0,1.0,5.0,0.0,1.0,0.0,4.0,0.0,1.0,0.0,1.0,932.0,0.0,4.0,1.0,24.0,0.0,249.0,646.0,2326.0,195.0,16.0,203.0,6.0,22.0,0.0,4674.0,2.0,6.0,0.0,0.0,0.0,2.0,28.0,3.0,21.0,34.0,1.0,3.0,2.0,49.0,1124.0,102.0,60.0,27.0
ctx-rh-paracentral,0.0,10.0,9.0,1.0,0.0,0.0,2.0,3.0,0.0,2.0,7.0,1.0,0.0,1.0,0.0,1.0,9.0,0.0,3.0,0.0,0.0,0.0,5.0,51.0,20.0,16.0,0.0,3.0,22.0,9.0,1.0,3.0,0.0,0.0,3.0,15.0,23.0,0.0,0.0,0.0,0.0,22.0,1.0,47.0,54.0,0.0,0.0,0.0,0.0,2.0,1655.0,0.0,3.0,0.0,1.0,0.0,504.0,408.0,998.0,440.0,0.0,0.0,592.0,175.0,6.0,31.0,1.0,2.0
ctx-rh-parahippocampal,0.0,0.0,0.0,3.0,0.0,0.0,2.0,4.0,0.0,1.0,1.0,1.0,0.0,4.0,0.0,1.0,0.0,0.0,0.0,0.0,0.0,2.0,0.0,1.0,0.0,6.0,0.0,0.0,1.0,2.0,0.0,0.0,0.0,0.0,0.0,0.0,0.0,4.0,166.0,0.0,254.0,9.0,64.0,12.0,81.0,17.0,0.0,274.0,0.0,6.0,0.0,504.0,0.0,0.0,0.0,6.0,1.0,0.0,0.0,24.0,0.0,0.0,0.0,6.0,5.0,1.0,1.0,0.0
ctx-rh-parsopercularis,1.0,36.0,7.0,0.0,0.0,0.0,0.0,1.0,0.0,4.0,0.0,0.0,0.0,0.0,1.0,0.0,1.0,0.0,5.0,0.0,2.0,0.0,1.0,5.0,2.0,0.0,5.0,11.0,35.0,0.0,0.0,0.0,0.0,0.0,1.0,82.0,292.0,0.0,0.0,0.0,0.0,2.0,0.0,224.0,1.0,0.0,6.0,0.0,2.0,0.0,3.0,0.0,1681.0,6.0,557.0,0.0,106.0,7.0,809.0,1.0,10.0,905.0,262.0,0.0,0.0,25.0,0.0,0.0
ctx-rh-parsorbitalis,0.0,0.0,0.0,0.0,0.0,0.0,0.0,0.0,0.0,0.0,0.0,0.0,2.0,0.0,1.0,0.0,0.0,0.0,2.0,0.0,0.0,0.0,0.0,0.0,0.0,0.0,7.0,2.0,4.0,0.0,0.0,0.0,0.0,0.0,0.0,0.0,0.0,0.0,0.0,11.0,1.0,0.0,1.0,27.0,0.0,0.0,599.0,0.0,49.0,0.0,0.0,0.0,6.0,657.0,365.0,0.0,0.0,0.0,0.0,0.0,29.0,540.0,91.0,0.0,0.0,0.0,0.0,0.0
ctx-rh-parstriangularis,0.0,27.0,1.0,0.0,0.0,0.0,0.0,0.0,0.0,1.0,0.0,0.0,3.0,0.0,0.0,0.0,0.0,0.0,0.0,0.0,2.0,0.0,0.0,0.0,2.0,0.0,12.0,24.0,24.0,0.0,0.0,0.0,1.0,0.0,0.0,34.0,10.0,0.0,0.0,4.0,0.0,0.0,2.0,210.0,1.0,0.0,374.0,0.0,24.0,0.0,1.0,0.0,557.0,365.0,1390.0,0.0,2.0,2.0,26.0,0.0,56.0,1089.0,223.0,0.0,2.0,0.0,1.0,0.0
ctx-rh-pericalcarine,0.0,0.0,0.0,13.0,0.0,0.0,0.0,2.0,0.0,0.0,2.0,0.0,0.0,29.0,0.0,0.0,0.0,0.0,0.0,0.0,0.0,4.0,0.0,0.0,0.0,5.0,0.0,0.0,0.0,2.0,0.0,1.0,0.0,0.0,0.0,0.0,0.0,1239.0,0.0,0.0,38.0,12.0,9.0,0.0,16.0,733.0,0.0,1573.0,0.0,2.0,0.0,6.0,0.0,0.0,0.0,599.0,0.0,0.0,0.0,141.0,0.0,0.0,0.0,87.0,2.0,0.0,0.0,0.0
ctx-rh-postcentral,0.0,3.0,4.0,0.0,0.0,0.0,0.0,2.0,0.0,0.0,6.0,2.0,0.0,0.0,0.0,1.0,3.0,0.0,1.0,0.0,0.0,0.0,1.0,11.0,5.0,10.0,0.0,1.0,8.0,6.0,1.0,5.0,0.0,2.0,30.0,7.0,144.0,1.0,0.0,0.0,3.0,229.0,18.0,185.0,29.0,3.0,1.0,0.0,0.0,28.0,504.0,1.0,106.0,0.0,2.0,0.0,6757.0,48.0,2385.0,258.0,0.0,33.0,63.0,894.0,24.0,1850.0,0.0,7.0
ctx-rh-posteriorcingulate,1.0,30.0,31.0,2.0,0.0,0.0,1.0,13.0,3.0,9.0,29.0,2.0,0.0,3.0,0.0,0.0,44.0,0.0,3.0,0.0,0.0,2.0,28.0,155.0,78.0,48.0,0.0,0.0,101.0,33.0,3.0,8.0,0.0,2.0,5.0,230.0,56.0,0.0,0.0,0.0,2.0,30.0,3.0,61.0,456.0,6.0,0.0,0.0,0.0,3.0,408.0,0.0,7.0,0.0,2.0,0.0,48.0,923.0,216.0,412.0,1.0,13.0,545.0,75.0,15.0,38.0,0.0,6.0
ctx-rh-precentral,0.0,16.0,15.0,1.0,0.0,0.0,0.0,1.0,2.0,4.0,7.0,1.0,0.0,0.0,0.0,0.0,11.0,0.0,2.0,1.0,0.0,0.0,4.0,49.0,23.0,7.0,0.0,3.0,55.0,7.0,0.0,1.0,0.0,1.0,43.0,69.0,1316.0,0.0,0.0,0.0,1.0,109.0,17.0,347.0,30.0,8.0,2.0,1.0,0.0,21.0,998.0,0.0,809.0,0.0,26.0,0.0,2385.0,216.0,7475.0,115.0,0.0,187.0,880.0,203.0,32.0,671.0,0.0,8.0
ctx-rh-precuneus,4.0,2.0,2.0,19.0,0.0,0.0,10.0,44.0,5.0,8.0,135.0,12.0,0.0,29.0,0.0,1.0,4.0,1.0,1.0,0.0,0.0,20.0,7.0,47.0,14.0,145.0,0.0,1.0,6.0,59.0,9.0,24.0,0.0,4.0,20.0,4.0,11.0,227.0,1.0,0.0,87.0,431.0,67.0,41.0,1027.0,330.0,0.0,318.0,0.0,34.0,440.0,24.0,1.0,0.0,0.0,141.0,258.0,412.0,115.0,5301.0,0.0,0.0,52.0,2679.0,32.0,70.0,0.0,15.0
ctx-rh-rostralanteriorcingulate,0.0,32.0,2.0,0.0,0.0,2.0,0.0,0.0,0.0,5.0,1.0,0.0,10.0,0.0,17.0,0.0,0.0,0.0,8.0,4.0,11.0,0.0,0.0,0.0,0.0,0.0,108.0,57.0,42.0,0.0,0.0,0.0,0.0,0.0,0.0,134.0,0.0,0.0,0.0,15.0,0.0,0.0,0.0,27.0,0.0,0.0,215.0,0.0,433.0,1.0,0.0,0.0,10.0,29.0,56.0,0.0,0.0,1.0,0.0,0.0,928.0,253.0,505.0,0.0,0.0,0.0,0.0,0.0
ctx-rh-rostralmiddlefrontal,0.0,86.0,22.0,0.0,0.0,0.0,0.0,0.0,0.0,17.0,1.0,0.0,9.0,0.0,12.0,0.0,2.0,0.0,24.0,2.0,19.0,0.0,1.0,6.0,13.0,0.0,69.0,85.0,136.0,0.0,0.0,0.0,0.0,0.0,1.0,254.0,816.0,0.0,0.0,198.0,1.0,2.0,2.0,269.0,0.0,0.0,709.0,0.0,488.0,3.0,0.0,0.0,905.0,540.0,1089.0,0.0,33.0,13.0,187.0,0.0,253.0,7165.0,2695.0,0.0,2.0,11.0,0.0,1.0
ctx-rh-superiorfrontal,0.0,249.0,93.0,0.0,0.0,1.0,0.0,1.0,0.0,34.0,7.0,0.0,14.0,0.0,11.0,0.0,20.0,0.0,64.0,2.0,22.0,0.0,12.0,92.0,55.0,4.0,89.0,158.0,285.0,8.0,0.0,2.0,0.0,0.0,0.0,868.0,1077.0,0.0,0.0,134.0,1.0,4.0,3.0,213.0,31.0,1.0,172.0,0.0,347.0,2.0,592.0,0.0,262.0,91.0,223.0,0.0,63.0,545.0,880.0,52.0,505.0,2695.0,10157.0,7.0,3.0,27.0,0.0,1.0
ctx-rh-superiorparietal,3.0,1.0,2.0,7.0,0.0,0.0,0.0,18.0,1.0,3.0,39.0,5.0,0.0,7.0,0.0,3.0,5.0,0.0,0.0,0.0,0.0,2.0,5.0,14.0,7.0,29.0,0.0,0.0,1.0,25.0,5.0,8.0,0.0,1.0,38.0,1.0,11.0,622.0,0.0,0.0,45.0,1949.0,51.0,41.0,143.0,534.0,0.0,161.0,0.0,49.0,175.0,6.0,0.0,0.0,0.0,87.0,894.0,75.0,203.0,2679.0,0.0,0.0,7.0,6762.0,23.0,627.0,0.0,7.0
ctx-rh-superiortemporal,0.0,0.0,0.0,2.0,0.0,0.0,0.0,0.0,0.0,0.0,8.0,1.0,0.0,0.0,0.0,1.0,1.0,1.0,0.0,0.0,0.0,0.0,1.0,4.0,2.0,6.0,0.0,0.0,0.0,4.0,1.0,2.0,0.0,0.0,989.0,2.0,3.0,0.0,25.0,0.0,107.0,118.0,482.0,359.0,27.0,17.0,11.0,14.0,0.0,1124.0,6.0,5.0,0.0,0.0,2.0,2.0,24.0,15.0,32.0,32.0,0.0,2.0,3.0,23.0,5748.0,412.0,243.0,763.0
ctx-rh-supramarginal,0.0,1.0,1.0,0.0,0.0,0.0,0.0,3.0,1.0,6.0,9.0,1.0,0.0,0.0,0.0,0.0,1.0,0.0,1.0,0.0,0.0,2.0,3.0,15.0,4.0,7.0,0.0,1.0,7.0,7.0,1.0,8.0,0.0,0.0,475.0,2.0,97.0,0.0,0.0,0.0,13.0,1638.0,71.0,310.0,49.0,5.0,0.0,2.0,0.0,102.0,31.0,1.0,25.0,0.0,0.0,0.0,1850.0,38.0,671.0,70.0,0.0,11.0,27.0,627.0,412.0,5733.0,0.0,56.0
ctx-rh-temporalpole,0.0,0.0,0.0,0.0,0.0,0.0,0.0,0.0,0.0,0.0,0.0,0.0,0.0,0.0,0.0,0.0,0.0,0.0,0.0,0.0,0.0,0.0,0.0,0.0,0.0,0.0,0.0,0.0,0.0,0.0,0.0,0.0,0.0,0.0,0.0,0.0,0.0,0.0,200.0,0.0,83.0,0.0,143.0,21.0,0.0,0.0,3.0,0.0,0.0,60.0,1.0,1.0,0.0,0.0,1.0,0.0,0.0,0.0,0.0,0.0,0.0,0.0,0.0,0.0,243.0,0.0,360.0,0.0
ctx-rh-transversetemporal,0.0,0.0,0.0,0.0,0.0,0.0,0.0,0.0,0.0,0.0,3.0,0.0,0.0,0.0,0.0,0.0,1.0,0.0,0.0,0.0,0.0,0.0,0.0,1.0,0.0,2.0,0.0,0.0,0.0,0.0,0.0,0.0,0.0,0.0,34.0,0.0,0.0,1.0,0.0,0.0,0.0,15.0,28.0,122.0,10.0,2.0,0.0,1.0,0.0,27.0,2.0,0.0,0.0,0.0,0.0,0.0,7.0,6.0,8.0,15.0,0.0,1.0,1.0,7.0,763.0,56.0,0.0,312.0
