,ctx-lh-bankssts,ctx-lh-caudalanteriorcingulate,ctx-lh-caudalmiddlefrontal,ctx-lh-cuneus,ctx-lh-entorhinal,ctx-lh-frontalpole,ctx-lh-fusiform,ctx-lh-inferiorparietal,ctx-lh-inferiortemporal,ctx-lh-insula,ctx-lh-isthmuscingulate,ctx-lh-lateraloccipital,ctx-lh-lateralorbitofrontal,ctx-lh-lingual,ctx-lh-medialorbitofrontal,ctx-lh-middletemporal,ctx-lh-paracentral,ctx-lh-parahippocampal,ctx-lh-parsopercularis,ctx-lh-parsorbitalis,ctx-lh-parstriangularis,ctx-lh-pericalcarine,ctx-lh-postcentral,ctx-lh-posteriorcingulate,ctx-lh-precentral,ctx-lh-precuneus,ctx-lh-rostralanteriorcingulate,ctx-lh-rostralmiddlefrontal,ctx-lh-superiorfrontal,ctx-lh-superiorparietal,ctx-lh-superiortemporal,ctx-lh-supramarginal,ctx-lh-temporalpole,ctx-lh-transversetemporal,ctx-rh-bankssts,ctx-rh-caudalanteriorcingulate,ctx-rh-caudalmiddlefrontal,ctx-rh-cuneus,ctx-rh-entorhinal,ctx-rh-frontalpole,ctx-rh-fusiform,ctx-rh-inferiorparietal,ctx-rh-inferiortemporal,ctx-rh-insula,ctx-rh-isthmuscingulate,ctx-rh-lateraloccipital,ctx-rh-lateralorbitofrontal,ctx-rh-lingual,ctx-rh-medialorbitofrontal,ctx-rh-middletemporal,ctx-rh-paracentral,ctx-rh-parahippocampal,ctx-rh-parsopercularis,ctx-rh-parsorbitalis,ctx-rh-parstriangularis,ctx-rh-pericalcarine,ctx-rh-postcentral,ctx-rh-posteriorcingulate,ctx-rh-precentral,ctx-rh-precuneus,ctx-rh-rostralanteriorcingulate,ctx-rh-rostralmiddlefrontal,ctx-rh-superiorfrontal,ctx-rh-superiorparietal,ctx-rh-superiortemporal,ctx-rh-supramarginal,ctx-rh-temporalpole,ctx-rh-transversetemporal
ctx-lh-bankssts,578.0,0.0,0.0,0.0,11.0,0.0,66.0,318.0,239.0,44.0,27.0,28.0,0.0,7.0,0.0,572.0,1.0,40.0,2.0,0.0,0.0,0.0,11.0,9.0,3.0,34.0,0.0,0.0,0.0,45.0,729.0,265.0,11.0,39.0,0.0,0.0,0.0,0.0,0.0,0.0,0.0,2.0,2.0,1.0,7.0,1.0,0.0,1.0,0.0,0.0,0.0,2.0,0.0,0.0,0.0,0.0,0.0,1.0,0.0,16.0,0.0,0.0,0.0,5.0,0.0,2.0,0.0,1.0
ctx-lh-caudalanteriorcingulate,0.0,587.0,56.0,0.0,0.0,1.0,0.0,0.0,0.0,29.0,2.0,0.0,28.0,0.0,15.0,0.0,19.0,0.0,38.0,11.0,36.0,0.0,5.0,296.0,34.0,3.0,302.0,168.0,828.0,4.0,0.0,2.0,0.0,0.0,0.0,112.0,18.0,0.0,0.0,0.0,0.0,1.0,0.0,12.0,0.0,0.0,6.0,0.0,1.0,0.0,2.0,0.0,15.0,2.0,12.0,0.0,5.0,33.0,24.0,0.0,22.0,57.0,152.0,1.0,0.0,1.0,0.0,0.0
ctx-lh-caudalmiddlefrontal,0.0,56.0,3883.0,0.0,0.0,0.0,0.0,1.0,0.0,60.0,3.0,0.0,6.0,0.0,1.0,0.0,30.0,0.0,317.0,6.0,60.0,0.0,34.0,80.0,1316.0,7.0,4.0,1267.0,1326.0,15.0,2.0,2.0,0.0,0.0,0.0,31.0,8.0,0.0,0.0,0.0,0.0,0.0,0.0,5.0,0.0,0.0,0.0,0.0,0.0,0.0,5.0,0.0,0.0,1.0,1.0,0.0,2.0,23.0,12.0,3.0,0.0,9.0,33.0,3.0,0.0,1.0,0.0,0.0
ctx-lh-cuneus,0.0,0.0,0.0,1118.0,0.0,0.0,29.0,16.0,3.0,0.0,5.0,368.0,0.0,476.0,0.0,1.0,0.0,5.0,0.0,0.0,0.0,1197.0,0.0,0.0,0.0,134.0,0.0,0.0,0.0,754.0,0.0,0.0,0.0,0.0,0.0,0.0,0.0,0.0,0.0,0.0,0.0,0.0,0.0,0.0,1.0,0.0,0.0,2.0,0.0,0.0,0.0,0.0,0.0,0.0,0.0,0.0,0.0,0.0,0.0,1.0,0.0,0.0,0.0,0.0,0.0,0.0,0.0,0.0
ctx-lh-entorhinal,11.0,0.0,0.0,0.0,366.0,0.0,294.0,7.0,117.0,8.0,0.0,4.0,0.0,1.0,0.0,90.0,0.0,130.0,0.0,0.0,0.0,1.0,0.0,0.0,0.0,0.0,0.0,0.0,0.0,0.0,59.0,0.0,237.0,1.0,0.0,0.0,0.0,0.0,0.0,0.0,0.0,0.0,0.0,0.0,0.0,0.0,0.0,0.0,0.0,0.0,0.0,0.0,0.0,0.0,0.0,0.0,0.0,0.0,0.0,0.0,0.0,0.0,0.0,0.0,0.0,0.0,0.0,0.0
ctx-lh-frontalpole,0.0,1.0,0.0,0.0,0.0,51.0,0.0,0.0,0.0,3.0,0.0,0.0,62.0,0.0,132.0,0.0,0.0,0.0,0.0,7.0,6.0,0.0,0.0,0.0,0.0,0.0,8.0,298.0,68.0,0.0,0.0,0.0,0.0,0.0,0.0,0.0,0.0,0.0,0.0,0.0,0.0,0.0,0.0,0.0,0.0,0.0,0.0,0.0,0.0,0.0,0.0,0.0,0.0,0.0,0.0,0.0,0.0,0.0,0.0,0.0,0.0,1.0,1.0,0.0,0.0,0.0,0.0,0.0
ctx-lh-fusiform,66.0,0.0,0.0,29.0,294.0,0.0,3584.0,216.0,1443.0,9.0,31.0,1675.0,0.0,545.0,0.0,475.0,0.0,244.0,0.0,0.0,0.0,84.0,2.0,1.0,0.0,89.0,0.0,0.0,0.0,74.0,83.0,5.0,106.0,4.0,0.0,0.0,0.0,0.0,0.0,0.0,0.0,2.0,0.0,0.0,5.0,0.0,0.0,3.0,0.0,0.0,0.0,1.0,0.0,0.0,0.0,1.0,0.0,1.0,0.0,10.0,0.0,0.0,0.0,2.0,0.0,0.0,0.0,2.0
ctx-lh-inferiorparietal,318.0,0.0,1.0,16.0,7.0,0.0,216.0,6623.0,307.0,39.0,177.0,814.0,1.0,103.0,0.0,471.0,4.0,53.0,1.0,0.0,1.0,30.0,45.0,37.0,20.0,964.0,0.0,1.0,3.0,1555.0,155.0,1178.0,3.0,20.0,2.0,0.0,0.0,0.0,0.0,0.0,2.0,14.0,4.0,2.0,51.0,4.0,0.0,8.0,0.0,5.0,0.0,6.0,0.0,0.0,0.0,0.0,0.0,6.0,0.0,71.0,0.0,0.0,0.0,10.0,5.0,2.0,0.0,0.0
ctx-lh-inferiortemporal,239.0,0.0,0.0,3.0,117.0,0.0,1443.0,307.0,3720.0,29.0,15.0,341.0,1.0,46.0,0.0,3049.0,2.0,118.0,0.0,0.0,0.0,2.0,0.0,1.0,0.0,39.0,0.0,0.0,0.0,15.0,213.0,23.0,141.0,11.0,0.0,0.0,0.0,0.0,0.0,0.0,0.0,0.0,0.0,0.0,5.0,0.0,0.0,2.0,0.0,0.0,0.0,0.0,0.0,0.0,0.0,0.0,0.0,1.0,0.0,11.0,0.0,0.0,0.0,1.0,0.0,0.0,0.0,0.0
ctx-lh-insula,44.0,29.0,60.0,0.0,8.0,3.0,9.0,39.0,29.0,1966.0,27.0,0.0,635.0,3.0,44.0,59.0,18.0,2.0,296.0,25.0,137.0,0.0,366.0,42.0,432.0,33.0,19.0,182.0,112.0,127.0,294.0,371.0,26.0,97.0,2.0,12.0,2.0,0.0,0.0,0.0,0.0,3.0,0.0,1.0,10.0,1.0,0.0,0.0,1.0,0.0,2.0,0.0,0.0,0.0,1.0,0.0,0.0,7.0,5.0,11.0,3.0,5.0,6.0,8.0,1.0,2.0,0.0,0.0
ctx-lh-isthmuscingulate,27.0,2.0,3.0,5.0,0.0,0.0,31.0,177.0,15.0,27.0,838.0,49.0,0.0,95.0,0.0,18.0,13.0,116.0,1.0,0.0,0.0,10.0,24.0,305.0,10.0,901.0,0.0,0.0,3.0,266.0,45.0,78.0,2.0,11.0,0.0,0.0,0.0,2.0,0.0,0.0,3.0,21.0,1.0,2.0,72.0,6.0,0.0,4.0,0.0,0.0,1.0,4.0,0.0,0.0,0.0,1.0,2.0,7.0,3.0,70.0,0.0,0.0,0.0,32.0,7.0,4.0,0.0,1.0
ctx-lh-lateraloccipital,28.0,0.0,0.0,368.0,4.0,0.0,1675.0,814.0,341.0,0.0,49.0,6223.0,0.0,781.0,0.0,147.0,0.0,67.0,0.0,0.0,0.0,702.0,3.0,2.0,0.0,266.0,0.0,0.0,0.0,495.0,7.0,5.0,2.0,2.0,1.0,0.0,0.0,1.0,0.0,0.0,0.0,3.0,1.0,0.0,6.0,2.0,0.0,24.0,0.0,2.0,0.0,1.0,0.0,0.0,0.0,6.0,1.0,1.0,0.0,20.0,0.0,0.0,0.0,2.0,2.0,0.0,0.0,0.0
ctx-lh-lateralorbitofrontal,0.0,28.0,6.0,0.0,0.0,62.0,0.0,1.0,1.0,635.0,0.0,0.0,3510.0,0.0,1469.0,2.0,1.0,0.0,26.0,619.0,447.0,0.0,2.0,0.0,4.0,0.0,160.0,752.0,102.0,0.0,8.0,0.0,0.0,0.0,0.0,7.0,0.0,0.0,0.0,0.0,0.0,0.0,0.0,1.0,0.0,0.0,4.0,0.0,1.0,0.0,0.0,0.0,2.0,2.0,2.0,0.0,0.0,0.0,0.0,0.0,2.0,13.0,15.0,0.0,0.0,0.0,0.0,0.0
ctx-lh-lingual,7.0,0.0,0.0,476.0,1.0,0.0,545.0,103.0,46.0,3.0,95.0,781.0,0.0,3309.0,0.0,22.0,1.0,190.0,1.0,0.0,0.0,1298.0,1.0,1.0,0.0,335.0,0.0,0.0,0.0,266.0,5.0,4.0,0.0,1.0,0.0,0.0,0.0,27.0,0.0,0.0,3.0,5.0,1.0,0.0,10.0,2.0,0.0,116.0,0.0,0.0,0.0,2.0,0.0,0.0,0.0,31.0,2.0,1.0,1.0,21.0,0.0,0.0,0.0,6.0,0.0,0.0,0.0,0.0
ctx-lh-medialorbitofrontal,0.0,15.0,1.0,0.0,0.0,132.0,0.0,0.0,0.0,44.0,0.0,0.0,1469.0,0.0,1458.0,0.0,0.0,0.0,3.0,76.0,31.0,0.0,0.0,0.0,0.0,0.0,592.0,651.0,309.0,0.0,1.0,0.0,0.0,0.0,0.0,10.0,0.0,0.0,0.0,1.0,0.0,0.0,0.0,0.0,0.0,0.0,5.0,0.0,7.0,0.0,0.0,0.0,0.0,1.0,8.0,0.0,0.0,1.0,0.0,0.0,16.0,7.0,8.0,0.0,0.0,0.0,0.0,0.0
ctx-lh-middletemporal,572.0,0.0,0.0,1.0,90.0,0.0,475.0,471.0,3049.0,59.0,18.0,147.0,2.0,22.0,0.0,3650.0,0.0,73.0,0.0,0.0,0.0,0.0,1.0,0.0,0.0,21.0,0.0,0.0,0.0,21.0,688.0,37.0,278.0,14.0,1.0,0.0,0.0,0.0,0.0,0.0,0.0,0.0,1.0,0.0,2.0,0.0,0.0,0.0,0.0,0.0,0.0,1.0,0.0,0.0,0.0,0.0,1.0,0.0,0.0,4.0,0.0,0.0,0.0,3.0,1.0,1.0,0.0,0.0
ctx-lh-paracentral,1.0,19.0,30.0,0.0,0.0,0.0,0.0,4.0,2.0,18.0,13.0,0.0,1.0,1.0,0.0,0.0,1745.0,0.0,5.0,0.0,0.0,0.0,548.0,339.0,947.0,142.0,0.0,2.0,450.0,320.0,1.0,14.0,0.0,1.0,2.0,2.0,2.0,0.0,0.0,0.0,0.0,3.0,0.0,5.0,4.0,0.0,0.0,0.0,0.0,0.0,6.0,0.0,0.0,0.0,0.0,0.0,6.0,41.0,16.0,5.0,0.0,0.0,8.0,7.0,1.0,7.0,0.0,0.0
ctx-lh-parahippocampal,40.0,0.0,0.0,5.0,130.0,0.0,244.0,53.0,118.0,2.0,116.0,67.0,0.0,190.0,0.0,73.0,0.0,550.0,0.0,0.0,0.0,13.0,0.0,3.0,0.0,52.0,0.0,0.0,0.0,8.0,8.0,6.0,3.0,0.0,0.0,0.0,0.0,0.0,0.0,0.0,0.0,2.0,0.0,0.0,3.0,1.0,0.0,0.0,0.0,0.0,0.0,0.0,0.0,0.0,0.0,0.0,0.0,2.0,0.0,9.0,0.0,0.0,0.0,1.0,0.0,0.0,0.0,0.0
ctx-lh-parsopercularis,2.0,38.0,317.0,0.0,0.0,0.0,0.0,1.0,0.0,296.0,1.0,0.0,26.0,1.0,3.0,0.0,5.0,0.0,1852.0,14.0,580.0,0.0,26.0,24.0,616.0,2.0,11.0,498.0,136.0,11.0,1.0,11.0,0.0,0.0,0.0,17.0,5.0,0.0,0.0,0.0,0.0,0.0,0.0,0.0,0.0,0.0,0.0,0.0,0.0,0.0,4.0,0.0,0.0,0.0,1.0,0.0,1.0,11.0,12.0,0.0,2.0,5.0,22.0,0.0,0.0,1.0,0.0,1.0
ctx-lh-parsorbitalis,0.0,11.0,6.0,0.0,0.0,7.0,0.0,0.0,0.0,25.0,0.0,0.0,619.0,0.0,76.0,0.0,0.0,0.0,14.0,666.0,503.0,0.0,0.0,0.0,0.0,0.0,49.0,428.0,87.0,0.0,1.0,0.0,0.0,0.0,0.0,2.0,0.0,0.0,0.0,0.0,0.0,0.0,0.0,0.0,0.0,0.0,1.0,0.0,2.0,0.0,0.0,0.0,1.0,1.0,2.0,0.0,0.0,1.0,0.0,0.0,5.0,4.0,4.0,0.0,0.0,0.0,0.0,0.0
ctx-lh-parstriangularis,0.0,36.0,60.0,0.0,0.0,6.0,0.0,1.0,0.0,137.0,0.0,0.0,447.0,0.0,31.0,0.0,0.0,0.0,580.0,503.0,1476.0,0.0,2.0,2.0,21.0,0.0,68.0,907.0,131.0,1.0,0.0,1.0,0.0,0.0,0.0,17.0,0.0,0.0,0.0,1.0,0.0,0.0,0.0,0.0,1.0,0.0,2.0,0.0,0.0,0.0,0.0,0.0,2.0,1.0,4.0,0.0,0.0,2.0,0.0,0.0,7.0,11.0,18.0,0.0,0.0,0.0,0.0,0.0
ctx-lh-pericalcarine,0.0,0.0,0.0,1197.0,1.0,0.0,84.0,30.0,2.0,0.0,10.0,702.0,0.0,1298.0,0.0,0.0,0.0,13.0,0.0,0.0,0.0,484.0,0.0,0.0,0.0,125.0,0.0,0.0,0.0,197.0,0.0,0.0,0.0,0.0,0.0,0.0,0.0,6.0,0.0,0.0,0.0,0.0,2.0,0.0,2.0,0.0,0.0,7.0,0.0,1.0,0.0,1.0,0.0,0.0,0.0,0.0,0.0,1.0,0.0,6.0,0.0,0.0,0.0,0.0,0.0,0.0,0.0,0.0
ctx-lh-postcentral,11.0,5.0,34.0,0.0,0.0,0.0,2.0,45.0,0.0,366.0,24.0,3.0,2.0,1.0,0.0,1.0,548.0,0.0,26.0,0.0,2.0,0.0,6232.0,99.0,2002.0,192.0,0.0,4.0,50.0,885.0,27.0,1062.0,0.0,3.0,2.0,1.0,0.0,0.0,0.0,0.0,0.0,7.0,0.0,1.0,7.0,1.0,0.0,0.0,0.0,1.0,2.0,1.0,0.0,0.0,0.0,1.0,2.0,25.0,5.0,8.0,0.0,0.0,5.0,6.0,2.0,4.0,0.0,1.0
ctx-lh-posteriorcingulate,9.0,296.0,80.0,0.0,0.0,0.0,1.0,37.0,1.0,42.0,305.0,2.0,0.0,1.0,0.0,0.0,339.0,3.0,24.0,0.0,2.0,0.0,99.0,1221.0,247.0,455.0,7.0,27.0,455.0,370.0,18.0,39.0,0.0,6.0,6.0,15.0,12.0,0.0,0.0,0.0,2.0,9.0,0.0,13.0,32.0,1.0,0.0,0.0,0.0,2.0,36.0,1.0,1.0,0.0,2.0,1.0,15.0,154.0,75.0,62.0,1.0,8.0,59.0,37.0,8.0,21.0,0.0,0.0
ctx-lh-precentral,3.0,34.0,1316.0,0.0,0.0,0.0,0.0,20.0,0.0,432.0,10.0,0.0,4.0,0.0,0.0,0.0,947.0,0.0,616.0,0.0,21.0,0.0,2002.0,247.0,7636.0,37.0,0.0,58.0,894.0,342.0,6.0,199.0,0.0,0.0,0.0,17.0,8.0,0.0,0.0,0.0,0.0,3.0,0.0,4.0,2.0,0.0,0.0,0.0,0.0,0.0,15.0,0.0,0.0,0.0,2.0,0.0,9.0,66.0,33.0,13.0,1.0,2.0,22.0,10.0,2.0,7.0,0.0,1.0
ctx-lh-precuneus,34.0,3.0,7.0,134.0,0.0,0.0,89.0,964.0,39.0,33.0,901.0,266.0,0.0,335.0,0.0,21.0,142.0,52.0,2.0,0.0,0.0,125.0,192.0,455.0,37.0,4037.0,0.0,0.0,11.0,4197.0,57.0,98.0,0.0,11.0,11.0,0.0,0.0,1.0,2.0,0.0,5.0,18.0,4.0,4.0,56.0,4.0,0.0,8.0,0.0,4.0,5.0,6.0,0.0,0.0,0.0,0.0,1.0,16.0,0.0,95.0,0.0,1.0,2.0,31.0,6.0,2.0,0.0,1.0
ctx-lh-rostralanteriorcingulate,0.0,302.0,4.0,0.0,0.0,8.0,0.0,0.0,0.0,19.0,0.0,0.0,160.0,0.0,592.0,0.0,0.0,0.0,11.0,49.0,68.0,0.0,0.0,7.0,0.0,0.0,976.0,257.0,541.0,0.0,1.0,0.0,0.0,0.0,0.0,48.0,3.0,0.0,0.0,1.0,0.0,0.0,0.0,7.0,0.0,0.0,15.0,0.0,21.0,0.0,0.0,0.0,6.0,3.0,15.0,0.0,0.0,1.0,6.0,0.0,75.0,48.0,52.0,0.0,0.0,0.0,0.0,0.0
ctx-lh-rostralmiddlefrontal,0.0,168.0,1267.0,0.0,0.0,298.0,0.0,1.0,0.0,182.0,0.0,0.0,752.0,0.0,651.0,0.0,2.0,0.0,498.0,428.0,907.0,0.0,4.0,27.0,58.0,0.0,257.0,6846.0,2652.0,2.0,0.0,1.0,0.0,0.0,0.0,74.0,3.0,0.0,0.0,2.0,0.0,0.0,0.0,7.0,0.0,0.0,11.0,0.0,7.0,0.0,0.0,0.0,5.0,5.0,17.0,0.0,0.0,5.0,9.0,0.0,17.0,41.0,77.0,1.0,0.0,1.0,0.0,0.0
ctx-lh-superiorfrontal,0.0,828.0,1326.0,0.0,0.0,68.0,0.0,3.0,0.0,112.0,3.0,0.0,102.0,0.0,309.0,0.0,450.0,0.0,136.0,87.0,131.0,0.0,50.0,455.0,894.0,11.0,541.0,2652.0,12317.0,35.0,1.0,5.0,0.0,0.0,2.0,141.0,29.0,0.0,0.0,1.0,0.0,1.0,0.0,19.0,2.0,0.0,8.0,0.0,8.0,0.0,20.0,0.0,19.0,2.0,13.0,0.0,8.0,92.0,60.0,6.0,17.0,57.0,196.0,6.0,0.0,5.0,0.0,1.0
ctx-lh-superiorparietal,45.0,4.0,15.0,754.0,0.0,0.0,74.0,1555.0,15.0,127.0,266.0,495.0,0.0,266.0,0.0,21.0,320.0,8.0,11.0,0.0,1.0,197.0,885.0,370.0,342.0,4197.0,0.0,2.0,35.0,5578.0,59.0,503.0,1.0,26.0,4.0,1.0,1.0,3.0,0.0,0.0,1.0,21.0,3.0,7.0,58.0,2.0,0.0,9.0,0.0,1.0,8.0,0.0,0.0,0.0,0.0,0.0,6.0,38.0,0.0,64.0,0.0,0.0,0.0,33.0,3.0,8.0,0.0,0.0
ctx-lh-superiortemporal,729.0,0.0,2.0,0.0,59.0,0.0,83.0,155.0,213.0,294.0,45.0,7.0,8.0,5.0,1.0,688.0,1.0,8.0,1.0,1.0,0.0,0.0,27.0,18.0,6.0,57.0,1.0,0.0,1.0,59.0,3653.0,452.0,379.0,486.0,1.0,0.0,0.0,0.0,0.0,0.0,1.0,1.0,0.0,1.0,16.0,1.0,0.0,3.0,0.0,0.0,0.0,0.0,0.0,0.0,0.0,1.0,0.0,3.0,0.0,16.0,0.0,0.0,1.0,5.0,1.0,2.0,0.0,0.0
ctx-lh-supramarginal,265.0,2.0,2.0,0.0,0.0,0.0,5.0,1178.0,23.0,371.0,78.0,5.0,0.0,4.0,0.0,37.0,14.0,6.0,11.0,0.0,1.0,0.0,1062.0,39.0,199.0,98.0,0.0,1.0,5.0,503.0,452.0,5144.0,0.0,50.0,1.0,0.0,0.0,0.0,0.0,0.0,0.0,7.0,2.0,1.0,27.0,1.0,0.0,1.0,0.0,2.0,1.0,0.0,0.0,0.0,0.0,0.0,0.0,6.0,4.0,35.0,0.0,0.0,1.0,6.0,2.0,3.0,0.0,0.0
ctx-lh-temporalpole,11.0,0.0,0.0,0.0,237.0,0.0,106.0,3.0,141.0,26.0,2.0,2.0,0.0,0.0,0.0,278.0,0.0,3.0,0.0,0.0,0.0,0.0,0.0,0.0,0.0,0.0,0.0,0.0,0.0,1.0,379.0,0.0,361.0,1.0,0.0,0.0,0.0,0.0,0.0,0.0,0.0,0.0,0.0,0.0,0.0,0.0,0.0,0.0,0.0,0.0,0.0,0.0,0.0,0.0,0.0,0.0,0.0,0.0,0.0,0.0,0.0,0.0,0.0,0.0,0.0,0.0,0.0,0.0
ctx-lh-transversetemporal,39.0,0.0,0.0,0.0,1.0,0.0,4.0,20.0,11.0,97.0,11.0,2.0,0.0,1.0,0.0,14.0,1.0,0.0,0.0,0.0,0.0,0.0,3.0,6.0,0.0,11.0,0.0,0.0,0.0,26.0,486.0,50.0,1.0,438.0,1.0,0.0,0.0,1.0,0.0,0.0,0.0,1.0,0.0,0.0,2.0,1.0,0.0,1.0,0.0,0.0,0.0,0.0,0.0,0.0,0.0,0.0,1.0,3.0,0.0,9.0,0.0,0.0,0.0,0.0,1.0,0.0,0.0,0.0
ctx-rh-bankssts,0.0,0.0,0.0,0.0,0.0,0.0,0.0,2.0,0.0,2.0,0.0,1.0,0.0,0.0,0.0,1.0,2.0,0.0,0.0,0.0,0.0,0.0,2.0,6.0,0.0,11.0,0.0,0.0,2.0,4.0,1.0,1.0,0.0,1.0,828.0,0.0,0.0,3.0,0.0,0.0,33.0,417.0,173.0,40.0,19.0,13.0,0.0,5.0,0.0,802.0,3.0,4.0,1.0,0.0,1.0,4.0,3.0,12.0,1.0,38.0,0.0,0.0,0.0,48.0,684.0,358.0,1.0,28.0
ctx-rh-caudalanteriorcingulate,0.0,112.0,31.0,0.0,0.0,0.0,0.0,0.0,0.0,12.0,0.0,0.0,7.0,0.0,10.0,0.0,2.0,0.0,17.0,2.0,17.0,0.0,1.0,15.0,17.0,0.0,48.0,74.0,141.0,1.0,0.0,0.0,0.0,0.0,0.0,861.0,100.0,0.0,0.0,3.0,0.0,1.0,0.0,38.0,0.0,0.0,23.0,0.0,15.0,0.0,14.0,0.0,54.0,7.0,50.0,0.0,10.0,435.0,98.0,4.0,288.0,227.0,1189.0,3.0,1.0,1.0,0.0,0.0
ctx-rh-caudalmiddlefrontal,0.0,18.0,8.0,0.0,0.0,0.0,0.0,0.0,0.0,2.0,0.0,0.0,0.0,0.0,0.0,0.0,2.0,0.0,5.0,0.0,0.0,0.0,0.0,12.0,8.0,0.0,3.0,3.0,29.0,1.0,0.0,0.0,0.0,0.0,0.0,100.0,2519.0,0.0,0.0,0.0,0.0,0.0,0.0,37.0,0.0,0.0,2.0,0.0,1.0,0.0,6.0,0.0,267.0,2.0,38.0,0.0,40.0,54.0,1182.0,2.0,1.0,1113.0,847.0,2.0,0.0,3.0,0.0,1.0
ctx-rh-cuneus,0.0,0.0,0.0,0.0,0.0,0.0,0.0,0.0,0.0,0.0,2.0,1.0,0.0,27.0,0.0,0.0,0.0,0.0,0.0,0.0,0.0,6.0,0.0,0.0,0.0,1.0,0.0,0.0,0.0,3.0,0.0,0.0,0.0,1.0,3.0,0.0,0.0,1472.0,0.0,0.0,61.0,21.0,16.0,1.0,4.0,317.0,0.0,321.0,0.0,9.0,0.0,9.0,0.0,0.0,0.0,1489.0,0.0,0.0,0.0,187.0,0.0,0.0,0.0,346.0,5.0,0.0,0.0,0.0
ctx-rh-entorhinal,0.0,0.0,0.0,0.0,0.0,0.0,0.0,0.0,0.0,0.0,0.0,0.0,0.0,0.0,0.0,0.0,0.0,0.0,0.0,0.0,0.0,0.0,0.0,0.0,0.0,2.0,0.0,0.0,0.0,0.0,0.0,0.0,0.0,0.0,0.0,0.0,0.0,0.0,314.0,0.0,44.0,0.0,144.0,1.0,1.0,0.0,0.0,5.0,0.0,15.0,0.0,142.0,0.0,0.0,0.0,1.0,0.0,0.0,0.0,0.0,0.0,0.0,0.0,0.0,3.0,0.0,156.0,0.0
ctx-rh-frontalpole,0.0,0.0,0.0,0.0,0.0,0.0,0.0,0.0,0.0,0.0,0.0,0.0,0.0,0.0,1.0,0.0,0.0,0.0,0.0,0.0,1.0,0.0,0.0,0.0,0.0,0.0,1.0,2.0,1.0,0.0,0.0,0.0,0.0,0.0,0.0,3.0,0.0,0.0,0.0,69.0,0.0,0.0,0.0,1.0,0.0,0.0,62.0,0.0,364.0,0.0,0.0,0.0,1.0,2.0,3.0,0.0,0.0,0.0,0.0,0.0,24.0,156.0,104.0,0.0,0.0,0.0,0.0,0.0
ctx-rh-fusiform,0.0,0.0,0.0,0.0,0.0,0.0,0.0,2.0,0.0,0.0,3.0,0.0,0.0,3.0,0.0,0.0,0.0,0.0,0.0,0.0,0.0,0.0,0.0,2.0,0.0,5.0,0.0,0.0,0.0,1.0,1.0,0.0,0.0,0.0,33.0,0.0,0.0,61.0,44.0,0.0,3474.0,125.0,1822.0,13.0,22.0,1400.0,1.0,425.0,0.0,247.0,0.0,159.0,0.0,0.0,0.0,81.0,0.0,2.0,0.0,171.0,0.0,0.0,0.0,93.0,50.0,4.0,44.0,2.0
ctx-rh-inferiorparietal,2.0,1.0,0.0,0.0,0.0,0.0,2.0,14.0,0.0,3.0,21.0,3.0,0.0,5.0,0.0,0.0,3.0,2.0,0.0,0.0,0.0,0.0,7.0,9.0,3.0,18.0,0.0,0.0,1.0,21.0,1.0,7.0,0.0,1.0,417.0,1.0,0.0,21.0,0.0,0.0,125.0,7499.0,340.0,69.0,74.0,733.0,0.0,21.0,0.0,697.0,8.0,12.0,2.0,0.0,0.0,10.0,67.0,38.0,26.0,610.0,0.0,0.0,3.0,1627.0,96.0,1193.0,0.0,17.0
ctx-rh-inferiortemporal,2.0,0.0,0.0,0.0,0.0,0.0,0.0,4.0,0.0,0.0,1.0,1.0,0.0,1.0,0.0,1.0,0.0,0.0,0.0,0.0,0.0,2.0,0.0,0.0,0.0,4.0,0.0,0.0,0.0,3.0,0.0,2.0,0.0,0.0,173.0,0.0,0.0,16.0,144.0,0.0,1822.0,340.0,3049.0,47.0,24.0,244.0,1.0,58.0,0.0,2116.0,0.0,101.0,0.0,0.0,0.0,11.0,1.0,4.0,0.0,91.0,0.0,1.0,1.0,65.0,237.0,19.0,240.0,2.0
ctx-rh-insula,1.0,12.0,5.0,0.0,0.0,0.0,0.0,2.0,0.0,1.0,2.0,0.0,1.0,0.0,0.0,0.0,5.0,0.0,0.0,0.0,0.0,0.0,1.0,13.0,4.0,4.0,7.0,7.0,19.0,7.0,1.0,1.0,0.0,0.0,40.0,38.0,37.0,1.0,1.0,1.0,13.0,69.0,47.0,1927.0,12.0,2.0,507.0,1.0,7.0,80.0,24.0,2.0,183.0,19.0,199.0,0.0,329.0,77.0,287.0,63.0,14.0,129.0,100.0,110.0,440.0,430.0,47.0,113.0
ctx-rh-isthmuscingulate,7.0,0.0,0.0,1.0,0.0,0.0,5.0,51.0,5.0,10.0,72.0,6.0,0.0,10.0,0.0,2.0,4.0,3.0,0.0,0.0,1.0,2.0,7.0,32.0,2.0,56.0,0.0,0.0,2.0,58.0,16.0,27.0,0.0,2.0,19.0,0.0,0.0,4.0,1.0,0.0,22.0,74.0,24.0,12.0,493.0,14.0,0.0,75.0,0.0,13.0,12.0,135.0,0.0,0.0,0.0,12.0,2.0,268.0,8.0,846.0,0.0,0.0,5.0,89.0,13.0,23.0,0.0,4.0
ctx-rh-lateraloccipital,1.0,0.0,0.0,0.0,0.0,0.0,0.0,4.0,0.0,1.0,6.0,2.0,0.0,2.0,0.0,0.0,0.0,1.0,0.0,0.0,0.0,0.0,1.0,1.0,0.0,4.0,0.0,0.0,0.0,2.0,1.0,1.0,0.0,1.0,13.0,0.0,0.0,317.0,0.0,0.0,1400.0,733.0,244.0,2.0,14.0,5774.0,0.0,593.0,0.0,116.0,2.0,4.0,0.0,0.0,0.0,603.0,1.0,1.0,0.0,220.0,0.0,0.0,0.0,879.0,8.0,2.0,0.0,0.0
ctx-rh-lateralorbitofrontal,0.0,6.0,0.0,0.0,0.0,0.0,0.0,0.0,0.0,0.0,0.0,0.0,4.0,0.0,5.0,0.0,0.0,0.0,0.0,1.0,2.0,0.0,0.0,0.0,0.0,0.0,15.0,11.0,8.0,0.0,0.0,0.0,0.0,0.0,0.0,23.0,2.0,0.0,0.0,62.0,1.0,0.0,1.0,507.0,0.0,0.0,2782.0,0.0,1097.0,3.0,0.0,0.0,6.0,668.0,357.0,0.0,0.0,1.0,2.0,0.0,226.0,734.0,135.0,0.0,0.0,0.0,2.0,0.0
ctx-rh-lingual,1.0,0.0,0.0,2.0,0.0,0.0,3.0,8.0,2.0,0.0,4.0,24.0,0.0,116.0,0.0,0.0,0.0,0.0,0.0,0.0,0.0,7.0,0.0,0.0,0.0,8.0,0.0,0.0,0.0,9.0,3.0,1.0,0.0,1.0,5.0,0.0,0.0,321.0,5.0,0.0,425.0,21.0,58.0,1.0,75.0,593.0,0.0,4133.0,0.0,20.0,1.0,325.0,0.0,0.0,0.0,1727.0,0.0,1.0,0.0,375.0,0.0,0.0,0.0,91.0,6.0,2.0,1.0,0.0
ctx-rh-medialorbitofrontal,0.0,1.0,0.0,0.0,0.0,0.0,0.0,0.0,0.0,1.0,0.0,0.0,1.0,0.0,7.0,0.0,0.0,0.0,0.0,2.0,0.0,0.0,0.0,0.0,0.0,0.0,21.0,7.0,8.0,0.0,0.0,0.0,0.0,0.0,0.0,15.0,1.0,0.0,0.0,364.0,0.0,0.0,0.0,7.0,0.0,0.0,1097.0,0.0,2058.0,0.0,0.0,0.0,1.0,25.0,21.0,0.0,0.0,0.0,2.0,0.0,434.0,383.0,421.0,0.0,0.0,0.0,0.0,0.0
ctx-rh-middletemporal,0.0,0.0,0.0,0.0,0.0,0.0,0.0,5.0,0.0,0.0,0.0,2.0,0.0,0.0,0.0,0.0,0.0,0.0,0.0,0.0,0.0,1.0,1.0,2.0,0.0,4.0,0.0,0.0,0.0,1.0,0.0,2.0,0.0,0.0,802.0,0.0,0.0,9.0,15.0,0.0,247.0,697.0,2116.0,80.0,13.0,116.0,3.0,20.0,0.0,4574.0,0.0,31.0,0.0,0.0,0.0,5.0,1.0,5.0,0.0,65.0,0.0,0.0,1.0,58.0,563.0,46.0,164.0,6.0
ctx-rh-paracentral,0.0,2.0,5.0,0.0,0.0,0.0,0.0,0.0,0.0,2.0,1.0,0.0,0.0,0.0,0.0,0.0,6.0,0.0,4.0,0.0,0.0,0.0,2.0,36.0,15.0,5.0,0.0,0.0,20.0,8.0,0.0,1.0,0.0,0.0,3.0,14.0,6.0,0.0,0.0,0.0,0.0,8.0,0.0,24.0,12.0,2.0,0.0,1.0,0.0,0.0,2155.0,0.0,1.0,0.0,0.0,0.0,568.0,349.0,1399.0,267.0,1.0,1.0,485.0,292.0,0.0,24.0,0.0,0.0
ctx-rh-parahippocampal,2.0,0.0,0.0,0.0,0.0,0.0,1.0,6.0,0.0,0.0,4.0,1.0,0.0,2.0,0.0,1.0,0.0,0.0,0.0,0.0,0.0,1.0,1.0,1.0,0.0,6.0,0.0,0.0,0.0,0.0,0.0,0.0,0.0,0.0,4.0,0.0,0.0,9.0,142.0,0.0,159.0,12.0,101.0,2.0,135.0,4.0,0.0,325.0,0.0,31.0,0.0,451.0,0.0,0.0,0.0,14.0,0.0,0.0,1.0,55.0,0.0,0.0,0.0,7.0,10.0,1.0,3.0,0.0
ctx-rh-parsopercularis,0.0,15.0,0.0,0.0,0.0,0.0,0.0,0.0,0.0,0.0,0.0,0.0,2.0,0.0,0.0,0.0,0.0,0.0,0.0,1.0,2.0,0.0,0.0,1.0,0.0,0.0,6.0,5.0,19.0,0.0,0.0,0.0,0.0,0.0,1.0,54.0,267.0,0.0,0.0,1.0,0.0,2.0,0.0,183.0,0.0,0.0,6.0,0.0,1.0,0.0,1.0,0.0,1561.0,6.0,433.0,0.0,26.0,9.0,596.0,2.0,7.0,448.0,154.0,1.0,0.0,2.0,0.0,0.0
ctx-rh-parsorbitalis,0.0,2.0,1.0,0.0,0.0,0.0,0.0,0.0,0.0,0.0,0.0,0.0,2.0,0.0,1.0,0.0,0.0,0.0,0.0,1.0,1.0,0.0,0.0,0.0,0.0,0.0,3.0,5.0,2.0,0.0,0.0,0.0,0.0,0.0,0.0,7.0,2.0,0.0,0.0,2.0,0.0,0.0,0.0,19.0,0.0,0.0,668.0,0.0,25.0,0.0,0.0,0.0,6.0,682.0,387.0,0.0,0.0,0.0,2.0,1.0,44.0,735.0,50.0,0.0,0.0,0.0,0.0,0.0
ctx-rh-parstriangularis,0.0,12.0,1.0,0.0,0.0,0.0,0.0,0.0,0.0,1.0,0.0,0.0,2.0,0.0,8.0,0.0,0.0,0.0,1.0,2.0,4.0,0.0,0.0,2.0,2.0,0.0,15.0,17.0,13.0,0.0,0.0,0.0,0.0,0.0,1.0,50.0,38.0,0.0,0.0,3.0,0.0,0.0,0.0,199.0,0.0,0.0,357.0,0.0,21.0,0.0,0.0,0.0,433.0,387.0,1536.0,0.0,2.0,1.0,29.0,0.0,58.0,1188.0,180.0,0.0,0.0,0.0,0.0,0.0
ctx-rh-pericalcarine,0.0,0.0,0.0,0.0,0.0,0.0,1.0,0.0,0.0,0.0,1.0,6.0,0.0,31.0,0.0,0.0,0.0,0.0,0.0,0.0,0.0,0.0,1.0,1.0,0.0,0.0,0.0,0.0,0.0,0.0,1.0,0.0,0.0,0.0,4.0,0.0,0.0,1489.0,1.0,0.0,81.0,10.0,11.0,0.0,12.0,603.0,0.0,1727.0,0.0,5.0,0.0,14.0,0.0,0.0,0.0,709.0,0.0,0.0,0.0,191.0,0.0,0.0,0.0,97.0,4.0,1.0,0.0,0.0
ctx-rh-postcentral,0.0,5.0,2.0,0.0,0.0,0.0,0.0,0.0,0.0,0.0,2.0,1.0,0.0,2.0,0.0,1.0,6.0,0.0,1.0,0.0,0.0,0.0,2.0,15.0,9.0,1.0,0.0,0.0,8.0,6.0,0.0,0.0,0.0,1.0,3.0,10.0,40.0,0.0,0.0,0.0,0.0,67.0,1.0,329.0,2.0,1.0,0.0,0.0,0.0,1.0,568.0,0.0,26.0,0.0,2.0,0.0,5812.0,88.0,2194.0,128.0,0.0,7.0,75.0,617.0,10.0,1248.0,0.0,0.0
ctx-rh-posteriorcingulate,1.0,33.0,23.0,0.0,0.0,0.0,1.0,6.0,1.0,7.0,7.0,1.0,0.0,1.0,1.0,0.0,41.0,2.0,11.0,1.0,2.0,1.0,25.0,154.0,66.0,16.0,1.0,5.0,92.0,38.0,3.0,6.0,0.0,3.0,12.0,435.0,54.0,0.0,0.0,0.0,2.0,38.0,4.0,77.0,268.0,1.0,1.0,1.0,0.0,5.0,349.0,0.0,9.0,0.0,1.0,0.0,88.0,1314.0,348.0,576.0,3.0,10.0,474.0,197.0,25.0,76.0,0.0,5.0
ctx-rh-precentral,0.0,24.0,12.0,0.0,0.0,0.0,0.0,0.0,0.0,5.0,3.0,0.0,0.0,1.0,0.0,0.0,16.0,0.0,12.0,0.0,0.0,0.0,5.0,75.0,33.0,0.0,6.0,9.0,60.0,0.0,0.0,4.0,0.0,0.0,1.0,98.0,1182.0,0.0,0.0,0.0,0.0,26.0,0.0,287.0,8.0,0.0,2.0,0.0,2.0,0.0,1399.0,1.0,596.0,2.0,29.0,0.0,2194.0,348.0,7381.0,92.0,4.0,147.0,1078.0,249.0,3.0,240.0,0.0,0.0
ctx-rh-precuneus,16.0,0.0,3.0,1.0,0.0,0.0,10.0,71.0,11.0,11.0,70.0,20.0,0.0,21.0,0.0,4.0,5.0,9.0,0.0,0.0,0.0,6.0,8.0,62.0,13.0,95.0,0.0,0.0,6.0,64.0,16.0,35.0,0.0,9.0,38.0,4.0,2.0,187.0,0.0,0.0,171.0,610.0,91.0,63.0,846.0,220.0,0.0,375.0,0.0,65.0,267.0,55.0,2.0,1.0,0.0,191.0,128.0,576.0,92.0,5301.0,0.0,0.0,15.0,3095.0,46.0,112.0,0.0,14.0
ctx-rh-rostralanteriorcingulate,0.0,22.0,0.0,0.0,0.0,0.0,0.0,0.0,0.0,3.0,0.0,0.0,2.0,0.0,16.0,0.0,0.0,0.0,2.0,5.0,7.0,0.0,0.0,1.0,1.0,0.0,75.0,17.0,17.0,0.0,0.0,0.0,0.0,0.0,0.0,288.0,1.0,0.0,0.0,24.0,0.0,0.0,0.0,14.0,0.0,0.0,226.0,0.0,434.0,0.0,1.0,0.0,7.0,44.0,58.0,0.0,0.0,3.0,4.0,0.0,718.0,300.0,451.0,0.0,0.0,0.0,0.0,0.0
ctx-rh-rostralmiddlefrontal,0.0,57.0,9.0,0.0,0.0,1.0,0.0,0.0,0.0,5.0,0.0,0.0,13.0,0.0,7.0,0.0,0.0,0.0,5.0,4.0,11.0,0.0,0.0,8.0,2.0,1.0,48.0,41.0,57.0,0.0,0.0,0.0,0.0,0.0,0.0,227.0,1113.0,0.0,0.0,156.0,0.0,0.0,1.0,129.0,0.0,0.0,734.0,0.0,383.0,0.0,1.0,0.0,448.0,735.0,1188.0,0.0,7.0,10.0,147.0,0.0,300.0,7603.0,2296.0,2.0,1.0,4.0,0.0,0.0
ctx-rh-superiorfrontal,0.0,152.0,33.0,0.0,0.0,1.0,0.0,0.0,0.0,6.0,0.0,0.0,15.0,0.0,8.0,0.0,8.0,0.0,22.0,4.0,18.0,0.0,5.0,59.0,22.0,2.0,52.0,77.0,196.0,0.0,1.0,1.0,0.0,0.0,0.0,1189.0,847.0,0.0,0.0,104.0,0.0,3.0,1.0,100.0,5.0,0.0,135.0,0.0,421.0,1.0,485.0,0.0,154.0,50.0,180.0,0.0,75.0,474.0,1078.0,15.0,451.0,2296.0,12079.0,31.0,0.0,11.0,0.0,0.0
ctx-rh-superiorparietal,5.0,1.0,3.0,0.0,0.0,0.0,2.0,10.0,1.0,8.0,32.0,2.0,0.0,6.0,0.0,3.0,7.0,1.0,0.0,0.0,0.0,0.0,6.0,37.0,10.0,31.0,0.0,1.0,6.0,33.0,5.0,6.0,0.0,0.0,48.0,3.0,2.0,346.0,0.0,0.0,93.0,1627.0,65.0,110.0,89.0,879.0,0.0,91.0,0.0,58.0,292.0,7.0,1.0,0.0,0.0,97.0,617.0,197.0,249.0,3095.0,0.0,2.0,31.0,6266.0,36.0,583.0,0.0,7.0
ctx-rh-superiortemporal,0.0,0.0,0.0,0.0,0.0,0.0,0.0,5.0,0.0,1.0,7.0,2.0,0.0,0.0,0.0,1.0,1.0,0.0,0.0,0.0,0.0,0.0,2.0,8.0,2.0,6.0,0.0,0.0,0.0,3.0,1.0,2.0,0.0,1.0,684.0,1.0,0.0,5.0,3.0,0.0,50.0,96.0,237.0,440.0,13.0,8.0,0.0,6.0,0.0,563.0,0.0,10.0,0.0,0.0,0.0,4.0,10.0,25.0,3.0,46.0,0.0,1.0,0.0,36.0,4743.0,307.0,215.0,560.0
ctx-rh-supramarginal,2.0,1.0,1.0,0.0,0.0,0.0,0.0,2.0,0.0,2.0,4.0,0.0,0.0,0.0,0.0,1.0,7.0,0.0,1.0,0.0,0.0,0.0,4.0,21.0,7.0,2.0,0.0,1.0,5.0,8.0,2.0,3.0,0.0,0.0,358.0,1.0,3.0,0.0,0.0,0.0,4.0,1193.0,19.0,430.0,23.0,2.0,0.0,2.0,0.0,46.0,24.0,1.0,2.0,0.0,0.0,1.0,1248.0,76.0,240.0,112.0,0.0,4.0,11.0,583.0,307.0,5673.0,0.0,32.0
ctx-rh-temporalpole,0.0,0.0,0.0,0.0,0.0,0.0,0.0,0.0,0.0,0.0,0.0,0.0,0.0,0.0,0.0,0.0,0.0,0.0,0.0,0.0,0.0,0.0,0.0,0.0,0.0,0.0,0.0,0.0,0.0,0.0,0.0,0.0,0.0,0.0,1.0,0.0,0.0,0.0,156.0,0.0,44.0,0.0,240.0,47.0,0.0,0.0,2.0,1.0,0.0,164.0,0.0,3.0,0.0,0.0,0.0,0.0,0.0,0.0,0.0,0.0,0.0,0.0,0.0,0.0,215.0,0.0,265.0,1.0
ctx-rh-transversetemporal,1.0,0.0,0.0,0.0,0.0,0.0,2.0,0.0,0.0,0.0,1.0,0.0,0.0,0.0,0.0,0.0,0.0,0.0,1.0,0.0,0.0,0.0,1.0,0.0,1.0,1.0,0.0,0.0,1.0,0.0,0.0,0.0,0.0,0.0,28.0,0.0,1.0,0.0,0.0,0.0,2.0,17.0,2.0,113.0,4.0,0.0,0.0,0.0,0.0,6.0,0.0,0.0,0.0,0.0,0.0,0.0,0.0,5.0,0.0,14.0,0.0,0.0,0.0,7.0,560.0,32.0,1.0,327.0
